9.349999999999999978e-02
3.913999999999999702e-01
1.555999999999999883e-01
1.849999999999999978e-01
1.027000000000000135e-01
2.676000000000000600e-01
1.089000000000000246e-01
3.191999999999999837e-01
4.679999999999998744e-02
2.953999999999999959e-01
7.830000000000000848e-02
3.212000000000000410e-01
1.310000000000000053e-01
3.669999999999999929e-01
5.179999999999996413e-02
2.651999999999999913e-01
1.231999999999999762e-01
2.363000000000000100e-01
8.250000000000001776e-02
3.103000000000000203e-01
7.259999999999999787e-02
2.370999999999999774e-01
1.631999999999999562e-01
2.997999999999999554e-01
1.046000000000000124e-01
2.560000000000000053e-01
1.191999999999999726e-01
2.726999999999999424e-01
4.050000000000000822e-02
2.319999999999999840e-01
1.261000000000000176e-01
2.872000000000000108e-01
4.610000000000000209e-02
2.972000000000000197e-01
6.190000000000001751e-02
2.736000000000000099e-01
1.343999999999999917e-01
1.963999999999999635e-01
1.995000000000000107e-01
3.006999999999999673e-01
1.597000000000000086e-01
1.861000000000000154e-01
2.207999999999999963e-01
2.668000000000000371e-01
1.524999999999999967e-01
2.321999999999999897e-01
1.792000000000000259e-01
3.098000000000000198e-01
8.429999999999998606e-02
3.169999999999999485e-01
9.340000000000001079e-02
3.179999999999999494e-01
4.799999999999999406e-02
3.346000000000000085e-01
6.069999999999998314e-02
2.792999999999999927e-01
1.242999999999999938e-01
2.865000000000000324e-01
2.281000000000000250e-01
1.769999999999999907e-01
2.355999999999999761e-01
1.339000000000000190e-01
1.586000000000000187e-01
2.179000000000000103e-01
1.585999999999999910e-01
2.039000000000000257e-01
2.472000000000000308e-01
1.882999999999999674e-01
2.495999999999999885e-01
1.714000000000000246e-01
1.754999999999999893e-01
2.072000000000000508e-01
1.199999999999999956e-01
2.996000000000000330e-01
6.590000000000004188e-02
3.086999999999999744e-01
7.059999999999999609e-02
2.357000000000000206e-01
1.918999999999999595e-01
2.682999999999999829e-01
2.444999999999999951e-01
3.152000000000000357e-01
2.248999999999999611e-01
3.094999999999999973e-01
1.748999999999999999e-01
3.226999999999999869e-01
1.522000000000000575e-01
3.459000000000000408e-01
1.410000000000000142e-01
3.003000000000000114e-01
1.492999999999999883e-01
2.596999999999999864e-01
1.640999999999999681e-01
1.692000000000000171e-01
1.971999999999999864e-01
2.582999999999999741e-01
1.517999999999999905e-01
2.673000000000000376e-01
1.696999999999999620e-01
2.981999999999999651e-01
5.129999999999999144e-02
2.366000000000000325e-01
2.089000000000000301e-01
2.465000000000000246e-01
3.799999999999998518e-02
1.687999999999999778e-01
1.729000000000000259e-01
2.327000000000000179e-01
1.345000000000000084e-01
1.702999999999999792e-01
3.102000000000000313e-01
1.818999999999999784e-01
2.573000000000000287e-01
1.995000000000000384e-01
2.665000000000000147e-01
2.060000000000000442e-01
3.088999999999999524e-01
1.165999999999999814e-01
3.334000000000000297e-01
1.370000000000000384e-01
2.897999999999999465e-01
8.979999999999997706e-02
1.783000000000000695e-01
7.929999999999995386e-02
3.744999999999999996e-01
6.000000000000001166e-02
4.022000000000000020e-01
1.064999999999999697e-01
2.186000000000000165e-01
1.378000000000000336e-01
2.356999999999999373e-01
2.261999999999999567e-01
1.375000000000000111e-01
2.943000000000000060e-01
1.415999999999999759e-01
3.053999999999999493e-01
8.470000000000001139e-02
3.024999999999999911e-01
8.750000000000000833e-02
3.614000000000000545e-01
9.130000000000002003e-02
2.817999999999999949e-01
7.620000000000004547e-02
2.313999999999999668e-01
7.059999999999998221e-02
3.288999999999999702e-01
6.809999999999993836e-02
4.060000000000000275e-01
2.939999999999997476e-02
3.561000000000000276e-01
8.410000000000000808e-02
2.617000000000000437e-01
9.010000000000004117e-02
3.261000000000000010e-01
4.120000000000000051e-02
3.569999999999999840e-01
1.038000000000000311e-01
3.198000000000000287e-01
1.856000000000000150e-01
3.634000000000000563e-01
5.230000000000001315e-02
2.464000000000000079e-01
1.817999999999999616e-01
4.218000000000000083e-01
1.016999999999999710e-01
3.366000000000000658e-01
1.128999999999999448e-01
3.879000000000000226e-01
1.147000000000000380e-01
3.288999999999999702e-01
2.708000000000000407e-01
2.286999999999999866e-01
2.513999999999999568e-01
2.908999999999999919e-01
3.254000000000000226e-01
2.617999999999999772e-01
3.112000000000000322e-01
2.205000000000000016e-01
2.169000000000000095e-01
3.381000000000000116e-01
1.267999999999999960e-01
3.045999999999999819e-01
1.120000000000000162e-01
3.895999999999999464e-01
3.590000000000001523e-02
3.556000000000000272e-01
5.810000000000002662e-02
2.806999999999999496e-01
9.619999999999999385e-02
2.798999999999999266e-01
7.819999999999995011e-02
2.242000000000000104e-01
8.340000000000002967e-02
2.636999999999999900e-01
1.620000000000000051e-01
2.641999999999999904e-01
6.210000000000001630e-02
3.280999999999999472e-01
8.750000000000002220e-02
1.835000000000000520e-01
3.195999999999999952e-01
8.129999999999999727e-02
3.094999999999999973e-01
1.275000000000000577e-01
2.756000000000000671e-01
6.880000000000002780e-02
1.934000000000000163e-01
2.002000000000000446e-01
2.178000000000000214e-01
1.706999999999999906e-01
9.769999999999996743e-02
3.370000000000000218e-01
2.587000000000000410e-01
2.822000000000000064e-01
1.917999999999999705e-01
3.248000000000000886e-01
9.849999999999999034e-02
2.730000000000000204e-01
5.159999999999999309e-02
1.643999999999999906e-01
1.478999999999999759e-01
2.600999999999999979e-01
1.165999999999999814e-01
2.977999999999999536e-01
1.029999999999999943e-01
1.599000000000000421e-01
2.348999999999999699e-01
6.360000000000000375e-02
2.717999999999999305e-01
7.350000000000003753e-02
2.011000000000000010e-01
5.819999999999998785e-02
1.922999999999999710e-01
1.999999999999999833e-01
1.739999999999999325e-01
2.003000000000000336e-01
1.115000000000000158e-01
2.423000000000000431e-01
1.781000000000000083e-01
2.374999999999999889e-01
9.009999999999998566e-02
2.511999999999999789e-01
7.979999999999998206e-02
2.407000000000000250e-01
1.002999999999999864e-01
2.505999999999999339e-01
1.705000000000000404e-01
3.144000000000000128e-01
2.091000000000000081e-01
2.567000000000000393e-01
2.415999999999999814e-01
2.888000000000000012e-01
2.478999999999999537e-01
1.845999999999999863e-01
3.386000000000000121e-01
2.486999999999999766e-01
2.745000000000000218e-01
1.207000000000000017e-01
2.880999999999999672e-01
7.890000000000003955e-02
3.336999999999999966e-01
2.399999999999997968e-02
2.507999999999999674e-01
1.822000000000000286e-01
4.143000000000000571e-01
5.009999999999992931e-02
3.008999999999999453e-01
2.163999999999999535e-01
3.488999999999999324e-01
1.286999999999999811e-01
2.395999999999999797e-01
2.418000000000000427e-01
2.623000000000000331e-01
2.113999999999999768e-01
1.841000000000000136e-01
2.511999999999999789e-01
1.340999999999999415e-01
3.805999999999999939e-01
7.899999999999998690e-02
4.639999999999999680e-01
1.396999999999999909e-01
3.597999999999998977e-01
1.032999999999999752e-01
3.265999999999999459e-01
1.063999999999999668e-01
3.117999999999999661e-01
1.041999999999999732e-01
2.609999999999999543e-01
1.568000000000001060e-01
2.941000000000000281e-01
1.630000000000000338e-01
2.635000000000000675e-01
2.789999999999999147e-01
1.999000000000000776e-01
2.423000000000000986e-01
4.890999999999999792e-01
1.865999999999999881e-01
3.465000000000000302e-01
1.993000000000000327e-01
2.458000000000000185e-01
1.274000000000000132e-01
9.930000000000001326e-02
1.924000000000000155e-01
1.071999999999999759e-01
1.579999999999999460e-01
5.260000000000000092e-02
2.266999999999999571e-01
5.700000000000005757e-02
2.840000000000000857e-01
4.199999999999991240e-02
2.711000000000000076e-01
1.041999999999999593e-01
7.009999999999994014e-02
3.528999999999999915e-01
2.654999999999999583e-01
2.183000000000000496e-01
2.299999999999999822e-01
8.110000000000008868e-02
3.646999999999999131e-01
2.254999999999999782e-01
2.791000000000000147e-01
2.616999999999999882e-01
1.196999999999999731e-01
1.745999999999999774e-01
7.480000000000006088e-02
3.528999999999999360e-01
2.230000000000006977e-02
2.513000000000000789e-01
2.850000000000003919e-02
3.378999999999999782e-01
1.320999999999999397e-01
3.658999999999999475e-01
2.850000000000008082e-02
2.243999999999999606e-01
1.797000000000000264e-01
2.699999999999999623e-01
1.785000000000000198e-01
2.588000000000000300e-01
2.329999999999999016e-01
2.376999999999999669e-01
1.982999999999999208e-01
1.230000000000000121e-01
2.801999999999999491e-01
1.977000000000000424e-01
2.934999999999999831e-01
1.307000000000000384e-01
3.410999999999999033e-01
2.395999999999999797e-01
2.544999999999999485e-01
2.776000000000001244e-01
6.039000000000001034e-01
5.188000000000000389e-01
1.454999999999999072e-01
1.559999999999999720e-01
1.285000000000000031e-01
1.132999999999999979e-01
7.790000000000009417e-02
9.629999999999987181e-02
1.817000000000000004e-01
6.099999999999998479e-02
7.790000000000012192e-02
9.199999999999987355e-02
6.300000000000000044e-02
1.079999999999999710e-01
6.899999999999997802e-02
1.602999999999999980e-01
1.212000000000000299e-01
3.887999999999999234e-01
2.435999999999999832e-01
3.674999999999999933e-01
9.760000000000000620e-02
3.821000000000000507e-01
7.530000000000010296e-02
2.842000000000000082e-01
1.073999999999999677e-01
3.225999999999998868e-01
1.761000000000000343e-01
3.500999999999999668e-01
2.091000000000001191e-01
4.363000000000000211e-01
1.415000000000000702e-01
4.520000000000000684e-01
9.569999999999999341e-02
3.619999999999999885e-01
1.705000000000000404e-01
4.050999999999999601e-01
2.796000000000000707e-01
3.089999999999999414e-01
3.976000000000000090e-01
1.754999999999999893e-01
3.125999999999998780e-01
1.558000000000000496e-01
4.102000000000000091e-01
8.290000000000002922e-02
3.928999999999999715e-01
5.950000000000003897e-02
3.542000000000000703e-01
4.259999999999990183e-02
3.191999999999999837e-01
1.491999999999999715e-01
2.317999999999999228e-01
2.756000000000001227e-01
1.935000000000000608e-01
2.681999999999999940e-01
1.771999999999999686e-01
3.224000000000000199e-01
2.678999999999999715e-01
3.337999999999999301e-01
2.026000000000000023e-01
4.578999999999999737e-01
2.365999999999999492e-01
3.321999999999999953e-01
1.049999999999999684e-01
4.158999999999999919e-01
1.573999999999999844e-01
2.880000000000000338e-01
3.216999999999999860e-01
3.539000000000001034e-01
3.586000000000001409e-01
3.371000000000000663e-01
3.519000000000000461e-01
2.106000000000000094e-01
3.239000000000000767e-01
1.890000000000000013e-01
2.668000000000000371e-01
2.755000000000000782e-01
2.553000000000000824e-01
2.968999999999999417e-01
2.918000000000000038e-01
3.494000000000000439e-01
3.533000000000001695e-01
3.555999999999999162e-01
