1.763000000000000123e-01
3.094999999999999973e-01
4.239999999999999325e-02
2.194000000000000394e-01
2.138999999999999790e-01
2.283999999999999919e-01
9.129999999999999227e-02
2.994999999999999885e-01
2.868000000000000549e-01
6.950000000000000622e-02
9.759999999999999232e-02
2.051999999999999935e-01
2.434000000000000052e-01
1.005999999999999950e-01
9.329999999999999405e-02
1.524000000000000077e-01
8.519999999999999796e-02
1.740999999999999770e-01
1.285999999999999921e-01
2.046999999999999653e-01
1.973999999999999921e-01
1.935000000000000053e-01
1.052000000000000018e-01
5.449999999999999983e-02
8.340000000000000191e-02
7.830000000000000848e-02
7.219999999999998641e-02
1.582000000000000073e-01
8.220000000000000917e-02
2.245000000000000051e-01
6.739999999999998770e-02
2.307000000000000162e-01
2.109000000000000041e-01
1.980000000000000093e-01
8.440000000000000280e-02
1.343999999999999917e-01
1.164000000000000173e-01
2.179999999999999993e-01
1.121999999999999942e-01
2.366000000000000048e-01
2.298000000000000043e-01
1.156999999999999973e-01
2.205999999999999905e-01
4.308999999999999497e-01
2.571999999999999842e-01
1.889000000000000123e-01
1.428999999999999992e-01
9.070000000000000284e-02
1.311999999999999833e-01
1.328000000000000014e-01
2.660000000000000142e-01
9.850000000000001810e-02
2.577000000000000401e-01
2.009000000000000230e-01
2.380000000000000171e-01
9.910000000000002141e-02
5.270999999999999019e-01
1.127999999999999975e-01
3.044000000000000039e-01
2.615000000000000102e-01
2.226999999999999535e-01
8.949999999999999623e-02
2.170999999999999874e-01
7.350000000000000977e-02
1.325000000000000067e-01
1.423999999999999710e-01
2.430999999999999828e-01
1.265000000000000013e-01
2.091000000000000081e-01
1.276999999999999802e-01
1.154000000000000026e-01
2.701000000000000068e-01
5.619999999999999302e-02
1.228999999999999954e-01
2.304999999999999549e-01
2.633999999999999675e-01
1.242000000000000048e-01
9.479999999999999538e-02
1.694000000000000228e-01
1.171000000000000235e-01
1.920999999999999930e-01
1.020999999999999963e-01
1.605000000000000038e-01
1.067999999999999783e-01
2.283000000000000029e-01
1.417999999999999816e-01
2.509000000000000119e-01
9.080000000000000571e-02
2.594000000000000195e-01
5.440000000000000391e-02
2.290999999999999981e-01
2.220000000000000029e-01
1.441999999999999948e-01
2.330000000000000127e-01
9.659999999999997755e-02
2.807000000000000051e-01
1.188999999999999779e-01
2.031999999999999917e-01
1.106999999999999929e-01
2.493999999999999828e-01
2.600000000000000089e-01
1.850999999999999868e-01
2.615000000000000102e-01
1.944000000000000172e-01
1.403999999999999970e-01
2.623999999999999666e-01
3.100999999999999868e-01
5.030000000000000443e-02
1.403999999999999970e-01
1.174000000000000044e-01
1.734999999999999876e-01
1.038000000000000173e-01
1.865999999999999881e-01
7.999999999999998779e-02
2.848999999999999866e-01
1.668999999999999928e-01
1.884000000000000119e-01
1.597000000000000086e-01
1.363000000000000322e-01
1.781000000000000083e-01
1.485000000000000209e-01
1.934999999999999776e-01
9.090000000000000857e-02
2.541999999999999815e-01
8.629999999999998783e-02
2.512999999999999678e-01
9.659999999999999143e-02
9.669999999999998042e-02
1.321999999999999842e-01
2.053999999999999992e-01
9.420000000000000595e-02
1.481000000000000094e-01
1.630999999999999950e-01
2.691000000000000059e-01
4.449999999999999095e-02
1.957999999999999741e-01
1.698000000000000065e-01
1.470000000000000195e-01
1.527000000000000024e-01
2.071000000000000063e-01
3.015999999999999792e-01
1.244999999999999996e-01
2.725000000000000200e-01
1.072999999999999926e-01
2.471000000000000141e-01
1.278999999999999859e-01
1.932999999999999996e-01
6.240000000000001101e-02
2.431000000000000105e-01
7.100000000000000755e-02
1.325000000000000067e-01
1.209000000000000075e-01
2.487999999999999934e-01
6.039999999999999536e-02
1.897000000000000353e-01
8.769999999999998630e-02
2.379000000000000004e-01
6.130000000000000032e-02
1.465000000000000191e-01
1.447999999999999843e-01
2.664000000000000257e-01
8.069999999999999396e-02
9.760000000000000620e-02
1.995999999999999996e-01
1.767999999999999849e-01
1.304000000000000159e-01
2.519000000000000128e-01
1.626999999999999835e-01
2.051000000000000045e-01
9.070000000000000284e-02
1.974000000000000199e-01
1.020999999999999824e-01
2.344999999999999862e-01
6.600000000000000311e-02
1.950999999999999956e-01
7.970000000000000695e-02
2.115999999999999548e-01
6.319999999999999230e-02
1.342000000000000137e-01
1.149999999999999911e-01
2.217999999999999972e-01
1.451000000000000068e-01
1.098999999999999977e-01
8.490000000000001712e-02
8.139999999999998626e-02
1.658000000000000029e-01
9.669999999999998042e-02
1.236000000000000015e-01
1.580000000000000016e-01
1.398000000000000076e-01
2.728000000000000425e-01
6.949999999999999234e-02
4.922000000000000264e-01
4.122999999999999998e-01
1.430000000000000160e-01
1.454000000000000015e-01
1.620000000000000329e-01
2.550000000000000044e-01
1.295000000000000040e-01
1.897999999999999965e-01
5.389999999999998959e-02
1.769999999999999907e-01
2.696000000000000063e-01
1.917999999999999705e-01
2.588000000000000300e-01
2.865999999999999659e-01
1.378999999999999948e-01
3.216999999999999860e-01
1.507000000000000006e-01
1.242000000000000187e-01
1.913000000000000256e-01
2.365000000000000435e-01
8.070000000000002172e-02
8.430000000000001381e-02
1.794000000000000039e-01
1.381000000000000005e-01
9.979999999999997207e-02
3.215000000000000080e-01
3.318000000000000393e-01
1.536000000000000143e-01
2.001000000000000001e-01
1.065999999999999864e-01
8.550000000000000655e-02
1.111000000000000043e-01
1.608999999999999875e-01
2.967000000000000193e-01
1.454999999999999905e-01
1.213000000000000189e-01
5.580000000000000931e-02
1.213000000000000050e-01
1.096000000000000030e-01
1.413999999999999702e-01
1.925000000000000044e-01
1.183999999999999775e-01
1.819000000000000061e-01
2.762000000000000011e-01
1.614000000000000434e-01
1.354999999999999816e-01
1.611000000000000210e-01
1.985999999999999988e-01
1.363999999999999935e-01
1.544999999999999707e-01
1.855000000000000260e-01
1.931000000000000494e-01
1.499999999999999944e-01
7.780000000000000804e-02
1.741999999999999937e-01
8.170000000000000873e-02
1.960000000000000075e-01
9.360000000000001652e-02
9.159999999999998699e-02
1.657999999999999752e-01
1.229999999999999705e-01
1.798999999999999766e-01
2.518000000000000238e-01
1.714999999999999858e-01
3.067999999999999616e-01
1.401000000000000023e-01
1.501000000000000112e-01
1.875000000000000000e-01
1.792999999999999872e-01
1.534999999999999698e-01
2.098000000000000143e-01
7.919999999999996487e-02
2.967000000000000193e-01
6.939999999999998948e-02
2.110000000000000209e-01
2.449999999999999956e-01
1.441999999999999671e-01
2.620999999999999996e-01
9.389999999999998348e-02
2.187000000000000055e-01
3.609999999999997933e-02
2.338000000000000078e-01
1.148999999999999883e-01
2.589999999999999525e-01
4.239999999999998631e-02
1.178999999999999770e-01
1.602999999999999980e-01
2.109999999999999654e-01
9.270000000000000462e-02
2.008000000000000063e-01
1.047000000000000153e-01
2.177999999999999658e-01
5.069999999999999507e-02
1.600000000000000311e-01
1.135000000000000453e-01
2.440999999999999837e-01
1.962999999999999745e-01
2.651000000000000023e-01
1.280999999999999917e-01
2.084000000000000019e-01
1.484000000000000319e-01
2.132000000000000284e-01
2.163000000000000200e-01
1.551000000000000156e-01
1.985999999999999710e-01
1.843000000000000194e-01
2.919000000000000483e-01
6.729999999999999871e-02
4.768999999999999906e-01
2.811999999999999500e-01
4.045999999999999597e-01
4.266000000000000347e-01
1.703000000000000069e-01
3.740999999999999881e-01
8.129999999999999727e-02
2.270000000000000073e-01
1.169999999999999790e-01
2.297000000000000153e-01
9.539999999999998481e-02
1.416000000000000314e-01
1.187999999999999889e-01
2.417999999999999872e-01
1.577000000000000068e-01
9.969999999999998308e-02
2.082999999999999852e-01
2.141000000000000125e-01
7.539999999999999480e-02
2.606999999999999873e-01
1.706000000000000294e-01
1.799000000000000321e-01
2.489999999999999991e-01
1.418999999999999984e-01
1.980999999999999428e-01
1.814999999999999947e-01
1.710999999999999743e-01
8.010000000000004616e-02
1.650000000000000355e-01
4.699999999999997929e-02
1.974000000000000199e-01
1.151000000000000217e-01
1.668000000000000038e-01
7.049999999999996547e-02
2.159999999999999698e-01
7.740000000000001046e-02
3.020999999999999797e-01
3.489999999999997271e-02
3.194000000000000172e-01
5.339999999999999608e-02
1.771999999999999686e-01
1.294000000000000150e-01
3.810000000000000053e-01
8.149999999999997524e-02
2.872000000000000108e-01
6.869999999999998330e-02
2.430999999999999828e-01
1.071000000000000146e-01
2.386000000000000065e-01
7.230000000000000315e-02
1.673000000000000043e-01
8.050000000000001599e-02
2.576999999999999846e-01
7.800000000000001377e-02
1.834999999999999964e-01
1.617000000000000104e-01
2.206000000000000183e-01
2.915999999999999703e-01
4.239999999999999325e-02
2.205000000000000016e-01
2.921999999999999598e-01
1.930999999999999939e-01
2.519000000000000128e-01
1.432999999999999829e-01
2.696000000000000063e-01
1.386999999999999900e-01
2.282000000000000139e-01
1.426000000000000045e-01
2.265000000000000069e-01
2.893000000000000016e-01
2.728999999999999759e-01
2.460999999999999854e-01
2.211999999999999800e-01
2.638999999999999679e-01
1.296000000000000207e-01
1.333000000000000296e-01
1.334999999999999798e-01
5.400000000000001327e-02
1.270000000000000018e-01
1.456000000000000072e-01
1.463000000000000411e-01
1.657000000000000139e-01
1.443000000000000393e-01
2.049000000000000266e-01
8.160000000000001974e-02
1.344000000000000195e-01
1.931999999999999551e-01
2.090999999999999248e-01
4.170000000000000789e-02
1.755999999999999783e-01
1.056000000000000272e-01
2.715999999999999526e-01
5.709999999999998410e-02
1.813000000000000167e-01
9.030000000000006077e-02
2.133999999999999508e-01
6.369999999999997886e-02
1.580999999999999905e-01
3.329999999999996851e-02
2.042000000000000481e-01
1.169999999999999929e-01
1.581000000000000183e-01
1.281000000000000472e-01
1.529999999999999694e-01
7.179999999999997495e-02
1.899000000000000132e-01
8.539999999999997593e-02
1.983000000000000040e-01
1.098999999999999977e-01
2.203999999999999848e-01
1.429999999999999882e-01
1.536000000000000421e-01
1.250000000000000000e-01
2.202000000000000068e-01
2.303000000000000047e-01
1.843999999999999806e-01
2.050000000000000155e-01
9.180000000000002047e-02
2.375000000000000444e-01
1.192999999999999478e-01
1.828999999999999793e-01
9.800000000000000377e-02
1.872000000000000330e-01
8.949999999999996847e-02
1.648000000000000020e-01
5.959999999999998632e-02
1.124999999999999889e-01
1.141999999999999960e-01
1.252000000000000057e-01
1.542000000000000037e-01
1.395000000000000406e-01
1.812999999999999889e-01
