1.118999999999999995e-01
9.009999999999999953e-02
2.435999999999999832e-01
5.570000000000000645e-02
2.233999999999999875e-01
6.489999999999999936e-02
1.246000000000000024e-01
1.590999999999999914e-01
2.102999999999999869e-01
9.730000000000001148e-02
9.629999999999999671e-02
1.915000000000000036e-01
4.289999999999997982e-02
2.028000000000000080e-01
6.680000000000001215e-02
1.331999999999999851e-01
7.919999999999999263e-02
2.351000000000000034e-01
4.760000000000000342e-02
1.260999999999999899e-01
7.530000000000000582e-02
2.199999999999999734e-01
2.779999999999999832e-02
1.215000000000000108e-01
1.799999999999999933e-01
1.822999999999999621e-01
1.327000000000000124e-01
6.249999999999998612e-02
9.989999999999998881e-02
1.431999999999999940e-01
2.159999999999999698e-01
1.025999999999999968e-01
1.193999999999999923e-01
1.508000000000000174e-01
1.403000000000000080e-01
1.385000000000000120e-01
5.050000000000000322e-02
1.219000000000000083e-01
1.582000000000000350e-01
1.912000000000000366e-01
9.829999999999997073e-02
6.899999999999997802e-02
1.905000000000000304e-01
5.809999999999999887e-02
2.537999999999999701e-01
8.859999999999998432e-02
2.145000000000000240e-01
3.900000000000002770e-02
2.275999999999999968e-01
3.470000000000002249e-02
1.391999999999999904e-01
1.464999999999999913e-01
1.310999999999999943e-01
1.607000000000000095e-01
4.670000000000000540e-02
1.290999999999999925e-01
1.614000000000000434e-01
1.120000000000000023e-01
1.259000000000000119e-01
5.549999999999997990e-02
9.200000000000001232e-02
1.340999999999999692e-01
1.447999999999999843e-01
7.939999999999999836e-02
6.380000000000003724e-02
1.507999999999999896e-01
5.730000000000004534e-02
2.013000000000000345e-01
8.569999999999997065e-02
7.019999999999998463e-02
1.347000000000000419e-01
1.345000000000000084e-01
2.085999999999999799e-01
8.530000000000001470e-02
9.959999999999998022e-02
1.853000000000000203e-01
1.231000000000000011e-01
1.759000000000000008e-01
5.619999999999998608e-02
1.733999999999999986e-01
1.098999999999999699e-01
1.806999999999999995e-01
9.409999999999998921e-02
9.309999999999998832e-02
1.854999999999999982e-01
2.669999999999994600e-02
2.006000000000000005e-01
2.819999999999998549e-02
1.177000000000000268e-01
1.347000000000000142e-01
1.616000000000000214e-01
1.132000000000000089e-01
1.738000000000000100e-01
1.248000000000000220e-01
2.336000000000000021e-01
3.069999999999999118e-02
2.240999999999999936e-01
5.680000000000000326e-02
1.766000000000000070e-01
3.950000000000000733e-02
1.654999999999999805e-01
5.699999999999999512e-02
1.586999999999999522e-01
2.669999999999996335e-02
9.920000000000002427e-02
1.496999999999999720e-01
1.417999999999999816e-01
1.005000000000000199e-01
7.720000000000000473e-02
1.417000000000000481e-01
4.159999999999994258e-02
2.061999999999999666e-01
2.769999999999998852e-02
1.020999999999999686e-01
1.402000000000000468e-01
2.114000000000000323e-01
9.539999999999999869e-02
7.220000000000001417e-02
1.490999999999999548e-01
4.910000000000001169e-02
2.478999999999999537e-01
2.059999999999997944e-02
1.091999999999999915e-01
1.497999999999999887e-01
8.829999999999997573e-02
1.980000000000000371e-01
5.470000000000002638e-02
6.760000000000003506e-02
1.383000000000000063e-01
3.060000000000002301e-02
1.705999999999999739e-01
5.409999999999999531e-02
5.090000000000001468e-02
1.433000000000000107e-01
4.230000000000001814e-02
1.886999999999999789e-01
2.309999999999996778e-02
1.816000000000000392e-01
7.619999999999996221e-02
2.014999999999999569e-01
9.190000000000000946e-02
8.859999999999998432e-02
6.979999999999997318e-02
1.241999999999999493e-01
1.387999999999999790e-01
7.320000000000001505e-02
1.749999999999999889e-01
7.419999999999998819e-02
9.300000000000006872e-02
1.869000000000000106e-01
9.400000000000002798e-02
1.813000000000000167e-01
2.409999999999993398e-02
4.550000000000003347e-02
1.966999999999999860e-01
7.720000000000001861e-02
2.350999999999999757e-01
6.630000000000002558e-02
8.510000000000003673e-02
1.876000000000000167e-01
8.240000000000000102e-02
1.934999999999999498e-01
2.770000000000002321e-02
6.030000000000002719e-02
1.856000000000000705e-01
4.429999999999999910e-02
2.193999999999999562e-01
3.089999999999996569e-02
1.405000000000000138e-01
1.315999999999999948e-01
1.643999999999999906e-01
8.760000000000002507e-02
6.050000000000000516e-02
1.330000000000000626e-01
1.071999999999999897e-01
2.112999999999999601e-01
4.670000000000000540e-02
9.879999999999994342e-02
1.645000000000000351e-01
1.249999999999999722e-01
1.631000000000000227e-01
5.440000000000003166e-02
1.395999999999999741e-01
1.196999999999999870e-01
1.806999999999999995e-01
7.620000000000001772e-02
5.649999999999996692e-02
1.445000000000000173e-01
9.280000000000004912e-02
2.016999999999999627e-01
3.960000000000003101e-02
9.120000000000008655e-02
1.050999999999999435e-01
8.820000000000002838e-02
1.894999999999999463e-01
4.390000000000001540e-02
1.340000000000000635e-01
1.473999999999999755e-01
1.698999999999999955e-01
1.333000000000000296e-01
1.329999999999999516e-01
1.662999999999999756e-01
1.363000000000000045e-01
1.501999999999999724e-01
5.209999999999995884e-02
1.637000000000000122e-01
6.619999999999998108e-02
1.817999999999999894e-01
5.229999999999995763e-02
1.093999999999999417e-01
1.685999999999999721e-01
1.644999999999999796e-01
1.201999999999999874e-01
6.999999999999997891e-02
1.412999999999999812e-01
8.080000000000001070e-02
2.025000000000000133e-01
6.689999999999998725e-02
6.280000000000002247e-02
1.651999999999999580e-01
5.170000000000005147e-02
2.378999999999999726e-01
3.500000000000003109e-02
1.199000000000000343e-01
1.740999999999999770e-01
1.278999999999999582e-01
1.956000000000000238e-01
7.559999999999997278e-02
1.745000000000000162e-01
4.109999999999999765e-02
2.574999999999999512e-01
3.899999999999995831e-02
8.890000000000000679e-02
1.777000000000000801e-01
1.117000000000000354e-01
2.212999999999999690e-01
4.849999999999994593e-02
6.850000000000003308e-02
1.753000000000000391e-01
1.058999999999999386e-01
1.645999999999999963e-01
8.260000000000003451e-02
2.138999999999999790e-01
4.690000000000001112e-02
2.237999999999999989e-01
2.679999999999998009e-02
5.840000000000003522e-02
1.567000000000000060e-01
1.970000000000003693e-02
2.200999999999999901e-01
5.159999999999995840e-02
1.878000000000000225e-01
7.160000000000002474e-02
2.716000000000000636e-01
3.120000000000003673e-02
6.140000000000001013e-02
1.560000000000000830e-01
5.550000000000000766e-02
1.771999999999999964e-01
9.669999999999995266e-02
1.541000000000000147e-01
4.539999999999998204e-02
1.408999999999999697e-01
4.559999999999996001e-02
1.649999999999999523e-01
4.200000000000006506e-02
2.330999999999999739e-01
4.490000000000000241e-02
1.588000000000000522e-01
5.849999999999985767e-02
2.135999999999999011e-01
3.550000000000010092e-02
1.638999999999999901e-01
7.459999999999999964e-02
1.926999999999999824e-01
6.579999999999994187e-02
1.866999999999999216e-01
1.092999999999999527e-01
2.380000000000001004e-01
5.009999999999989462e-02
1.900000000000000022e-01
1.129000000000000420e-01
2.512000000000000344e-01
5.880000000000006055e-02
1.207000000000000572e-01
1.944999999999999507e-01
1.203999999999999237e-01
1.932999999999999441e-01
8.929999999999996274e-02
1.983999999999999375e-01
2.540000000000008917e-02
2.266999999999999849e-01
3.659999999999987569e-02
1.286000000000000476e-01
1.193999999999999784e-01
1.687000000000000721e-01
1.166999999999999704e-01
5.809999999999993642e-02
1.429999999999999882e-01
4.560000000000017512e-02
1.755000000000000449e-01
4.739999999999999769e-02
9.569999999999999341e-02
1.360999999999999988e-01
1.534000000000000363e-01
9.799999999999994826e-02
1.043999999999999928e-01
1.510999999999999843e-01
1.175000000000000766e-01
1.755000000000000171e-01
6.939999999999996172e-02
1.842999999999999916e-01
3.999999999999992450e-02
2.161000000000000421e-01
6.669999999999996765e-02
1.582999999999999963e-01
6.289999999999999758e-02
2.313000000000000056e-01
3.249999999999990397e-02
2.224999999999999756e-01
3.570000000000007889e-02
2.128000000000000724e-01
3.649999999999993527e-02
2.065000000000000724e-01
4.219999999999991813e-02
2.082999999999999297e-01
2.310000000000003717e-02
1.853000000000000203e-01
8.219999999999993978e-02
2.249999999999999778e-01
5.390000000000003816e-02
1.484999999999999931e-01
1.441000000000000336e-01
2.024999999999999023e-01
8.590000000000003189e-02
9.340000000000003855e-02
1.855999999999999317e-01
1.658000000000000584e-01
1.399000000000000521e-01
1.455000000000001292e-01
1.746000000000000330e-01
1.714999999999999858e-01
1.605999999999998540e-01
1.410999999999999199e-01
1.794000000000000039e-01
1.806000000000000105e-01
1.838999999999999524e-01
1.359999999999999820e-01
2.089000000000000024e-01
1.706999999999999351e-01
1.470999999999999808e-01
1.135000000000000037e-01
1.830999999999999572e-01
1.211000000000000271e-01
1.577999999999999958e-01
7.159999999999992759e-02
1.921999999999999820e-01
3.159999999999993370e-02
2.328000000000000347e-01
3.889999999999992075e-02
1.219999999999999418e-01
1.520999999999999575e-01
2.484999999999998876e-01
1.054000000000000770e-01
1.318000000000000560e-01
1.836999999999999744e-01
1.543000000000000205e-01
1.268000000000000793e-01
1.593000000000000527e-01
1.509999999999999676e-01
2.219000000000000139e-01
8.839999999999992308e-02
1.359999999999999543e-01
1.568000000000000504e-01
2.250999999999998558e-01
9.680000000000006655e-02
1.071000000000000424e-01
1.511999999999999733e-01
1.071000000000000008e-01
1.691999999999999338e-01
8.650000000000010458e-02
1.804000000000000603e-01
1.749999999999985595e-02
2.215999999999999637e-01
2.890000000000000208e-02
2.304000000000001047e-01
2.959999999999995968e-02
2.428999999999999215e-01
6.019999999999999657e-02
2.332000000000000184e-01
1.359000000000000763e-01
1.607999999999999152e-01
1.321999999999999842e-01
1.887999999999998846e-01
1.264999999999999458e-01
1.608999999999999042e-01
1.257000000000000339e-01
1.623999999999999333e-01
1.345999999999999419e-01
1.266000000000000458e-01
7.559999999999988951e-02
1.728999999999999981e-01
5.879999999999996341e-02
1.817999999999999616e-01
4.350000000000003864e-02
1.868000000000000216e-01
3.430000000000009430e-02
2.226000000000000756e-01
2.699999999999995459e-02
1.988000000000001433e-01
8.050000000000002986e-02
2.393999999999998352e-01
2.470000000000002749e-02
1.183000000000000440e-01
1.272000000000000908e-01
1.236000000000001126e-01
1.361000000000000265e-01
1.827999999999999625e-01
1.166000000000000925e-01
2.012000000000000455e-01
7.679999999999997939e-02
1.492999999999999328e-01
1.340000000000000635e-01
1.986999999999999600e-01
7.259999999999998399e-02
9.600000000000000200e-02
1.677000000000000157e-01
9.370000000000004714e-02
1.820999999999999841e-01
1.000000000000000194e-01
1.715999999999999193e-01
1.250999999999999890e-01
