5.870000000000000218e-02
1.403000000000000080e-01
5.489999999999999741e-02
1.005000000000000060e-01
1.509000000000000064e-01
5.919999999999999568e-02
1.066000000000000003e-01
6.010000000000000758e-02
1.434999999999999887e-01
1.294000000000000150e-01
1.318000000000000005e-01
1.184999999999999942e-01
7.380000000000000449e-02
1.499000000000000055e-01
5.600000000000000810e-02
1.414000000000000257e-01
5.709999999999998410e-02
6.109999999999998765e-02
6.980000000000000093e-02
5.770000000000000823e-02
5.140000000000000124e-02
5.100000000000000366e-02
2.599999999999999534e-02
1.329999999999999238e-02
1.395000000000000129e-01
3.580000000000001237e-02
4.159999999999998421e-02
9.040000000000000813e-02
4.130000000000000338e-02
4.800000000000000100e-02
1.355000000000000093e-01
4.650000000000000661e-02
1.159999999999999920e-01
1.212000000000000022e-01
1.281000000000000194e-01
7.760000000000000231e-02
7.810000000000000275e-02
1.385000000000000120e-01
7.199999999999999456e-02
4.520000000000000406e-02
4.719999999999999890e-02
1.693000000000000060e-01
8.409999999999999698e-01
4.650999999999999579e-01
2.653000000000000358e-01
8.879999999999999005e-02
1.723000000000000087e-01
2.889999999999998820e-02
8.269999999999999574e-02
1.273000000000000242e-01
5.220000000000001722e-02
9.030000000000000526e-02
1.422999999999999821e-01
6.210000000000000936e-02
7.949999999999998734e-02
9.530000000000000970e-02
1.207000000000000017e-01
5.059999999999999915e-02
1.483999999999999764e-01
4.440000000000002278e-02
1.310999999999999943e-01
5.889999999999999403e-02
8.290000000000000147e-02
1.163000000000000006e-01
5.990000000000000879e-02
1.325000000000000067e-01
5.979999999999998511e-02
1.660999999999999976e-01
8.359999999999996600e-02
5.740000000000000657e-02
3.980000000000000898e-02
9.500000000000001499e-02
2.738999999999999768e-01
8.219999999999999529e-02
1.441999999999999948e-01
1.515000000000000235e-01
4.599999999999996453e-02
6.249999999999998612e-02
1.079999999999999849e-01
1.689999999999999836e-01
9.570000000000000728e-02
7.199999999999999456e-02
1.042999999999999899e-01
1.538999999999999813e-01
2.869999999999999635e-02
1.358000000000000040e-01
8.590000000000003189e-02
6.490000000000001323e-02
1.525999999999999857e-01
5.399999999999998551e-02
1.330999999999999961e-01
1.149000000000000021e-01
1.117999999999999966e-01
1.388000000000000067e-01
4.869999999999998636e-02
1.639000000000000179e-01
3.020000000000001503e-02
1.842999999999999916e-01
2.870000000000001369e-02
1.626000000000000223e-01
3.580000000000001237e-02
1.849000000000000088e-01
2.969999999999999030e-02
1.519999999999999962e-01
3.300000000000001543e-02
1.126000000000000056e-01
7.409999999999999920e-02
1.334000000000000186e-01
1.637000000000000122e-01
4.190000000000000668e-02
1.576999999999999791e-01
1.799999999999996741e-02
1.576999999999999791e-01
7.440000000000002167e-02
1.494000000000000050e-01
1.283999999999999864e-01
8.619999999999998497e-02
1.485999999999999821e-01
3.790000000000001007e-02
1.661999999999999866e-01
1.111000000000000043e-01
9.360000000000000264e-02
1.718000000000000083e-01
5.910000000000000669e-02
1.801000000000000101e-01
3.080000000000000099e-02
1.345000000000000084e-01
6.709999999999999298e-02
1.482999999999999874e-01
1.812999999999999889e-01
3.849999999999999256e-02
1.622000000000000108e-01
4.859999999999998349e-02
1.933999999999999886e-01
7.740000000000002434e-02
2.812999999999999945e-01
8.729999999999997484e-02
1.970000000000000084e-01
5.939999999999998059e-02
4.498999999999999666e-01
1.297999999999999710e-01
3.533999999999999364e-01
1.168000000000000149e-01
1.682000000000000162e-01
1.981999999999999873e-01
3.749999999999999167e-02
1.074999999999999845e-01
7.620000000000000384e-02
1.451000000000000068e-01
9.810000000000000664e-02
1.364999999999999825e-01
4.039999999999999147e-02
1.748000000000000109e-01
3.330000000000000321e-02
1.171999999999999986e-01
1.437999999999999834e-01
1.074000000000000093e-01
1.353000000000000036e-01
6.230000000000000815e-02
1.520000000000000240e-01
2.100000000000001865e-02
1.783000000000000140e-01
2.020000000000000268e-02
1.175000000000000211e-01
9.329999999999999405e-02
2.016000000000000014e-01
3.930000000000002242e-02
1.600999999999999646e-01
1.140000000000003164e-02
1.647000000000000131e-01
8.780000000000000304e-02
1.404999999999999860e-01
8.879999999999999005e-02
1.227999999999999925e-01
4.890000000000001290e-02
1.740999999999999770e-01
1.749999999999999889e-01
5.039999999999997954e-02
1.872999999999999665e-01
1.219999999999999973e-01
6.260000000000001674e-02
1.158999999999999753e-01
8.250000000000001776e-02
2.605000000000000093e-01
2.639999999999999569e-01
6.106000000000000316e-01
6.620000000000000329e-01
2.908000000000000029e-01
1.855999999999999872e-01
7.259999999999999787e-02
1.384000000000000230e-01
1.738999999999999990e-01
8.050000000000000211e-02
5.140000000000000124e-02
5.729999999999997595e-02
4.920000000000002149e-02
2.029000000000000248e-01
4.670000000000000540e-02
9.860000000000000708e-02
2.814000000000000390e-01
1.932999999999999718e-01
4.347999999999999643e-01
9.999999999999999167e-02
1.335000000000000075e-01
6.720000000000000973e-02
9.839999999999998748e-02
9.409999999999998921e-02
1.080999999999999739e-01
1.741999999999999660e-01
5.740000000000000657e-02
1.728000000000000091e-01
1.215000000000000108e-01
1.119999999999999885e-01
6.599999999999998923e-02
1.521000000000000130e-01
1.071999999999999897e-01
1.506999999999999729e-01
5.330000000000002097e-02
3.154000000000000137e-01
9.169999999999998985e-02
1.266999999999999793e-01
1.040999999999999981e-01
2.519999999999999671e-02
1.444000000000000006e-01
5.799999999999998906e-02
6.920000000000001150e-02
4.621000000000000663e-01
2.255999999999999950e-01
5.133999999999999675e-01
2.311000000000000276e-01
1.311999999999999833e-01
8.240000000000002878e-02
1.225000000000000117e-01
2.357000000000000206e-01
1.267999999999999960e-01
6.489999999999999936e-02
6.569999999999999452e-02
1.547000000000000042e-01
6.010000000000001452e-02
7.959999999999999021e-02
2.606999999999999873e-01
3.085999999999999854e-01
1.542999999999999927e-01
5.179999999999997801e-02
6.239999999999999020e-02
1.024000000000000188e-01
3.176999999999999824e-01
8.410000000000002196e-02
1.693999999999999950e-01
1.272000000000000075e-01
6.520000000000000795e-02
1.015999999999999959e-01
9.959999999999999409e-02
1.116999999999999937e-01
1.068000000000000060e-01
2.200000000000001260e-02
5.460000000000000964e-02
3.829999999999998683e-02
1.690000000000000530e-02
9.959999999999999409e-02
6.379999999999999560e-02
1.288999999999999868e-01
4.999999999999999584e-02
7.350000000000000977e-02
1.068999999999999811e-01
1.549999999999999989e-01
2.700000000000000316e-02
1.079999999999999988e-01
1.101999999999999924e-01
8.999999999999999667e-02
1.904000000000000137e-01
5.610000000000000403e-02
1.343000000000000027e-01
7.180000000000000271e-02
1.855999999999999872e-01
4.970000000000000112e-02
1.750999999999999779e-01
4.289999999999997982e-02
1.572999999999999954e-01
6.719999999999999585e-02
2.041000000000000036e-01
1.299000000000000155e-01
1.139999999999999902e-01
1.081000000000000016e-01
1.062000000000000166e-01
1.224999999999999978e-01
5.530000000000000193e-02
1.282999999999999974e-01
8.830000000000000349e-02
1.945000000000000062e-01
4.100000000000000866e-02
9.830000000000002625e-02
7.119999999999999940e-02
1.897999999999999965e-01
3.309999999999999054e-02
1.155999999999999805e-01
4.109999999999998377e-02
1.325999999999999956e-01
1.183999999999999775e-01
1.463000000000000134e-01
1.285000000000000031e-01
8.069999999999999396e-02
6.479999999999998261e-02
9.070000000000001672e-02
1.116000000000000048e-01
7.300000000000000933e-02
8.410000000000000808e-02
8.540000000000000369e-02
5.269999999999998297e-02
7.009999999999999565e-02
2.213999999999999857e-01
1.566000000000000170e-01
1.075999999999999734e-01
1.025000000000000078e-01
1.753000000000000114e-01
6.539999999999999980e-02
8.749999999999998057e-02
1.123999999999999999e-01
5.350000000000001282e-02
5.720000000000000778e-02
3.160000000000001696e-02
2.134999999999999953e-01
1.849999999999997827e-02
9.510000000000001785e-02
1.048999999999999932e-01
6.799999999999997713e-02
1.108000000000000096e-01
2.517999999999999683e-01
1.621000000000000218e-01
1.939000000000000168e-01
5.920000000000000956e-02
1.177000000000000268e-01
9.840000000000000135e-02
1.707000000000000184e-01
3.389999999999998570e-02
1.658999999999999642e-01
6.789999999999997427e-02
1.640000000000000346e-01
9.199999999999999845e-02
8.310000000000000719e-02
1.953000000000000014e-01
4.870000000000000717e-02
1.864999999999999991e-01
9.850000000000000422e-02
1.047999999999999904e-01
1.150000000000000050e-01
8.840000000000000635e-02
1.826000000000000401e-01
1.049000000000000210e-01
1.487999999999999878e-01
8.189999999999997282e-02
1.572999999999999954e-01
7.670000000000000429e-02
1.323000000000000009e-01
1.002000000000000113e-01
9.909999999999999365e-02
8.709999999999999687e-02
1.395000000000000129e-01
4.899999999999998801e-02
4.290000000000003533e-02
3.649999999999996997e-02
2.051000000000000045e-01
1.403999999999999970e-01
8.580000000000001514e-02
1.350999999999999979e-01
6.570000000000000839e-02
1.585000000000000020e-01
9.690000000000000002e-02
7.099999999999999367e-02
1.647000000000000131e-01
8.870000000000000107e-02
1.197999999999999898e-01
1.023000000000000020e-01
1.088000000000000078e-01
1.484999999999999654e-01
1.391000000000000014e-01
7.449999999999998290e-02
8.439999999999997504e-02
1.275000000000000300e-01
3.919999999999998486e-02
1.777999999999999858e-01
3.280000000000000276e-02
1.370999999999999996e-01
5.049999999999998240e-02
1.660999999999999699e-01
5.239999999999998131e-02
1.173000000000000154e-01
5.200000000000000455e-02
9.879999999999999893e-02
5.080000000000001181e-02
1.417999999999999816e-01
5.039999999999998648e-02
1.525999999999999857e-01
4.149999999999998829e-02
1.083999999999999964e-01
7.639999999999999569e-02
2.068999999999999728e-01
5.629999999999998894e-02
1.396999999999999631e-01
3.060000000000000220e-02
2.019999999999999851e-01
4.539999999999999591e-02
1.547000000000000042e-01
7.189999999999999170e-02
1.537000000000000033e-01
9.790000000000001479e-02
1.901000000000000190e-01
6.160000000000002279e-02
2.564000000000000168e-01
1.514999999999999680e-01
1.024000000000000049e-01
1.507000000000000006e-01
1.421000000000000041e-01
1.270999999999999908e-01
1.879000000000000115e-01
5.200000000000000455e-02
1.775000000000000466e-01
6.509999999999997733e-02
1.352000000000000146e-01
1.021999999999999853e-01
1.507000000000000006e-01
1.343999999999999917e-01
5.569999999999998563e-02
1.717000000000000193e-01
1.274000000000000132e-01
6.930000000000000049e-02
6.980000000000002869e-02
2.610999999999999988e-01
3.740000000000001656e-02
6.710000000000000686e-02
1.036999999999999866e-01
2.033999999999999697e-01
