7.719999999999999085e-02
4.289999999999999369e-02
1.157999999999999863e-01
9.040000000000000813e-02
1.233000000000000207e-01
9.110000000000001430e-02
5.330000000000000016e-02
1.644999999999999796e-01
8.000000000000000167e-02
1.006000000000000089e-01
2.980000000000000704e-02
1.580999999999999905e-01
1.104000000000000259e-01
1.157999999999999863e-01
3.899999999999999301e-02
8.879999999999999005e-02
7.729999999999999372e-02
1.089000000000000107e-01
1.292999999999999983e-01
1.163000000000000006e-01
1.148999999999999883e-01
8.080000000000001070e-02
1.044999999999999957e-01
7.549999999999996991e-02
4.609999999999999515e-02
1.250000000000000000e-01
6.090000000000000968e-02
9.170000000000000373e-02
3.850000000000001338e-02
6.190000000000001057e-02
9.289999999999998259e-02
1.161999999999999700e-01
7.940000000000001223e-02
7.990000000000001268e-02
1.620000000000000051e-01
5.609999999999999709e-02
9.340000000000001079e-02
1.176000000000000101e-01
1.076000000000000012e-01
5.000000000000002359e-02
1.189000000000000196e-01
4.690000000000001806e-02
1.192000000000000143e-01
5.989999999999998798e-02
1.229999999999999705e-01
4.100000000000001560e-02
1.188999999999999918e-01
6.629999999999999782e-02
1.370999999999999996e-01
9.579999999999998239e-02
1.034000000000000197e-01
1.268000000000000238e-01
1.330000000000000071e-01
7.540000000000002256e-02
6.089999999999996805e-02
1.121999999999999803e-01
7.949999999999998734e-02
1.283999999999999864e-01
5.309999999999998749e-02
2.049999999999999600e-01
9.489999999999997049e-02
1.211000000000000132e-01
9.429999999999999494e-02
1.094000000000000111e-01
1.280999999999999917e-01
7.819999999999999174e-02
8.920000000000002927e-02
1.640999999999999959e-01
1.003999999999999893e-01
8.299999999999999045e-02
5.190000000000000169e-02
1.146000000000000074e-01
6.729999999999998483e-02
1.018999999999999906e-01
3.270000000000001378e-02
7.589999999999999525e-02
9.979999999999997207e-02
1.113000000000000100e-01
1.186000000000000110e-01
1.245999999999999885e-01
7.680000000000000715e-02
1.350000000000000089e-01
1.374999999999999833e-01
1.156000000000000083e-01
1.200000000000000372e-01
1.188000000000000167e-01
1.500999999999999834e-01
1.247000000000000192e-01
1.260999999999999621e-01
1.456000000000000072e-01
9.639999999999998570e-02
7.219999999999998641e-02
1.308000000000000274e-01
5.449999999999999289e-02
7.470000000000001639e-02
7.110000000000001041e-02
1.126000000000000195e-01
4.989999999999999297e-02
1.620999999999999663e-01
6.099999999999999867e-02
5.919999999999998180e-02
6.269999999999999185e-02
1.304000000000000159e-01
7.239999999999997826e-02
6.490000000000001323e-02
8.829999999999998961e-02
1.353000000000000036e-01
1.056000000000000133e-01
7.150000000000003575e-02
9.439999999999998392e-02
1.882999999999999952e-01
7.010000000000003728e-02
1.112999999999999962e-01
1.165999999999999953e-01
1.782000000000000250e-01
8.580000000000004290e-02
1.058000000000000329e-01
9.219999999999999030e-02
1.783000000000000140e-01
1.195999999999999702e-01
6.449999999999996014e-02
1.158000000000000140e-01
7.299999999999995381e-02
1.146999999999999964e-01
5.909999999999999976e-02
1.091000000000000442e-01
1.225999999999999868e-01
9.779999999999997029e-02
9.020000000000000240e-02
7.990000000000002656e-02
1.395999999999999464e-01
8.040000000000001312e-02
1.381000000000000005e-01
4.830000000000005123e-02
8.019999999999999352e-02
1.289000000000000146e-01
1.330000000000000071e-01
1.342000000000000137e-01
4.979999999999998317e-02
8.070000000000004947e-02
1.571000000000000174e-01
1.481000000000000094e-01
9.909999999999992426e-02
9.499999999999995948e-02
1.436000000000000332e-01
1.452000000000000512e-01
1.134999999999999204e-01
5.930000000000000548e-02
1.607000000000000928e-01
1.177000000000000268e-01
1.856999999999999762e-01
2.214000000000000412e-01
1.105000000000000426e-01
8.130000000000009441e-02
7.669999999999996265e-02
1.890999999999999903e-01
1.010999999999999954e-01
1.061000000000000554e-01
1.544999999999999707e-01
1.386000000000000287e-01
3.470000000000001555e-02
7.500000000000002498e-02
3.339999999999995750e-02
8.010000000000006004e-02
6.679999999999994276e-02
7.879999999999995342e-02
1.239000000000000656e-01
7.419999999999996043e-02
1.330999999999999961e-01
4.880000000000004473e-02
6.560000000000001941e-02
1.577000000000000624e-01
1.270999999999999908e-01
1.845999999999999863e-01
8.680000000000001603e-02
1.156000000000000361e-01
1.436999999999999666e-01
6.769999999999994078e-02
1.687999999999999778e-01
4.580000000000002125e-02
3.789999999999996844e-02
1.386000000000000010e-01
5.900000000000010097e-02
1.409999999999999587e-01
3.809999999999996723e-02
5.029999999999998361e-02
2.205999999999999073e-01
1.324000000000000177e-01
1.228999999999999676e-01
5.910000000000001363e-02
6.390000000000005398e-02
1.120000000000000162e-01
1.021999999999999992e-01
1.051999999999999602e-01
8.839999999999995084e-02
1.843999999999999528e-01
4.639999999999997599e-02
1.747000000000000219e-01
8.829999999999998961e-02
6.200000000000002731e-02
1.585999999999999355e-01
1.185000000000000497e-01
1.426999999999999658e-01
5.330000000000001403e-02
1.756000000000000338e-01
1.115000000000000019e-01
1.970000000000000362e-01
5.249999999999998418e-02
6.889999999999994740e-02
2.489000000000000934e-01
1.156000000000000222e-01
1.752000000000000224e-01
6.480000000000005200e-02
1.877999999999999670e-01
7.710000000000001574e-02
1.255000000000000004e-01
6.890000000000004454e-02
1.231000000000000011e-01
9.010000000000004117e-02
1.502000000000000002e-01
6.779999999999994365e-02
5.619999999999998608e-02
1.466999999999999693e-01
7.639999999999996794e-02
8.180000000000001159e-02
2.909999999999994535e-02
8.110000000000000542e-02
1.210000000000001213e-01
9.850000000000003197e-02
8.299999999999992106e-02
9.669999999999998042e-02
6.119999999999999052e-02
1.283999999999999864e-01
4.990000000000000685e-02
1.203000000000000319e-01
9.080000000000006122e-02
2.424000000000000044e-01
1.087000000000000605e-01
1.093999999999999972e-01
9.350000000000005529e-02
1.337999999999999745e-01
5.849999999999994094e-02
1.359999999999999820e-01
1.008999999999999897e-01
1.340999999999999970e-01
9.079999999999993632e-02
5.480000000000001537e-02
1.994999999999999829e-01
7.280000000000001747e-02
6.190000000000003832e-02
7.349999999999995426e-02
1.990000000000002878e-02
6.350000000000008415e-02
6.040000000000000924e-02
7.009999999999999565e-02
4.680000000000002214e-02
6.290000000000005309e-02
1.514000000000000068e-01
1.367999999999999772e-01
1.089999999999993058e-02
6.930000000000005600e-02
4.720000000000000584e-02
7.450000000000001066e-02
5.969999999999994755e-02
4.540000000000005836e-02
9.859999999999997933e-02
7.760000000000000231e-02
1.582999999999999408e-01
7.720000000000006024e-02
8.889999999999995128e-02
1.279999999999999472e-01
1.135999999999999927e-01
8.519999999999994245e-02
1.502000000000000834e-01
1.517999999999999905e-01
2.570999999999999397e-01
7.329999999999994853e-02
6.439999999999999891e-02
1.755000000000000171e-01
6.969999999999998419e-02
4.490000000000003710e-02
3.400000000000004408e-02
4.819999999999999285e-02
6.409999999999999032e-02
1.298000000000000820e-01
6.749999999999997669e-02
5.079999999999999793e-02
1.178999999999999909e-01
1.397000000000000464e-01
4.499999999999997058e-02
3.570000000000007889e-02
8.099999999999997480e-02
6.439999999999994340e-02
1.266999999999999515e-01
5.119999999999996776e-02
4.630000000000004945e-02
9.570000000000007667e-02
6.089999999999996805e-02
1.574999999999999734e-01
4.900000000000004352e-02
1.531000000000000139e-01
7.840000000000005298e-02
1.688999999999999946e-01
6.430000000000009319e-02
3.469999999999998086e-02
3.770000000000001128e-02
1.800000000000000211e-01
8.510000000000002285e-02
1.169999999999999929e-01
6.620000000000003659e-02
1.834999999999999964e-01
1.869999999999999440e-01
5.920000000000003038e-02
1.650999999999999968e-01
4.969999999999992479e-02
7.389999999999996572e-02
1.210000000000000520e-01
7.279999999999998972e-02
1.728999999999999426e-01
1.243999999999999967e-01
7.710000000000001574e-02
1.020000000000000490e-01
1.617999999999999716e-01
1.583999999999999853e-01
1.420000000000000151e-01
1.384999999999999010e-01
1.234000000000000374e-01
2.389000000000000012e-01
6.479999999999995486e-02
1.496000000000000663e-01
9.009999999999993014e-02
8.229999999999992877e-02
9.309999999999998832e-02
1.581000000000000461e-01
7.309999999999997056e-02
1.723999999999999699e-01
6.329999999999999516e-02
1.479999999999999649e-01
7.400000000000003797e-02
2.336000000000000298e-01
5.910000000000004139e-02
9.049999999999998324e-02
1.504999999999999116e-01
1.545000000000000817e-01
1.372999999999998666e-01
2.487000000000000322e-01
1.057000000000000300e-01
1.865000000000000269e-01
7.950000000000000122e-02
1.032000000000000139e-01
1.619999999999999218e-01
1.196999999999999453e-01
1.110999999999999766e-01
9.070000000000000284e-02
1.139000000000000012e-01
1.347000000000000419e-01
6.270000000000000573e-02
4.260000000000008918e-02
8.739999999999999158e-02
8.660000000000002418e-02
1.643999999999999628e-01
4.319999999999996759e-02
6.379999999999999560e-02
1.141999999999999960e-01
1.452999999999999847e-01
1.316000000000000503e-01
1.630999999999999950e-01
4.611999999999999988e-01
1.898999999999999577e-01
8.400000000000004685e-02
1.310999999999999943e-01
1.736000000000000043e-01
1.406999999999999917e-01
5.570000000000005502e-02
1.598000000000000531e-01
7.779999999999993865e-02
5.800000000000003764e-02
9.209999999999995968e-02
6.769999999999998241e-02
1.101000000000000173e-01
6.270000000000001961e-02
6.479999999999999649e-02
9.159999999999997311e-02
1.327000000000000401e-01
1.320000000000000062e-01
1.299999999999999767e-01
7.729999999999995208e-02
1.333999999999999353e-01
1.157999999999999585e-01
2.083999999999998631e-01
8.659999999999999643e-02
6.119999999999999052e-02
1.507000000000001116e-01
6.699999999999997624e-02
1.738999999999999990e-01
6.739999999999995994e-02
4.739999999999996994e-02
1.191000000000000669e-01
7.379999999999997673e-02
1.912999999999999701e-01
1.196999999999999731e-01
1.062000000000000027e-01
5.529999999999990479e-02
9.239999999999992664e-02
2.106000000000000372e-01
8.619999999999997109e-02
1.148999999999999466e-01
1.039000000000000479e-01
1.749000000000000554e-01
6.760000000000000731e-02
8.249999999999999001e-02
1.384000000000000230e-01
1.461000000000000076e-01
6.330000000000002292e-02
1.441999999999999948e-01
1.285999999999999643e-01
1.174999999999999933e-01
9.180000000000003435e-02
1.137000000000000233e-01
1.530000000000000249e-01
6.920000000000005314e-02
8.000000000000008493e-02
1.096000000000000169e-01
8.709999999999998299e-02
1.094000000000000250e-01
9.110000000000001430e-02
1.064000000000000362e-01
9.009999999999999953e-02
4.419999999999998930e-02
1.007999999999999730e-01
1.581000000000000183e-01
1.150000000000000050e-01
