6.320000000000000617e-02
1.320999999999999952e-01
7.069999999999999896e-02
5.269999999999999685e-02
1.615999999999999936e-01
2.212999999999999967e-01
7.299999999999999545e-02
2.879999999999999921e-02
5.280000000000000665e-02
1.534999999999999976e-01
1.665999999999999981e-01
4.449999999999999789e-02
2.570000000000000062e-02
1.320999999999999952e-01
3.829999999999998683e-02
1.612000000000000099e-01
5.130000000000000532e-02
3.869999999999999829e-02
6.599999999999998923e-02
8.729999999999998872e-02
9.879999999999999893e-02
1.925000000000000044e-01
1.686000000000000276e-01
1.269000000000000128e-01
5.330000000000000016e-02
8.249999999999999001e-02
7.209999999999999742e-02
1.608999999999999875e-01
3.949999999999999345e-02
3.059999999999999526e-02
5.909999999999999976e-02
1.703000000000000069e-01
9.769999999999998130e-02
1.517000000000000015e-01
7.670000000000000429e-02
1.627000000000000113e-01
3.869999999999999829e-02
1.862999999999999934e-01
6.729999999999999871e-02
5.710000000000000492e-02
2.081999999999999962e-01
1.860999999999999877e-01
1.104999999999999871e-01
8.240000000000000102e-02
2.308999999999999941e-01
5.380000000000000060e-02
2.443000000000000171e-01
5.920000000000000262e-02
6.719999999999998197e-02
1.619000000000000161e-01
2.636000000000000010e-01
5.960000000000000020e-02
8.060000000000000497e-02
2.117999999999999883e-01
2.870000000000000329e-01
6.369999999999997886e-02
1.039000000000000062e-01
2.106999999999999984e-01
1.829999999999999960e-01
1.467000000000000248e-01
8.570000000000001228e-02
1.685999999999999721e-01
1.597000000000000086e-01
2.662999999999999812e-01
1.138100000000000112e+00
6.042999999999999483e-01
9.620000000000000773e-02
1.853999999999999815e-01
1.058000000000000052e-01
1.013000000000000012e-01
1.393000000000000071e-01
2.500000000000000000e-01
9.870000000000000995e-02
1.245999999999999885e-01
9.299999999999999933e-02
1.609999999999999765e-01
1.925999999999999934e-01
1.729999999999999871e-01
9.049999999999999711e-02
1.159999999999999920e-01
1.958999999999999908e-01
2.812000000000000055e-01
6.319999999999999230e-02
5.980000000000000593e-02
1.354000000000000203e-01
1.153000000000000136e-01
2.781000000000000139e-01
7.399999999999999634e-02
6.260000000000000286e-02
1.875999999999999890e-01
1.763000000000000123e-01
1.155000000000000054e-01
5.949999999999999734e-02
1.113999999999999990e-01
9.689999999999998614e-02
1.955999999999999961e-01
4.420000000000001011e-02
4.220000000000000140e-02
1.076000000000000012e-01
8.300000000000000433e-02
1.670999999999999708e-01
4.770000000000000628e-02
7.430000000000000493e-02
1.235999999999999877e-01
4.009999999999999676e-02
1.673000000000000043e-01
5.359999999999999487e-02
5.240000000000000213e-02
8.009999999999999065e-02
9.710000000000001963e-02
1.660000000000000087e-01
5.419999999999999818e-02
5.469999999999999862e-02
6.510000000000000508e-02
1.638000000000000012e-01
1.867999999999999938e-01
6.980000000000000093e-02
3.010000000000000175e-02
3.259999999999999704e-02
1.592999999999999972e-01
6.350000000000000089e-02
1.629000000000000170e-01
4.409999999999999337e-02
7.429999999999999105e-02
2.735000000000000209e-01
1.421999999999999931e-01
3.630000000000001281e-02
1.499999999999999667e-01
1.224999999999999978e-01
1.927999999999999714e-01
6.500000000000000222e-02
1.526000000000000134e-01
2.363000000000000100e-01
2.085999999999999799e-01
9.329999999999999405e-02
5.540000000000000480e-02
1.577000000000000068e-01
1.248999999999999971e-01
1.413000000000000367e-01
8.119999999999999440e-02
1.090000000000000135e-01
1.698999999999999955e-01
1.889000000000000123e-01
8.039999999999999925e-02
1.091999999999999915e-01
2.460999999999999854e-01
1.444999999999999896e-01
1.872999999999999943e-01
6.170000000000000484e-02
1.693000000000000060e-01
1.225000000000000117e-01
2.036000000000000032e-01
7.889999999999999791e-02
7.109999999999999654e-02
2.375000000000000444e-01
1.318000000000000282e-01
1.151999999999999968e-01
3.640000000000000180e-02
2.800999999999999601e-01
1.896999999999999797e-01
1.602999999999999980e-01
5.249999999999999806e-02
2.494999999999999996e-01
5.010000000000001258e-02
1.678999999999999937e-01
7.579999999999999238e-02
1.885000000000000009e-01
8.499999999999999223e-02
1.394000000000000239e-01
1.361999999999999877e-01
1.697000000000000175e-01
1.669999999999999818e-01
9.880000000000001281e-02
5.430000000000000104e-02
3.639999999999998792e-02
1.275000000000000022e-01
1.512999999999999901e-01
3.679999999999999938e-02
4.159999999999999809e-02
6.319999999999999230e-02
2.018000000000000349e-01
1.797000000000000264e-01
5.770000000000000129e-02
5.470000000000001250e-02
1.578999999999999848e-01
1.216999999999999887e-01
7.660000000000000142e-02
3.379999999999998977e-02
9.169999999999998985e-02
3.060000000000001261e-02
1.393999999999999961e-01
6.809999999999999387e-02
3.359999999999999098e-02
1.260000000000000009e-01
9.360000000000000264e-02
9.860000000000002096e-02
1.193999999999999784e-01
1.541000000000000147e-01
4.770000000000000628e-02
5.680000000000000326e-02
4.000000000000000083e-02
5.779999999999999721e-02
1.095999999999999752e-01
1.643999999999999906e-01
4.839999999999999858e-02
3.399999999999999550e-02
6.150000000000000605e-02
1.533999999999999808e-01
1.061000000000000137e-01
7.720000000000001861e-02
4.389999999999998070e-02
7.059999999999999609e-02
1.479000000000000037e-01
1.239999999999999852e-01
8.570000000000001228e-02
4.110000000000001152e-02
3.030000000000000054e-02
1.980000000000001203e-02
1.655999999999999972e-01
6.800000000000000488e-02
2.346000000000000030e-01
4.929999999999999660e-02
1.290999999999999925e-01
8.619999999999999885e-02
2.330999999999999739e-01
3.980000000000000204e-02
5.580000000000000238e-02
1.568999999999999839e-01
1.318999999999999895e-01
2.300999999999999990e-01
2.936999999999999611e-01
3.594000000000000528e-01
2.629000000000000226e-01
1.453000000000000125e-01
1.844000000000000083e-01
2.136000000000000121e-01
4.749999999999999778e-01
1.409999999999999865e-01
9.779999999999999805e-02
9.560000000000000442e-02
1.983999999999999930e-01
1.904000000000000137e-01
9.130000000000000615e-02
6.819999999999999674e-02
1.364000000000000212e-01
1.577999999999999958e-01
1.747000000000000219e-01
7.680000000000000715e-02
4.220000000000000140e-02
2.076000000000000068e-01
8.689999999999999114e-02
1.691999999999999893e-01
8.879999999999999005e-02
1.079000000000000098e-01
1.278000000000000247e-01
2.964999999999999858e-01
7.620000000000000384e-02
5.360000000000001569e-02
1.306999999999999829e-01
8.149999999999998912e-02
1.677999999999999770e-01
9.469999999999996476e-02
3.989999999999999797e-02
1.357000000000000151e-01
1.971999999999999864e-01
1.739999999999999880e-01
4.519999999999999019e-02
1.704999999999999849e-01
7.110000000000001041e-02
5.420000000000001206e-02
1.799999999999999656e-01
9.260000000000000175e-02
1.286999999999999811e-01
1.112999999999999962e-01
8.830000000000001736e-02
8.249999999999999001e-02
4.009999999999998982e-02
1.724999999999999867e-01
8.379999999999998561e-02
1.192000000000000143e-01
4.839999999999999858e-02
6.700000000000000400e-02
2.172999999999999932e-01
5.929999999999997079e-02
1.206000000000000127e-01
2.849999999999999756e-02
1.979999999999998428e-02
1.672000000000000153e-01
7.980000000000000981e-02
1.550000000000000266e-01
2.759999999999999259e-02
1.971999999999999864e-01
5.779999999999999027e-02
5.307999999999999385e-01
3.999000000000000332e-01
7.018999999999999684e-01
1.199999999999999678e-01
1.865999999999999881e-01
1.030999999999999833e-01
7.150000000000000799e-02
9.119999999999998941e-02
2.130999999999999561e-01
1.060999999999999999e-01
1.542999999999999927e-01
1.094000000000000250e-01
3.689999999999998143e-02
1.616000000000000214e-01
9.979999999999997207e-02
1.048000000000000320e-01
5.689999999999999225e-02
1.245999999999999747e-01
7.099999999999997979e-02
2.110000000000000209e-01
7.740000000000002434e-02
2.799999999999995548e-02
1.635000000000000064e-01
5.339999999999999608e-02
2.434999999999999942e-01
7.309999999999999831e-02
7.609999999999997322e-02
1.522000000000000020e-01
2.373999999999999999e-01
5.989999999999997410e-02
6.580000000000002514e-02
9.749999999999997558e-02
8.920000000000001539e-02
2.343000000000000083e-01
7.739999999999998270e-02
7.260000000000002562e-02
1.527000000000000024e-01
7.869999999999999218e-02
1.223999999999999672e-01
8.159999999999997811e-02
1.116999999999999937e-01
8.569999999999999840e-02
1.873999999999999555e-01
7.079999999999996019e-02
5.319999999999998341e-02
9.180000000000002047e-02
1.182000000000000273e-01
1.693000000000000616e-01
5.049999999999996159e-02
3.200000000000001454e-02
1.040000000000000091e-01
1.151999999999999830e-01
1.729999999999999871e-01
6.859999999999999432e-02
1.899999999999997524e-02
7.070000000000001283e-02
1.327999999999999736e-01
1.621999999999999553e-01
8.490000000000000324e-02
4.440000000000000890e-02
1.157999999999999585e-01
9.760000000000000620e-02
1.856999999999999762e-01
5.070000000000000201e-02
8.809999999999998388e-02
1.162999999999999867e-01
8.899999999999998190e-02
1.843000000000000194e-01
5.699999999999998124e-02
1.141999999999999960e-01
1.280999999999999917e-01
1.545999999999999874e-01
9.959999999999998022e-02
8.189999999999997282e-02
1.113000000000000100e-01
1.264999999999999736e-01
1.550999999999999601e-01
8.600000000000000699e-02
3.839999999999998970e-02
2.859999999999999695e-02
1.652000000000000135e-01
7.400000000000002409e-02
1.372999999999999776e-01
6.189999999999999669e-02
1.227999999999999925e-01
6.639999999999997293e-02
1.205999999999999711e-01
5.480000000000000149e-02
1.310999999999999943e-01
3.340000000000000607e-02
1.272999999999999687e-01
4.510000000000001508e-02
1.010000000000000064e-01
7.019999999999998463e-02
1.804999999999999938e-01
4.710000000000000991e-02
7.090000000000000469e-02
1.347000000000000419e-01
1.493000000000000438e-01
1.154999999999999777e-01
8.909999999999999865e-02
1.799000000000000044e-01
4.440000000000002972e-02
1.603000000000000536e-01
6.350000000000005640e-02
1.025999999999999551e-01
8.150000000000003075e-02
1.597000000000000086e-01
5.009999999999999176e-02
8.060000000000001885e-02
1.490999999999999548e-01
1.869999999999999440e-01
3.649999999999999079e-02
1.359999999999998363e-02
1.929000000000000159e-01
1.371999999999999886e-01
6.960000000000000908e-02
2.010000000000000675e-02
1.652000000000000690e-01
1.146000000000000490e-01
1.409000000000000252e-01
6.310000000000000331e-02
1.428000000000000103e-01
5.120000000000004409e-02
2.013999999999999679e-01
1.294000000000000150e-01
1.648999999999999910e-01
1.239000000000000101e-01
2.435000000000000220e-01
1.736999999999999933e-01
1.911999999999999811e-01
8.560000000000005105e-02
1.769999999999999907e-01
6.299999999999997269e-02
4.339999999999997332e-02
1.407000000000000473e-01
1.751000000000000334e-01
6.990000000000001767e-02
1.059000000000000080e-01
