1.282000000000000084e-01
1.795000000000000207e-01
3.154000000000000137e-01
2.693999999999999728e-01
1.417999999999999816e-01
2.589000000000000190e-01
1.036000000000000115e-01
2.159000000000000086e-01
3.136999999999999789e-01
8.880000000000000393e-02
3.324000000000000288e-01
3.439999999999999725e-01
7.429999999999999105e-02
2.043999999999999984e-01
2.601999999999999869e-01
1.141000000000000070e-01
3.097999999999999643e-01
2.464000000000000079e-01
1.067999999999999922e-01
3.024999999999999911e-01
1.966999999999999860e-01
1.147999999999999993e-01
2.595000000000000084e-01
1.149000000000000021e-01
2.484000000000000097e-01
2.496000000000000163e-01
1.813000000000000167e-01
3.546000000000000263e-01
1.208999999999999936e-01
1.637000000000000122e-01
1.208000000000000046e-01
1.068000000000000060e-01
2.464999999999999969e-01
2.166000000000000147e-01
1.844000000000000083e-01
3.263000000000000345e-01
9.189999999999998170e-02
2.969000000000000528e-01
2.802999999999999936e-01
1.187999999999999889e-01
3.265000000000000124e-01
1.705999999999999739e-01
1.958000000000000018e-01
2.922000000000000153e-01
1.034000000000000058e-01
2.555999999999999939e-01
2.483000000000000207e-01
8.630000000000000171e-02
2.150000000000000244e-01
1.663999999999999924e-01
1.192999999999999894e-01
3.114999999999999991e-01
1.050999999999999990e-01
2.202999999999999958e-01
2.296999999999999598e-01
1.224999999999999978e-01
2.408000000000000140e-01
1.500000000000000222e-01
1.660000000000000087e-01
2.456999999999999740e-01
1.063000000000000056e-01
2.878000000000000003e-01
2.288000000000000034e-01
1.299000000000000155e-01
3.346999999999999975e-01
1.376000000000000001e-01
2.409999999999999920e-01
2.731000000000000094e-01
1.063999999999999946e-01
2.466000000000000414e-01
1.809000000000000052e-01
1.540999999999999870e-01
2.273000000000000020e-01
9.719999999999998086e-02
2.923000000000000043e-01
1.684999999999999831e-01
1.544000000000000095e-01
3.035999999999999810e-01
1.142999999999999849e-01
2.118000000000000160e-01
1.965000000000000080e-01
1.683999999999999941e-01
2.775000000000000244e-01
7.659999999999998754e-02
2.689000000000000279e-01
1.524000000000000354e-01
2.654000000000000248e-01
2.394000000000000017e-01
1.371999999999999886e-01
2.302999999999999770e-01
1.064999999999999974e-01
2.864999999999999769e-01
2.044999999999999873e-01
1.382999999999999785e-01
2.741000000000000103e-01
9.430000000000002269e-02
1.956999999999999851e-01
1.268000000000000238e-01
2.215999999999999914e-01
2.908999999999999919e-01
2.469999999999999696e-01
1.141999999999999821e-01
2.498000000000000220e-01
1.214000000000000079e-01
1.795999999999999819e-01
2.778000000000000469e-01
7.280000000000000360e-02
2.318999999999999950e-01
2.243999999999999884e-01
3.916000000000000036e-01
2.464000000000000079e-01
3.024999999999999911e-01
1.428000000000000103e-01
3.206999999999999851e-01
2.525000000000000022e-01
1.721999999999999920e-01
2.660000000000000142e-01
1.135999999999999927e-01
1.939000000000000168e-01
1.897000000000000075e-01
9.199999999999999845e-02
1.707000000000000184e-01
6.939999999999998948e-02
1.944999999999999785e-01
1.648999999999999910e-01
1.332999999999999741e-01
2.812000000000000055e-01
6.539999999999998592e-02
2.326999999999999624e-01
5.790000000000002089e-02
2.102999999999999869e-01
1.978999999999999926e-01
1.417000000000000204e-01
3.383000000000000451e-01
9.320000000000000506e-02
1.439000000000000001e-01
1.512000000000000011e-01
2.454999999999999960e-01
6.029999999999999249e-02
1.409999999999999865e-01
7.389999999999999347e-02
2.268000000000000016e-01
9.970000000000001084e-02
1.066000000000000003e-01
1.126999999999999946e-01
2.515999999999999903e-01
8.040000000000001312e-02
9.299999999999999933e-02
1.051999999999999880e-01
2.235999999999999932e-01
7.120000000000001328e-02
1.842999999999999916e-01
1.560999999999999888e-01
1.617999999999999994e-01
1.067999999999999922e-01
2.132000000000000284e-01
9.430000000000000882e-02
2.025000000000000133e-01
1.527000000000000024e-01
1.412000000000000199e-01
2.634000000000000230e-01
7.629999999999999283e-02
2.036999999999999922e-01
7.310000000000001219e-02
2.946999999999999620e-01
1.827000000000000290e-01
2.378000000000000114e-01
1.527000000000000024e-01
2.077999999999999570e-01
1.987000000000000155e-01
2.207999999999999685e-01
2.494999999999999440e-01
1.713000000000000078e-01
2.097999999999999865e-01
1.049000000000000071e-01
3.065999999999999837e-01
1.512000000000000011e-01
2.792000000000000037e-01
2.564000000000000168e-01
2.781000000000000139e-01
2.715999999999999526e-01
1.980000000000000371e-01
6.829999999999999960e-02
2.817000000000000060e-01
2.221000000000000196e-01
9.040000000000000813e-02
2.696000000000000063e-01
1.232000000000000040e-01
2.333999999999999964e-01
2.231000000000000205e-01
7.409999999999998532e-02
2.046999999999999931e-01
1.170999999999999680e-01
3.011000000000000343e-01
1.927000000000000102e-01
1.864000000000000101e-01
2.511999999999999789e-01
1.263000000000000234e-01
2.527000000000000357e-01
7.850000000000000033e-02
2.101000000000000090e-01
2.697999999999999843e-01
1.850999999999999868e-01
2.646000000000000019e-01
1.544999999999999984e-01
1.662000000000000144e-01
1.922999999999999710e-01
1.801999999999999713e-01
1.597000000000000086e-01
1.978000000000000036e-01
1.607999999999999985e-01
2.697000000000000508e-01
1.057000000000000162e-01
1.965000000000000080e-01
1.054000000000000214e-01
3.044000000000000039e-01
1.031999999999999862e-01
2.424999999999999933e-01
1.244999999999999718e-01
1.915000000000000036e-01
1.496999999999999997e-01
1.766999999999999960e-01
3.596000000000000307e-01
1.025999999999999968e-01
2.666000000000000036e-01
1.192999999999999894e-01
1.918000000000000260e-01
8.949999999999998235e-02
2.736000000000000099e-01
7.599999999999999811e-02
3.075999999999999845e-01
7.449999999999999678e-02
2.425000000000000211e-01
2.876000000000000223e-01
9.430000000000002269e-02
2.862000000000000099e-01
4.660000000000001641e-02
2.531999999999999806e-01
1.469000000000000028e-01
1.906999999999999806e-01
2.571999999999999842e-01
2.456000000000000127e-01
2.134000000000000064e-01
1.285999999999999643e-01
3.755999999999999339e-01
2.197999999999999954e-01
1.260999999999999899e-01
3.319000000000000283e-01
1.490000000000000213e-01
2.336000000000000021e-01
3.679000000000000048e-01
1.629999999999999782e-01
2.248000000000000276e-01
1.846000000000000141e-01
1.491999999999999993e-01
1.952999999999999736e-01
1.528000000000000469e-01
3.604000000000000536e-01
8.080000000000001070e-02
6.019999999999999796e-01
3.513000000000000012e-01
3.472000000000000641e-01
1.099999999999999867e-01
2.264999999999999791e-01
2.919999999999999263e-01
1.149000000000000160e-01
3.787000000000000366e-01
3.643000000000000127e-01
5.661000000000000476e-01
2.011999999999999900e-01
2.094000000000000306e-01
2.429000000000000603e-01
1.141999999999999960e-01
2.032999999999999807e-01
8.550000000000000655e-02
3.105999999999999872e-01
1.246000000000000024e-01
1.521000000000000130e-01
2.419999999999999929e-01
3.116999999999999771e-01
9.250000000000002665e-02
2.213999999999999857e-01
2.463999999999999801e-01
1.931000000000000216e-01
3.688000000000000167e-01
2.006999999999999895e-01
2.033999999999999697e-01
1.098999999999999977e-01
2.484000000000000097e-01
8.790000000000000591e-02
2.929999999999999827e-01
1.474000000000000032e-01
2.051999999999999935e-01
3.064999999999999392e-01
1.016999999999999987e-01
2.623999999999999666e-01
1.828000000000000180e-01
2.915999999999999703e-01
1.580999999999999628e-01
1.582999999999999963e-01
3.215000000000000080e-01
7.239999999999999214e-02
2.842999999999999972e-01
2.509999999999996609e-02
2.509000000000000119e-01
1.533999999999999808e-01
2.495999999999999885e-01
2.231000000000000483e-01
1.476999999999999980e-01
1.630999999999999672e-01
1.764999999999999902e-01
2.952000000000000179e-01
3.000000000000000930e-02
3.266000000000000014e-01
1.782000000000000528e-01
4.852000000000000757e-01
1.970999999999999974e-01
1.549999999999999989e-01
3.881999999999999340e-01
2.450000000000000233e-01
2.101999999999999702e-01
3.153000000000000247e-01
1.027000000000000135e-01
2.172999999999999932e-01
9.290000000000002423e-02
4.454000000000000181e-01
1.480999999999999817e-01
3.199000000000000177e-01
2.012000000000000177e-01
2.348999999999999699e-01
3.843999999999999639e-01
9.609999999999999098e-02
2.812999999999999945e-01
3.203000000000000291e-01
6.779999999999998528e-02
3.320999999999999508e-01
1.476999999999999702e-01
3.236999999999999877e-01
8.979999999999997706e-02
3.512000000000000677e-01
1.691999999999999615e-01
2.975999999999999757e-01
1.776000000000000079e-01
1.915999999999999925e-01
1.667999999999999483e-01
1.348000000000000309e-01
3.940000000000000169e-01
1.579999999999999738e-01
2.800000000000000266e-01
2.516000000000000458e-01
1.745999999999999774e-01
2.245999999999999941e-01
1.363000000000000322e-01
2.872000000000000108e-01
1.206000000000000127e-01
2.134000000000000064e-01
2.648000000000000353e-01
1.207999999999999907e-01
2.354999999999999871e-01
1.965000000000000080e-01
2.589000000000000190e-01
1.438000000000000111e-01
1.522999999999999909e-01
1.575000000000000289e-01
2.861000000000000210e-01
1.294000000000000150e-01
1.718999999999999695e-01
3.141000000000000458e-01
1.379000000000000226e-01
2.941999999999999615e-01
2.083000000000000129e-01
9.109999999999995879e-02
2.661000000000000032e-01
1.065000000000000113e-01
2.074999999999999900e-01
1.353000000000000314e-01
3.769000000000000128e-01
6.920000000000001150e-02
2.544999999999999485e-01
7.139999999999999125e-02
2.785999999999999588e-01
7.379999999999997673e-02
3.137000000000000344e-01
1.172000000000000403e-01
2.760000000000000231e-01
3.559999999999999831e-01
2.097000000000000253e-01
1.127000000000000224e-01
3.634000000000000008e-01
2.283999999999999919e-01
1.877999999999999947e-01
2.942000000000000171e-01
1.024000000000000188e-01
2.807999999999999940e-01
8.880000000000000393e-02
2.787000000000000033e-01
1.658000000000000029e-01
1.381000000000000005e-01
3.658000000000000140e-01
1.578999999999999848e-01
2.467000000000000026e-01
3.048000000000000709e-01
1.085999999999999882e-01
1.200000000000000094e-01
3.679999999999999938e-01
3.518000000000000016e-01
8.829999999999998961e-02
3.090999999999999859e-01
2.566999999999999837e-01
1.180000000000000077e-01
2.360000000000000153e-01
3.442999999999999949e-01
2.590000000000000080e-01
1.708999999999999686e-01
1.807999999999999885e-01
1.734999999999999876e-01
2.154999999999999971e-01
2.675000000000000155e-01
1.091999999999999776e-01
3.757000000000000339e-01
1.600000000000000311e-01
2.681000000000000050e-01
1.929000000000000159e-01
2.189999999999999725e-01
1.433000000000000107e-01
1.917000000000000370e-01
1.702999999999999792e-01
3.067999999999999616e-01
2.702999999999999847e-01
1.137000000000000233e-01
3.588999999999999968e-01
2.070999999999999786e-01
