2.373999999999999999e-01
2.075999999999999790e-01
4.614000000000000323e-01
4.366999999999999771e-01
4.555000000000000160e-01
4.713000000000000522e-01
9.979999999999999982e-02
4.929999999999999938e-01
2.175999999999999879e-01
2.172999999999999932e-01
2.861000000000000210e-01
6.969999999999998419e-02
3.102000000000000313e-01
6.490000000000001323e-02
2.577999999999999736e-01
9.400000000000000022e-02
2.701999999999999957e-01
2.264999999999999791e-01
1.036999999999999866e-01
1.462000000000000244e-01
2.360999999999999766e-01
5.240000000000002989e-02
2.321000000000000008e-01
2.143999999999999795e-01
3.188999999999999058e-01
3.053999999999999493e-01
1.389999999999999569e-01
8.050000000000000211e-02
1.997999999999999776e-01
2.273999999999999910e-01
1.029999999999999666e-01
4.565000000000000169e-01
2.556999999999999829e-01
1.500000000000000222e-01
2.417000000000000259e-01
2.355000000000000149e-01
2.353000000000000091e-01
3.860999999999999432e-01
4.098999999999999311e-01
8.950000000000002398e-02
2.827999999999999958e-01
4.102999999999999980e-01
2.867000000000000104e-01
1.682000000000000162e-01
3.021999999999999686e-01
3.291999999999999371e-01
1.656000000000000250e-01
3.476000000000000201e-01
3.467999999999999972e-01
2.217000000000000082e-01
1.226999999999999619e-01
3.263000000000000345e-01
2.658999999999999697e-01
1.276999999999999802e-01
3.892999999999999794e-01
4.445999999999999952e-01
2.050999999999999490e-01
2.413999999999999480e-01
2.847000000000000086e-01
6.169999999999997708e-02
3.300000000000000155e-01
2.779999999999999694e-01
3.539999999999999813e-01
4.788999999999999924e-01
2.214999999999999747e-01
2.566999999999999837e-01
3.157999999999999696e-01
1.332000000000000128e-01
4.029999999999999694e-01
2.575999999999999401e-01
1.112000000000000488e-01
3.784000000000000141e-01
2.651000000000001133e-01
1.603999999999999593e-01
3.102000000000000313e-01
2.685000000000000719e-01
8.339999999999996028e-02
3.279000000000000248e-01
1.869000000000000106e-01
1.449000000000000843e-01
3.145999999999999908e-01
3.954999999999999627e-01
7.504999999999999449e-01
8.031000000000001471e-01
6.188000000000000167e-01
3.937999999999998724e-01
3.144999999999998908e-01
4.210000000000001935e-02
2.128999999999999504e-01
1.741000000000000048e-01
8.070000000000002172e-02
2.005000000000000393e-01
1.013999999999999485e-01
2.792000000000000592e-01
2.568999999999999617e-01
1.100200000000000289e+00
8.591999999999999638e-01
4.654999999999998583e-01
4.289000000000000590e-01
8.820999999999999952e-01
2.796999999999999487e-01
2.056000000000000050e-01
2.938000000000000056e-01
2.994999999999999885e-01
1.373999999999999944e-01
2.651999999999999913e-01
3.282999999999999807e-01
2.076000000000000623e-01
3.140999999999999348e-01
3.716999999999999194e-01
1.710999999999998911e-01
2.406000000000000083e-01
3.256999999999999895e-01
2.416999999999999704e-01
1.705999999999999184e-01
3.207000000000000961e-01
3.073000000000000176e-01
1.940999999999999670e-01
3.445000000000000284e-01
3.006999999999999673e-01
1.067000000000000171e-01
3.806000000000000494e-01
3.455000000000000293e-01
1.116000000000000048e-01
3.201000000000000512e-01
2.528000000000000247e-01
2.251000000000000223e-01
2.454999999999999682e-01
7.090000000000008795e-02
3.394000000000000905e-01
1.973999999999999644e-01
1.850999999999999868e-01
3.173000000000000265e-01
7.145999999999999019e-01
1.464000000000000579e-01
3.791999999999999815e-01
4.067000000000000060e-01
1.706999999999999906e-01
2.455000000000000238e-01
3.745000000000000551e-01
2.558000000000000829e-01
4.223999999999999977e-01
5.787999999999999812e-01
6.831000000000000405e-01
4.946999999999999731e-01
4.202000000000000179e-01
3.485000000000000320e-01
3.467999999999999972e-01
1.898999999999999855e-01
3.296999999999999931e-01
1.352999999999999203e-01
4.786000000000000254e-01
3.354000000000000314e-01
1.452999999999999570e-01
4.344999999999999418e-01
4.788000000000001144e-01
1.633000000000001117e-01
3.082999999999999630e-01
4.580000000000000737e-01
2.199000000000000954e-01
2.109999999999999931e-01
3.531999999999999584e-01
2.257000000000000395e-01
1.774999999999999911e-01
4.661000000000000143e-01
6.030000000000006188e-02
2.701999999999999957e-01
2.396999999999999964e-01
9.260000000000004339e-02
1.907999999999999696e-01
2.956999999999999629e-01
1.169999999999999374e-01
3.477000000000000091e-01
2.384000000000000563e-01
1.164000000000000312e-01
3.247999999999999776e-01
2.251999999999999835e-01
1.824000000000000621e-01
4.162000000000000144e-01
3.021000000000000907e-01
1.429000000000000270e-01
3.629999999999999893e-01
4.004999999999999671e-01
2.379000000000000004e-01
4.147000000000000131e-01
1.603999999999999870e-01
1.687999999999999778e-01
3.658000000000000140e-01
2.268000000000000294e-01
1.339999999999999802e-01
3.837000000000000410e-01
3.082000000000000295e-01
2.020999999999999741e-01
4.278999999999999471e-01
1.852999999999999925e-01
2.205999999999999628e-01
3.883999999999999675e-01
1.286999999999999811e-01
3.885000000000000120e-01
3.004000000000000004e-01
1.584000000000000408e-01
3.674000000000000599e-01
1.755999999999999783e-01
2.733000000000000429e-01
2.636999999999999900e-01
9.459999999999996190e-02
3.039999999999999369e-01
1.964000000000000190e-01
2.405999999999999805e-01
2.231999999999999540e-01
1.290000000000000591e-01
2.832999999999999963e-01
2.394999999999999907e-01
2.064999999999999614e-01
2.466999999999999749e-01
4.750000000000007688e-02
2.928999999999999937e-01
1.280000000000000027e-01
2.734999999999999654e-01
4.566999999999999948e-01
4.192000000000000171e-01
3.324000000000000288e-01
3.128000000000000225e-01
1.381000000000000005e-01
3.706000000000000405e-01
3.084000000000000075e-01
7.519999999999998908e-02
4.653000000000000469e-01
2.307999999999999774e-01
3.651000000000000356e-01
4.174000000000000488e-01
2.066999999999999948e-01
3.598000000000000087e-01
3.149999999999999467e-01
1.086999999999999911e-01
3.457999999999999963e-01
2.904999999999999805e-01
5.290000000000000258e-02
2.391999999999999682e-01
2.668000000000000371e-01
1.307999999999999718e-01
1.601000000000000201e-01
2.156000000000000139e-01
1.708000000000000074e-01
6.519999999999998019e-02
2.110999999999999821e-01
2.111000000000000099e-01
4.369999999999998885e-02
2.295000000000000095e-01
3.222000000000000419e-01
1.428999999999999992e-01
2.144999999999999685e-01
3.152000000000000357e-01
1.616000000000000492e-01
1.513000000000000456e-01
1.353000000000000314e-01
3.786000000000000476e-01
3.558999999999999941e-01
9.559999999999999054e-02
3.139000000000000123e-01
6.729999999999998483e-02
2.554999999999999494e-01
2.470999999999999863e-01
5.209999999999999354e-02
2.605999999999999983e-01
2.597000000000000419e-01
1.780000000000000471e-01
3.181000000000000494e-01
2.397000000000000519e-01
8.269999999999996798e-02
2.805000000000000271e-01
2.685000000000000164e-01
2.398000000000000131e-01
1.722000000000000197e-01
3.463000000000000522e-01
9.809999999999999276e-02
2.898000000000000576e-01
2.147999999999999632e-01
1.949000000000000177e-01
2.202000000000000068e-01
1.418999999999999706e-01
2.675000000000000155e-01
7.690000000000002389e-02
3.330999999999999517e-01
2.151000000000000412e-01
2.444000000000000339e-01
2.650000000000000133e-01
1.790000000000002006e-02
2.180000000000000548e-01
2.200000000000000011e-01
8.569999999999999840e-02
2.319999999999999840e-01
1.395000000000000129e-01
1.865999999999999881e-01
3.122999999999999665e-01
6.410000000000001807e-02
2.549999999999999489e-01
1.709000000000000519e-01
1.687000000000000444e-01
3.176999999999999824e-01
8.940000000000000724e-02
2.942000000000000171e-01
1.756000000000000061e-01
1.281000000000000194e-01
2.596000000000000529e-01
2.059999999999999887e-01
3.084999999999999964e-01
3.706000000000000405e-01
1.111000000000000043e-01
4.223999999999999977e-01
1.049999999999999961e-01
3.746000000000000441e-01
9.619999999999997997e-02
2.945999999999999730e-01
1.958999999999999908e-01
1.920000000000000040e-01
2.591999999999999860e-01
8.939999999999995173e-02
1.311999999999999833e-01
9.080000000000001958e-02
2.432999999999999885e-01
1.905999999999999639e-01
1.892000000000000348e-01
3.820999999999999952e-01
1.177999999999999603e-01
4.261000000000000343e-01
2.370999999999999774e-01
2.923000000000000043e-01
2.386999999999999678e-01
1.123999999999999166e-01
2.758999999999999231e-01
8.790000000000003366e-02
2.021999999999999909e-01
2.227999999999999980e-01
1.807999999999999885e-01
2.620999999999999996e-01
1.083000000000000351e-01
2.507000000000000339e-01
2.736000000000000099e-01
2.614999999999999547e-01
1.102000000000000202e-01
1.192999999999999894e-01
3.060999999999999832e-01
9.929999999999997162e-02
1.328000000000000291e-01
7.400000000000001021e-02
2.705000000000000737e-01
1.589999999999999747e-01
2.041999999999999926e-01
2.903999999999999915e-01
9.440000000000006719e-02
2.636999999999999900e-01
2.626999999999999336e-01
1.866999999999999493e-01
1.910000000000000031e-01
2.103999999999999759e-01
3.449000000000000399e-01
7.620000000000004547e-02
3.634000000000000563e-01
1.363000000000000322e-01
2.550999999999999934e-01
2.963999999999999968e-01
2.852999999999999980e-01
3.590999999999999748e-01
8.100000000000004419e-02
2.048000000000000376e-01
8.550000000000003431e-02
4.072000000000000064e-01
2.345999999999999752e-01
9.980000000000006921e-02
3.468999999999999861e-01
1.645999999999999963e-01
7.110000000000001041e-02
2.290000000000000091e-01
1.933999999999999608e-01
2.187000000000000333e-01
3.597000000000000752e-01
8.740000000000006097e-02
2.909999999999999809e-01
2.687000000000000499e-01
1.842000000000000304e-01
3.985000000000000209e-01
2.071000000000000063e-01
1.570000000000000007e-01
1.502000000000000002e-01
7.089999999999993530e-02
2.823999999999999844e-01
1.820999999999999286e-01
1.075999999999999734e-01
2.673999999999999710e-01
1.321999999999999842e-01
1.949999999999999512e-01
3.077999999999999625e-01
1.321999999999999564e-01
2.473000000000000476e-01
7.140000000000001901e-02
2.927000000000000712e-01
2.941000000000000281e-01
1.066999999999999893e-01
2.945999999999999730e-01
2.079999999999999627e-01
2.132000000000000284e-01
3.772000000000000353e-01
1.839000000000000079e-01
1.243000000000000216e-01
1.120000000000000301e-01
1.403999999999999970e-01
1.014999999999999930e-01
3.523000000000001131e-01
1.654000000000000192e-01
2.545000000000000040e-01
1.561000000000000165e-01
2.120000000000000218e-01
6.126000000000000334e-01
3.224000000000000199e-01
9.260000000000000453e-01
8.825000000000000622e-01
3.246999999999999886e-01
5.150999999999998913e-01
1.888999999999999846e-01
1.403999999999999693e-01
3.700999999999999845e-01
3.318999999999999728e-01
1.818999999999999784e-01
4.186999999999999611e-01
3.864999999999999547e-01
1.561000000000000165e-01
1.535000000000000253e-01
2.393999999999999462e-01
2.796999999999999487e-01
1.591999999999999527e-01
1.149999999999999495e-01
