1.279000000000000137e-01
1.895000000000000018e-01
1.318999999999999895e-01
8.299999999999997657e-02
1.839000000000000079e-01
1.773000000000000131e-01
1.324999999999999789e-01
1.639999999999999791e-01
1.125000000000000028e-01
1.006000000000000089e-01
1.342000000000000137e-01
2.096000000000000085e-01
6.579999999999999738e-02
4.019999999999999962e-02
1.634000000000000175e-01
1.620999999999999941e-01
1.916999999999999815e-01
1.554999999999999993e-01
1.580000000000000016e-01
2.114999999999999936e-01
1.345000000000000084e-01
8.659999999999999643e-02
1.869999999999999996e-01
1.795999999999999819e-01
2.001000000000000001e-01
1.474999999999999922e-01
1.502000000000000002e-01
1.189000000000000057e-01
1.255000000000000004e-01
6.369999999999999274e-02
1.752000000000000224e-01
1.330000000000000349e-01
2.139999999999999958e-01
1.038999999999999924e-01
7.090000000000000469e-02
1.786999999999999977e-01
1.903000000000000247e-01
4.620000000000000495e-02
9.010000000000001341e-02
1.122999999999999970e-01
1.205999999999999989e-01
8.179999999999999771e-02
9.850000000000000422e-02
1.295999999999999930e-01
2.088999999999999746e-01
9.510000000000001785e-02
1.592000000000000082e-01
7.630000000000000671e-02
1.486999999999999988e-01
1.444000000000000006e-01
2.156000000000000139e-01
2.220000000000000029e-01
1.502999999999999892e-01
1.144999999999999907e-01
2.416000000000000092e-01
1.421000000000000041e-01
1.807000000000000273e-01
1.240999999999999881e-01
1.410000000000000142e-01
1.342000000000000137e-01
1.057000000000000023e-01
9.509999999999999010e-02
1.168999999999999762e-01
2.001000000000000001e-01
6.739999999999998770e-02
1.201000000000000123e-01
1.643999999999999906e-01
2.145999999999999852e-01
1.049000000000000071e-01
1.342000000000000137e-01
1.306000000000000216e-01
2.336000000000000298e-01
6.220000000000000528e-02
1.560000000000000275e-01
1.157999999999999863e-01
4.291000000000000369e-01
1.960999999999999965e-01
7.229999999999997540e-02
1.965999999999999970e-01
2.811000000000000165e-01
8.230000000000002591e-02
1.895000000000000018e-01
7.520000000000001683e-02
2.132000000000000006e-01
1.222000000000000308e-01
1.229999999999999566e-01
1.746000000000000052e-01
1.966999999999999860e-01
2.404000000000000026e-01
1.951999999999999846e-01
2.131000000000000394e-01
2.459999999999999964e-01
6.259999999999996123e-02
1.504999999999999671e-01
7.470000000000001639e-02
5.450000000000001371e-02
1.480999999999999817e-01
1.603999999999999870e-01
1.180999999999999828e-01
9.940000000000001612e-02
7.299999999999998157e-02
1.248000000000000220e-01
1.762999999999999567e-01
6.719999999999992646e-02
1.531999999999999751e-01
1.219999999999999835e-01
1.829999999999999960e-01
9.259999999999997400e-02
1.609000000000000430e-01
2.187999999999999667e-01
3.569999999999998869e-02
7.869999999999993667e-02
1.808999999999999775e-01
2.164999999999999980e-01
1.164999999999999231e-01
1.185000000000000220e-01
1.492999999999999883e-01
1.276000000000000190e-01
1.540000000000000258e-01
1.047999999999999904e-01
1.507999999999999896e-01
2.249000000000000166e-01
6.310000000000001719e-02
1.196999999999999731e-01
1.418000000000000094e-01
1.917999999999999705e-01
2.159999999999999698e-01
1.472000000000000253e-01
6.392999999999999794e-01
3.377999999999999892e-01
5.934000000000000385e-01
2.861000000000000210e-01
2.784999999999999698e-01
2.052000000000000490e-01
1.208000000000000185e-01
1.645999999999999686e-01
1.346999999999999864e-01
3.432000000000000606e-01
1.838000000000000744e-01
3.744999999999999996e-01
1.896000000000000185e-01
8.839999999999997859e-02
1.765000000000000457e-01
4.660000000000003723e-02
1.359999999999999543e-01
1.370000000000000662e-01
1.552000000000000046e-01
1.180999999999999828e-01
2.013999999999999957e-01
1.903000000000000247e-01
1.660000000000000087e-01
1.768000000000000127e-01
1.954000000000000459e-01
2.671999999999999931e-01
9.900000000000003242e-02
1.703999999999999404e-01
1.648000000000000298e-01
2.288999999999999924e-01
8.369999999999998275e-02
9.820000000000000950e-02
1.446000000000000063e-01
1.840999999999999581e-01
1.082000000000000184e-01
1.155999999999999944e-01
2.713999999999999746e-01
2.626000000000000001e-01
1.209000000000000075e-01
1.338000000000000300e-01
1.345000000000000362e-01
9.270000000000000462e-02
1.266999999999999793e-01
7.260000000000002562e-02
1.359000000000000208e-01
1.565000000000000002e-01
1.096000000000000307e-01
9.570000000000003504e-02
1.208000000000000324e-01
2.029000000000000248e-01
6.820000000000001061e-02
1.396000000000000296e-01
1.226000000000000145e-01
2.513999999999999568e-01
6.080000000000002763e-02
1.454000000000000292e-01
8.469999999999999751e-02
1.943999999999999895e-01
1.940999999999999948e-01
8.209999999999996467e-02
1.556000000000000161e-01
9.989999999999998881e-02
1.980999999999999983e-01
1.197999999999999482e-01
3.075000000000000511e-01
9.929999999999999938e-02
2.028000000000000358e-01
1.676000000000000545e-01
1.288999999999999868e-01
1.840000000000000524e-01
1.038000000000000034e-01
1.180000000000000215e-01
1.535999999999999865e-01
2.379999999999999338e-01
2.786000000000000143e-01
2.444999999999999951e-01
6.479999999999999649e-02
2.987000000000000210e-01
1.653000000000000580e-01
1.908999999999999309e-01
2.055999999999999772e-01
2.459999999999999132e-01
1.983000000000000040e-01
6.190000000000001057e-02
5.980000000000000593e-02
1.553000000000000214e-01
1.006999999999999562e-01
2.314999999999999836e-01
3.185999999999999943e-01
2.641000000000000014e-01
1.113999999999999158e-01
1.582000000000000073e-01
1.038999999999999924e-01
1.680999999999999717e-01
5.950000000000005285e-02
8.829999999999997573e-02
1.148999999999999744e-01
2.214000000000000412e-01
1.313000000000000278e-01
8.279999999999998472e-02
7.300000000000003708e-02
1.789999999999998814e-01
1.106000000000000316e-01
2.186000000000000720e-01
1.573000000000000509e-01
2.170000000000000817e-01
1.290000000000000591e-01
8.899999999999996803e-02
1.213000000000000189e-01
2.495999999999999885e-01
8.080000000000003846e-02
6.979999999999994542e-02
1.222000000000000169e-01
1.800999999999999268e-01
8.540000000000001756e-02
9.429999999999999494e-02
9.230000000000003479e-02
1.399000000000000243e-01
2.603000000000000314e-01
1.910999999999999921e-01
1.105000000000000426e-01
1.338999999999999080e-01
2.912000000000000144e-01
1.531000000000000139e-01
1.167999999999999733e-01
1.447999999999999843e-01
2.266999999999999293e-01
9.820000000000002338e-02
1.284000000000000141e-01
1.610999999999999654e-01
2.143000000000000183e-01
1.376000000000000556e-01
1.175999999999999268e-01
8.940000000000003499e-02
9.670000000000003593e-02
1.522999999999999909e-01
1.616999999999999549e-01
1.190999999999999281e-01
1.336999999999999855e-01
8.440000000000005831e-02
1.983000000000000040e-01
9.650000000000000244e-02
1.027999999999999609e-01
1.263000000000000234e-01
2.492999999999998550e-01
1.181999999999999718e-01
9.110000000000006981e-02
8.810000000000006715e-02
1.050000000000000516e-01
1.786999999999999700e-01
9.020000000000001628e-02
5.940000000000002223e-02
1.019999999999999518e-01
1.455000000000000460e-01
8.920000000000000151e-02
7.439999999999998004e-02
1.229999999999999566e-01
5.060000000000006160e-02
1.933999999999999886e-01
7.929999999999999549e-02
7.900000000000000078e-02
1.449000000000000010e-01
1.856999999999998652e-01
8.529999999999995919e-02
5.839999999999991032e-02
1.388000000000000345e-01
1.070000000000000118e-01
2.466999999999999194e-01
1.706999999999999906e-01
5.409999999999996756e-02
1.245000000000001106e-01
1.412000000000000477e-01
2.147000000000000020e-01
1.852999999999999647e-01
1.637000000000000677e-01
2.236999999999999544e-01
2.120999999999999552e-01
2.364000000000000268e-01
1.718000000000000083e-01
1.641999999999999571e-01
2.350999999999999757e-01
1.456000000000000072e-01
1.685999999999999721e-01
1.213999999999998969e-01
1.245999999999999747e-01
1.843999999999999806e-01
1.556000000000000161e-01
6.039999999999993985e-02
9.680000000000006655e-02
1.879999999999999172e-01
7.839999999999995584e-02
9.030000000000000526e-02
1.494000000000000328e-01
1.764000000000000012e-01
9.399999999999988920e-02
1.305000000000001714e-01
1.395999999999999464e-01
1.145000000000000184e-01
1.853000000000000203e-01
9.500000000000007050e-02
9.870000000000010709e-02
1.607000000000001760e-01
2.483000000000001317e-01
8.669999999999995766e-02
1.383999999999999675e-01
1.100000000000001116e-01
1.840999999999999859e-01
1.068000000000000060e-01
1.769999999999999074e-01
9.460000000000001741e-02
1.987000000000000988e-01
5.299999999999994993e-02
1.414000000000000257e-01
1.246000000000000441e-01
1.868999999999999551e-01
1.141999999999999543e-01
1.334000000000001018e-01
1.460000000000000742e-01
2.212999999999999967e-01
1.107999999999999680e-01
9.510000000000004561e-02
1.787999999999999867e-01
1.960999999999999410e-01
1.167999999999999594e-01
7.630000000000004834e-02
1.402000000000001023e-01
7.350000000000009304e-02
1.656999999999999307e-01
7.230000000000000315e-02
2.254999999999999782e-01
1.883999999999999564e-01
2.284999999999999531e-01
2.000999999999999446e-01
1.773000000000000131e-01
2.662000000000000477e-01
9.750000000000005884e-02
1.720000000000000417e-01
1.980999999999998873e-01
2.848999999999999866e-01
1.142000000000000376e-01
1.905000000000001692e-01
1.214000000000000357e-01
1.574999999999999178e-01
1.599999999999999201e-01
9.540000000000015135e-02
1.392000000000001014e-01
1.542999999999999927e-01
2.409000000000000585e-01
9.260000000000011278e-02
1.864999999999999991e-01
8.670000000000004092e-02
2.106999999999999151e-01
1.074999999999999845e-01
1.884000000000000119e-01
1.107999999999998708e-01
2.102999999999999869e-01
1.161000000000001198e-01
1.673999999999999100e-01
1.779999999999998528e-01
3.407000000000001139e-01
1.389999999999999014e-01
1.709999999999998466e-01
1.415000000000000147e-01
2.395000000000000739e-01
9.199999999999994293e-02
1.354000000000000203e-01
1.844000000000000639e-01
2.641999999999999904e-01
4.479999999999988158e-02
1.749999999999998779e-01
1.705999999999999739e-01
3.178000000000000269e-01
7.559999999999988951e-02
1.301000000000000767e-01
1.559999999999999165e-01
2.427000000000001378e-01
1.338000000000000855e-01
9.899999999999997691e-02
1.707999999999999519e-01
3.692000000000000837e-01
1.245000000000000828e-01
1.944000000000001283e-01
1.782000000000000250e-01
2.629000000000001336e-01
1.573000000000001064e-01
1.114000000000002766e-01
7.360000000000002651e-02
5.570000000000006890e-02
1.447000000000000508e-01
4.260000000000005449e-02
1.115999999999999492e-01
8.269999999999982920e-02
2.154999999999999971e-01
3.559999999999994419e-02
7.200000000000009170e-02
1.642999999999999461e-01
1.937999999999999168e-01
1.518000000000000738e-01
6.890000000000010005e-02
1.061000000000000554e-01
1.388000000000000622e-01
1.979999999999999538e-01
5.280000000000009686e-02
6.719999999999973217e-02
