3.529999999999999805e-02
1.406999999999999917e-01
1.075000000000000122e-01
2.135000000000000231e-01
1.303999999999999881e-01
1.945999999999999952e-01
2.006999999999999895e-01
1.325000000000000067e-01
2.026000000000000023e-01
5.890000000000000097e-02
1.288999999999999868e-01
1.311999999999999833e-01
1.405000000000000138e-01
1.435000000000000164e-01
1.698000000000000065e-01
6.070000000000001089e-02
1.660000000000000087e-01
1.004000000000000031e-01
1.230999999999999872e-01
1.043999999999999928e-01
1.130999999999999922e-01
9.819999999999999563e-02
1.811000000000000110e-01
8.049999999999998823e-02
1.844000000000000083e-01
4.079999999999999599e-02
1.871999999999999775e-01
6.180000000000000770e-02
1.888000000000000234e-01
6.440000000000001279e-02
1.937000000000000111e-01
9.099999999999999756e-02
1.537000000000000033e-01
1.405000000000000138e-01
1.156999999999999973e-01
1.963999999999999913e-01
4.460000000000000769e-02
1.861999999999999766e-01
8.750000000000000833e-02
1.743999999999999995e-01
1.180000000000000077e-01
1.135000000000000175e-01
9.790000000000001479e-02
1.693000000000000060e-01
1.900000000000000022e-01
5.990000000000000879e-02
1.749999999999999889e-01
6.909999999999999476e-02
2.582000000000000406e-01
6.870000000000001106e-02
2.039000000000000257e-01
1.233999999999999819e-01
1.692000000000000171e-01
2.098000000000000143e-01
4.000000000000000777e-02
2.044999999999999873e-01
7.799999999999998601e-02
1.804000000000000048e-01
1.647000000000000131e-01
1.004000000000000031e-01
2.255000000000000060e-01
5.370000000000001161e-02
1.702000000000000179e-01
1.747000000000000219e-01
1.266999999999999793e-01
2.356000000000000039e-01
5.000000000000000971e-02
2.303999999999999937e-01
7.270000000000000073e-02
2.144000000000000072e-01
9.389999999999999736e-02
1.184999999999999942e-01
1.897999999999999687e-01
8.669999999999999929e-02
1.804000000000000048e-01
4.660000000000000253e-02
1.869999999999999996e-01
6.880000000000001392e-02
2.103000000000000425e-01
1.033000000000000168e-01
1.958000000000000296e-01
1.590000000000000024e-01
2.044000000000000261e-01
2.040000000000000147e-01
8.990000000000000768e-02
1.828000000000000180e-01
7.000000000000000666e-02
1.490999999999999825e-01
4.489999999999998159e-02
8.320000000000002394e-02
1.084000000000000241e-01
1.197999999999999898e-01
1.381999999999999895e-01
2.088000000000000411e-01
1.064999999999999974e-01
2.283000000000000029e-01
1.062000000000000027e-01
2.250999999999999945e-01
6.959999999999999520e-02
2.045000000000000151e-01
8.300000000000000433e-02
1.675999999999999712e-01
9.490000000000001212e-02
1.411999999999999922e-01
1.423999999999999710e-01
1.875000000000000000e-01
9.239999999999999603e-02
2.742999999999999883e-01
1.355999999999999983e-01
3.069000000000000616e-01
1.803000000000000158e-01
2.679000000000000270e-01
7.850000000000001421e-02
1.973000000000000032e-01
5.979999999999998511e-02
1.980999999999999983e-01
1.383999999999999952e-01
1.586000000000000187e-01
8.929999999999996274e-02
1.870000000000000273e-01
7.810000000000003051e-02
2.328999999999999959e-01
9.400000000000005573e-02
2.198999999999999844e-01
9.830000000000001237e-02
1.624999999999999778e-01
5.619999999999999302e-02
1.977000000000000146e-01
8.210000000000002018e-02
1.602999999999999980e-01
5.800000000000003764e-02
2.944999999999999840e-01
6.010000000000001452e-02
2.232000000000000095e-01
8.810000000000002551e-02
2.103999999999999759e-01
1.713999999999999690e-01
1.842000000000000304e-01
6.809999999999997999e-02
2.463000000000000467e-01
2.379999999999999893e-01
1.458000000000000129e-01
1.640000000000000069e-01
1.901999999999999802e-01
3.773999999999999577e-01
9.559999999999996279e-02
3.114000000000000101e-01
6.770000000000003793e-02
2.435999999999999832e-01
1.426999999999999935e-01
9.899999999999999079e-02
2.659000000000000252e-01
9.659999999999996367e-02
2.744999999999999662e-01
1.688999999999999946e-01
2.210999999999999632e-01
3.465000000000000857e-01
8.940000000000007663e-02
1.890999999999999903e-01
7.679999999999999327e-02
1.463999999999999746e-01
2.474000000000000365e-01
2.182000000000000051e-01
1.360000000000000098e-01
2.118000000000000438e-01
1.851999999999999480e-01
1.350999999999999424e-01
2.535999999999999921e-01
2.187999999999999945e-01
1.932999999999999996e-01
2.240000000000000324e-01
2.237000000000000099e-01
2.410000000000000475e-01
6.390000000000004010e-02
2.696000000000000063e-01
1.612999999999999989e-01
1.078000000000000208e-01
2.664000000000000257e-01
7.480000000000003313e-02
1.981000000000000538e-01
2.430000000000000493e-01
5.299999999999997075e-02
1.997999999999999776e-01
4.439999999999997421e-02
2.076000000000000068e-01
8.080000000000001070e-02
1.958000000000000018e-01
6.919999999999996987e-02
2.108999999999999764e-01
1.741999999999999660e-01
1.692000000000000171e-01
1.858999999999999542e-01
1.758000000000000118e-01
1.988999999999999657e-01
1.730000000000000149e-01
6.299999999999998657e-02
2.533000000000000251e-01
9.390000000000001124e-02
2.840000000000000302e-01
8.470000000000001139e-02
2.612999999999999767e-01
4.480000000000002036e-02
2.575000000000000067e-01
1.146000000000000352e-01
1.332999999999999741e-01
1.189999999999999947e-01
1.447999999999999843e-01
1.580999999999999628e-01
8.289999999999997371e-02
1.698999999999999955e-01
3.970000000000000612e-02
1.950999999999999956e-01
6.640000000000002844e-02
1.837000000000000299e-01
8.150000000000004463e-02
2.104999999999999927e-01
1.294999999999999762e-01
1.920000000000000040e-01
1.965999999999999970e-01
5.409999999999999531e-02
2.369999999999999885e-01
9.960000000000002185e-02
2.504000000000000670e-01
8.879999999999999005e-02
2.589000000000000190e-01
6.550000000000003042e-02
2.462000000000000299e-01
8.809999999999998388e-02
1.603999999999999870e-01
7.019999999999998463e-02
1.338000000000000300e-01
7.789999999999996927e-02
1.985000000000000098e-01
1.235999999999999599e-01
2.475000000000000255e-01
3.090000000000001426e-02
1.775999999999999801e-01
5.249999999999997724e-02
2.230999999999999650e-01
9.019999999999998852e-02
1.166000000000000231e-01
1.096999999999999781e-01
1.562000000000000333e-01
1.686000000000000276e-01
4.499999999999999833e-02
2.016000000000000292e-01
5.039999999999997954e-02
1.964000000000000190e-01
3.250000000000007050e-02
2.376999999999999946e-01
7.480000000000000537e-02
1.940999999999999948e-01
6.059999999999994558e-02
3.333999999999999742e-01
6.410000000000001807e-02
1.718000000000000638e-01
1.192999999999999894e-01
1.753000000000000669e-01
2.303000000000000602e-01
2.201999999999999791e-01
1.297999999999999710e-01
2.283000000000000029e-01
1.304000000000000159e-01
2.951999999999999624e-01
9.500000000000005662e-02
3.043000000000000149e-01
6.699999999999999012e-02
3.832999999999999741e-01
8.650000000000000744e-02
3.803999999999999604e-01
6.579999999999999738e-02
3.117999999999999661e-01
8.790000000000001978e-02
3.100999999999999313e-01
1.693000000000000060e-01
2.581000000000000516e-01
1.330000000000000349e-01
1.895000000000000573e-01
8.220000000000002305e-02
1.691000000000000281e-01
1.303999999999999881e-01
2.403000000000000136e-01
5.400000000000002021e-02
2.092999999999999861e-01
1.248999999999999971e-01
1.732000000000000206e-01
1.449000000000000010e-01
1.389999999999999569e-01
1.563999999999999557e-01
1.298999999999999877e-01
1.227999999999999509e-01
5.659999999999997672e-02
1.223000000000000059e-01
7.559999999999994502e-02
1.552000000000000046e-01
7.829999999999999460e-02
2.360000000000000153e-01
6.800000000000001876e-02
2.681000000000000605e-01
6.479999999999998261e-02
2.492999999999999938e-01
1.258000000000000229e-01
1.531999999999999473e-01
1.106999999999999373e-01
1.489999999999999658e-01
1.085999999999999466e-01
1.272999999999999965e-01
1.440000000000000169e-01
1.043999999999999928e-01
1.865999999999999881e-01
9.559999999999997666e-02
2.148999999999999799e-01
6.210000000000003018e-02
2.086999999999999411e-01
4.109999999999999765e-02
2.149999999999999689e-01
1.120999999999999636e-01
1.872999999999999943e-01
1.465999999999999526e-01
1.420000000000000151e-01
2.242999999999999994e-01
6.899999999999999190e-02
2.788999999999999257e-01
1.260999999999999899e-01
1.943000000000000282e-01
2.028000000000000358e-01
9.700000000000001676e-02
1.894999999999999463e-01
1.267000000000000348e-01
2.072000000000000508e-01
7.739999999999995495e-02
1.746000000000000330e-01
4.909999999999999087e-02
2.209000000000000130e-01
5.999999999999997002e-02
1.711000000000000298e-01
4.109999999999999071e-02
2.294999999999999540e-01
6.609999999999996434e-02
2.831000000000000183e-01
1.121999999999999803e-01
2.202999999999999958e-01
1.959000000000000186e-01
1.785000000000000198e-01
1.742000000000000215e-01
2.081999999999999684e-01
1.251999999999999780e-01
2.145999999999999575e-01
1.844999999999999973e-01
1.447000000000000230e-01
1.781000000000000083e-01
1.019999999999999796e-01
2.139999999999999680e-01
4.929999999999998966e-02
2.247999999999999721e-01
6.350000000000000089e-02
2.517000000000000348e-01
8.799999999999999489e-02
2.295999999999999708e-01
4.550000000000004041e-02
3.062000000000000277e-01
7.159999999999999698e-02
2.179999999999999993e-01
9.550000000000004319e-02
2.869000000000000439e-01
5.849999999999999645e-02
3.628000000000000114e-01
1.008999999999999897e-01
2.356000000000000039e-01
1.169000000000000872e-01
1.987000000000000433e-01
1.686999999999999889e-01
2.525000000000000577e-01
1.093999999999999695e-01
1.796999999999999709e-01
2.005000000000000393e-01
2.482999999999999929e-01
1.196000000000000119e-01
2.208999999999999853e-01
1.972000000000000142e-01
2.363999999999999713e-01
1.463000000000000411e-01
2.017000000000000737e-01
6.019999999999997575e-02
2.366999999999999937e-01
5.989999999999998104e-02
2.260999999999999677e-01
5.600000000000004974e-02
2.335999999999999466e-01
1.101000000000000034e-01
1.984000000000000208e-01
1.056999999999999607e-01
2.485000000000000264e-01
1.124999999999999611e-01
1.622000000000000108e-01
7.769999999999994966e-02
2.420000000000000484e-01
4.189999999999999281e-02
2.232000000000000095e-01
8.400000000000000522e-02
2.525000000000000022e-01
7.229999999999997540e-02
1.509000000000000064e-01
1.827999999999999903e-01
6.119999999999998358e-02
2.505999999999999339e-01
5.229999999999999927e-02
1.547000000000000042e-01
1.076000000000000012e-01
2.375999999999999779e-01
1.341999999999999582e-01
1.201999999999999735e-01
1.687999999999999501e-01
1.408999999999999697e-01
7.109999999999996878e-02
1.645000000000000351e-01
5.939999999999999447e-02
2.284000000000000474e-01
6.500000000000002998e-02
1.821000000000000119e-01
1.454999999999999905e-01
2.050000000000000155e-01
1.103999999999999843e-01
1.403000000000000080e-01
1.109000000000000402e-01
1.540000000000000258e-01
2.830000000000004734e-02
1.700999999999999734e-01
7.019999999999999851e-02
2.301999999999999602e-01
4.450000000000004646e-02
1.659000000000000197e-01
