1.071000000000000008e-01
1.058000000000000052e-01
3.189999999999999780e-02
2.249999999999999917e-02
8.699999999999999400e-02
1.309000000000000163e-01
1.012000000000000122e-01
1.136999999999999955e-01
2.409999999999999989e-02
4.240000000000000019e-02
1.685000000000000386e-01
3.150000000000000716e-02
1.360999999999999988e-01
3.180000000000000188e-02
1.329999999999999932e-02
1.446999999999999953e-01
6.929999999999998661e-02
1.151999999999999968e-01
7.479999999999999150e-02
2.779999999999999832e-02
6.409999999999999032e-02
1.383000000000000063e-01
6.099999999999999867e-02
1.193000000000000033e-01
4.710000000000000298e-02
2.779999999999999485e-02
1.594999999999999751e-01
3.849999999999999256e-02
1.086000000000000021e-01
6.790000000000001590e-02
2.980000000000000010e-02
5.169999999999999596e-02
1.653000000000000025e-01
7.099999999999997979e-02
1.231000000000000011e-01
8.519999999999999796e-02
3.949999999999999345e-02
5.369999999999998386e-02
1.253000000000000225e-01
2.220000000000000445e-02
1.393999999999999961e-01
5.380000000000000060e-02
3.660000000000000753e-02
1.005000000000000060e-01
9.800000000000001765e-02
5.300000000000001932e-02
1.010000000000000064e-01
8.089999999999998581e-02
5.389999999999998959e-02
1.287000000000000088e-01
1.311999999999999833e-01
7.650000000000002631e-02
1.049999999999999822e-01
9.510000000000000397e-02
4.329999999999999821e-02
6.199999999999999956e-02
2.620000000000000107e-02
1.136999999999999955e-01
1.305999999999999939e-01
7.340000000000000691e-02
1.198000000000000037e-01
4.140000000000000624e-02
4.749999999999999362e-02
1.550000000000000683e-02
1.512000000000000011e-01
5.169999999999999596e-02
1.219000000000000083e-01
6.269999999999999185e-02
4.510000000000000120e-02
5.860000000000001319e-02
1.659999999999999809e-01
3.910000000000000975e-02
1.266999999999999793e-01
6.540000000000001368e-02
3.470000000000000168e-02
7.900000000000000078e-02
1.244999999999999996e-01
1.052999999999999908e-01
8.650000000000002132e-02
3.730000000000000676e-02
3.370000000000001467e-02
9.720000000000000862e-02
8.349999999999999090e-02
3.029999999999998667e-02
1.113000000000000100e-01
4.079999999999999599e-02
3.239999999999999825e-02
6.900000000000000577e-02
1.502999999999999892e-01
6.500000000000000222e-02
9.469999999999999252e-02
7.290000000000000646e-02
3.520000000000000212e-02
5.909999999999999282e-02
1.292000000000000370e-01
2.000000000000001082e-02
1.305000000000000049e-01
5.249999999999999112e-02
3.789999999999999619e-02
8.790000000000000591e-02
1.356999999999999873e-01
7.899999999999998690e-02
1.401999999999999913e-01
2.849999999999999409e-02
5.290000000000000258e-02
1.796999999999999986e-01
6.709999999999997911e-02
1.773000000000000131e-01
5.990000000000000185e-02
4.689999999999999725e-02
3.450000000000000983e-02
1.173999999999999766e-01
3.289999999999998481e-02
1.270000000000000018e-01
8.580000000000001514e-02
4.730000000000000177e-02
1.214999999999999969e-01
7.139999999999999125e-02
1.403000000000000358e-01
8.000000000000000167e-02
3.680000000000000632e-02
7.259999999999997011e-02
1.456000000000000072e-01
4.899999999999998107e-02
1.341999999999999860e-01
5.860000000000000625e-02
3.199999999999999373e-02
1.482999999999999874e-01
9.689999999999998614e-02
1.148000000000000131e-01
9.629999999999999671e-02
5.779999999999999027e-02
6.829999999999998572e-02
1.509999999999999953e-01
6.519999999999999407e-02
1.729999999999999871e-01
7.200000000000000844e-02
1.074999999999999983e-01
1.512999999999999901e-01
1.229999999999999982e-01
1.063999999999999946e-01
3.950000000000000733e-02
7.409999999999999920e-02
1.329000000000000181e-01
3.889999999999998320e-02
1.577000000000000068e-01
3.509999999999998538e-02
8.359999999999997988e-02
1.009000000000000036e-01
7.939999999999999836e-02
1.177999999999999881e-01
5.190000000000000863e-02
8.260000000000000675e-02
1.361999999999999877e-01
4.510000000000000120e-02
1.398000000000000076e-01
5.749999999999999556e-02
6.300000000000000044e-02
1.401000000000000023e-01
4.719999999999999196e-02
1.741999999999999937e-01
4.830000000000000265e-02
4.970000000000000112e-02
1.435000000000000164e-01
4.719999999999999196e-02
1.305000000000000049e-01
5.869999999999999524e-02
4.829999999999999571e-02
1.348000000000000032e-01
1.118999999999999856e-01
1.529000000000000081e-01
9.679999999999999716e-02
5.579999999999998850e-02
3.189999999999999780e-02
1.055999999999999994e-01
6.460000000000001852e-02
8.809999999999999776e-02
1.086000000000000021e-01
4.069999999999999313e-02
8.690000000000000502e-02
1.038999999999999924e-01
8.859999999999998432e-02
1.171999999999999986e-01
3.930000000000000854e-02
4.659999999999998865e-02
1.391999999999999904e-01
4.309999999999999248e-02
1.025999999999999968e-01
2.239999999999999977e-02
3.679999999999999938e-02
1.011000000000000232e-01
1.506000000000000116e-01
4.100000000000000866e-02
2.264000000000000457e-01
7.399999999999999634e-02
5.040000000000000729e-02
1.329000000000000181e-01
5.150000000000001105e-02
1.202999999999999903e-01
7.939999999999999836e-02
5.710000000000002573e-02
1.000999999999999945e-01
1.005999999999999950e-01
1.291999999999999815e-01
9.320000000000000506e-02
3.259999999999999010e-02
4.019999999999998574e-02
1.340000000000000080e-01
3.830000000000000765e-02
1.227999999999999925e-01
5.500000000000002109e-02
5.090000000000000080e-02
1.618999999999999884e-01
3.780000000000000027e-02
1.313000000000000000e-01
3.429999999999998328e-02
2.110000000000000070e-02
1.532000000000000028e-01
3.470000000000000862e-02
1.616000000000000214e-01
3.760000000000000148e-02
6.019999999999998963e-02
1.769999999999999907e-01
4.699999999999998623e-02
3.429999999999999022e-02
1.471000000000000085e-01
8.250000000000001776e-02
2.649999999999998884e-02
3.479999999999997679e-02
3.489999999999999353e-02
1.362999999999999767e-01
4.410000000000001419e-02
1.169999999999999929e-01
5.299999999999998462e-02
3.250000000000000805e-02
7.650000000000002631e-02
1.229999999999999982e-01
5.840000000000000746e-02
1.501000000000000112e-01
5.139999999999997349e-02
3.169999999999999901e-02
1.563999999999999835e-01
4.660000000000000947e-02
1.439999999999999614e-01
5.960000000000003489e-02
3.780000000000001414e-02
1.573000000000000231e-01
8.819999999999997287e-02
1.415000000000000147e-01
9.179999999999999272e-02
5.750000000000000944e-02
3.780000000000001414e-02
1.619000000000000161e-01
6.709999999999999298e-02
1.371999999999999886e-01
1.014000000000000179e-01
6.110000000000000153e-02
5.949999999999999734e-02
1.633000000000000007e-01
4.049999999999998740e-02
1.814999999999999947e-01
7.749999999999999944e-02
5.740000000000002739e-02
1.534999999999999698e-01
3.880000000000000809e-02
1.768999999999999739e-01
7.240000000000001990e-02
6.350000000000002864e-02
8.309999999999999332e-02
1.570000000000000007e-01
5.999999999999999084e-02
1.206999999999999879e-01
1.352000000000000146e-01
5.739999999999998576e-02
7.159999999999999698e-02
1.830999999999999850e-01
6.000000000000001166e-02
1.413999999999999979e-01
1.423999999999999710e-01
5.889999999999999403e-02
1.222000000000000031e-01
1.466000000000000081e-01
5.089999999999998692e-02
1.905000000000000027e-01
4.660000000000000253e-02
4.320000000000000229e-02
1.288000000000000256e-01
9.579999999999999627e-02
2.213999999999999857e-01
3.769999999999998352e-02
4.680000000000000826e-02
7.359999999999998488e-02
1.385000000000000120e-01
1.016999999999999987e-01
1.348000000000000309e-01
3.460000000000001269e-02
5.990000000000001573e-02
1.422999999999999821e-01
3.770000000000001822e-02
1.214000000000000218e-01
5.990000000000000879e-02
6.109999999999997378e-02
3.879999999999997340e-02
1.399999999999999856e-01
4.040000000000003311e-02
1.520000000000000240e-01
5.380000000000001448e-02
3.109999999999999570e-02
8.580000000000000127e-02
1.454999999999999627e-01
8.399999999999996358e-02
1.221000000000000002e-01
3.380000000000000365e-02
4.540000000000000979e-02
4.710000000000002379e-02
1.350000000000000089e-01
9.110000000000001430e-02
1.129000000000000004e-01
3.950000000000000733e-02
3.430000000000003185e-02
1.300000000000000044e-01
1.260000000000000564e-01
8.940000000000000724e-02
1.034000000000000336e-01
3.490000000000002822e-02
7.039999999999999036e-02
1.082000000000000323e-01
2.680000000000000437e-02
1.545000000000000262e-01
4.580000000000000737e-02
4.080000000000000293e-02
1.498000000000000165e-01
9.929999999999997162e-02
4.100000000000001560e-02
9.830000000000002625e-02
1.819999999999999951e-01
4.169999999999998014e-02
1.044999999999999818e-01
5.850000000000002420e-02
7.330000000000005955e-02
2.479999999999999566e-02
1.653999999999999915e-01
5.049999999999998934e-02
1.156999999999999557e-01
7.390000000000002123e-02
5.650000000000002243e-02
4.789999999999999813e-02
1.603999999999999593e-01
5.050000000000005179e-02
1.479999999999999927e-01
4.070000000000003476e-02
6.260000000000001674e-02
7.130000000000001614e-02
1.426000000000000600e-01
4.349999999999996925e-02
1.657000000000000139e-01
1.103000000000000369e-01
6.779999999999997140e-02
9.990000000000000269e-02
1.252999999999999947e-01
5.859999999999999931e-02
1.514999999999999680e-01
5.299999999999998462e-02
5.660000000000002529e-02
2.001000000000000278e-01
4.759999999999998954e-02
1.821000000000000674e-01
3.729999999999998594e-02
3.639999999999996017e-02
3.870000000000002605e-02
1.200999999999999845e-01
9.080000000000003346e-02
1.825000000000000511e-01
5.559999999999998277e-02
2.760000000000003423e-02
3.270000000000002766e-02
1.365999999999999714e-01
3.050000000000004791e-02
1.255999999999999894e-01
5.330000000000005567e-02
5.819999999999998092e-02
1.210000000000000103e-01
8.409999999999996645e-02
4.690000000000005970e-02
1.588999999999999579e-01
7.179999999999997495e-02
9.360000000000000264e-02
1.658999999999999919e-01
8.139999999999997238e-02
1.053000000000000325e-01
3.022999999999999576e-01
1.396999999999999631e-01
6.490000000000001323e-02
5.000000000000004441e-02
6.809999999999997999e-02
4.130000000000001725e-02
1.268999999999999573e-01
6.969999999999999807e-02
1.306999999999999829e-01
1.037000000000000283e-01
6.539999999999994429e-02
4.829999999999999571e-02
1.169999999999997604e-02
4.570000000000001839e-02
9.630000000000005222e-02
8.770000000000001406e-02
1.240000000000000407e-01
3.910000000000003750e-02
2.700000000000005174e-02
1.850000000000007194e-02
2.620000000000003229e-02
2.640000000000004149e-02
8.710000000000002462e-02
6.439999999999998503e-02
1.282999999999999974e-01
1.379999999999997028e-02
4.380000000000004029e-02
4.239999999999997937e-02
1.929999999999997690e-02
1.359999999999999543e-01
2.590000000000006880e-02
1.722000000000000197e-01
4.380000000000001947e-02
4.520000000000003182e-02
1.128000000000000252e-01
7.199999999999996680e-02
1.813999999999999502e-01
4.740000000000001157e-02
1.990000000000000796e-02
9.729999999999996985e-02
1.246999999999999775e-01
6.740000000000001545e-02
