9.609999999999999098e-02
1.036999999999999866e-01
2.380999999999999783e-01
9.649999999999998856e-02
2.123999999999999777e-01
9.969999999999999696e-02
8.603999999999999426e-01
4.164999999999999813e-01
2.612999999999999767e-01
1.350999999999999979e-01
1.910999999999999921e-01
3.509999999999997844e-02
1.281999999999999806e-01
1.028000000000000025e-01
1.996999999999999886e-01
1.639999999999999791e-01
1.235999999999999877e-01
9.260000000000001563e-02
1.993999999999999662e-01
1.658999999999999919e-01
1.223999999999999810e-01
1.161999999999999977e-01
1.609999999999999765e-01
1.780999999999999805e-01
8.729999999999998872e-02
2.012999999999999790e-01
6.069999999999999007e-02
1.584999999999999742e-01
1.092999999999999805e-01
8.110000000000000542e-02
1.607000000000000095e-01
9.290000000000001035e-02
1.714999999999999580e-01
2.053999999999999715e-01
8.440000000000000280e-02
1.273000000000000242e-01
1.646000000000000241e-01
7.450000000000001066e-02
2.171999999999999487e-01
6.959999999999999520e-02
2.854999999999999760e-01
9.580000000000001015e-02
2.544000000000000150e-01
2.268999999999999906e-01
1.132000000000000228e-01
2.869000000000000439e-01
6.799999999999999101e-02
1.998999999999999666e-01
6.160000000000002973e-02
3.039999999999999925e-01
1.296999999999999820e-01
2.294999999999999818e-01
2.666999999999999926e-01
8.060000000000000497e-02
1.769000000000000017e-01
8.610000000000006537e-02
2.310000000000000386e-01
7.749999999999995781e-02
1.764000000000000012e-01
1.079999999999999849e-01
1.796999999999999986e-01
1.676999999999999602e-01
1.688999999999999668e-01
2.468999999999999806e-01
1.080000000000000127e-01
3.068000000000000171e-01
8.359999999999997988e-02
2.502000000000000335e-01
2.617000000000000437e-01
1.237999999999999656e-01
3.340999999999999526e-01
7.889999999999997016e-02
2.745000000000000218e-01
1.595999999999999641e-01
1.955999999999999683e-01
2.392000000000000237e-01
1.226000000000000145e-01
3.364000000000000323e-01
1.132999999999999841e-01
2.856000000000000760e-01
1.622000000000000386e-01
1.794000000000000317e-01
2.414000000000000312e-01
1.049000000000000210e-01
2.729000000000000314e-01
5.289999999999998870e-02
1.964999999999999525e-01
7.510000000000005560e-02
2.110000000000000209e-01
1.055000000000000104e-01
1.678999999999999659e-01
2.235999999999999654e-01
9.239999999999998215e-02
1.597000000000000086e-01
1.363999999999999657e-01
2.273000000000000020e-01
4.529999999999999305e-02
2.308999999999999941e-01
1.063999999999999668e-01
1.496000000000000107e-01
1.563999999999999835e-01
2.011000000000000010e-01
2.412999999999999867e-01
8.379999999999995786e-02
2.580999999999999961e-01
5.099999999999996897e-02
2.492999999999999661e-01
1.168999999999999762e-01
2.685000000000000719e-01
1.960000000000000075e-01
2.030000000000000415e-01
2.610999999999999988e-01
2.100999999999999535e-01
4.007999999999999896e-01
6.589999999999995861e-02
3.515000000000000346e-01
2.069999999999999896e-01
2.560999999999999943e-01
2.460999999999999854e-01
1.963000000000000300e-01
3.698000000000000176e-01
6.439999999999998503e-02
2.988999999999999435e-01
1.829000000000000070e-01
1.998999999999999666e-01
2.625999999999999446e-01
1.127000000000000501e-01
3.303000000000000380e-01
5.270000000000000379e-02
2.943999999999999950e-01
1.404000000000000248e-01
2.465999999999999859e-01
2.656000000000000028e-01
7.810000000000000275e-02
2.900999999999999690e-01
1.061999999999999889e-01
2.911000000000000254e-01
1.649000000000000188e-01
2.232999999999999985e-01
1.889999999999999736e-01
2.226000000000000478e-01
2.960000000000000409e-01
7.910000000000000364e-02
2.963999999999999968e-01
1.311999999999999833e-01
2.116999999999999993e-01
3.048000000000000154e-01
8.970000000000000195e-02
3.109999999999999987e-01
2.642999999999999794e-01
1.401999999999999913e-01
3.366999999999999993e-01
6.789999999999997427e-02
2.731000000000000094e-01
7.519999999999997520e-02
2.729000000000000314e-01
2.802000000000000046e-01
1.025000000000000355e-01
3.145000000000000018e-01
1.448000000000000120e-01
2.333999999999999964e-01
2.673000000000000376e-01
5.819999999999998785e-02
2.985000000000000986e-01
2.431999999999999718e-01
2.085000000000000187e-01
2.388999999999998902e-01
2.492000000000000326e-01
2.699999999999999623e-01
1.372999999999999776e-01
1.374000000000000221e-01
1.505999999999999839e-01
1.495000000000000218e-01
1.456999999999999962e-01
1.621999999999999831e-01
8.640000000000000457e-02
1.982999999999999763e-01
8.039999999999999925e-02
2.073000000000000120e-01
1.601000000000000478e-01
8.340000000000000191e-02
1.002999999999999448e-01
2.051000000000000600e-01
1.365000000000000657e-01
6.829999999999999960e-02
6.690000000000005664e-02
2.149999999999997052e-02
9.070000000000000284e-02
8.119999999999998053e-02
3.249999999999998723e-02
1.214000000000000357e-01
8.529999999999994531e-02
2.153999999999999249e-01
6.069999999999996232e-02
6.590000000000000024e-02
5.090000000000000774e-02
6.699999999999999012e-02
1.171000000000000374e-01
2.802999999999999936e-01
1.221000000000000141e-01
1.114999999999999880e-01
1.980999999999999706e-01
1.026999999999999441e-01
3.223999999999999644e-01
1.044999999999999679e-01
2.002000000000000168e-01
2.117999999999999883e-01
2.908000000000000029e-01
1.378000000000000058e-01
2.177999999999999936e-01
3.261999999999999900e-01
2.494999999999999996e-01
3.265000000000000124e-01
1.658000000000000029e-01
1.773000000000000131e-01
1.397000000000000186e-01
1.481999999999999429e-01
1.190999999999999975e-01
6.700000000000005951e-02
2.130999999999999561e-01
9.250000000000001277e-02
1.860999999999999599e-01
7.850000000000004197e-02
1.216999999999999887e-01
7.109999999999998266e-02
1.759999999999999898e-01
9.869999999999998219e-02
1.991999999999999882e-01
1.416999999999999371e-01
1.167000000000000398e-01
3.058000000000000163e-01
2.183999999999999275e-01
1.244999999999999996e-01
1.604000000000000425e-01
2.415999999999999537e-01
1.391000000000000014e-01
1.852000000000000035e-01
1.646000000000000241e-01
2.277000000000000135e-01
1.504999999999999949e-01
2.331000000000000294e-01
8.360000000000004927e-02
1.527999999999999914e-01
6.620000000000002272e-02
6.490000000000002711e-02
2.049999999999999045e-02
6.279999999999999472e-02
2.630000000000001781e-02
3.959999999999998244e-02
1.043000000000000455e-01
1.101000000000000034e-01
6.620000000000000884e-02
1.514000000000000346e-01
2.227999999999999703e-01
1.033000000000000029e-01
1.095000000000000001e-01
5.340000000000001690e-02
4.370000000000001661e-02
4.859999999999999043e-02
5.979999999999999205e-02
3.250000000000000111e-02
4.870000000000002105e-02
8.979999999999999094e-02
7.589999999999999525e-02
2.025999999999999746e-01
5.699999999999999512e-02
1.474000000000000310e-01
3.389999999999999680e-01
1.603000000000000258e-01
1.519000000000000072e-01
9.469999999999997864e-02
8.929999999999993499e-02
1.702999999999999514e-01
3.284000000000000252e-01
2.342999999999999805e-01
6.149000000000000021e-01
1.877000000000000335e-01
3.379000000000000892e-01
1.562000000000000333e-01
5.099999999999995509e-02
3.910000000000000975e-02
3.809999999999999498e-02
2.230000000000000732e-02
7.439999999999999392e-02
1.840000000000003091e-02
9.770000000000003681e-02
6.530000000000003857e-02
1.192999999999999755e-01
6.090000000000001662e-02
1.178000000000000436e-01
3.080000000000005650e-02
4.689999999999997643e-02
2.819999999999996815e-02
8.030000000000003801e-02
6.829999999999994409e-02
1.342999999999999750e-01
1.485000000000000486e-01
8.030000000000001026e-02
6.209999999999998854e-02
3.059999999999996750e-02
2.300000000000001349e-02
4.149999999999998829e-02
2.009999999999997206e-02
1.730000000000003757e-02
3.679999999999996468e-02
1.610000000000006565e-02
1.145999999999999797e-01
5.199999999999996986e-02
1.575000000000000289e-01
9.560000000000000442e-02
3.990000000000003960e-02
1.235999999999999321e-01
1.045000000000000373e-01
2.649000000000000243e-01
2.559999999999997694e-02
1.055999999999999717e-01
8.820000000000002838e-02
9.250000000000002665e-02
1.081999999999999906e-01
2.598999999999999644e-01
9.679999999999998328e-02
3.147999999999999132e-01
2.503000000000000225e-01
1.562000000000000055e-01
1.208000000000000046e-01
1.416000000000000314e-01
1.986000000000000543e-01
9.029999999999997751e-02
1.364000000000000212e-01
1.380999999999999728e-01
2.050000000000000155e-01
3.799999999999997824e-02
1.053000000000000463e-01
9.580000000000002403e-02
2.790000000000003588e-02
9.419999999999997820e-02
7.439999999999995228e-02
7.519999999999996132e-02
1.556000000000000161e-01
5.899999999999998301e-02
8.849999999999998146e-02
9.959999999999992470e-02
1.659999999999999809e-01
2.137999999999999345e-01
1.908999999999999586e-01
1.054000000000000492e-01
8.749999999999999445e-02
1.852999999999999647e-01
8.360000000000002152e-02
1.105000000000000010e-01
1.956999999999999851e-01
1.413999999999999979e-01
1.739999999999999880e-01
2.111000000000000099e-01
2.167000000000000037e-01
1.608999999999999875e-01
1.118000000000000105e-01
9.230000000000002092e-02
1.401000000000000023e-01
2.339000000000000523e-01
2.016999999999999904e-01
1.186000000000000110e-01
9.199999999999997069e-02
1.393999999999999961e-01
8.799999999999999489e-02
1.517000000000000015e-01
1.533999999999999808e-01
7.760000000000000231e-02
9.650000000000000244e-02
8.940000000000003499e-02
1.541999999999999482e-01
1.683999999999999941e-01
2.932000000000000162e-01
1.588999999999999857e-01
2.404000000000000026e-01
2.265999999999999959e-01
1.081000000000000710e-01
1.865000000000000269e-01
2.182999999999999940e-01
1.382000000000000173e-01
1.471999999999999975e-01
1.247000000000000053e-01
6.429999999999998217e-02
4.699999999999997236e-02
1.055000000000000382e-01
8.790000000000001978e-02
1.484000000000000319e-01
7.039999999999999036e-02
5.609999999999999015e-02
4.030000000000002330e-02
3.729999999999996513e-02
2.409999999999999296e-02
2.530000000000000304e-02
1.539999999999999702e-02
3.150000000000003492e-02
1.200000000000003147e-02
3.259999999999999010e-02
7.299999999999992606e-02
9.960000000000003573e-02
1.057000000000000162e-01
1.673999999999999932e-01
5.880000000000003280e-02
7.099999999999995204e-02
8.869999999999997331e-02
8.159999999999999198e-02
1.461999999999999689e-01
9.600000000000005751e-02
3.969999999999998530e-02
1.045000000000000095e-01
4.619999999999995638e-02
7.550000000000002542e-02
9.810000000000002052e-02
1.077000000000000179e-01
7.969999999999999307e-02
5.089999999999997998e-02
2.439999999999997726e-02
1.124000000000000138e-01
6.379999999999998173e-02
1.062000000000000444e-01
7.779999999999999416e-02
2.959999999999994233e-02
2.080000000000000598e-02
3.910000000000000281e-02
1.455999999999999794e-01
1.072000000000000036e-01
1.545999999999999874e-01
3.137000000000000344e-01
1.607000000000000095e-01
1.920999999999999375e-01
3.643000000000000127e-01
1.617999999999999994e-01
3.415999999999999037e-01
