6.489999999999999936e-02
7.749999999999999944e-02
1.280000000000000027e-01
7.519999999999998908e-02
1.048000000000000043e-01
4.620000000000000495e-02
7.370000000000000162e-02
5.140000000000000124e-02
1.032000000000000001e-01
4.399999999999999745e-02
6.479999999999999649e-02
6.700000000000000400e-02
4.269999999999998797e-02
1.023000000000000159e-01
8.400000000000000522e-02
8.340000000000001579e-02
4.079999999999999599e-02
6.509999999999999121e-02
3.130000000000001531e-02
2.099999999999998049e-02
4.839999999999997082e-02
4.500000000000000527e-02
1.363000000000000045e-01
9.859999999999999321e-02
5.380000000000001448e-02
7.310000000000002607e-02
6.280000000000003635e-02
5.610000000000000403e-02
7.909999999999998976e-02
9.340000000000001079e-02
8.219999999999999529e-02
9.310000000000000220e-02
9.120000000000001716e-02
1.159000000000000030e-01
8.099999999999998868e-02
6.020000000000003126e-02
1.543999999999999817e-01
5.030000000000001831e-02
7.639999999999999569e-02
1.087999999999999939e-01
2.245000000000000051e-01
9.059999999999998610e-02
1.398000000000000076e-01
7.080000000000001570e-02
9.249999999999999889e-02
3.549999999999999684e-02
2.029999999999997085e-02
3.770000000000001128e-02
3.809999999999998804e-02
7.200000000000002232e-02
7.529999999999993643e-02
7.830000000000000848e-02
6.110000000000003623e-02
1.474999999999999922e-01
1.573999999999999844e-01
6.710000000000003462e-02
5.830000000000000460e-02
1.186000000000000387e-01
9.950000000000003286e-02
8.979999999999996319e-02
2.650000000000002354e-02
2.300000000000001349e-02
6.999999999999997891e-02
4.510000000000001508e-02
1.359999999999999820e-01
7.699999999999999900e-02
5.950000000000002509e-02
4.439999999999996727e-02
2.279999999999999735e-02
1.098999999999999838e-01
6.509999999999999121e-02
1.135999999999999510e-01
4.869999999999996554e-02
4.320000000000004392e-02
8.249999999999999001e-02
9.419999999999993656e-02
9.860000000000004872e-02
1.307999999999999441e-01
1.344999999999999529e-01
9.070000000000004448e-02
6.569999999999999452e-02
1.311000000000000498e-01
9.289999999999998259e-02
6.029999999999998556e-02
9.070000000000000284e-02
7.960000000000003184e-02
1.098999999999999977e-01
8.459999999999999465e-02
1.204999999999999960e-01
5.829999999999996990e-02
6.390000000000001235e-02
1.345000000000000084e-01
1.118999999999999995e-01
1.063000000000000056e-01
1.567999999999999949e-01
7.800000000000004152e-02
7.990000000000002656e-02
7.330000000000000404e-02
9.540000000000001257e-02
7.089999999999999081e-02
6.939999999999996172e-02
1.073000000000000620e-01
1.423999999999999710e-01
1.526000000000000134e-01
4.259999999999998510e-02
5.419999999999999124e-02
2.620000000000001494e-02
7.009999999999998177e-02
6.849999999999996370e-02
7.329999999999997629e-02
1.038000000000000034e-01
9.819999999999998175e-02
7.609999999999994547e-02
6.669999999999999540e-02
1.335999999999999965e-01
5.869999999999998830e-02
1.437999999999999834e-01
5.619999999999998608e-02
1.566000000000000170e-01
3.619999999999995444e-02
1.462999999999999856e-01
9.290000000000003810e-02
5.010000000000000564e-02
1.112999999999999962e-01
5.119999999999999551e-02
4.109999999999997683e-02
1.088000000000000078e-01
7.179999999999998883e-02
3.840000000000003133e-02
1.330000000000003749e-02
2.769999999999997464e-02
6.990000000000003155e-02
6.909999999999996700e-02
8.759999999999999731e-02
4.410000000000001419e-02
1.135999999999999927e-01
9.259999999999994624e-02
5.929999999999999855e-02
1.304999999999999771e-01
7.520000000000001683e-02
2.360000000000003068e-02
2.939999999999995742e-02
2.479999999999996096e-02
1.152000000000000107e-01
6.269999999999995022e-02
1.494000000000000328e-01
9.779999999999999805e-02
4.249999999999999611e-02
4.529999999999997223e-02
4.439999999999997421e-02
1.000000000000000056e-01
1.766999999999999404e-01
8.579999999999998739e-02
1.851999999999999758e-01
1.018999999999999767e-01
1.140000000000000041e-01
5.509999999999996151e-02
5.050000000000003791e-02
9.420000000000000595e-02
4.709999999999998216e-02
4.649999999999999967e-02
6.320000000000003393e-02
6.500000000000000222e-02
3.430000000000003879e-02
1.016000000000000097e-01
6.220000000000003304e-02
1.169999999999999929e-01
1.600999999999999923e-01
7.180000000000001659e-02
1.250999999999999890e-01
4.819999999999997897e-02
6.640000000000000069e-02
1.069999999999999840e-01
8.399999999999993583e-02
1.048999999999999932e-01
6.249999999999997224e-02
1.612000000000000099e-01
1.071999999999999759e-01
6.500000000000005773e-02
1.025000000000000078e-01
6.300000000000000044e-02
1.044999999999999540e-01
9.850000000000003197e-02
2.460000000000002462e-02
1.716000000000000025e-01
1.051000000000000406e-01
4.689999999999999725e-02
8.659999999999992704e-02
9.810000000000004827e-02
1.577999999999999958e-01
6.799999999999994937e-02
5.380000000000001448e-02
1.370999999999999996e-01
1.385000000000000120e-01
8.049999999999998823e-02
1.735999999999999488e-01
9.730000000000005311e-02
5.039999999999998648e-02
1.114000000000000268e-01
1.795999999999999819e-01
7.110000000000002429e-02
2.014999999999999847e-01
8.879999999999993454e-02
4.859999999999987247e-02
1.763000000000000123e-01
6.010000000000010473e-02
4.100000000000006417e-02
2.410000000000000198e-01
2.900000000000003963e-02
2.881000000000000227e-01
6.349999999999993150e-02
2.231000000000000483e-01
6.220000000000004692e-02
8.689999999999994951e-02
1.377999999999999781e-01
5.409999999999998838e-02
2.694999999999999618e-01
1.734000000000000541e-01
1.610000000000000320e-01
2.541000000000000481e-01
1.264999999999999736e-01
1.588000000000000522e-01
3.619999999999995444e-02
1.227000000000000035e-01
1.217000000000000998e-01
2.610000000000000098e-01
6.249999999999997224e-02
9.969999999999995532e-02
7.120000000000004103e-02
6.429999999999996829e-02
7.049999999999997935e-02
8.650000000000007683e-02
7.869999999999989504e-02
4.270000000000007123e-02
9.529999999999998195e-02
2.440000000000006747e-02
4.609999999999999515e-02
3.039999999999989932e-02
9.410000000000004472e-02
3.169999999999999207e-02
1.006000000000000089e-01
8.670000000000005480e-02
1.243000000000000077e-01
2.204000000000000126e-01
2.799999999999992079e-02
1.265999999999999903e-01
4.540000000000013469e-02
6.599999999999994760e-02
6.889999999999994740e-02
7.100000000000000755e-02
7.119999999999999940e-02
3.780000000000004190e-02
6.709999999999989584e-02
3.260000000000003867e-02
4.729999999999985605e-02
5.430000000000011900e-02
1.910000000000006831e-02
4.320000000000001616e-02
2.710000000000001644e-02
5.050000000000000322e-02
6.849999999999996370e-02
8.190000000000001446e-02
3.700000000000000511e-02
4.960000000000004683e-02
3.899999999999989586e-02
3.870000000000007462e-02
8.969999999999997420e-02
1.382999999999999230e-01
1.001000000000000362e-01
8.930000000000005989e-02
5.889999999999988300e-02
8.370000000000017704e-02
3.199999999999991740e-02
9.539999999999997093e-02
1.128000000000000669e-01
7.880000000000000893e-02
1.130999999999999645e-01
1.174999999999999656e-01
1.169999999999998645e-02
2.266000000000000236e-01
9.080000000000003346e-02
1.163999999999999896e-01
2.193999999999999562e-01
1.991999999999999604e-01
1.365999999999999159e-01
1.674000000000000488e-01
2.860000000000000320e-01
1.283999999999999586e-01
1.629000000000000448e-01
1.769000000000000294e-01
1.626000000000000778e-01
9.129999999999999227e-02
7.210000000000001130e-02
1.668000000000000316e-01
9.269999999999996299e-02
2.188000000000000778e-01
7.630000000000007609e-02
8.570000000000004003e-02
1.558999999999999553e-01
5.120000000000006490e-02
1.531000000000001249e-01
6.749999999999999056e-02
9.180000000000002047e-02
1.226000000000001255e-01
4.100000000000002254e-02
9.950000000000001898e-02
5.710000000000001880e-02
3.929999999999995997e-02
1.690999999999998893e-01
5.490000000000001823e-02
2.374000000000000832e-01
8.560000000000003717e-02
4.770000000000003404e-02
7.510000000000002784e-02
1.185999999999999555e-01
1.416999999999999094e-01
1.004999999999998533e-01
7.280000000000004523e-02
1.056000000000000133e-01
1.653999999999999360e-01
1.640000000000000624e-01
1.820000000000000229e-01
2.736999999999999433e-01
4.639999999999989966e-02
1.968000000000001692e-01
1.546999999999999487e-01
1.153000000000001107e-01
1.872999999999999110e-01
2.850000000000000103e-02
1.543999999999999539e-01
6.970000000000006746e-02
9.129999999999999227e-02
5.269999999999986501e-02
5.350000000000003364e-02
1.135000000000000314e-01
4.351999999999999758e-01
2.416999999999999149e-01
3.714000000000000634e-01
1.410000000000000420e-01
1.823999999999999233e-01
1.181999999999999718e-01
1.144999999999999074e-01
1.009000000000001146e-01
4.620000000000003271e-02
1.527999999999999359e-01
5.769999999999997353e-02
8.049999999999994660e-02
5.569999999999994400e-02
3.339999999999996444e-02
6.669999999999989826e-02
2.455000000000001625e-01
9.880000000000002669e-02
1.301999999999999824e-01
1.054000000000000214e-01
1.359999999999998987e-01
3.052000000000001378e-01
1.302999999999999159e-01
1.795000000000000207e-01
1.420000000000000151e-01
6.490000000000004099e-02
2.504000000000000115e-01
5.710000000000009512e-02
1.512999999999999901e-01
6.550000000000005818e-02
1.747999999999999832e-01
8.520000000000003959e-02
5.299999999999990830e-02
1.165999999999999953e-01
1.015000000000000346e-01
8.669999999999987439e-02
6.460000000000001852e-02
4.519999999999983753e-02
1.485000000000001874e-01
1.517999999999999627e-01
1.217000000000000581e-01
8.700000000000004952e-02
1.116000000000001158e-01
2.555000000000000049e-01
1.192000000000000559e-01
1.962999999999999745e-01
6.959999999999993969e-02
1.158999999999999891e-01
2.266999999999999849e-01
1.446000000000001451e-01
9.389999999999995572e-02
1.184000000000000885e-01
1.191999999999999310e-01
1.576999999999999513e-01
9.410000000000004472e-02
1.182999999999999885e-01
2.230000000000000038e-01
3.499999999999996170e-02
1.650999999999999690e-01
7.540000000000009195e-02
6.210000000000004405e-02
1.268999999999999018e-01
5.969999999999985041e-02
1.692000000000001836e-01
9.979999999999981941e-02
6.019999999999983697e-02
7.249999999999991174e-02
6.749999999999993505e-02
2.644999999999999574e-01
1.299000000000000710e-01
2.700000000000001288e-01
1.244999999999999996e-01
2.582999999999999186e-01
9.990000000000007208e-02
5.260000000000012582e-02
2.384999999999998233e-01
2.198000000000001342e-01
6.620000000000017537e-02
1.218999999999998418e-01
1.662000000000000144e-01
1.861000000000001264e-01
1.409999999999999032e-01
2.152999999999999914e-01
1.089999999999999580e-01
1.489000000000000878e-01
3.049999999999986056e-02
1.343000000000001415e-01
1.531000000000000694e-01
1.554000000000000659e-01
1.400999999999999190e-01
1.108000000000000373e-01
1.570999999999999064e-01
1.077999999999999653e-01
1.322999999999998344e-01
1.331000000000000516e-01
1.149000000000001132e-01
2.959999999999992498e-02
7.279999999999993421e-02
