6.559999999999999165e-02
8.060000000000000497e-02
4.419999999999999624e-02
1.631000000000000227e-01
1.514000000000000068e-01
8.540000000000000369e-02
1.064000000000000085e-01
7.280000000000000360e-02
1.805999999999999828e-01
2.410000000000000198e-01
1.069999999999999840e-01
6.829999999999999960e-02
1.858000000000000207e-01
1.106999999999999929e-01
2.074000000000000010e-01
1.044999999999999957e-01
1.749999999999998779e-02
2.420000000000000623e-02
1.835999999999999854e-01
1.861000000000000154e-01
1.606000000000000205e-01
1.011999999999999983e-01
3.490000000000000047e-02
2.739999999999999380e-02
9.990000000000001656e-02
1.587000000000000077e-01
1.962000000000000133e-01
1.295999999999999930e-01
2.809999999999999651e-02
7.629999999999999283e-02
8.989999999999999380e-02
1.722000000000000197e-01
6.960000000000000908e-02
3.040000000000000341e-02
5.590000000000000524e-02
1.658999999999999919e-01
1.411999999999999922e-01
2.196000000000000174e-01
1.532999999999999918e-01
1.193000000000000033e-01
3.289999999999999869e-02
9.809999999999999276e-02
8.709999999999999687e-02
1.460000000000000187e-01
5.700000000000000205e-02
4.979999999999999705e-02
1.550999999999999879e-01
1.857000000000000040e-01
1.159999999999999920e-01
3.150000000000000022e-02
3.380000000000000365e-02
4.229999999999999732e-02
1.395000000000000129e-01
1.752000000000000224e-01
8.190000000000000058e-02
2.820000000000000631e-02
5.640000000000000568e-02
4.109999999999998377e-02
8.989999999999997993e-02
5.269999999999999685e-02
5.390000000000000346e-02
1.600000000000000033e-01
2.111000000000000099e-01
8.240000000000000102e-02
5.040000000000000036e-02
4.950000000000000233e-02
2.370000000000000925e-02
1.372999999999999776e-01
1.503999999999999782e-01
3.382000000000000561e-01
1.233000000000000068e-01
5.699999999999999512e-02
2.599999999999998840e-02
1.655999999999999694e-01
1.098999999999999699e-01
1.233000000000000068e-01
6.280000000000000859e-02
6.020000000000000351e-02
1.199000000000000066e-01
1.965000000000000080e-01
5.820000000000000867e-02
1.042000000000000148e-01
1.325999999999999956e-01
1.922999999999999987e-01
7.239999999999999214e-02
2.339999999999999719e-02
1.350000000000000089e-01
8.050000000000001599e-02
1.363999999999999657e-01
5.559999999999999665e-02
1.324000000000000177e-01
7.690000000000001001e-02
1.701000000000000290e-01
6.519999999999999407e-02
8.940000000000000724e-02
9.840000000000001523e-02
1.880000000000000282e-01
9.150000000000001188e-02
1.153000000000000136e-01
1.252000000000000057e-01
2.272000000000000131e-01
1.096000000000000030e-01
6.629999999999999782e-02
1.000000000000000056e-01
4.340000000000001495e-02
5.610000000000001097e-02
1.306999999999999829e-01
2.125000000000000222e-01
1.003999999999999893e-01
6.550000000000000266e-02
1.686999999999999889e-01
1.256000000000000172e-01
1.524000000000000077e-01
9.139999999999998126e-02
7.699999999999996778e-03
1.440000000000000134e-02
2.319999999999998452e-02
1.298000000000000265e-01
1.526000000000000134e-01
2.347000000000000197e-01
9.870000000000000995e-02
1.005000000000000060e-01
2.510000000000000425e-02
1.643999999999999906e-01
8.819999999999997287e-02
1.938999999999999890e-01
1.288000000000000256e-01
4.060000000000001108e-02
1.929999999999999077e-02
5.369999999999999080e-02
1.220000000000000251e-01
1.171999999999999986e-01
7.589999999999999525e-02
2.050000000000000433e-02
4.999999999999998196e-02
1.166000000000000369e-01
7.930000000000000937e-02
8.430000000000001381e-02
4.429999999999999216e-02
7.959999999999999021e-02
1.233000000000000068e-01
1.363999999999999935e-01
1.473999999999999755e-01
7.919999999999999263e-02
1.940000000000001099e-02
1.094999999999999724e-01
1.319000000000000172e-01
2.051000000000000045e-01
1.222000000000000169e-01
6.070000000000001089e-02
1.839999999999996499e-02
1.125000000000000167e-01
9.699999999999997513e-02
1.496999999999999997e-01
6.180000000000001464e-02
3.269999999999999296e-02
3.830000000000000071e-02
9.939999999999998836e-02
1.047000000000000153e-01
8.609999999999999598e-02
4.250000000000000999e-02
7.849999999999998646e-02
1.290000000000000036e-01
2.299999999999999822e-01
9.890000000000001568e-02
1.078000000000000069e-01
3.189999999999999780e-02
1.242000000000000048e-01
1.104999999999999732e-01
1.684000000000000219e-01
8.730000000000001648e-02
3.879999999999998728e-02
3.969999999999999918e-02
1.633000000000000285e-01
1.728000000000000091e-01
2.308999999999999941e-01
1.612999999999999434e-01
6.170000000000000484e-02
4.439999999999997421e-02
1.582999999999999685e-01
1.094999999999999862e-01
2.192999999999999672e-01
9.939999999999998836e-02
2.919999999999999679e-02
8.549999999999999267e-02
5.210000000000000742e-02
9.579999999999996851e-02
3.399999999999998856e-02
1.141999999999999960e-01
8.190000000000000058e-02
2.089999999999999636e-01
7.619999999999996221e-02
1.620000000000000329e-01
1.426999999999999935e-01
2.929000000000000492e-01
1.585000000000000298e-01
5.029999999999999055e-02
3.880000000000001503e-02
1.464000000000000301e-01
1.693000000000000060e-01
4.819999999999999979e-02
6.959999999999998133e-02
1.289000000000000146e-01
5.070000000000002977e-02
1.119000000000000550e-01
5.000000000000000971e-02
1.030000000000000082e-01
4.589999999999998248e-02
7.460000000000002740e-02
2.340000000000004923e-02
9.809999999999999276e-02
1.728000000000000091e-01
2.066999999999999948e-01
1.239999999999999991e-01
6.659999999999993703e-02
8.909999999999998477e-02
1.069999999999999840e-01
7.870000000000000606e-02
6.439999999999995728e-02
1.587999999999999967e-01
1.878999999999999837e-01
1.471999999999999975e-01
1.202000000000000013e-01
2.989999999999997521e-02
2.960000000000002213e-02
5.479999999999999455e-02
1.632999999999999730e-01
1.145000000000000046e-01
2.357000000000000206e-01
9.590000000000002689e-02
5.539999999999998398e-02
2.289999999999995511e-02
1.727000000000000202e-01
1.549999999999999989e-01
1.168000000000000704e-01
8.989999999999995217e-02
3.219999999999997170e-02
2.810000000000002773e-02
1.323000000000000009e-01
1.246000000000000024e-01
1.655999999999999972e-01
8.869999999999994555e-02
2.560000000000003245e-02
1.123000000000000109e-01
1.827000000000000290e-01
2.175999999999999879e-01
1.236000000000000432e-01
8.019999999999999352e-02
2.479999999999998872e-02
2.309999999999997472e-02
1.537999999999999368e-01
2.457000000000000017e-01
2.079999999999999627e-01
3.476999999999999535e-01
1.521000000000000130e-01
8.960000000000004072e-02
1.670000000000002038e-02
6.529999999999999694e-02
1.302000000000000102e-01
1.657999999999999752e-01
9.310000000000002995e-02
6.020000000000003820e-02
1.579999999999998767e-02
2.610000000000001555e-02
3.209999999999996884e-02
3.980000000000000204e-02
4.850000000000004308e-02
4.210000000000000547e-02
2.160000000000002196e-02
7.989999999999998492e-02
1.658999999999999919e-01
2.465999999999999859e-01
1.622999999999999998e-01
3.900000000000000688e-02
2.200000000000000566e-02
5.259999999999998010e-02
1.545999999999999874e-01
1.941000000000000225e-01
6.490000000000004099e-02
2.660000000000001252e-02
2.420000000000002705e-02
1.475000000000000200e-01
1.431999999999999940e-01
2.195000000000000284e-01
1.323999999999999622e-01
3.979999999999994653e-02
1.394000000000000794e-01
1.136999999999999539e-01
1.537999999999999368e-01
5.819999999999996010e-02
4.430000000000000604e-02
9.429999999999996718e-02
1.363999999999999935e-01
2.089999999999998109e-02
5.720000000000001472e-02
1.477999999999999869e-01
2.361999999999999655e-01
1.325000000000000344e-01
4.129999999999998950e-02
1.076000000000000012e-01
1.055999999999999994e-01
2.017999999999999794e-01
1.085000000000000270e-01
2.180000000000004157e-02
2.819999999999994733e-02
1.473000000000000420e-01
1.358999999999999653e-01
1.544000000000000372e-01
1.044999999999999957e-01
5.280000000000002053e-02
1.654999999999999527e-01
1.446999999999999953e-01
1.856000000000000150e-01
2.153999999999999249e-01
2.757999999999999341e-01
5.989999999999996716e-02
9.809999999999993725e-02
1.274000000000000132e-01
2.043999999999999984e-01
9.080000000000007510e-02
3.460000000000000575e-02
1.027000000000000135e-01
1.878999999999999837e-01
1.828000000000000458e-01
1.872000000000000330e-01
1.256000000000000449e-01
2.880000000000004085e-02
4.550000000000004735e-02
1.590000000000000302e-01
8.469999999999996976e-02
2.146000000000000407e-01
9.850000000000007361e-02
3.820000000000004642e-02
3.849999999999997868e-02
1.830000000000001070e-01
1.593000000000000804e-01
9.360000000000004428e-02
4.830000000000000265e-02
3.280000000000001664e-02
1.655999999999999694e-01
1.780000000000000471e-01
5.950000000000000427e-02
4.420000000000005869e-02
3.520000000000007845e-02
1.022000000000000131e-01
7.430000000000000493e-02
1.537000000000000033e-01
5.690000000000003388e-02
1.330000000000000626e-02
1.297999999999999432e-01
6.809999999999996612e-02
1.240000000000000407e-01
4.499999999999995670e-02
3.190000000000002556e-02
1.421000000000000596e-01
1.402000000000000191e-01
1.751000000000000334e-01
1.099000000000000254e-01
2.700000000000003092e-02
5.480000000000002230e-02
1.192999999999999616e-01
1.612999999999999989e-01
7.680000000000000715e-02
3.269999999999993745e-02
2.489999999999994301e-02
1.271999999999999520e-01
1.087999999999999939e-01
1.413999999999999146e-01
1.058999999999999664e-01
5.780000000000006660e-02
1.950000000000000067e-01
1.997999999999999499e-01
7.620000000000001772e-02
5.679999999999993388e-02
1.410000000000000836e-02
1.623000000000000276e-01
1.148000000000000548e-01
1.947999999999999177e-01
1.059999999999999831e-01
8.629999999999996008e-02
4.199999999999991240e-02
1.584000000000000963e-01
1.182999999999999469e-01
1.740999999999999770e-01
1.108000000000001206e-01
2.100000000000000477e-02
2.890000000000005759e-02
2.610000000000001902e-02
6.099999999999999867e-02
2.048000000000000376e-01
1.664000000000000479e-01
7.779999999999998028e-02
4.920000000000003537e-02
3.359999999999994241e-02
1.471999999999999420e-01
1.602999999999999425e-01
1.855999999999999872e-01
9.520000000000003459e-02
2.889999999999998820e-02
3.159999999999998921e-02
2.860000000000006981e-02
7.500000000000096867e-03
9.380000000000002225e-02
2.236999999999999822e-01
2.233999999999999875e-01
1.411000000000000587e-01
1.084999999999999715e-01
2.450000000000000094e-02
2.699999999999996847e-02
1.839999999999995112e-02
1.520999999999999852e-01
1.066999999999999893e-01
2.216999999999999527e-01
1.213999999999999385e-01
6.649999999999992029e-02
3.580000000000004706e-02
7.179999999999997495e-02
1.672000000000000153e-01
1.552000000000000601e-01
1.920999999999999930e-01
1.708000000000000074e-01
9.739999999999990332e-02
1.292999999999999705e-01
9.579999999999998239e-02
5.170000000000007229e-02
2.288999999999999924e-01
1.593999999999998751e-01
2.134000000000000896e-01
8.280000000000004023e-02
5.190000000000004332e-02
7.609999999999998710e-02
1.004999999999999782e-01
