4.039999999999999841e-02
5.900000000000000383e-02
5.620000000000000689e-02
1.177000000000000129e-01
3.830000000000000765e-02
1.020999999999999963e-01
1.062000000000000166e-01
1.259000000000000119e-01
1.070999999999999869e-01
6.609999999999999210e-02
4.509999999999998732e-02
1.065000000000000113e-01
4.599999999999999922e-02
1.471999999999999975e-01
1.020999999999999963e-01
4.164999999999999813e-01
2.629000000000000226e-01
1.310000000000000053e-01
2.454000000000000070e-01
6.599999999999998923e-02
3.590999999999999748e-01
5.870000000000000218e-02
1.754000000000000004e-01
4.319999999999999535e-02
5.279999999999998583e-02
8.300000000000001821e-02
1.322999999999999732e-01
1.315999999999999948e-01
1.527999999999999914e-01
1.013999999999999901e-01
1.433999999999999997e-01
3.600000000000003891e-02
7.850000000000001421e-02
8.429999999999997218e-02
4.009999999999998982e-02
8.399999999999999134e-02
1.156999999999999695e-01
1.892000000000000348e-01
1.254000000000000115e-01
7.899999999999998690e-02
3.860000000000002318e-02
8.229999999999998428e-02
1.644999999999999796e-01
3.300000000000001543e-02
1.809000000000000052e-01
6.010000000000000064e-02
1.799000000000000044e-01
2.285000000000000087e-01
4.529999999999997223e-02
1.100999999999999757e-01
4.259999999999998510e-02
7.639999999999999569e-02
4.030000000000002330e-02
9.899999999999996303e-02
1.079000000000000237e-01
1.335000000000000075e-01
1.202000000000000290e-01
4.830000000000000959e-02
8.780000000000000304e-02
1.406999999999999917e-01
4.750000000000002137e-02
1.370000000000000107e-01
4.979999999999998317e-02
5.089999999999998692e-02
9.700000000000000289e-02
6.820000000000001061e-02
1.788999999999999757e-01
1.778000000000000136e-01
1.252999999999999947e-01
4.960000000000000520e-02
4.180000000000000382e-02
4.680000000000000826e-02
5.189999999999997393e-02
1.297000000000000097e-01
5.640000000000004732e-02
1.670999999999999985e-01
5.069999999999999507e-02
4.790000000000001895e-02
4.170000000000002871e-02
1.005000000000000060e-01
1.167999999999999872e-01
1.353000000000000036e-01
1.356999999999999873e-01
8.219999999999999529e-02
4.210000000000003323e-02
3.999999999999993838e-02
2.980000000000003132e-02
1.146999999999999964e-01
3.670000000000001039e-02
1.257000000000000062e-01
4.560000000000004328e-02
6.550000000000003042e-02
8.560000000000003717e-02
1.059999999999999831e-01
1.424999999999999878e-01
1.140000000000000180e-01
7.530000000000000582e-02
1.802000000000000268e-01
3.070000000000004323e-02
1.565999999999999892e-01
3.979999999999999510e-02
6.789999999999998814e-02
1.373000000000000054e-01
8.399999999999999134e-02
1.421000000000000041e-01
3.759999999999996678e-02
5.369999999999998386e-02
1.268999999999999850e-01
1.549999999999999989e-01
7.889999999999995628e-02
1.621000000000000218e-01
8.259999999999997899e-02
5.810000000000001968e-02
6.979999999999997318e-02
1.464000000000000024e-01
1.408999999999999697e-01
1.067999999999999783e-01
1.723999999999999977e-01
3.910000000000002363e-02
4.379999999999999172e-02
8.999999999999999667e-02
9.959999999999999409e-02
9.539999999999999869e-02
1.173000000000000154e-01
6.180000000000001464e-02
7.810000000000000275e-02
3.790999999999999925e-01
3.821999999999999842e-01
1.224000000000000365e-01
6.759999999999995179e-02
8.989999999999999380e-02
1.789000000000000035e-01
4.160000000000001197e-02
1.357000000000000151e-01
4.820000000000000673e-02
9.660000000000001918e-02
5.649999999999997385e-02
1.153000000000000275e-01
1.906999999999999806e-01
1.652999999999999747e-01
6.460000000000001852e-02
1.860000000000000264e-01
2.931000000000000272e-01
1.474000000000000310e-01
1.080000000000000265e-01
7.200000000000005007e-02
1.169999999999999929e-01
8.089999999999997193e-02
1.845999999999999863e-01
6.670000000000000928e-02
9.810000000000003439e-02
1.237999999999999934e-01
1.548000000000000487e-01
1.117999999999999966e-01
7.340000000000002078e-02
1.380000000000000393e-01
9.060000000000005549e-02
1.642000000000000126e-01
4.009999999999996206e-02
6.910000000000005027e-02
1.427999999999999825e-01
1.877999999999999392e-01
6.730000000000001259e-02
1.933999999999999886e-01
5.129999999999995675e-02
1.671999999999999320e-01
1.860000000000000542e-02
5.579999999999998850e-02
3.439999999999997921e-02
1.646000000000000518e-01
1.532000000000000028e-01
1.133000000000000118e-01
8.879999999999994842e-02
4.049999999999999434e-02
8.009999999999999065e-02
4.490000000000006486e-02
1.246999999999999775e-01
9.039999999999991098e-02
1.936999999999999833e-01
9.529999999999998195e-02
4.109999999999999765e-02
7.369999999999997387e-02
3.420000000000000817e-02
4.610000000000000209e-02
1.649999999999999800e-01
6.899999999999995026e-02
1.595999999999999641e-01
5.459999999999994719e-02
4.909999999999994924e-02
4.290000000000000063e-02
5.140000000000003594e-02
4.599999999999997147e-02
1.645999999999999686e-01
7.590000000000009239e-02
1.600999999999999646e-01
1.170000000000000068e-01
6.160000000000002973e-02
4.509999999999997344e-02
3.079999999999995935e-02
3.559999999999998582e-02
1.250000000000000000e-01
5.220000000000012130e-02
1.784999999999999365e-01
3.660000000000002141e-02
8.639999999999997682e-02
5.089999999999998692e-02
3.630000000000006138e-02
5.179999999999991556e-02
7.340000000000004854e-02
1.454000000000000015e-01
1.388000000000000345e-01
1.123999999999999860e-01
2.029999999999990146e-02
5.809999999999997111e-02
1.168999999999999762e-01
1.133000000000000396e-01
2.004999999999999838e-01
1.117000000000000770e-01
6.959999999999995357e-02
6.770000000000001017e-02
2.299999999999994410e-02
4.779999999999993976e-02
7.769999999999999130e-02
7.829999999999993909e-02
1.035000000000000919e-01
8.959999999999995746e-02
6.729999999999999871e-02
6.559999999999990838e-02
3.639999999999998098e-02
6.539999999999998592e-02
1.256000000000001005e-01
1.171000000000000929e-01
1.256999999999999229e-01
4.350000000000001088e-02
5.569999999999998563e-02
1.124000000000000277e-01
8.300000000000001821e-02
1.231999999999999762e-01
6.209999999999997466e-02
7.940000000000009550e-02
3.349999999999990485e-02
5.170000000000000290e-02
1.050000000000000100e-01
1.215000000000000524e-01
1.984999999999999265e-01
6.719999999999998197e-02
1.251999999999999780e-01
6.620000000000002272e-02
1.095000000000000695e-01
8.790000000000003366e-02
9.279999999999993809e-02
5.079999999999998406e-02
6.689999999999994562e-02
1.160000000000000198e-01
7.890000000000002567e-02
1.186000000000000942e-01
5.190000000000004332e-02
8.010000000000000453e-02
6.970000000000001195e-02
7.160000000000008025e-02
1.883000000000000784e-01
5.709999999999998410e-02
1.192999999999999339e-01
3.590000000000011238e-02
1.112999999999999684e-01
1.505000000000001059e-01
7.849999999999998646e-02
5.259999999999993847e-02
3.220000000000002027e-02
4.639999999999996211e-02
4.839999999999996388e-02
7.770000000000001905e-02
1.693999999999999395e-01
1.463000000000000134e-01
3.105999999999999872e-01
1.388999999999999679e-01
7.660000000000000142e-02
6.899999999999996414e-02
6.559999999999995002e-02
5.130000000000001226e-02
1.748999999999998889e-01
2.789999999999998731e-02
5.549999999999998684e-02
6.370000000000006213e-02
6.329999999999998128e-02
2.521999999999999797e-01
1.253999999999999559e-01
3.447000000000000064e-01
5.456999999999999629e-01
5.509999999999999343e-01
1.984999999999998987e-01
1.640000000000000902e-01
1.159000000000000863e-01
1.069999999999999701e-01
8.430000000000013871e-02
8.549999999999986777e-02
5.380000000000009081e-02
3.870000000000004686e-02
4.499999999999992895e-02
1.023000000000000437e-01
7.829999999999991134e-02
9.280000000000018789e-02
7.659999999999976550e-02
5.209999999999993803e-02
2.770000000000003709e-02
1.783999999999999475e-01
1.001999999999999003e-01
3.840000000000010766e-02
4.570000000000001839e-02
7.119999999999998552e-02
7.499999999999987232e-02
1.100000000000000283e-01
1.311999999999999833e-01
7.079999999999991855e-02
9.299999999999999933e-02
6.339999999999990088e-02
4.059999999999996945e-02
3.790000000000007252e-02
6.259999999999990572e-02
3.129999999999987653e-02
1.572999999999999954e-01
4.349999999999996925e-02
2.135999999999998733e-01
8.340000000000009905e-02
3.559999999999995807e-02
8.300000000000010147e-02
4.920000000000011864e-02
2.360000000000012088e-02
1.315000000000000890e-01
1.253999999999999559e-01
2.063000000000000389e-01
5.759999999999999842e-02
3.070000000000002588e-02
7.429999999999997717e-02
4.139999999999992297e-02
5.000000000000000278e-02
1.301000000000000767e-01
5.129999999999999144e-02
1.335000000000000353e-01
2.989999999999993358e-02
6.640000000000009783e-02
6.560000000000001941e-02
3.029999999999997279e-02
1.030000000000000082e-01
1.244000000000000800e-01
2.264000000000000734e-01
1.135999999999998955e-01
1.209000000000000213e-01
4.140000000000003400e-02
1.406000000000001415e-01
7.439999999999988289e-02
1.610000000000001430e-01
3.619999999999998219e-02
7.450000000000002454e-02
7.610000000000012588e-02
5.009999999999986686e-02
7.769999999999994966e-02
1.714000000000000523e-01
3.319999999999988238e-02
9.649999999999998856e-02
6.880000000000011107e-02
2.369999999999988782e-02
5.159999999999995146e-02
6.729999999999995708e-02
1.163000000000000422e-01
9.199999999999988742e-02
5.449999999999999289e-02
9.270000000000000462e-02
8.109999999999996378e-02
1.675999999999998602e-01
8.620000000000006823e-02
8.110000000000007481e-02
8.789999999999993652e-02
8.429999999999998606e-02
1.148000000000000131e-01
7.109999999999998266e-02
3.840000000000010072e-02
5.580000000000000238e-02
1.970000000000000917e-02
1.674999999999999822e-01
7.679999999999975735e-02
1.935000000000000886e-01
2.720000000000007134e-02
1.150999999999999385e-01
8.690000000000001890e-02
2.469999999999998586e-02
1.436999999999999944e-01
3.969999999999981877e-02
9.350000000000004141e-02
1.610000000000000042e-01
5.479999999999983495e-02
2.508000000000001339e-01
4.430000000000011706e-02
4.339999999999992475e-02
9.399999999999998634e-02
2.467000000000000859e-01
2.684000000000000830e-01
3.048999999999999488e-01
2.253000000000001113e-01
3.522999999999999465e-01
2.358000000000000096e-01
1.024000000000000465e-01
1.396999999999999909e-01
3.959000000000000852e-01
2.576999999999998181e-01
3.743000000000000771e-01
1.878000000000001890e-01
8.300000000000012923e-02
1.144000000000001405e-01
1.622999999999999721e-01
4.760000000000006587e-02
5.319999999999983076e-02
2.880000000000002697e-02
3.289999999999997787e-02
3.050000000000008260e-02
5.550000000000000072e-02
9.339999999999994140e-02
1.085000000000000131e-01
1.708000000000000074e-01
8.520000000000006735e-02
6.769999999999984364e-02
3.609999999999990994e-02
4.609999999999991882e-02
9.840000000000001523e-02
3.540000000000008418e-02
1.359000000000000208e-01
3.680000000000001326e-02
2.009999999999986797e-02
7.530000000000003357e-02
1.752999999999999003e-01
3.980000000000027266e-02
2.029999999999999583e-01
