7.539999999999999480e-02
7.159999999999999698e-02
6.840000000000000246e-02
6.949999999999999234e-02
1.167999999999999872e-01
5.009999999999999176e-02
2.850000000000000450e-02
1.320999999999999952e-01
1.154000000000000165e-01
8.549999999999999267e-02
1.310000000000000053e-01
5.989999999999999492e-02
4.740000000000000463e-02
9.460000000000001741e-02
1.285999999999999921e-01
1.419000000000000261e-01
1.189000000000000057e-01
1.685999999999999999e-01
6.489999999999998548e-02
6.020000000000000351e-02
2.139999999999999541e-02
6.289999999999999758e-02
4.310000000000000636e-02
1.323999999999999899e-01
1.351999999999999869e-01
1.122000000000000219e-01
1.074000000000000093e-01
1.338000000000000023e-01
1.104999999999999871e-01
9.870000000000000995e-02
5.000000000000000278e-02
1.292000000000000093e-01
6.660000000000000642e-02
1.708000000000000074e-01
6.789999999999998814e-02
9.639999999999999958e-02
5.700000000000000899e-02
3.330000000000000321e-02
6.470000000000000751e-02
6.350000000000001477e-02
1.326999999999999846e-01
1.083000000000000074e-01
1.598999999999999866e-01
6.909999999999999476e-02
1.232999999999999929e-01
1.019999999999999934e-01
1.093000000000000083e-01
7.439999999999999392e-02
5.500000000000000722e-02
1.057000000000000162e-01
6.209999999999998854e-02
1.088000000000000078e-01
2.999999999999998154e-02
1.527000000000000024e-01
8.119999999999999440e-02
1.208999999999999936e-01
1.116999999999999799e-01
1.053999999999999937e-01
1.075000000000000122e-01
8.050000000000001599e-02
1.683999999999999941e-01
9.179999999999999272e-02
7.360000000000001263e-02
8.019999999999999352e-02
1.137999999999999845e-01
1.680999999999999994e-01
6.439999999999999891e-02
9.859999999999999321e-02
1.300999999999999934e-01
1.095000000000000001e-01
7.739999999999999658e-02
4.079999999999999599e-02
7.939999999999999836e-02
9.879999999999999893e-02
1.310000000000000053e-01
6.859999999999996656e-02
1.795000000000000207e-01
1.449000000000000010e-01
1.341999999999999860e-01
1.384000000000000230e-01
7.430000000000000493e-02
1.140000000000000041e-01
1.097000000000000058e-01
9.280000000000000748e-02
8.650000000000000744e-02
4.879999999999996840e-02
7.409999999999999920e-02
9.529999999999999583e-02
6.469999999999997975e-02
8.580000000000000127e-02
1.579999999999999738e-01
8.219999999999999529e-02
9.600000000000000200e-02
6.430000000000000993e-02
9.859999999999997933e-02
8.610000000000000986e-02
1.190999999999999837e-01
9.390000000000001124e-02
7.910000000000000364e-02
7.649999999999998468e-02
8.670000000000001317e-02
3.810000000000002274e-02
4.720000000000000584e-02
8.650000000000000744e-02
1.668000000000000038e-01
6.230000000000000815e-02
7.330000000000000404e-02
1.395000000000000129e-01
5.000000000000000278e-02
8.140000000000001401e-02
1.200000000000000233e-01
1.059999999999999970e-01
9.479999999999998150e-02
8.189999999999998670e-02
8.509999999999998122e-02
5.269999999999998297e-02
6.360000000000000375e-02
1.145000000000000184e-01
9.700000000000000289e-02
4.719999999999998502e-02
1.486000000000000099e-01
9.070000000000000284e-02
1.443999999999999728e-01
8.199999999999998956e-02
8.020000000000000739e-02
1.174000000000000044e-01
8.480000000000001426e-02
1.138999999999999735e-01
9.490000000000001212e-02
1.240999999999999881e-01
6.289999999999999758e-02
8.029999999999999638e-02
6.510000000000000508e-02
2.070000000000002047e-02
5.039999999999999342e-02
1.204999999999999960e-01
5.750000000000002331e-02
1.057999999999999913e-01
8.919999999999997375e-02
7.130000000000000226e-02
1.326999999999999846e-01
8.689999999999999114e-02
5.430000000000000104e-02
1.501999999999999447e-01
9.109999999999998654e-02
1.302999999999999992e-01
6.609999999999999210e-02
7.370000000000000162e-02
6.860000000000003595e-02
2.990000000000001337e-02
1.299999999999999489e-01
3.489999999999998659e-02
1.123000000000000248e-01
5.950000000000001121e-02
8.489999999999998936e-02
1.215999999999999859e-01
8.949999999999998235e-02
1.092000000000000193e-01
6.779999999999999916e-02
1.214000000000000079e-01
5.240000000000000213e-02
8.710000000000001075e-02
1.127999999999999975e-01
1.158999999999999753e-01
1.266000000000000181e-01
7.739999999999998270e-02
1.605000000000000038e-01
6.100000000000000561e-02
1.640999999999999959e-01
1.230000000000000399e-01
6.950000000000000622e-02
1.649000000000000465e-01
1.386000000000000010e-01
9.510000000000000397e-02
7.259999999999997011e-02
6.310000000000000331e-02
9.260000000000000175e-02
1.121000000000000052e-01
8.250000000000000389e-02
1.003999999999999893e-01
1.066999999999999893e-01
6.700000000000003175e-02
7.809999999999997500e-02
9.289999999999999647e-02
1.249000000000000110e-01
7.209999999999999742e-02
1.198000000000000037e-01
6.629999999999998395e-02
1.206000000000000127e-01
8.369999999999999662e-02
3.710000000000001491e-02
1.129999999999999893e-01
5.429999999999999410e-02
1.524999999999999967e-01
1.010000000000000064e-01
1.166999999999999982e-01
3.839999999999998276e-02
3.829999999999998683e-02
8.599999999999999312e-02
6.939999999999997560e-02
7.200000000000000844e-02
3.130000000000001531e-02
3.830000000000002847e-02
4.689999999999998337e-02
3.819999999999999785e-02
9.609999999999997711e-02
1.537000000000000033e-01
1.167999999999999872e-01
5.280000000000002053e-02
6.989999999999998992e-02
1.118999999999999995e-01
4.979999999999998317e-02
8.950000000000002398e-02
6.009999999999999371e-02
9.009999999999999953e-02
9.030000000000001914e-02
8.070000000000002172e-02
8.199999999999998956e-02
8.030000000000002414e-02
1.238000000000000073e-01
1.035000000000000087e-01
1.296999999999999820e-01
8.580000000000001514e-02
1.354000000000000203e-01
9.529999999999999583e-02
1.698000000000000065e-01
6.609999999999999210e-02
2.289999999999997593e-02
2.720000000000002277e-02
1.245000000000000412e-01
1.061000000000000137e-01
9.499999999999998723e-02
6.480000000000002425e-02
4.289999999999999369e-02
3.290000000000000563e-02
4.449999999999999789e-02
1.293000000000000260e-01
1.367999999999999772e-01
1.025000000000000078e-01
5.869999999999997442e-02
1.206000000000000127e-01
4.359999999999999293e-02
7.960000000000001796e-02
4.221999999999999642e-01
2.036999999999999367e-01
2.222000000000000086e-01
1.451000000000000345e-01
7.159999999999999698e-02
1.013999999999999901e-01
1.223999999999999949e-01
1.061999999999999611e-01
9.660000000000003306e-02
1.402000000000000191e-01
1.176999999999999852e-01
6.580000000000002514e-02
4.589999999999997554e-02
4.259999999999997122e-02
3.460000000000003351e-02
6.170000000000000484e-02
7.900000000000000078e-02
1.016999999999999849e-01
8.609999999999998210e-02
8.059999999999999110e-02
6.230000000000001509e-02
7.680000000000000715e-02
8.130000000000001115e-02
7.020000000000004015e-02
7.459999999999999964e-02
4.690000000000002500e-02
4.959999999999998438e-02
3.189999999999996311e-02
1.464999999999999913e-01
8.599999999999997924e-02
1.255000000000000004e-01
7.389999999999995184e-02
3.729999999999999288e-02
9.180000000000003435e-02
1.087999999999999523e-01
1.461000000000000076e-01
1.363000000000000322e-01
1.395999999999999741e-01
6.930000000000002824e-02
4.530000000000002081e-02
1.401000000000000023e-01
7.220000000000001417e-02
1.319999999999999785e-01
5.030000000000003219e-02
3.949999999999995876e-02
7.829999999999998073e-02
2.480000000000002341e-02
8.490000000000000324e-02
5.790000000000002089e-02
1.308999999999999886e-01
1.474999999999999645e-01
9.590000000000001301e-02
7.440000000000002167e-02
8.290000000000000147e-02
7.120000000000001328e-02
6.629999999999999782e-02
1.084000000000000519e-01
8.869999999999995943e-02
8.669999999999997153e-02
1.302999999999999992e-01
6.949999999999999234e-02
6.600000000000000311e-02
1.097999999999999948e-01
1.172000000000000125e-01
6.590000000000001412e-02
1.728999999999999704e-01
1.882000000000000062e-01
8.789999999999999203e-02
1.752000000000000224e-01
1.785999999999999532e-01
1.066999999999999893e-01
1.898000000000000242e-01
8.359999999999997988e-02
1.716000000000000025e-01
1.182000000000000273e-01
9.739999999999997271e-02
1.126999999999999807e-01
1.506000000000000116e-01
1.008000000000000007e-01
1.558000000000000496e-01
1.856000000000000150e-01
9.480000000000005089e-02
1.924999999999999767e-01
7.459999999999999964e-02
1.623999999999999611e-01
1.451000000000000345e-01
1.270000000000000018e-01
1.006999999999999978e-01
1.658000000000000029e-01
8.749999999999999445e-02
1.026000000000000245e-01
1.782999999999999863e-01
8.350000000000000477e-02
7.110000000000002429e-02
1.548000000000000209e-01
8.789999999999990876e-02
1.458999999999999464e-01
3.530000000000003968e-02
1.125999999999999779e-01
1.175000000000000211e-01
1.160999999999999532e-01
5.059999999999993670e-02
6.560000000000001941e-02
8.140000000000004177e-02
6.699999999999997624e-02
3.520000000000000906e-02
8.079999999999996907e-02
1.161000000000000087e-01
2.329999999999999571e-01
1.435999999999999777e-01
4.959999999999997744e-02
5.149999999999996941e-02
2.599999999999999187e-02
5.800000000000002376e-02
1.411999999999999644e-01
6.090000000000001662e-02
7.780000000000002192e-02
9.859999999999999321e-02
1.006000000000000089e-01
2.187000000000000055e-01
1.767999999999999572e-01
6.340000000000001190e-02
1.890000000000000707e-02
2.810000000000003467e-02
2.359999999999998210e-02
4.030000000000003024e-02
7.250000000000000888e-02
4.910000000000006720e-02
1.004000000000000170e-01
6.569999999999996676e-02
4.710000000000003767e-02
6.309999999999997555e-02
4.719999999999995033e-02
1.619999999999997831e-02
1.690000000000001570e-02
3.959999999999998938e-02
8.770000000000000018e-02
4.779999999999999527e-02
6.570000000000002227e-02
4.969999999999999418e-02
4.769999999999995077e-02
4.699999999999997236e-02
3.519999999999996049e-02
5.750000000000005107e-02
1.198999999999999649e-01
4.999999999999998890e-02
7.579999999999995075e-02
1.412000000000000199e-01
8.509999999999998122e-02
7.669999999999999041e-02
9.320000000000001894e-02
9.619999999999992446e-02
8.459999999999999465e-02
5.239999999999998825e-02
7.359999999999997100e-02
1.296999999999999542e-01
1.560000000000000969e-02
6.030000000000002719e-02
1.088000000000000217e-01
5.290000000000000258e-02
1.774999999999999911e-01
7.080000000000000182e-02
7.780000000000004967e-02
1.583999999999999853e-01
1.173999999999999627e-01
1.185000000000000220e-01
8.750000000000002220e-02
3.080000000000001140e-02
2.990000000000002725e-02
3.709999999999999409e-02
1.251000000000000445e-01
5.319999999999994178e-02
1.301999999999999824e-01
7.810000000000003051e-02
1.011000000000000232e-01
9.939999999999998836e-02
1.022000000000000269e-01
6.969999999999999807e-02
1.239000000000000379e-01
9.789999999999993152e-02
1.170999999999999541e-01
1.393000000000000349e-01
1.025999999999999968e-01
1.158000000000000279e-01
1.052999999999999770e-01
3.319999999999997259e-02
1.333000000000000018e-01
4.039999999999999147e-02
1.576000000000000179e-01
