1.622000000000000108e-01
2.193999999999999839e-01
1.116000000000000048e-01
1.641999999999999849e-01
1.136999999999999955e-01
1.048999999999999932e-01
7.680000000000002103e-02
1.004999999999999921e-01
6.749999999999997669e-02
1.045000000000000095e-01
6.609999999999999210e-02
8.659999999999998255e-02
5.460000000000005127e-02
1.196000000000000674e-01
7.870000000000004770e-02
2.053999999999999715e-01
1.435999999999999777e-01
3.722999999999999643e-01
2.690999999999999504e-01
2.315999999999999726e-01
1.277000000000000357e-01
1.020000000000000073e-01
1.517999999999999905e-01
7.899999999999998690e-02
1.491000000000000103e-01
1.512000000000000011e-01
9.400000000000000022e-02
6.159999999999997422e-02
1.520000000000000240e-01
1.747000000000000219e-01
1.836000000000000132e-01
9.290000000000003810e-02
1.025999999999999968e-01
1.397999999999999798e-01
9.390000000000001124e-02
6.450000000000005729e-02
6.609999999999996434e-02
9.559999999999997666e-02
1.900999999999999912e-01
1.779000000000000026e-01
1.271999999999999797e-01
6.039999999999996760e-02
1.016999999999999849e-01
1.556999999999999496e-01
1.054999999999999966e-01
1.001999999999999835e-01
1.176999999999999991e-01
2.200000000000000289e-01
1.496999999999999720e-01
1.601999999999999813e-01
1.610000000000000320e-01
1.361999999999999877e-01
2.787000000000000588e-01
1.970000000000000362e-01
1.765999999999999792e-01
9.759999999999997844e-02
1.073999999999999816e-01
1.647000000000000131e-01
1.371000000000000552e-01
8.860000000000001208e-02
1.520999999999999852e-01
1.777000000000000246e-01
1.137999999999999706e-01
1.217999999999999639e-01
5.699999999999997430e-02
1.618999999999999606e-01
2.017999999999999794e-01
1.137999999999999429e-01
1.091000000000000303e-01
1.601000000000000756e-01
9.499999999999998723e-02
1.275999999999999912e-01
7.580000000000003402e-02
2.656999999999999362e-01
8.570000000000001228e-02
1.536000000000000143e-01
1.751000000000000056e-01
9.449999999999997291e-02
8.019999999999999352e-02
1.025999999999999551e-01
7.780000000000003579e-02
9.690000000000001390e-02
1.253000000000000225e-01
1.107000000000000067e-01
1.452999999999999292e-01
9.560000000000004605e-02
4.389999999999996683e-02
1.500000000000000222e-01
1.070000000000000534e-01
1.034000000000000474e-01
2.078999999999999182e-01
1.392999999999999794e-01
2.170999999999999874e-01
7.569999999999998952e-02
5.060000000000000608e-02
8.830000000000004512e-02
1.543000000000000482e-01
1.533999999999999808e-01
9.399999999999983369e-02
1.488000000000000711e-01
1.131000000000000061e-01
9.110000000000004206e-02
2.111000000000000376e-01
1.424000000000000266e-01
1.391999999999999349e-01
1.896999999999999797e-01
1.139999999999999070e-01
1.535000000000000253e-01
6.609999999999992271e-02
1.237000000000000183e-01
2.511000000000000454e-01
1.575999999999999623e-01
1.636999999999999844e-01
6.890000000000007230e-02
1.239000000000000101e-01
1.215000000000000385e-01
1.752000000000000501e-01
8.380000000000006888e-02
1.166999999999999288e-01
1.489000000000000323e-01
9.709999999999996412e-02
1.068999999999999950e-01
5.639999999999995017e-02
1.778000000000000136e-01
1.352999999999999481e-01
1.340999999999999415e-01
1.151999999999999968e-01
9.959999999999998022e-02
1.485000000000000209e-01
1.004000000000000309e-01
1.587999999999999412e-01
2.264000000000000179e-01
7.359999999999999876e-02
7.980000000000002369e-02
1.224000000000000227e-01
8.719999999999999973e-02
1.073000000000000481e-01
1.094999999999999307e-01
2.469999999999997892e-02
1.321999999999999564e-01
8.930000000000003213e-02
1.292999999999999983e-01
1.245000000000000828e-01
1.407999999999999252e-01
1.388000000000000345e-01
9.939999999999998836e-02
1.346000000000000529e-01
1.448000000000000398e-01
7.549999999999999767e-02
8.949999999999998235e-02
1.263000000000000234e-01
1.975999999999999424e-01
1.758000000000000396e-01
1.350999999999999424e-01
9.040000000000000813e-02
1.902000000000000357e-01
1.384999999999999010e-01
1.467999999999999861e-01
9.930000000000005489e-02
1.117999999999999966e-01
9.189999999999992619e-02
1.564999999999999725e-01
6.920000000000002538e-02
1.388000000000000622e-01
1.008000000000000701e-01
1.539999999999999702e-01
1.176999999999999436e-01
1.085999999999998911e-01
9.990000000000014146e-02
1.054000000000000214e-01
1.327999999999999459e-01
6.870000000000001106e-02
1.489000000000000323e-01
6.980000000000000093e-02
1.236000000000000432e-01
1.071000000000000840e-01
6.919999999999999762e-02
1.169999999999999096e-01
8.110000000000003317e-02
1.118999999999999440e-01
1.534999999999999976e-01
1.095000000000000695e-01
1.373000000000000886e-01
1.572999999999999676e-01
8.870000000000008433e-02
1.592999999999999416e-01
9.279999999999996585e-02
3.000000000000009603e-02
1.768999999999999184e-01
2.812999999999999945e-01
1.197999999999999760e-01
2.032000000000000750e-01
1.060000000000000386e-01
1.372999999999999776e-01
6.620000000000006435e-02
1.613999999999999602e-01
1.208999999999998964e-01
1.335000000000000075e-01
6.050000000000003986e-02
7.860000000000005871e-02
1.648999999999998800e-01
3.317999999999999838e-01
8.579999999999998739e-02
1.178000000000000297e-01
1.469999999999999363e-01
8.709999999999994136e-02
1.716000000000000025e-01
1.519000000000000905e-01
1.381999999999999618e-01
2.320000000000000673e-01
1.611999999999999544e-01
2.879999999999999782e-01
1.337000000000000133e-01
1.985000000000000930e-01
1.423000000000000098e-01
1.836999999999999744e-01
1.272000000000000353e-01
1.644999999999999796e-01
9.449999999999998679e-02
1.642000000000000404e-01
1.243999999999999828e-01
1.990000000000000935e-01
5.669999999999995877e-02
1.257999999999999952e-01
1.031000000000000943e-01
6.299999999999995881e-02
6.520000000000006346e-02
8.939999999999996561e-02
8.129999999999996951e-02
8.440000000000001668e-02
8.979999999999992155e-02
6.990000000000003155e-02
1.116000000000000880e-01
9.099999999999991429e-02
1.139000000000000012e-01
1.086999999999999772e-01
1.228000000000000203e-01
1.062999999999998668e-01
1.983000000000000873e-01
1.460999999999999799e-01
9.650000000000003020e-02
1.235999999999998905e-01
1.598000000000000254e-01
2.177000000000000046e-01
1.387000000000000455e-01
1.937000000000000943e-01
3.603999999999999426e-01
1.726999999999999647e-01
2.785999999999999588e-01
1.326999999999999846e-01
1.471999999999999420e-01
1.418999999999999151e-01
1.646999999999999298e-01
4.410000000000009746e-02
1.641000000000000514e-01
2.135000000000000786e-01
1.573999999999999844e-01
1.492000000000000548e-01
9.860000000000000708e-02
1.585999999999998800e-01
1.495000000000000773e-01
3.800000000000000600e-02
1.075000000000000122e-01
1.202000000000000013e-01
1.596999999999999531e-01
1.574999999999999734e-01
2.382999999999999008e-01
2.462999999999999357e-01
1.907999999999999419e-01
2.065000000000000724e-01
1.807999999999999052e-01
2.065000000000000724e-01
1.171000000000000235e-01
1.430999999999999495e-01
9.980000000000002758e-02
8.710000000000003850e-02
1.147000000000000797e-01
1.129999999999999477e-01
1.074000000000000510e-01
2.163000000000001033e-01
1.877999999999999114e-01
1.250999999999999890e-01
8.679999999999998828e-02
7.050000000000006262e-02
1.071000000000000285e-01
6.510000000000006060e-02
6.349999999999995925e-02
1.268999999999999573e-01
7.789999999999996927e-02
8.689999999999996338e-02
3.490000000000011149e-02
1.852000000000000035e-01
1.820999999999999286e-01
1.305000000000000049e-01
2.482000000000001150e-01
1.350000000000000644e-01
1.252000000000000335e-01
1.641000000000000236e-01
9.499999999999991784e-02
2.342000000000000193e-01
1.657000000000000417e-01
9.579999999999992688e-02
2.208000000000000240e-01
2.209999999999999742e-01
1.535000000000001363e-01
1.566000000000002113e-01
3.589999999999994584e-02
1.145999999999999658e-01
9.959999999999996634e-02
1.085000000000000131e-01
1.523999999999999799e-01
2.812000000000000055e-01
1.484000000000001429e-01
1.779999999999998250e-01
8.360000000000006315e-02
3.562999999999999501e-01
9.190000000000005109e-02
1.391999999999999904e-01
1.228000000000000758e-01
1.187999999999999612e-01
2.359000000000001096e-01
4.229999999999994875e-02
2.136000000000000121e-01
7.970000000000000695e-02
2.390000000000000457e-01
1.089999999999999580e-01
1.193999999999999784e-01
1.314999999999999503e-01
7.729999999999992433e-02
1.715000000000000413e-01
7.690000000000002389e-02
4.659999999999997478e-02
1.814999999999999947e-01
1.812999999999999612e-01
1.952999999999999736e-01
1.564999999999999725e-01
1.585999999999999077e-01
2.256999999999999285e-01
2.042000000000000204e-01
1.420000000000001261e-01
7.820000000000004725e-02
8.090000000000009683e-02
2.017000000000000459e-01
4.269999999999996021e-02
5.299999999999993605e-02
2.048999999999999710e-01
2.039000000000000812e-01
1.774000000000000576e-01
1.209000000000000768e-01
1.838999999999999246e-01
1.161000000000000643e-01
1.049999999999998712e-01
9.249999999999990175e-02
1.366000000000000270e-01
1.675999999999999157e-01
3.698999999999999511e-01
2.069000000000000006e-01
1.779000000000000026e-01
1.441999999999999671e-01
6.629999999999994231e-02
1.617000000000000381e-01
1.595000000000000306e-01
1.711000000000000576e-01
1.670999999999999708e-01
8.010000000000001841e-02
1.073000000000000481e-01
9.679999999999988614e-02
6.460000000000004627e-02
1.066000000000001530e-01
1.011999999999999428e-01
1.571000000000000174e-01
2.565000000000001168e-01
1.727000000000001867e-01
8.669999999999991602e-02
9.259999999999990461e-02
5.359999999999995324e-02
1.784000000000000030e-01
1.441999999999998561e-01
1.853999999999999260e-01
7.729999999999997984e-02
1.275999999999998802e-01
4.240000000000003488e-02
1.904999999999999472e-01
1.067000000000000864e-01
1.223999999999999810e-01
7.960000000000000409e-02
2.120000000000000495e-01
1.117999999999999966e-01
1.403000000000000358e-01
9.109999999999998654e-02
6.500000000000004385e-02
6.600000000000010025e-02
1.381000000000000560e-01
9.890000000000008507e-02
1.885999999999999899e-01
3.028999999999999471e-01
1.049000000000000626e-01
1.285000000000000031e-01
3.909999999999988485e-02
1.941000000000001058e-01
1.426000000000001711e-01
1.281999999999999806e-01
3.950000000000011835e-02
1.832999999999999075e-01
1.368000000000001160e-01
1.679000000000001602e-01
1.096999999999999642e-01
1.342000000000001525e-01
2.003000000000001446e-01
2.015999999999999737e-01
1.965999999999999415e-01
1.637999999999999456e-01
7.609999999999997322e-02
1.184000000000001301e-01
1.028999999999999637e-01
1.549999999999999434e-01
7.320000000000001505e-02
1.382999999999998397e-01
5.449999999999993738e-02
2.782000000000000028e-01
9.939999999999997449e-02
2.313999999999999668e-01
2.017999999999998961e-01
6.059999999999993170e-02
6.070000000000008722e-02
1.374000000000000499e-01
1.086000000000001131e-01
9.319999999999994955e-02
1.212000000000000161e-01
1.612999999999999434e-01
1.001000000000000500e-01
2.850000000000005307e-02
