1.730000000000000149e-01
4.220000000000000140e-02
1.496000000000000107e-01
1.193999999999999923e-01
1.554000000000000103e-01
1.798000000000000154e-01
7.749999999999999944e-02
1.082000000000000184e-01
1.420000000000000151e-01
1.310000000000000053e-01
1.139000000000000151e-01
1.435000000000000164e-01
1.140000000000000041e-01
1.983999999999999930e-01
5.070000000000000895e-02
1.416999999999999926e-01
6.250000000000000000e-02
1.774000000000000299e-01
8.260000000000000675e-02
1.577999999999999958e-01
1.297000000000000375e-01
1.426000000000000045e-01
1.325000000000000067e-01
1.098000000000000087e-01
1.558999999999999830e-01
1.098999999999999977e-01
1.542000000000000037e-01
7.380000000000000449e-02
1.547999999999999932e-01
8.450000000000000566e-02
1.013999999999999901e-01
9.049999999999998324e-02
9.549999999999997380e-02
8.790000000000000591e-02
1.030999999999999972e-01
8.899999999999999578e-02
7.410000000000001308e-02
1.650000000000000355e-01
6.690000000000001501e-02
1.139000000000000012e-01
1.086000000000000298e-01
1.918000000000000260e-01
8.240000000000001490e-02
1.300999999999999934e-01
6.600000000000000311e-02
1.481999999999999984e-01
3.500000000000000333e-02
9.369999999999997775e-02
9.329999999999999405e-02
1.886999999999999789e-01
8.010000000000000453e-02
9.890000000000001568e-02
1.260999999999999899e-01
1.997999999999999776e-01
7.650000000000001243e-02
1.197000000000000147e-01
7.760000000000000231e-02
1.907000000000000084e-01
5.359999999999999487e-02
8.759999999999999731e-02
1.246000000000000024e-01
1.524999999999999967e-01
1.188000000000000167e-01
1.455000000000000182e-01
8.230000000000001203e-02
1.471000000000000085e-01
6.150000000000000605e-02
1.460000000000000187e-01
1.062000000000000027e-01
1.386000000000000010e-01
1.413999999999999702e-01
1.086000000000000160e-01
1.894000000000000128e-01
4.969999999999999418e-02
1.125999999999999918e-01
9.970000000000001084e-02
1.973999999999999921e-01
7.579999999999999238e-02
1.549999999999999989e-01
8.399999999999999134e-02
1.214000000000000079e-01
9.059999999999999998e-02
1.419999999999999873e-01
1.699999999999999845e-01
7.649999999999998468e-02
1.098999999999999977e-01
1.122999999999999832e-01
1.936999999999999833e-01
7.290000000000000646e-02
1.101000000000000034e-01
8.859999999999999820e-02
1.804000000000000048e-01
9.039999999999999425e-02
1.343000000000000305e-01
1.895999999999999908e-01
5.899999999999999689e-02
3.869999999999999829e-02
1.310000000000000053e-01
1.788000000000000145e-01
7.950000000000000122e-02
1.058999999999999941e-01
5.840000000000001440e-02
1.660000000000000087e-01
9.060000000000001386e-02
1.295000000000000040e-01
6.100000000000001255e-02
1.712000000000000188e-01
7.039999999999999036e-02
1.406000000000000028e-01
6.420000000000000706e-02
1.222000000000000031e-01
4.780000000000000221e-02
1.424000000000000266e-01
1.205999999999999989e-01
1.045000000000000095e-01
7.889999999999999791e-02
1.436999999999999944e-01
1.155000000000000054e-01
1.346999999999999864e-01
9.400000000000000022e-02
1.071999999999999897e-01
5.569999999999997869e-02
1.623000000000000276e-01
9.249999999999999889e-02
1.468000000000000138e-01
1.712000000000000188e-01
9.210000000000000131e-02
7.709999999999998799e-02
1.524999999999999689e-01
1.731999999999999651e-01
9.749999999999998945e-02
1.138999999999999874e-01
1.160000000000000198e-01
2.074000000000000010e-01
9.020000000000000240e-02
1.558999999999999830e-01
1.390999999999999737e-01
1.018000000000000016e-01
9.590000000000001301e-02
9.079999999999999183e-02
1.695999999999999730e-01
9.659999999999999143e-02
9.469999999999999252e-02
1.053000000000000186e-01
1.729999999999999871e-01
9.200000000000001232e-02
7.480000000000000537e-02
1.244000000000000106e-01
9.099999999999999756e-02
1.374999999999999833e-01
8.729999999999998872e-02
1.413000000000000089e-01
1.646000000000000241e-01
6.269999999999997797e-02
1.773999999999999744e-01
6.990000000000001767e-02
1.430000000000000160e-01
9.039999999999998037e-02
1.321000000000000230e-01
1.428999999999999992e-01
1.114000000000000129e-01
7.209999999999999742e-02
1.223000000000000198e-01
9.750000000000000333e-02
1.405000000000000138e-01
1.262000000000000066e-01
1.625999999999999668e-01
1.693000000000000060e-01
7.080000000000000182e-02
6.889999999999998903e-02
1.345000000000000084e-01
7.570000000000004503e-02
1.597999999999999976e-01
8.979999999999999094e-02
1.338999999999999913e-01
8.920000000000000151e-02
1.176999999999999852e-01
5.380000000000000060e-02
1.205999999999999711e-01
1.224000000000000088e-01
7.630000000000000671e-02
1.306999999999999829e-01
1.092000000000000193e-01
1.670000000000000095e-01
7.600000000000001199e-02
8.230000000000001203e-02
1.295000000000000040e-01
1.823000000000000176e-01
5.260000000000000092e-02
1.369999999999999829e-01
8.330000000000001292e-02
1.858000000000000207e-01
5.700000000000000899e-02
1.169000000000000039e-01
7.619999999999998996e-02
1.534000000000000086e-01
6.980000000000000093e-02
1.173000000000000015e-01
8.609999999999998210e-02
1.837999999999999634e-01
6.650000000000000355e-02
1.661999999999999866e-01
8.409999999999998033e-02
1.343000000000000027e-01
1.027000000000000135e-01
1.365999999999999992e-01
1.276999999999999524e-01
9.760000000000002007e-02
5.879999999999997728e-02
1.220999999999999863e-01
5.609999999999999015e-02
1.518000000000000183e-01
8.809999999999998388e-02
1.359000000000000208e-01
9.860000000000000708e-02
1.652999999999999747e-01
8.669999999999998541e-02
1.522000000000000297e-01
1.246000000000000163e-01
1.226000000000000006e-01
6.310000000000001719e-02
1.265999999999999903e-01
5.830000000000001847e-02
1.603999999999999870e-01
7.270000000000000073e-02
1.283999999999999864e-01
6.200000000000001343e-02
1.298000000000000265e-01
9.459999999999997577e-02
1.368999999999999939e-01
1.721999999999999642e-01
6.509999999999997733e-02
1.149000000000000021e-01
1.078999999999999959e-01
1.527000000000000024e-01
1.178000000000000436e-01
1.401999999999999913e-01
1.101000000000000173e-01
1.639000000000000457e-01
6.390000000000001235e-02
1.323000000000000287e-01
5.860000000000001319e-02
1.522000000000000020e-01
6.980000000000000093e-02
1.305000000000000326e-01
1.068000000000000060e-01
9.329999999999999405e-02
7.779999999999999416e-02
1.200000000000000233e-01
1.715999999999999748e-01
6.289999999999999758e-02
1.282999999999999974e-01
8.220000000000003693e-02
1.853000000000000203e-01
6.659999999999999254e-02
1.307000000000000384e-01
8.100000000000004419e-02
1.547999999999999932e-01
6.209999999999998160e-02
1.350999999999999979e-01
5.210000000000002129e-02
1.481999999999999984e-01
5.150000000000000411e-02
1.373999999999999944e-01
6.260000000000004450e-02
1.667000000000000426e-01
6.789999999999998814e-02
6.610000000000000597e-02
1.318000000000000282e-01
1.463000000000000411e-01
9.099999999999999756e-02
7.180000000000000271e-02
1.145000000000000323e-01
1.340000000000000080e-01
9.260000000000001563e-02
1.237999999999999934e-01
1.038000000000000173e-01
1.725999999999999757e-01
5.330000000000000016e-02
1.545999999999999874e-01
8.820000000000001450e-02
1.209999999999999964e-01
8.590000000000000413e-02
1.364000000000000212e-01
1.183000000000000301e-01
9.890000000000000180e-02
6.780000000000001303e-02
1.350000000000000089e-01
1.189999999999999669e-01
8.270000000000002349e-02
1.029000000000000192e-01
1.258000000000000229e-01
1.682000000000000162e-01
5.829999999999997684e-02
9.110000000000002818e-02
1.114999999999999603e-01
1.885999999999999899e-01
5.910000000000001363e-02
1.258000000000000229e-01
5.419999999999997042e-02
1.622999999999999998e-01
4.799999999999999406e-02
1.207999999999999768e-01
7.770000000000001905e-02
1.567999999999999949e-01
1.472999999999999865e-01
7.939999999999999836e-02
1.774000000000000021e-01
6.999999999999999278e-02
1.620999999999999941e-01
5.199999999999999067e-02
9.329999999999999405e-02
1.171000000000000096e-01
1.958000000000000018e-01
7.199999999999998068e-02
1.137999999999999706e-01
8.699999999999998013e-02
1.712999999999999801e-01
1.063999999999999946e-01
8.460000000000000853e-02
1.303999999999999604e-01
1.336999999999999578e-01
8.890000000000002067e-02
6.720000000000002360e-02
1.350999999999999979e-01
1.058999999999999664e-01
1.542999999999999927e-01
1.189000000000000057e-01
8.089999999999998581e-02
1.660000000000000087e-01
5.169999999999999596e-02
7.599999999999997036e-02
1.110000000000000431e-01
1.665000000000000091e-01
6.450000000000001565e-02
8.459999999999999465e-02
1.110000000000000153e-01
1.424000000000000266e-01
1.219999999999999835e-01
1.415000000000000147e-01
8.039999999999997149e-02
1.948000000000000009e-01
7.110000000000001041e-02
1.051999999999999741e-01
9.580000000000001015e-02
1.754000000000000004e-01
8.020000000000000739e-02
1.268000000000000516e-01
1.009000000000000175e-01
1.256000000000000172e-01
1.122000000000000497e-01
7.700000000000001288e-02
1.807000000000000273e-01
1.084000000000000102e-01
7.600000000000001199e-02
1.305000000000000049e-01
1.328999999999999626e-01
9.350000000000002753e-02
8.119999999999996665e-02
1.002000000000000390e-01
8.509999999999999509e-02
2.186000000000000165e-01
9.790000000000001479e-02
6.400000000000000133e-02
9.769999999999999518e-02
1.678999999999999937e-01
9.260000000000001563e-02
1.666000000000000258e-01
6.670000000000000928e-02
1.662999999999999756e-01
1.009999999999999787e-01
1.406999999999999917e-01
1.685999999999999721e-01
7.460000000000001352e-02
6.920000000000001150e-02
1.136999999999999955e-01
1.451000000000000068e-01
6.429999999999999605e-02
1.242999999999999383e-01
1.112000000000000072e-01
1.853000000000000203e-01
7.680000000000002103e-02
1.366999999999999882e-01
9.249999999999994338e-02
1.930000000000000326e-01
1.209999999999999687e-01
1.394000000000000239e-01
1.598999999999999866e-01
8.440000000000000280e-02
1.135000000000000314e-01
1.012000000000000260e-01
1.499000000000000055e-01
5.400000000000000633e-02
1.069999999999999840e-01
7.960000000000000409e-02
1.851000000000000423e-01
6.559999999999999165e-02
1.551999999999999769e-01
7.459999999999998577e-02
1.386000000000000010e-01
1.133000000000000257e-01
1.360999999999999710e-01
1.649999999999999800e-01
5.270000000000001072e-02
9.219999999999997642e-02
8.159999999999996423e-02
1.592999999999999972e-01
5.979999999999999899e-02
1.748999999999999722e-01
1.108000000000000096e-01
1.430999999999999772e-01
3.529999999999999805e-02
1.483000000000000151e-01
5.270000000000001766e-02
1.973999999999999921e-01
6.199999999999999956e-02
1.435000000000000164e-01
3.090000000000002467e-02
1.407999999999999807e-01
5.909999999999996506e-02
9.160000000000004250e-02
7.399999999999999634e-02
1.503000000000000169e-01
6.110000000000000153e-02
1.051999999999999602e-01
4.410000000000002113e-02
1.387000000000000177e-01
5.899999999999998301e-02
1.350999999999999701e-01
6.600000000000000311e-02
1.557000000000000606e-01
4.449999999999999789e-02
