4.419999999999999624e-02
1.058999999999999941e-01
8.819999999999998674e-02
4.329999999999999821e-02
9.759999999999999232e-02
4.629999999999999394e-02
2.230000000000000385e-02
4.530000000000000693e-02
3.280000000000000970e-02
6.909999999999999476e-02
8.010000000000000453e-02
9.089999999999998082e-02
7.830000000000000848e-02
6.529999999999999694e-02
3.200000000000000067e-02
3.150000000000000022e-02
2.889999999999999861e-02
9.679999999999999716e-02
1.202000000000000013e-01
9.300000000000001321e-02
7.629999999999999283e-02
3.450000000000000289e-02
5.469999999999999862e-02
3.009999999999999828e-02
3.950000000000000733e-02
7.370000000000000162e-02
4.720000000000000584e-02
7.690000000000001001e-02
3.819999999999999785e-02
3.509999999999999926e-02
8.149999999999998912e-02
7.989999999999999880e-02
8.989999999999997993e-02
8.729999999999998872e-02
3.279999999999999583e-02
3.690000000000000224e-02
7.390000000000000735e-02
7.869999999999999218e-02
4.030000000000000249e-02
7.000000000000000666e-02
4.319999999999999535e-02
3.469999999999999474e-02
3.300000000000000155e-02
2.629999999999999699e-02
9.339999999999999691e-02
5.160000000000000697e-02
6.729999999999999871e-02
5.399999999999999939e-02
3.210000000000000353e-02
3.679999999999998550e-02
8.929999999999999050e-02
4.340000000000000802e-02
1.075000000000000122e-01
3.909999999999999587e-02
4.500000000000000527e-02
2.500000000000000139e-02
1.183000000000000024e-01
3.549999999999999684e-02
4.369999999999999579e-02
1.237000000000000044e-01
5.459999999999999576e-02
4.809999999999999692e-02
3.860000000000000236e-02
1.023999999999999910e-01
9.359999999999998876e-02
5.489999999999999741e-02
9.639999999999998570e-02
7.140000000000000513e-02
3.009999999999999828e-02
1.619999999999999912e-02
8.780000000000000304e-02
6.450000000000000178e-02
6.510000000000000508e-02
8.219999999999999529e-02
3.189999999999999780e-02
4.860000000000000431e-02
2.589999999999999594e-02
5.820000000000000173e-02
8.750000000000000833e-02
5.419999999999999818e-02
6.370000000000000662e-02
3.690000000000000224e-02
2.929999999999999966e-02
6.190000000000000363e-02
1.305999999999999939e-01
7.440000000000000779e-02
1.136999999999999955e-01
1.890000000000000013e-02
5.119999999999998858e-02
6.699999999999999012e-02
1.348000000000000309e-01
2.819999999999998896e-02
9.029999999999999138e-02
9.059999999999999998e-02
3.129999999999999449e-02
4.040000000000000535e-02
2.560000000000000123e-02
7.720000000000000473e-02
2.259999999999999509e-02
1.019000000000000045e-01
4.240000000000000019e-02
2.300000000000000655e-02
1.490000000000000005e-02
1.016000000000000097e-01
6.060000000000000803e-02
1.416999999999999926e-01
1.079999999999999849e-01
6.270000000000000573e-02
4.970000000000000112e-02
6.080000000000000682e-02
1.515999999999999570e-01
4.920000000000000068e-02
9.519999999999999296e-02
1.091999999999999915e-01
5.090000000000000080e-02
5.339999999999999608e-02
4.400000000000001132e-02
6.550000000000000266e-02
3.049999999999999586e-02
9.959999999999999409e-02
3.570000000000000256e-02
5.459999999999999576e-02
4.770000000000001322e-02
1.026999999999999857e-01
4.139999999999999930e-02
6.509999999999999121e-02
7.460000000000001352e-02
4.350000000000001088e-02
8.059999999999999110e-02
8.129999999999999727e-02
1.009999999999999787e-01
1.056999999999999884e-01
3.340000000000001301e-02
5.290000000000001645e-02
6.229999999999999427e-02
5.730000000000001065e-02
5.160000000000000697e-02
9.120000000000000329e-02
3.179999999999999494e-02
3.719999999999999696e-02
9.489999999999999825e-02
6.890000000000001679e-02
7.080000000000000182e-02
1.003000000000000141e-01
1.720000000000000001e-02
4.470000000000000362e-02
5.860000000000000625e-02
1.326999999999999846e-01
8.730000000000001648e-02
1.299000000000000155e-01
1.212999999999999912e-01
5.990000000000000185e-02
4.380000000000000560e-02
5.580000000000000238e-02
9.969999999999998308e-02
4.540000000000000285e-02
6.959999999999999520e-02
6.409999999999999032e-02
1.499999999999999667e-01
1.991999999999999882e-01
7.560000000000001441e-02
1.229000000000000092e-01
5.490000000000000435e-02
1.050999999999999990e-01
6.839999999999997471e-02
9.880000000000002669e-02
8.700000000000000788e-02
6.540000000000004143e-02
5.729999999999998289e-02
2.029999999999999166e-02
2.989999999999999603e-02
1.098999999999999977e-01
9.490000000000001212e-02
1.127000000000000085e-01
6.400000000000000133e-02
5.210000000000000048e-02
6.659999999999997866e-02
1.082000000000000184e-01
5.820000000000000867e-02
6.159999999999998810e-02
8.549999999999999267e-02
4.150000000000000910e-02
7.319999999999998730e-02
9.410000000000001696e-02
3.629999999999999200e-02
3.349999999999998812e-02
1.479999999999999719e-02
2.380000000000000171e-02
7.590000000000002300e-02
9.000000000000001055e-02
8.419999999999999707e-02
8.280000000000004023e-02
8.659999999999999643e-02
4.050000000000000822e-02
4.299999999999999656e-02
2.560000000000000470e-02
1.093000000000000221e-01
5.920000000000000262e-02
1.035999999999999976e-01
2.979999999999999663e-02
4.870000000000000717e-02
3.450000000000000289e-02
8.349999999999999090e-02
4.159999999999999809e-02
8.710000000000001075e-02
9.299999999999998546e-02
7.159999999999999698e-02
1.569999999999999174e-02
1.529999999999999069e-02
1.067000000000000171e-01
3.859999999999998155e-02
1.011999999999999844e-01
1.330999999999999961e-01
5.169999999999999596e-02
6.999999999999999278e-02
6.880000000000000004e-02
6.920000000000001150e-02
1.048000000000000043e-01
3.320000000000001422e-02
5.379999999999998672e-02
4.879999999999999616e-02
1.216999999999999887e-01
3.420000000000002205e-02
1.082999999999999796e-01
9.139999999999998126e-02
2.799999999999999017e-02
4.839999999999999858e-02
9.639999999999998570e-02
8.310000000000000719e-02
1.229000000000000092e-01
7.769999999999999130e-02
3.749999999999999167e-02
4.319999999999997453e-02
1.326999999999999846e-01
2.200000000000000219e-02
1.673000000000000043e-01
2.520000000000000018e-02
5.590000000000000524e-02
4.490000000000000935e-02
1.185000000000000359e-01
7.419999999999998819e-02
1.151999999999999968e-01
9.680000000000002491e-02
3.629999999999999200e-02
2.689999999999998642e-02
8.530000000000001470e-02
5.669999999999999346e-02
1.016999999999999849e-01
1.101999999999999924e-01
5.509999999999999620e-02
5.530000000000001581e-02
8.690000000000000502e-02
5.819999999999998785e-02
8.529999999999998694e-02
4.719999999999999890e-02
3.930000000000000854e-02
4.300000000000001044e-02
5.500000000000000722e-02
2.319999999999999840e-02
7.469999999999998863e-02
2.639999999999999986e-02
2.549999999999999489e-02
3.449999999999996125e-02
2.790000000000000466e-02
1.040000000000000091e-01
4.709999999999997522e-02
1.218000000000000055e-01
4.109999999999999765e-02
1.980000000000002591e-02
5.099999999999998979e-02
7.540000000000000868e-02
6.070000000000001089e-02
1.365999999999999992e-01
2.460000000000000728e-02
6.599999999999998923e-02
2.040000000000003269e-02
1.910000000000001627e-02
1.189999999999999947e-01
6.859999999999999432e-02
1.383000000000000063e-01
6.070000000000000395e-02
2.609999999999995657e-02
4.019999999999995105e-02
8.270000000000003737e-02
3.289999999999999869e-02
1.224000000000000365e-01
4.139999999999996461e-02
4.930000000000005211e-02
5.019999999999999463e-02
6.469999999999999363e-02
5.589999999999999830e-02
1.396000000000000019e-01
2.570000000000001450e-02
4.399999999999999745e-02
1.740000000000004390e-02
1.929999999999997690e-02
9.170000000000000373e-02
6.399999999999997358e-02
1.310000000000000331e-01
5.659999999999998366e-02
5.519999999999997131e-02
1.334000000000000186e-01
6.990000000000003155e-02
9.140000000000000902e-02
1.098999999999999699e-01
3.629999999999995730e-02
5.019999999999999463e-02
2.509999999999995221e-02
6.909999999999998088e-02
4.599999999999995759e-02
8.680000000000004379e-02
5.609999999999997627e-02
4.890000000000001290e-02
1.479999999999995902e-02
8.360000000000002152e-02
5.789999999999997926e-02
9.449999999999997291e-02
8.089999999999999969e-02
6.959999999999998133e-02
2.640000000000004843e-02
8.080000000000003846e-02
6.659999999999999254e-02
4.150000000000000910e-02
1.197000000000000008e-01
4.790000000000001201e-02
3.519999999999999518e-02
9.099999999999983102e-03
8.700000000000000788e-02
5.649999999999998079e-02
3.820000000000002560e-02
1.698000000000000342e-01
4.659999999999996090e-02
4.850000000000000838e-02
4.699999999999998623e-02
6.799999999999997713e-02
9.419999999999997820e-02
7.329999999999994853e-02
9.970000000000002471e-02
3.710000000000000797e-02
3.720000000000001084e-02
5.969999999999998919e-02
5.929999999999997079e-02
1.137000000000000094e-01
5.809999999999998499e-02
7.739999999999996882e-02
2.699999999999995459e-02
9.450000000000005618e-02
2.850000000000002531e-02
1.123000000000000387e-01
5.370000000000000467e-02
4.889999999999999902e-02
2.989999999999998909e-02
3.729999999999995819e-02
6.480000000000001037e-02
5.589999999999994973e-02
8.300000000000001821e-02
3.970000000000002000e-02
2.089999999999995334e-02
2.549999999999997755e-02
3.210000000000005210e-02
7.360000000000001263e-02
4.469999999999999668e-02
4.830000000000000959e-02
9.390000000000002511e-02
7.780000000000000804e-02
2.809999999999999998e-02
4.579999999999997962e-02
1.490000000000001219e-02
1.007000000000000117e-01
5.599999999999999423e-02
7.359999999999999876e-02
6.590000000000000024e-02
6.349999999999998701e-02
2.229999999999996915e-02
4.890000000000002678e-02
7.090000000000004632e-02
7.180000000000003046e-02
1.175000000000000211e-01
4.970000000000002194e-02
1.979999999999998775e-02
6.479999999999999649e-02
7.049999999999997935e-02
4.120000000000000745e-02
7.850000000000000033e-02
6.359999999999998987e-02
5.960000000000001408e-02
3.930000000000002242e-02
2.149999999999998440e-02
1.298999999999999599e-01
5.170000000000000290e-02
1.251999999999999502e-01
4.460000000000005627e-02
4.199999999999997485e-02
2.200000000000000566e-02
7.970000000000004858e-02
6.329999999999999516e-02
7.760000000000000231e-02
8.959999999999998521e-02
4.420000000000000318e-02
2.150000000000002950e-02
8.609999999999998210e-02
2.900000000000003270e-02
1.384999999999999565e-01
3.699999999999999123e-02
3.669999999999999651e-02
7.069999999999998508e-02
8.410000000000003584e-02
7.410000000000005471e-02
8.609999999999998210e-02
4.069999999999997925e-02
6.499999999999998834e-02
5.089999999999997998e-02
7.370000000000004325e-02
5.830000000000000460e-02
1.216999999999999887e-01
1.860000000000002623e-02
2.360000000000000986e-02
7.259999999999999787e-02
8.679999999999998828e-02
9.240000000000002378e-02
6.180000000000001464e-02
1.930000000000001159e-02
5.129999999999999144e-02
7.950000000000001510e-02
5.789999999999997926e-02
1.006999999999999978e-01
5.380000000000004223e-02
4.030000000000001636e-02
4.240000000000000713e-02
7.220000000000004192e-02
8.949999999999994071e-02
8.499999999999997835e-02
