4.979999999999999705e-02
4.470000000000000362e-02
1.285000000000000031e-01
5.100000000000000366e-02
8.659999999999999643e-02
1.297000000000000097e-01
7.180000000000000271e-02
4.399999999999999745e-02
4.120000000000000051e-02
7.640000000000000957e-02
9.850000000000000422e-02
6.710000000000000686e-02
5.580000000000000238e-02
3.899999999999999301e-02
5.009999999999999870e-02
2.930000000000001006e-02
6.560000000000000553e-02
1.381000000000000005e-01
1.408000000000000085e-01
6.270000000000000573e-02
4.819999999999998591e-02
8.200000000000001732e-02
5.420000000000000512e-02
8.310000000000000719e-02
8.249999999999999001e-02
7.309999999999999831e-02
5.690000000000000613e-02
7.580000000000000626e-02
4.729999999999998789e-02
7.270000000000000073e-02
6.099999999999999867e-02
1.100999999999999757e-01
1.653999999999999915e-01
7.570000000000000340e-02
9.660000000000000531e-02
5.789999999999999314e-02
1.470999999999999808e-01
1.039000000000000201e-01
6.439999999999999891e-02
6.000000000000000472e-02
6.360000000000000375e-02
1.455000000000000182e-01
4.079999999999998905e-02
9.030000000000000526e-02
6.979999999999998705e-02
5.319999999999999729e-02
4.200000000000000261e-02
2.050999999999999768e-01
7.820000000000000562e-02
4.780000000000000915e-02
9.139999999999999514e-02
2.049999999999999878e-01
9.799999999999998990e-02
8.500000000000001998e-02
8.920000000000000151e-02
6.890000000000000291e-02
2.090000000000002967e-02
4.069999999999998619e-02
1.901999999999999802e-01
7.700000000000005451e-02
8.199999999999997569e-02
1.099999999999999589e-01
1.410000000000000142e-01
2.657000000000000473e-01
1.007000000000000256e-01
1.918999999999999873e-01
1.988999999999999935e-01
9.289999999999998259e-02
1.580999999999999905e-01
9.200000000000002620e-02
4.369999999999998885e-02
8.490000000000000324e-02
6.819999999999998286e-02
8.360000000000000764e-02
1.238999999999999824e-01
1.577000000000000068e-01
1.670999999999999708e-01
1.687000000000000166e-01
2.802999999999999936e-01
8.869999999999998719e-02
3.634999999999999343e-01
4.979999999999999011e-02
1.987000000000000155e-01
2.950000000000001232e-02
1.845999999999999863e-01
2.721000000000000085e-01
1.287999999999999146e-01
1.243000000000000493e-01
8.869999999999998719e-02
7.640000000000002345e-02
9.360000000000000264e-02
2.539999999999999203e-02
1.195999999999999980e-01
6.170000000000001872e-02
2.448999999999999788e-01
1.048000000000000320e-01
1.738999999999999713e-01
5.880000000000001892e-02
6.500000000000002998e-02
7.960000000000000409e-02
1.559999999999999720e-01
1.101999999999999647e-01
1.413000000000000367e-01
1.014999999999999930e-01
1.556000000000000161e-01
1.394999999999999851e-01
9.600000000000000200e-02
8.290000000000000147e-02
8.200000000000003120e-02
1.163000000000000145e-01
6.889999999999998903e-02
1.409999999999999865e-01
1.040000000000000230e-01
9.919999999999998264e-02
2.799999999999997630e-02
1.381999999999999895e-01
5.119999999999998858e-02
8.990000000000003544e-02
7.260000000000001175e-02
5.710000000000001186e-02
1.362999999999999767e-01
8.520000000000002571e-02
6.609999999999999210e-02
1.106999999999999790e-01
3.849999999999999256e-02
4.780000000000001609e-02
6.539999999999997204e-02
2.076999999999999957e-01
1.391000000000000014e-01
1.207000000000000017e-01
3.090000000000000385e-02
1.102000000000000202e-01
7.389999999999999347e-02
6.249999999999997918e-02
8.369999999999999662e-02
3.989999999999999797e-02
4.299999999999998962e-02
8.710000000000001075e-02
7.369999999999998774e-02
9.589999999999999913e-02
6.350000000000002864e-02
9.869999999999999607e-02
7.660000000000000142e-02
8.549999999999996492e-02
6.680000000000001215e-02
3.929999999999996690e-02
4.960000000000000520e-02
1.424999999999999600e-01
1.703999999999999959e-01
8.979999999999999094e-02
5.900000000000002465e-02
8.830000000000001736e-02
1.470000000000000195e-01
1.104000000000000259e-01
4.300000000000000350e-02
1.128000000000000252e-01
8.849999999999999534e-02
7.550000000000002542e-02
1.647000000000000131e-01
1.166000000000000092e-01
1.919999999999999762e-01
3.431000000000000161e-01
1.121999999999999942e-01
1.093999999999999972e-01
1.874000000000000388e-01
1.216999999999999749e-01
1.824000000000000066e-01
6.479999999999999649e-02
1.620000000000000051e-01
4.089999999999999747e-01
1.082000000000000045e-01
4.419999999999997542e-02
1.763000000000000123e-01
1.779000000000000026e-01
1.761000000000000065e-01
1.780000000000000471e-01
1.397000000000000464e-01
2.168000000000000205e-01
8.240000000000001490e-02
9.759999999999996456e-02
1.414999999999999869e-01
7.210000000000002518e-02
4.200000000000000261e-02
6.670000000000003704e-02
7.250000000000005052e-02
1.355999999999999706e-01
4.979999999999999982e-01
5.889999999999999680e-01
1.273000000000000242e-01
9.340000000000001079e-02
4.720000000000000584e-02
1.215000000000000108e-01
7.000000000000000666e-02
1.797999999999999876e-01
8.889999999999999292e-02
1.970000000000002305e-02
1.096999999999999781e-01
1.367999999999999772e-01
7.930000000000003713e-02
1.094000000000000250e-01
8.770000000000000018e-02
1.500000000000000222e-01
2.007999999999999785e-01
1.710999999999999743e-01
4.639999999999999680e-02
1.710999999999999743e-01
6.570000000000002227e-02
6.439999999999999891e-02
7.539999999999996705e-02
7.200000000000000844e-02
1.201999999999999735e-01
7.380000000000000449e-02
7.689999999999999614e-02
1.549999999999999711e-01
9.050000000000001099e-02
1.408999999999999975e-01
8.629999999999998783e-02
5.530000000000000193e-02
1.768000000000000127e-01
9.220000000000000417e-02
1.770999999999999797e-01
6.959999999999996745e-02
5.474000000000001087e-01
9.037000000000000588e-01
4.400999999999999357e-01
2.549999999999998934e-01
1.783000000000000418e-01
1.038000000000000034e-01
1.110000000000000153e-01
1.268000000000000238e-01
5.700000000000002287e-02
1.229000000000000370e-01
8.670000000000002705e-02
1.482000000000000262e-01
1.090000000000000135e-01
2.909999999999997311e-02
2.175000000000000266e-01
1.478999999999999759e-01
9.139999999999999514e-02
2.287000000000000144e-01
4.539999999999998204e-02
1.780000000000000471e-01
1.771000000000000629e-01
1.917000000000000370e-01
1.870999999999999608e-01
1.195000000000000506e-01
1.135000000000000453e-01
1.238000000000000905e-01
1.819999999999999396e-01
1.342999999999999750e-01
1.682999999999999774e-01
1.528000000000000469e-01
1.426000000000000045e-01
6.779999999999995752e-02
1.451999999999999957e-01
1.446000000000000063e-01
1.064000000000000223e-01
1.313999999999999613e-01
2.969999999999996254e-02
1.531000000000000139e-01
1.385999999999999732e-01
1.408999999999999420e-01
9.380000000000003613e-02
4.769999999999999241e-02
1.638000000000000567e-01
2.834999999999999742e-01
2.503000000000000225e-01
3.674000000000000044e-01
1.806000000000000383e-01
2.018999999999999684e-01
1.078999999999999682e-01
1.498999999999999500e-01
9.040000000000000813e-02
4.219999999999998752e-02
1.400000000000000411e-01
9.589999999999999913e-02
1.268000000000000238e-01
1.000999999999999529e-01
3.849999999999997868e-02
1.417000000000000481e-01
7.300000000000002320e-02
1.144999999999999352e-01
8.149999999999997524e-02
1.414999999999999869e-01
1.166999999999999843e-01
1.207000000000000156e-01
6.179999999999997995e-02
1.097999999999999671e-01
1.308999999999999608e-01
8.430000000000001381e-02
5.960000000000002796e-02
1.812000000000000277e-01
6.240000000000001101e-02
2.900999999999999690e-01
5.799999999999996131e-02
9.190000000000003721e-02
1.354999999999999816e-01
6.200000000000001343e-02
1.846000000000000418e-01
8.769999999999995854e-02
6.599999999999998923e-02
1.100999999999999618e-01
1.823000000000000176e-01
4.849999999999995981e-02
8.199999999999998956e-02
2.336000000000000021e-01
9.280000000000002136e-02
2.149000000000000077e-01
6.169999999999999096e-02
1.536000000000000143e-01
1.252999999999999670e-01
6.110000000000004317e-02
8.689999999999997726e-02
7.960000000000000409e-02
1.137999999999999845e-01
5.270000000000002460e-02
9.399999999999994471e-02
5.170000000000005147e-02
1.367000000000000159e-01
8.630000000000000171e-02
1.698000000000000342e-01
1.221000000000000418e-01
1.262000000000000344e-01
2.447999999999999621e-01
5.949999999999999734e-02
6.839999999999996083e-02
2.429999999999999660e-01
1.618999999999999884e-01
1.241000000000000020e-01
1.050000000000000100e-01
1.273999999999999855e-01
5.779999999999999721e-02
6.249999999999998612e-02
4.530000000000004856e-02
1.605000000000000038e-01
1.216000000000000553e-01
4.920000000000000762e-02
4.749999999999988953e-02
8.650000000000004907e-02
1.122000000000000774e-01
4.529999999999999305e-02
1.305999999999999661e-01
8.390000000000008562e-02
4.460000000000004239e-02
7.149999999999998024e-02
8.590000000000003189e-02
7.849999999999998646e-02
5.730000000000001065e-02
1.154999999999999916e-01
1.372999999999999776e-01
1.405000000000000138e-01
2.406999999999999973e-01
1.366999999999999882e-01
3.329000000000000292e-01
9.492000000000000437e-01
1.558000000000000496e-01
4.169000000000000483e-01
1.539000000000000368e-01
2.218999999999999584e-01
1.133999999999999869e-01
7.760000000000005782e-02
1.118000000000000105e-01
1.523000000000000187e-01
5.080000000000003957e-02
7.530000000000006133e-02
1.176000000000000378e-01
1.238000000000000489e-01
1.576000000000000179e-01
8.739999999999994995e-02
1.773000000000000131e-01
1.356999999999999595e-01
1.721999999999999920e-01
5.309999999999999443e-02
1.116000000000000603e-01
1.285000000000000031e-01
1.418999999999999984e-01
1.094999999999999585e-01
3.410000000000000531e-02
1.554999999999999993e-01
1.162999999999999867e-01
1.522999999999999909e-01
6.640000000000000069e-02
1.387999999999999512e-01
8.419999999999998319e-02
1.585999999999999910e-01
2.829999999999996407e-02
1.010000000000000342e-01
1.853999999999999537e-01
1.574000000000000676e-01
1.352999999999999758e-01
7.030000000000004301e-02
1.357999999999999763e-01
1.072999999999999926e-01
1.181999999999999579e-01
5.990000000000000879e-02
4.760000000000000342e-02
1.931999999999999829e-01
7.560000000000002829e-02
1.365999999999999714e-01
3.090000000000003855e-02
1.477999999999999869e-01
8.799999999999992550e-02
1.879999999999999727e-01
1.802999999999999881e-01
1.343000000000000305e-01
1.004000000000000309e-01
1.055999999999999994e-01
7.219999999999998641e-02
2.623999999999999666e-01
1.804000000000000048e-01
6.709999999999996523e-02
1.517000000000000015e-01
3.720000000000001084e-02
5.689999999999999225e-02
1.551000000000000156e-01
9.260000000000004339e-02
8.259999999999996512e-02
5.839999999999997971e-02
1.232999999999999791e-01
1.429000000000000825e-01
1.152000000000000107e-01
1.425000000000000433e-01
1.376999999999999336e-01
7.660000000000000142e-02
1.675999999999999435e-01
7.290000000000002034e-02
1.663999999999999646e-01
7.999999999999996003e-02
1.946999999999999287e-01
7.429999999999996330e-02
8.919999999999995988e-02
1.338999999999999913e-01
