3.687000000000000277e-01
2.178999999999999826e-01
4.465999999999999970e-01
1.190000000000000085e-01
8.959999999999997133e-02
3.529999999999999805e-02
7.279999999999998972e-02
5.440000000000001085e-02
5.499999999999997252e-02
5.479999999999999455e-02
7.999999999999998779e-02
1.041000000000000120e-01
8.669999999999999929e-02
6.529999999999999694e-02
8.920000000000000151e-02
1.075999999999999318e-01
8.469999999999996976e-02
5.009999999999999870e-02
8.099999999999998868e-02
1.204000000000000070e-01
9.649999999999997469e-02
8.279999999999999860e-02
9.310000000000001608e-02
7.400000000000001021e-02
5.509999999999999620e-02
1.273999999999999855e-01
9.720000000000002249e-02
6.460000000000000464e-02
8.489999999999994773e-02
2.499999999999998751e-02
4.439999999999998809e-02
1.201000000000000401e-01
1.040999999999999981e-01
6.779999999999997140e-02
3.110000000000000958e-02
4.379999999999999866e-02
9.559999999999999054e-02
9.220000000000003193e-02
2.690000000000006969e-02
9.060000000000001386e-02
6.279999999999999472e-02
6.259999999999996123e-02
1.103000000000000369e-01
3.329999999999998933e-02
1.105999999999999206e-01
1.416999999999999926e-01
5.049999999999994771e-02
6.729999999999992932e-02
6.930000000000001437e-02
7.569999999999998952e-02
4.609999999999999515e-02
7.749999999999997169e-02
5.179999999999999188e-02
3.829999999999998683e-02
9.669999999999999429e-02
6.009999999999993125e-02
8.339999999999998803e-02
9.719999999999999474e-02
8.830000000000004512e-02
6.190000000000001057e-02
6.679999999999999827e-02
4.850000000000004308e-02
5.609999999999999709e-02
3.370000000000002160e-02
5.780000000000004579e-02
4.079999999999997518e-02
7.830000000000002236e-02
4.970000000000000806e-02
6.379999999999998173e-02
8.559999999999998166e-02
3.410000000000001225e-02
1.009000000000000452e-01
7.000000000000006217e-02
8.590000000000000413e-02
1.528999999999999804e-01
6.180000000000002158e-02
1.053000000000000186e-01
1.005999999999999811e-01
1.163000000000000006e-01
8.650000000000000744e-02
7.129999999999994675e-02
3.469999999999998086e-02
4.210000000000004017e-02
8.240000000000002878e-02
1.333000000000000296e-01
1.207999999999999630e-01
1.263000000000000789e-01
5.710000000000003267e-02
9.880000000000004057e-02
2.679999999999996621e-02
6.860000000000002207e-02
8.839999999999997859e-02
5.569999999999996482e-02
8.829999999999997573e-02
4.230000000000002508e-02
4.059999999999998332e-02
1.377999999999999226e-01
9.259999999999998788e-02
6.640000000000001457e-02
5.340000000000001690e-02
9.350000000000001366e-02
2.220000000000000306e-01
1.336999999999999855e-01
1.890000000000000013e-01
5.970000000000001694e-02
1.715000000000000413e-01
1.222999999999999643e-01
1.015999999999999681e-01
6.910000000000003639e-02
4.450000000000000483e-02
1.070000000000000118e-01
2.149999999999999689e-01
9.139999999999998126e-02
5.489999999999999047e-02
2.204000000000000403e-01
7.910000000000003140e-02
1.502000000000000002e-01
3.305000000000000160e-01
1.290999999999999370e-01
5.539999999999997704e-02
6.169999999999997708e-02
1.520000000000000517e-01
2.201000000000000456e-01
1.653999999999999915e-01
1.201000000000000262e-01
1.020000000000000767e-01
1.188999999999999779e-01
1.333999999999999908e-01
9.280000000000002136e-02
6.509999999999999121e-02
6.419999999999999318e-02
1.817000000000000282e-01
8.809999999999999776e-02
2.690000000000000724e-02
1.518999999999999795e-01
1.878999999999999837e-01
1.057999999999999635e-01
7.829999999999998073e-02
1.222000000000000863e-01
1.218000000000000471e-01
1.052999999999999770e-01
8.060000000000003273e-02
1.321000000000000507e-01
9.919999999999994100e-02
7.010000000000002340e-02
1.620999999999999941e-01
1.173000000000000292e-01
1.289999999999999480e-01
1.519999999999999685e-01
1.178000000000000019e-01
1.173000000000000015e-01
1.087999999999999801e-01
1.068000000000000060e-01
1.274999999999999467e-01
1.318000000000000005e-01
8.439999999999997504e-02
8.670000000000001317e-02
4.949999999999996070e-02
7.980000000000005145e-02
1.302000000000000379e-01
5.950000000000002509e-02
5.970000000000002388e-02
1.085999999999999466e-01
7.139999999999996350e-02
6.160000000000000892e-02
5.679999999999997551e-02
4.230000000000008059e-02
5.699999999999994654e-02
8.350000000000004641e-02
8.400000000000000522e-02
7.479999999999999150e-02
5.849999999999996175e-02
7.070000000000001283e-02
5.919999999999998874e-02
1.800000000000002293e-02
6.649999999999997580e-02
9.660000000000007470e-02
1.155000000000000054e-01
5.173999999999999710e-01
1.639999999999999514e-01
1.941999999999999837e-01
7.609999999999998710e-02
4.620000000000000495e-02
1.442999999999999838e-01
8.730000000000005811e-02
1.222999999999999921e-01
6.640000000000009783e-02
1.093000000000000638e-01
5.310000000000000830e-02
7.390000000000002123e-02
1.097999999999999809e-01
4.509999999999997344e-02
5.030000000000002525e-02
9.419999999999999207e-02
4.690000000000005276e-02
7.449999999999995515e-02
9.849999999999997646e-02
4.009999999999999676e-02
4.870000000000003493e-02
7.199999999999999456e-02
1.070000000000000395e-01
1.271999999999999797e-01
3.719999999999998308e-02
8.040000000000006863e-02
3.249999999999997335e-02
6.769999999999995466e-02
6.099999999999994316e-02
7.970000000000007634e-02
8.400000000000000522e-02
5.310000000000002218e-02
6.500000000000000222e-02
6.210000000000000242e-02
2.329999999999995963e-02
6.479999999999998261e-02
5.890000000000006342e-02
7.170000000000005536e-02
5.600000000000002198e-02
8.389999999999994684e-02
9.009999999999998566e-02
1.290999999999999648e-01
5.619999999999999996e-02
1.052999999999999631e-01
6.010000000000008391e-02
1.018000000000000016e-01
9.349999999999998590e-02
7.020000000000004015e-02
1.113999999999999851e-01
1.038000000000000034e-01
2.910000000000002862e-02
8.790000000000004754e-02
8.629999999999996008e-02
1.252999999999999670e-01
7.119999999999999940e-02
5.789999999999995151e-02
6.519999999999999407e-02
7.560000000000001441e-02
4.070000000000001394e-02
4.750000000000001443e-02
1.571000000000000174e-01
2.670000000000001539e-02
1.003000000000000003e-01
5.939999999999991120e-02
1.425000000000000711e-01
4.509999999999994569e-02
1.386999999999999622e-01
5.159999999999992371e-02
5.349999999999999201e-02
8.319999999999999618e-02
8.989999999999999380e-02
1.335000000000000631e-01
8.359999999999995213e-02
3.669999999999998264e-02
9.690000000000005553e-02
4.899999999999991862e-02
1.819999999999999951e-01
8.009999999999997677e-02
2.116000000000000381e-01
1.049000000000000765e-01
1.539999999999999702e-01
5.690000000000004776e-02
1.665999999999999981e-01
1.171999999999999986e-01
8.609999999999996823e-02
6.930000000000000049e-02
5.259999999999999398e-02
3.130000000000000837e-02
7.779999999999995253e-02
1.078000000000000208e-01
1.172999999999999876e-01
7.729999999999997984e-02
4.129999999999997562e-02
5.949999999999994182e-02
4.450000000000006728e-02
7.169999999999999984e-02
7.190000000000003333e-02
4.209999999999998466e-02
1.272000000000000353e-01
7.409999999999998532e-02
1.226999999999999341e-01
6.760000000000003506e-02
1.017999999999999600e-01
6.199999999999997180e-02
1.197999999999999898e-01
3.639999999999998098e-02
7.230000000000000315e-02
3.500000000000001027e-02
9.920000000000001039e-02
5.729999999999996207e-02
1.179000000000000326e-01
1.923000000000000265e-01
1.098000000000000365e-01
2.430999999999999550e-01
1.118000000000000382e-01
1.063999999999999668e-01
1.292999999999999705e-01
1.168000000000000288e-01
1.079999999999999849e-01
8.859999999999999820e-02
7.699999999999998512e-02
1.436999999999999944e-01
7.819999999999993623e-02
9.019999999999994689e-02
8.210000000000000631e-02
5.830000000000007399e-02
1.305999999999999939e-01
4.010000000000004533e-02
1.214999999999999830e-01
5.920000000000002344e-02
7.719999999999997697e-02
8.170000000000002260e-02
2.230000000000001772e-02
5.750000000000005107e-02
5.080000000000001875e-02
7.790000000000002478e-02
6.869999999999999718e-02
1.031000000000000250e-01
8.179999999999998384e-02
8.170000000000002260e-02
4.949999999999996070e-02
6.200000000000000649e-02
5.129999999999996368e-02
6.489999999999999936e-02
2.560000000000001164e-02
1.402999999999999803e-01
2.245999999999999386e-01
1.895000000000000295e-01
4.590000000000001718e-02
5.080000000000001181e-02
4.979999999999999011e-02
8.670000000000006868e-02
3.789999999999998231e-02
7.139999999999994962e-02
8.439999999999998892e-02
1.165999999999999814e-01
4.479999999999999261e-02
8.229999999999999816e-02
7.620000000000001772e-02
7.969999999999997919e-02
5.799999999999998213e-02
5.079999999999998406e-02
6.679999999999999827e-02
8.770000000000001406e-02
8.380000000000006888e-02
9.779999999999999805e-02
4.379999999999997784e-02
5.050000000000001710e-02
9.410000000000001696e-02
8.000000000000001554e-02
8.370000000000001050e-02
5.219999999999999640e-02
6.880000000000001392e-02
5.089999999999997998e-02
4.340000000000002189e-02
5.909999999999998588e-02
6.949999999999995071e-02
4.960000000000001907e-02
1.066000000000000142e-01
6.209999999999993997e-02
4.070000000000001394e-02
7.449999999999995515e-02
5.650000000000002243e-02
5.570000000000002727e-02
8.180000000000001159e-02
9.380000000000003613e-02
8.120000000000002216e-02
5.990000000000004349e-02
7.180000000000000271e-02
9.550000000000000155e-02
2.770000000000003709e-02
5.580000000000003013e-02
8.699999999999999400e-02
7.189999999999997782e-02
1.434000000000000830e-01
4.659999999999998865e-02
3.549999999999995520e-02
5.820000000000000867e-02
6.540000000000004143e-02
3.300000000000002931e-02
5.330000000000000016e-02
5.179999999999998495e-02
6.979999999999997318e-02
5.819999999999997398e-02
7.479999999999997762e-02
5.210000000000000742e-02
8.540000000000001756e-02
5.690000000000000613e-02
6.880000000000000004e-02
6.029999999999996474e-02
7.320000000000005669e-02
2.969999999999990703e-02
8.449999999999996403e-02
4.960000000000003295e-02
8.849999999999999534e-02
7.919999999999999263e-02
4.299999999999998268e-02
9.019999999999997464e-02
7.390000000000003511e-02
8.640000000000000457e-02
8.329999999999998517e-02
5.979999999999997123e-02
1.033000000000000446e-01
5.240000000000000213e-02
8.590000000000000413e-02
9.139999999999998126e-02
6.819999999999999674e-02
9.560000000000001830e-02
6.360000000000007314e-02
9.929999999999992999e-02
5.039999999999994484e-02
6.260000000000001674e-02
1.040999999999999981e-01
4.349999999999998312e-02
9.139999999999998126e-02
8.860000000000001208e-02
7.710000000000000187e-02
8.629999999999998783e-02
2.124999999999999667e-01
1.024999999999999523e-01
7.739999999999998270e-02
1.037000000000000421e-01
1.076000000000000012e-01
3.709999999999998715e-02
4.980000000000002480e-02
1.018000000000000432e-01
1.604999999999999760e-01
9.330000000000006344e-02
7.630000000000000671e-02
1.063000000000000334e-01
1.098999999999999699e-01
6.000000000000001860e-02
1.008000000000000285e-01
5.399999999999993694e-02
