1.895999999999999908e-01
6.230000000000000121e-02
1.936999999999999833e-01
5.740000000000000657e-02
5.970000000000000306e-02
8.949999999999999623e-02
8.549999999999999267e-02
1.777999999999999858e-01
4.070000000000000007e-02
5.459999999999999576e-02
1.321999999999999842e-01
5.030000000000001137e-02
1.459000000000000019e-01
8.990000000000000768e-02
4.540000000000000285e-02
1.013999999999999901e-01
8.490000000000000324e-02
6.209999999999999548e-02
4.590000000000001024e-02
6.899999999999997802e-02
3.780000000000000027e-02
1.900000000000000022e-01
8.489999999999997549e-02
7.620000000000001772e-02
1.075999999999999873e-01
5.040000000000001423e-02
1.275999999999999635e-01
4.080000000000000293e-02
8.209999999999999243e-02
1.021000000000000241e-01
1.656000000000000250e-01
3.690000000000003000e-02
3.759999999999998066e-02
1.086999999999999772e-01
5.199999999999999761e-02
1.159000000000000030e-01
1.036999999999999866e-01
1.101000000000000034e-01
4.579999999999997962e-02
2.119000000000000050e-01
9.959999999999996634e-02
1.828999999999999793e-01
4.649999999999997191e-02
2.210000000000000298e-01
5.550000000000002848e-02
6.069999999999999007e-02
1.573999999999999844e-01
1.276000000000000190e-01
1.905000000000000027e-01
7.669999999999999041e-02
8.229999999999999816e-02
1.878000000000000225e-01
1.449000000000000288e-01
9.949999999999999123e-02
1.471999999999999975e-01
1.401000000000000023e-01
1.141000000000000208e-01
1.705999999999999739e-01
7.720000000000001861e-02
1.860999999999999599e-01
1.057999999999999774e-01
1.516000000000000125e-01
9.750000000000003109e-02
1.693000000000000060e-01
1.343000000000000027e-01
9.120000000000000329e-02
8.019999999999999352e-02
1.367999999999999772e-01
6.959999999999998133e-02
1.934000000000000441e-01
7.469999999999998863e-02
1.481000000000000094e-01
7.999999999999998779e-02
1.456999999999999962e-01
5.230000000000001315e-02
1.517999999999999905e-01
1.879999999999998339e-02
1.879000000000000115e-01
4.339999999999998720e-02
1.291000000000000203e-01
8.679999999999996052e-02
2.293999999999999928e-01
3.759999999999998760e-02
1.063000000000000611e-01
1.025999999999999829e-01
2.076000000000000068e-01
4.870000000000003493e-02
1.471000000000000363e-01
7.350000000000000977e-02
1.771000000000000352e-01
4.439999999999996727e-02
1.993999999999999939e-01
2.950000000000000885e-02
2.083999999999999742e-01
3.219999999999999252e-02
1.842999999999999639e-01
3.670000000000001039e-02
1.379999999999999838e-01
5.459999999999998188e-02
1.885000000000000009e-01
1.370000000000000731e-02
2.214000000000000135e-01
5.370000000000002549e-02
1.551000000000000156e-01
8.249999999999999001e-02
2.506000000000000449e-01
5.879999999999996341e-02
1.605000000000000038e-01
2.320000000000001575e-02
2.277000000000000135e-01
5.330000000000000016e-02
2.269000000000000183e-01
1.204000000000000625e-01
9.739999999999994496e-02
6.319999999999995066e-02
2.152999999999999914e-01
1.461999999999999966e-01
1.566000000000000170e-01
7.860000000000005871e-02
1.862999999999999656e-01
1.471000000000000085e-01
1.587000000000000077e-01
8.909999999999999865e-02
2.127999999999999892e-01
8.799999999999993938e-02
1.665000000000000369e-01
9.839999999999995972e-02
2.307999999999999774e-01
9.470000000000000639e-02
1.851999999999999480e-01
1.070999999999999452e-01
2.061000000000000054e-01
4.200000000000005812e-02
2.482000000000000040e-01
8.249999999999996225e-02
1.204999999999999682e-01
2.003999999999999670e-01
1.706999999999999906e-01
1.854999999999999982e-01
7.170000000000002760e-02
1.587000000000000077e-01
1.198000000000000453e-01
1.775000000000000466e-01
1.595999999999999641e-01
4.529999999999997917e-02
2.301999999999999880e-01
6.519999999999995244e-02
2.094000000000000861e-01
6.689999999999998725e-02
2.069999999999999618e-01
2.430000000000002297e-02
2.242999999999999994e-01
6.040000000000000230e-02
1.118000000000000382e-01
1.783000000000000140e-01
1.250000000000000000e-01
3.621000000000000330e-01
4.646000000000000130e-01
1.856999999999999762e-01
5.069999999999996732e-02
7.070000000000002671e-02
3.259999999999996234e-02
1.320000000000001381e-02
2.489999999999998465e-02
2.179999999999999646e-02
4.729999999999998095e-02
8.079999999999999682e-02
1.219999999999999973e-01
3.470000000000002249e-02
5.390000000000001734e-02
7.559999999999994502e-02
9.339999999999995528e-02
6.930000000000000049e-02
1.675999999999999712e-01
1.229999999999999705e-01
3.259999999999996234e-02
1.515999999999999293e-01
7.810000000000005826e-02
1.812000000000000277e-01
9.120000000000000329e-02
2.586000000000000520e-01
5.929999999999997773e-02
1.088999999999999690e-01
1.985999999999999988e-01
2.168999999999999262e-01
1.433000000000000385e-01
5.040000000000004199e-02
8.729999999999997484e-02
2.214000000000000135e-01
9.900000000000004630e-02
2.722999999999999865e-01
6.240000000000001101e-02
1.768000000000000682e-01
1.614999999999999769e-01
2.268000000000000016e-01
7.419999999999998819e-02
2.106000000000000372e-01
1.079999999999999433e-01
2.496999999999999775e-01
9.570000000000000728e-02
2.087999999999999301e-01
4.460000000000007014e-02
2.219000000000000417e-01
6.949999999999997846e-02
2.174000000000000099e-01
3.170000000000006146e-02
1.988000000000000322e-01
6.439999999999991565e-02
1.582999999999999408e-01
8.079999999999998295e-02
2.251999999999999835e-01
4.290000000000001451e-02
1.507999999999999896e-01
8.149999999999998912e-02
1.797999999999999876e-01
4.150000000000003686e-02
1.165000000000000757e-01
1.653999999999999360e-01
8.780000000000004468e-02
2.408999999999999475e-01
9.120000000000001716e-02
5.779999999999997640e-02
1.128000000000000114e-01
7.050000000000000711e-02
1.538999999999999813e-01
7.439999999999991065e-02
1.775000000000000466e-01
1.969999999999999876e-02
1.557000000000000606e-01
6.770000000000003793e-02
1.504999999999999671e-01
1.748000000000000109e-01
5.879999999999998422e-02
1.679999999999999827e-01
4.520000000000004570e-02
1.819000000000000339e-01
1.850000000000000949e-02
1.242999999999999244e-01
1.149999999999999772e-01
1.859000000000000097e-01
5.470000000000001944e-02
1.716000000000000303e-01
1.514999999999999958e-01
5.280000000000006216e-02
2.331000000000000572e-01
1.014000000000000318e-01
5.399999999999995082e-02
1.800000000000000211e-01
7.369999999999998774e-02
2.091000000000000081e-01
1.905000000000000027e-01
8.810000000000005327e-02
8.120000000000007767e-02
2.105999999999999261e-01
1.948999999999999899e-01
1.793999999999999762e-01
6.339999999999998415e-02
1.892999999999999128e-01
3.910000000000005138e-02
2.000000000000000111e-01
4.260000000000003367e-02
1.856000000000000427e-01
7.649999999999994305e-02
2.265999999999999959e-01
4.779999999999994670e-02
1.485000000000000209e-01
4.829999999999991939e-02
2.271999999999999575e-01
7.719999999999992146e-02
1.662999999999999479e-01
6.719999999999992646e-02
2.654000000000000248e-01
4.749999999999989647e-02
9.189999999999996783e-02
1.849000000000000088e-01
1.657000000000000972e-01
1.613999999999999602e-01
8.490000000000001712e-02
2.123999999999999222e-01
1.543999999999999262e-01
1.688000000000000611e-01
8.860000000000003983e-02
1.927999999999999992e-01
1.639999999999999236e-01
1.666000000000000814e-01
9.000000000000006606e-02
2.256999999999999285e-01
1.449999999999999623e-01
1.343000000000000305e-01
1.035999999999999976e-01
1.889000000000000401e-01
1.678999999999999382e-01
1.570000000000000284e-01
5.739999999999995106e-02
2.008000000000000063e-01
6.090000000000003744e-02
2.266999999999999849e-01
4.439999999999999503e-02
1.731999999999999651e-01
8.009999999999994902e-02
2.263999999999999624e-01
4.759999999999989240e-02
1.344999999999999529e-01
1.577999999999999681e-01
5.760000000000002618e-02
2.199999999999999178e-01
7.139999999999999125e-02
1.208999999999999658e-01
1.348000000000000864e-01
2.220000000000000862e-01
9.369999999999997775e-02
4.200000000000004424e-02
1.943000000000000282e-01
2.130000000000001337e-02
2.293999999999999651e-01
9.489999999999998437e-02
9.339999999999992752e-02
1.877000000000000612e-01
3.520000000000000906e-02
2.111999999999999433e-01
5.060000000000008241e-02
3.940000000000006691e-02
1.629000000000001003e-01
1.680999999999999717e-01
9.529999999999996807e-02
2.176000000000000156e-01
6.749999999999997669e-02
7.500000000000002498e-02
1.414999999999999869e-01
8.210000000000003406e-02
2.126999999999999447e-01
6.420000000000000706e-02
2.785000000000000808e-01
1.852000000000000313e-01
1.967999999999999194e-01
9.349999999999990263e-02
2.082000000000001072e-01
1.300000000000000877e-01
1.453000000000001235e-01
8.329999999999997129e-02
2.680999999999999495e-01
6.590000000000012514e-02
1.110000000000001263e-01
2.219000000000000139e-01
5.969999999999998919e-02
2.179999999999999716e-01
1.537999999999999923e-01
8.630000000000001559e-02
1.000000000000000056e-01
1.942999999999999450e-01
2.024000000000000243e-01
1.311000000000000776e-01
1.500000000000000222e-01
2.154000000000000359e-01
5.420000000000001206e-02
2.469000000000000361e-01
1.129000000000000004e-01
8.450000000000015832e-02
1.590999999999999914e-01
1.029999999999999805e-01
1.457000000000000517e-01
8.690000000000008828e-02
1.798999999999998656e-01
7.489999999999999436e-02
1.074999999999999706e-01
5.980000000000001981e-02
1.980000000000001203e-01
1.923999999999999044e-01
1.423999999999999710e-01
2.321000000000000285e-01
1.224999999999998590e-01
1.744999999999999885e-01
1.453000000000001235e-01
5.550000000000002154e-02
1.211999999999999189e-01
7.069999999999992957e-02
1.386999999999999345e-01
6.459999999999990750e-02
4.890000000000016556e-02
1.252999999999998837e-01
1.837000000000000299e-01
8.139999999999981972e-02
3.789999999999979496e-02
4.009999999999995512e-02
2.004000000000001613e-01
1.409999999999999032e-01
1.017999999999999738e-01
2.302999999999999492e-01
9.530000000000005134e-02
4.689999999999999725e-02
1.860000000000010950e-02
2.410000000000006928e-02
1.625000000000000333e-01
1.938000000000000833e-01
1.224999999999999561e-01
1.169999999999999513e-01
2.214999999999999192e-01
8.770000000000018059e-02
4.910000000000006026e-02
2.609999999999983861e-02
4.089999999999990171e-02
3.149999999999992389e-02
9.339999999999992752e-02
1.082000000000000878e-01
4.880000000000004473e-02
1.335000000000000075e-01
1.786000000000002030e-01
7.130000000000011329e-02
3.300000000000018890e-02
5.819999999999980744e-02
9.599999999999994649e-02
1.221000000000000696e-01
5.280000000000003441e-02
1.607000000000001760e-01
1.736999999999998545e-01
4.630000000000002169e-02
4.670000000000011642e-02
5.890000000000007729e-02
1.764000000000000290e-01
7.639999999999994018e-02
1.858000000000000207e-01
1.539000000000000923e-01
7.259999999999978970e-02
4.370000000000007212e-02
9.689999999999984737e-02
8.160000000000001974e-02
1.909999999999998921e-01
3.760000000000002923e-02
6.859999999999996656e-02
1.623999999999999333e-01
8.429999999999979177e-02
1.657000000000000972e-01
