9.600000000000000200e-02
1.340999999999999970e-01
1.310000000000000053e-01
1.338999999999999913e-01
4.549999999999999878e-02
1.481999999999999706e-01
8.760000000000001119e-02
1.205999999999999989e-01
8.199999999999998956e-02
1.003000000000000003e-01
1.204999999999999960e-01
1.289000000000000146e-01
7.989999999999999880e-02
4.040000000000000535e-02
9.460000000000000353e-02
1.185999999999999832e-01
1.509999999999999953e-01
1.190000000000000085e-01
3.790000000000000313e-02
1.460999999999999799e-01
1.088999999999999968e-01
1.483000000000000151e-01
7.610000000000000098e-02
7.729999999999999372e-02
9.860000000000000708e-02
1.439999999999999614e-01
8.400000000000000522e-02
7.560000000000000053e-02
1.379000000000000226e-01
1.031999999999999862e-01
8.889999999999999292e-02
4.989999999999999991e-02
1.058000000000000052e-01
1.144000000000000017e-01
1.257000000000000062e-01
9.220000000000001805e-02
3.859999999999999543e-02
5.019999999999999463e-02
1.628000000000000003e-01
7.709999999999997411e-02
1.794999999999999929e-01
1.170000000000000068e-01
6.560000000000000553e-02
5.220000000000001028e-02
4.060000000000000414e-02
7.610000000000000098e-02
1.279000000000000137e-01
4.009999999999999676e-02
1.174999999999999933e-01
8.820000000000000062e-02
6.139999999999999625e-02
1.146999999999999964e-01
1.044999999999999957e-01
7.619999999999998996e-02
1.065999999999999726e-01
6.520000000000000795e-02
5.069999999999998813e-02
9.509999999999997622e-02
9.610000000000000486e-02
7.790000000000001090e-02
4.980000000000001092e-02
8.330000000000001292e-02
1.271000000000000185e-01
1.265999999999999903e-01
6.300000000000000044e-02
4.769999999999999934e-02
3.919999999999998486e-02
8.429999999999999993e-02
1.092999999999999944e-01
1.033999999999999919e-01
8.329999999999999905e-02
7.100000000000000755e-02
1.650000000000000078e-02
8.219999999999999529e-02
8.889999999999999292e-02
1.585000000000000020e-01
8.440000000000000280e-02
4.519999999999999712e-02
1.018000000000000155e-01
1.032000000000000001e-01
1.210000000000000103e-01
9.920000000000001039e-02
6.190000000000000363e-02
1.050999999999999851e-01
9.169999999999998985e-02
1.305000000000000049e-01
7.119999999999999940e-02
2.649999999999999925e-02
7.949999999999998734e-02
7.450000000000001066e-02
8.210000000000000631e-02
8.509999999999999509e-02
4.309999999999999942e-02
3.590000000000001523e-02
9.349999999999999978e-02
6.900000000000000577e-02
8.160000000000000586e-02
5.480000000000000843e-02
4.130000000000001031e-02
1.048999999999999932e-01
1.064999999999999836e-01
7.330000000000000404e-02
4.030000000000000249e-02
5.880000000000000504e-02
7.029999999999998750e-02
1.194999999999999951e-01
7.420000000000001594e-02
1.108999999999999847e-01
9.420000000000000595e-02
1.315000000000000058e-01
7.969999999999999307e-02
6.789999999999998814e-02
1.124000000000000277e-01
1.035000000000000087e-01
6.020000000000000351e-02
5.829999999999999766e-02
8.969999999999998808e-02
8.509999999999999509e-02
8.390000000000000235e-02
6.029999999999999249e-02
1.729999999999999594e-02
8.160000000000000586e-02
1.388999999999999957e-01
1.521000000000000130e-01
8.669999999999999929e-02
5.729999999999998983e-02
1.239999999999999852e-01
7.859999999999998932e-02
1.121000000000000052e-01
6.159999999999998810e-02
5.170000000000000984e-02
1.340000000000000080e-01
1.511000000000000121e-01
1.096999999999999920e-01
5.530000000000000887e-02
6.429999999999999605e-02
8.090000000000002744e-02
1.268000000000000238e-01
7.350000000000000977e-02
8.899999999999999578e-02
1.363999999999999935e-01
1.241999999999999910e-01
8.449999999999997791e-02
3.179999999999999494e-02
4.410000000000000725e-02
8.500000000000000611e-02
1.265000000000000013e-01
7.209999999999999742e-02
4.170000000000000095e-02
1.072999999999999926e-01
1.199999999999999956e-01
1.413000000000000089e-01
1.011999999999999983e-01
3.790000000000000313e-02
8.270000000000000961e-02
1.131000000000000200e-01
1.233999999999999958e-01
8.740000000000000546e-02
9.270000000000000462e-02
1.880000000000000560e-01
1.433999999999999997e-01
1.087999999999999939e-01
6.309999999999998943e-02
6.749999999999999056e-02
1.391000000000000014e-01
1.418000000000000094e-01
4.163999999999999924e-01
3.035999999999999810e-01
9.440000000000001168e-02
5.239999999999999519e-02
1.167999999999999872e-01
1.324000000000000177e-01
9.260000000000001563e-02
9.179999999999999272e-02
3.220000000000000639e-02
7.440000000000002167e-02
1.232999999999999791e-01
1.084999999999999992e-01
8.789999999999999203e-02
7.059999999999999609e-02
2.609999999999999473e-02
1.305000000000000049e-01
1.095999999999999752e-01
8.110000000000000542e-02
7.609999999999998710e-02
5.470000000000000556e-02
1.465999999999999803e-01
1.346999999999999864e-01
1.354000000000000203e-01
6.640000000000000069e-02
1.081000000000000016e-01
1.145999999999999935e-01
1.268999999999999850e-01
9.989999999999998881e-02
6.320000000000000617e-02
1.547999999999999932e-01
1.430999999999999772e-01
1.396000000000000019e-01
2.789999999999999425e-02
1.307999999999999718e-01
1.059999999999999831e-01
1.244999999999999857e-01
7.249999999999999500e-02
7.630000000000000671e-02
1.386999999999999900e-01
1.228999999999999815e-01
1.260000000000000009e-01
9.549999999999998768e-02
1.441000000000000059e-01
9.360000000000001652e-02
1.148000000000000131e-01
6.489999999999998548e-02
9.709999999999999187e-02
1.741000000000000325e-01
1.577000000000000068e-01
1.528999999999999804e-01
8.799999999999998102e-02
1.084000000000000102e-01
1.285000000000000031e-01
1.305999999999999939e-01
1.104999999999999871e-01
8.340000000000000191e-02
1.416000000000000036e-01
1.167000000000000259e-01
1.441999999999999948e-01
4.270000000000001572e-02
1.509999999999999676e-01
1.056999999999999745e-01
1.086000000000000021e-01
3.180000000000002269e-02
1.290999999999999925e-01
1.105000000000000010e-01
1.317000000000000115e-01
1.142000000000000098e-01
2.260000000000001244e-02
1.072000000000000175e-01
1.057000000000000023e-01
1.284999999999999754e-01
7.400000000000001021e-02
5.490000000000000435e-02
5.310000000000000830e-02
1.385999999999999732e-01
1.218000000000000194e-01
1.512000000000000011e-01
3.020000000000001503e-02
1.246000000000000024e-01
7.899999999999998690e-02
1.394999999999999851e-01
7.399999999999998246e-02
6.769999999999998241e-02
1.632000000000000117e-01
1.265000000000000013e-01
1.486000000000000099e-01
5.029999999999999055e-02
4.429999999999997135e-02
1.743999999999999995e-01
9.160000000000001474e-02
1.517000000000000015e-01
8.909999999999998477e-02
5.689999999999998531e-02
1.648999999999999910e-01
1.474999999999999922e-01
1.254000000000000115e-01
5.180000000000000576e-02
2.410000000000001030e-02
2.659999999999999171e-02
1.240000000000000546e-01
6.130000000000003502e-02
1.445000000000000173e-01
7.189999999999999170e-02
1.471000000000000085e-01
1.435000000000000164e-01
1.489999999999999658e-01
1.334000000000000186e-01
1.264000000000000123e-01
8.449999999999999178e-02
1.220000000000000528e-01
1.122999999999999970e-01
2.251000000000000223e-01
3.371999999999999442e-01
2.164999999999999702e-01
1.571000000000000174e-01
6.499999999999997446e-02
1.039000000000000201e-01
2.849999999999995592e-02
6.010000000000000064e-02
1.448000000000000120e-01
1.205000000000000099e-01
8.490000000000001712e-02
1.089999999999999719e-01
3.500000000000001027e-02
9.890000000000000180e-02
8.940000000000003499e-02
1.502000000000000279e-01
1.100000000000000006e-01
5.670000000000000040e-02
5.540000000000000480e-02
1.100999999999999895e-01
9.089999999999999469e-02
7.699999999999998512e-02
5.710000000000001186e-02
2.119999999999996193e-02
3.299999999999996686e-02
3.200000000000002148e-02
4.869999999999999329e-02
1.308999999999999608e-01
8.299999999999997657e-02
1.099999999999999867e-01
3.430000000000002491e-02
2.109999999999997988e-02
1.220000000000000251e-01
1.084000000000000102e-01
1.207000000000000017e-01
7.899999999999998690e-02
2.370000000000000578e-02
3.869999999999999135e-02
1.198999999999999788e-01
1.289999999999999758e-01
1.009000000000000036e-01
1.999999999999999695e-02
7.739999999999998270e-02
1.142000000000000098e-01
1.390000000000000124e-01
1.246000000000000302e-01
6.470000000000000751e-02
5.310000000000001524e-02
1.457999999999999852e-01
1.282000000000000084e-01
1.154000000000000303e-01
5.500000000000000722e-02
4.570000000000003226e-02
7.550000000000001155e-02
8.210000000000000631e-02
1.179999999999999938e-01
8.000000000000001554e-02
5.119999999999999551e-02
9.959999999999999409e-02
1.185999999999999693e-01
8.040000000000001312e-02
5.149999999999998329e-02
8.009999999999997677e-02
1.213000000000000189e-01
1.542999999999999927e-01
1.106000000000000177e-01
5.390000000000001040e-02
1.117999999999999966e-01
9.020000000000001628e-02
1.422999999999999821e-01
9.009999999999999953e-02
2.720000000000001236e-02
1.370999999999999996e-01
1.335000000000000075e-01
1.212999999999999912e-01
8.519999999999999796e-02
7.230000000000000315e-02
1.436999999999999944e-01
1.543999999999999817e-01
1.663000000000000034e-01
6.379999999999998173e-02
9.110000000000001430e-02
9.099999999999998368e-02
1.167999999999999733e-01
8.520000000000001183e-02
7.059999999999999609e-02
1.374999999999999556e-01
8.500000000000001998e-02
8.649999999999997968e-02
5.500000000000000028e-02
7.520000000000000295e-02
1.141000000000000208e-01
1.465999999999999803e-01
1.104000000000000259e-01
3.889999999999997626e-02
1.189000000000000196e-01
1.224999999999999978e-01
1.265000000000000013e-01
5.960000000000002102e-02
9.180000000000002047e-02
1.282000000000000361e-01
1.055999999999999717e-01
9.569999999999997953e-02
2.909999999999998005e-02
7.459999999999999964e-02
1.462000000000000521e-01
1.249000000000000110e-01
1.340000000000000080e-01
2.690000000000002806e-02
8.369999999999999662e-02
1.975999999999999979e-01
1.413999999999999979e-01
1.032999999999999891e-01
5.410000000000004389e-02
1.213000000000000189e-01
1.296999999999999820e-01
1.452999999999999847e-01
8.399999999999999134e-02
6.790000000000002978e-02
9.979999999999998594e-02
1.395000000000000129e-01
9.379999999999999449e-02
8.780000000000001692e-02
1.125999999999999640e-01
1.072999999999999787e-01
7.099999999999999367e-02
5.249999999999999806e-02
3.820000000000000479e-02
1.600000000000000033e-01
4.580000000000001431e-02
1.253000000000000225e-01
8.490000000000000324e-02
1.065999999999999864e-01
1.163999999999999757e-01
1.532000000000000028e-01
7.819999999999999174e-02
7.430000000000000493e-02
7.330000000000000404e-02
1.252999999999999947e-01
1.450000000000000178e-01
1.101999999999999647e-01
5.230000000000001315e-02
9.100000000000002531e-02
1.446999999999999953e-01
1.156999999999999695e-01
9.870000000000000995e-02
9.339999999999999691e-02
6.650000000000003131e-02
1.299999999999999767e-01
8.630000000000001559e-02
9.569999999999999341e-02
5.599999999999999423e-02
8.259999999999996512e-02
1.228000000000000064e-01
