3.283999999999999697e-01
1.361999999999999877e-01
6.592000000000000082e-01
1.401899999999999924e+00
1.506799999999999917e+00
1.396999999999999909e-01
1.622999999999999998e-01
9.119999999999997553e-02
2.037999999999999812e-01
5.309000000000000385e-01
2.365999999999999770e-01
2.107999999999999874e-01
1.599000000000000143e-01
1.343999999999999917e-01
1.643000000000000016e-01
8.840000000000000635e-02
7.849999999999998646e-02
8.699999999999999400e-02
8.200000000000004508e-02
4.229999999999999039e-02
1.547999999999999932e-01
1.390000000000000124e-01
1.233999999999999958e-01
8.790000000000000591e-02
4.104000000000000425e-01
7.029999999999999583e-01
4.894000000000000017e-01
1.969000000000000195e-01
9.320000000000000506e-02
6.680000000000001215e-02
3.269999999999999296e-02
3.390000000000001346e-02
5.630000000000000282e-02
7.219999999999998641e-02
1.120999999999999774e-01
1.684999999999999831e-01
7.284000000000000474e-01
1.688999999999999668e-01
6.070999999999999730e-01
2.154999999999999694e-01
8.407999999999998808e-01
4.699000000000000399e-01
4.369999999999999440e-01
4.138000000000000012e-01
3.103000000000000203e-01
2.082000000000000239e-01
2.802999999999999936e-01
2.154999999999999971e-01
4.609999999999998821e-02
6.849999999999997757e-02
9.420000000000000595e-02
1.446000000000000341e-01
1.403600000000000181e+00
1.084099999999999842e+00
1.240400000000000169e+00
8.637000000000000233e-01
2.802999999999998826e-01
2.758999999999999231e-01
9.241999999999999105e-01
4.171000000000000263e-01
1.325000000000000344e-01
1.078999999999999404e-01
1.940999999999999948e-01
1.247999999999999943e-01
9.740000000000001434e-02
9.020000000000004403e-02
7.510000000000005560e-02
5.329999999999993077e-02
5.670000000000000040e-02
8.730000000000001648e-02
1.474999999999999645e-01
1.074000000000000093e-01
6.610000000000001985e-02
7.610000000000005649e-02
7.820000000000000562e-02
7.530000000000001970e-02
9.949999999999994960e-02
4.910000000000001863e-02
2.917999999999999483e-01
2.807000000000000051e-01
1.336999999999999855e-01
1.416000000000000036e-01
4.119999999999997276e-02
8.830000000000001736e-02
7.440000000000000779e-02
3.709999999999993858e-02
5.229999999999995069e-02
8.249999999999999001e-02
8.320000000000002394e-02
5.170000000000003759e-02
7.150000000000003575e-02
8.649999999999999356e-02
1.760000000000000175e-01
1.040999999999999842e-01
1.932000000000000661e-01
2.588000000000000300e-01
3.879999999999997340e-02
1.297999999999999987e-01
1.192000000000000143e-01
1.261999999999999789e-01
5.760000000000006781e-02
1.631000000000000227e-01
3.900000000000000133e-01
4.321999999999999176e-01
4.996000000000000441e-01
1.777000000000000246e-01
1.084999999999999992e-01
1.292999999999999705e-01
3.392000000000000015e-01
3.799000000000000155e-01
1.780000000000000471e-01
1.107999999999999818e-01
2.231000000000000205e-01
1.300000000000000044e-01
1.081000000000000572e-01
8.580000000000001514e-02
8.800000000000005040e-02
9.680000000000002491e-02
5.840000000000000052e-02
