6.310000000000000331e-02
4.073999999999999844e-01
2.226999999999999813e-01
1.463999999999999746e-01
1.321999999999999842e-01
1.004000000000000170e-01
1.745999999999999774e-01
2.416000000000000092e-01
1.698000000000000065e-01
1.246000000000000302e-01
1.439000000000000279e-01
1.030999999999999972e-01
6.429999999999998217e-02
1.571999999999999786e-01
1.096000000000000030e-01
4.660000000000003029e-02
1.158999999999999614e-01
9.609999999999993547e-02
4.606999999999999984e-01
2.067999999999999838e-01
8.269999999999999574e-02
1.150999999999999801e-01
3.229999999999999538e-02
7.669999999999999041e-02
3.799999999999999212e-02
1.656999999999999862e-01
2.276999999999999857e-01
1.302999999999999714e-01
7.319999999999998730e-02
8.790000000000000591e-02
5.569999999999997176e-02
7.239999999999999214e-02
8.019999999999999352e-02
1.801000000000000378e-01
1.204000000000000070e-01
2.019999999999999574e-01
1.631999999999999840e-01
6.829999999999998572e-02
9.539999999999998481e-02
3.899999999999999301e-02
1.929999999999999771e-02
5.970000000000001000e-02
7.359999999999999876e-02
4.081000000000000183e-01
9.359999999999997489e-02
2.240999999999999659e-01
2.884999999999999787e-01
3.380000000000002447e-02
4.540000000000000979e-02
1.387999999999999790e-01
4.293000000000000149e-01
8.705000000000000515e-01
5.463000000000000078e-01
1.079600000000000115e+00
6.774999999999999911e-01
1.047000000000000014e-01
9.929999999999994387e-02
8.549999999999995104e-02
9.900000000000000466e-02
9.390000000000003899e-02
1.190999999999999698e-01
4.269999999999993245e-02
1.318000000000000005e-01
1.572000000000000619e-01
2.124000000000000610e-01
1.041999999999999871e-01
2.040000000000000424e-01
1.787000000000000532e-01
1.263999999999999568e-01
1.325999999999999956e-01
1.862000000000000322e-01
2.002999999999999781e-01
8.099999999999996092e-02
5.790000000000002089e-02
4.410000000000000031e-02
4.227999999999999536e-01
2.728000000000000425e-01
1.462799999999999878e+00
5.726999999999999869e-01
1.285000000000000031e-01
3.402999999999999359e-01
4.455000000000000626e-01
2.718000000000000416e-01
1.955999999999999961e-01
1.058999999999999664e-01
9.509999999999997622e-02
7.970000000000002083e-02
6.050000000000006761e-02
1.310000000000000331e-01
1.088000000000000494e-01
9.930000000000005489e-02
1.010999999999999815e-01
6.839999999999996083e-02
1.187999999999999889e-01
9.929999999999998550e-02
5.479999999999995985e-02
6.362999999999999767e-01
1.076999999999999624e-01
2.421999999999999986e-01
1.054000000000000076e-01
1.089000000000000246e-01
1.449000000000000288e-01
5.459999999999998188e-02
1.103999999999999981e-01
1.127999999999999420e-01
1.658999999999999642e-01
1.283999999999999586e-01
1.171000000000000235e-01
3.290000000000002645e-02
4.290000000000000757e-02
8.130000000000002502e-02
2.207999999999999130e-01
8.519999999999999796e-02
2.883000000000000007e-01
5.368999999999999329e-01
4.786000000000000809e-01
1.365999999999999992e-01
1.590000000000000302e-01
2.073999999999999455e-01
