4.075999999999999623e-01
4.042999999999999927e-01
6.915999999999999925e-01
3.991999999999999993e-01
3.080999999999999850e-01
6.603000000000001091e-01
5.095999999999999419e-01
4.726999999999998980e-01
3.559999999999999831e-01
3.185000000000000053e-01
4.209000000000000519e-01
4.414000000000000146e-01
5.600000000000000533e-01
3.526000000000000245e-01
1.731999999999999929e-01
1.092999999999999944e-01
1.987000000000000155e-01
4.101000000000000201e-01
1.664999999999999813e-01
3.264000000000000234e-01
3.271000000000000019e-01
2.925999999999999712e-01
2.305000000000000104e-01
8.439999999999998892e-02
2.418000000000000149e-01
2.510999999999999899e-01
9.729999999999998372e-02
1.836999999999999744e-01
1.238999999999999962e-01
2.521999999999999797e-01
1.951999999999999846e-01
1.885000000000000564e-01
1.905000000000000304e-01
2.923000000000000043e-01
2.731999999999999984e-01
5.094999999999999529e-01
3.247999999999999776e-01
4.876000000000000334e-01
3.447999999999999954e-01
4.143000000000000016e-01
4.398000000000000242e-01
6.163999999999999480e-01
4.183000000000000052e-01
2.789999999999999147e-01
2.817000000000000615e-01
3.284000000000000252e-01
2.208999999999999297e-01
4.596000000000000085e-01
3.118000000000000216e-01
5.093999999999998529e-01
2.873999999999999888e-01
3.480999999999999650e-01
2.976000000000000312e-01
3.547000000000000153e-01
4.946999999999999731e-01
3.225999999999999979e-01
1.004000000000000031e-01
1.267000000000000071e-01
3.950999999999999512e-01
8.872999999999999776e-01
5.101999999999999869e-01
3.895000000000000684e-01
3.486999999999999544e-01
3.699999999999999956e-01
2.741999999999999993e-01
3.403999999999999804e-01
1.363000000000000322e-01
2.095000000000000195e-01
1.185999999999999971e-01
2.344000000000000528e-01
3.192000000000000393e-01
1.732000000000000484e-01
1.887000000000000066e-01
8.580000000000000127e-02
2.548000000000000265e-01
4.753000000000000558e-01
3.357999999999999874e-01
4.932999999999999607e-01
3.507000000000000117e-01
9.909999999999999365e-02
2.856000000000000205e-01
3.909000000000000252e-01
3.510999999999999677e-01
3.038000000000000145e-01
1.614000000000000434e-01
2.542999999999999705e-01
1.728000000000000091e-01
1.549999999999999711e-01
2.051000000000000045e-01
4.934000000000000608e-01
6.182999999999998497e-01
3.372999999999999332e-01
2.131000000000000116e-01
1.782000000000000250e-01
2.615999999999999437e-01
1.749999999999999889e-01
3.115999999999999881e-01
4.028999999999999804e-01
3.583000000000000074e-01
1.659000000000000197e-01
1.544999999999999707e-01
2.351000000000000312e-01
1.101999999999999924e-01
2.221999999999999531e-01
4.385999999999999899e-01
2.980000000000000426e-01
4.550000000000000155e-01
2.380999999999999783e-01
1.193999999999999645e-01
1.782999999999999863e-01
2.963000000000000078e-01
3.105000000000000537e-01
3.703999999999999515e-01
7.779999999999999138e-01
4.316000000000000947e-01
2.053000000000000103e-01
4.254999999999999893e-01
3.241000000000000547e-01
4.634000000000000341e-01
