4.979999999999999705e-02
2.164999999999999980e-01
3.007000000000000228e-01
3.856999999999999873e-01
2.728999999999999759e-01
2.126000000000000112e-01
8.959999999999999909e-02
1.486000000000000099e-01
7.180000000000000271e-02
2.315999999999999726e-01
3.620999999999999774e-01
4.824000000000000510e-01
4.551999999999999935e-01
1.549000000000000377e-01
1.506999999999999729e-01
3.331999999999999962e-01
3.472000000000000086e-01
1.454000000000000015e-01
2.226000000000000478e-01
7.127999999999999892e-01
5.209000000000000297e-01
3.336999999999999966e-01
1.365000000000000102e-01
6.290000000000001146e-02
3.023000000000000131e-01
2.821000000000000174e-01
6.380000000000000948e-02
1.684999999999999831e-01
1.408000000000000085e-01
4.663999999999999257e-01
2.874000000000000443e-01
8.180000000000003935e-02
1.845000000000000528e-01
1.722000000000000197e-01
2.743000000000000438e-01
2.525000000000000022e-01
1.853000000000000203e-01
1.960999999999999688e-01
2.557000000000000384e-01
2.081999999999999684e-01
2.536000000000000476e-01
2.308000000000000607e-01
6.629000000000000448e-01
9.131000000000000227e-01
7.789000000000000368e-01
6.573000000000001064e-01
6.238000000000001322e-01
3.584000000000001074e-01
3.249999999999999556e-01
6.003000000000000558e-01
2.500999999999999890e-01
4.204999999999999849e-01
1.341299999999999937e+00
2.472299999999999720e+00
2.295500000000000096e+00
4.003999999999999226e-01
6.027000000000000135e-01
4.942000000000000282e-01
9.644000000000001460e-01
7.096999999999998865e-01
2.119900000000000340e+00
5.681000000000000494e-01
1.223600000000000021e+00
1.162899999999999823e+00
1.601100000000000190e+00
1.615899999999999892e+00
7.616000000000000547e-01
7.620999999999999996e-01
2.172999999999999932e-01
1.311000000000000221e-01
1.345000000000000639e-01
5.004999999999999893e+00
7.319000000000002171e-01
3.889600000000000612e+00
1.177100000000000035e+00
7.500000000000000000e-01
1.324100000000000055e+00
1.438900000000000290e+00
3.778000000000000247e-01
2.776000000000000134e-01
3.094000000000002304e-01
4.070000000000000839e-01
4.761000000000000232e-01
3.616999999999999660e-01
4.979000000000001203e-01
2.693999999999998063e-01
3.260999999999999455e-01
6.588999999999997081e-01
7.823000000000001064e-01
5.042999999999997485e-01
1.199800000000000200e+00
2.532700000000000173e+00
2.194899999999999629e+00
9.581999999999999407e-01
8.400999999999997359e-01
8.228999999999999648e-01
2.994999999999999329e-01
5.339000000000000412e-01
2.333499999999999908e+00
2.611799999999999677e+00
2.452300000000000146e+00
1.171799999999999953e+00
9.151000000000002466e-01
9.421000000000000485e-01
3.407999999999998808e-01
3.306000000000000605e-01
1.821999999999999731e-01
1.662999999999999201e-01
1.849000000000000088e-01
1.015999999999997322e-01
1.540000000000000258e-01
1.321000000000000507e-01
1.054000000000000908e-01
1.243000000000000216e-01
2.346999999999999087e-01
9.131999999999999007e-01
1.222899999999999876e+00
1.611199999999999966e+00
5.665000000000001146e-01
