5.569999999999999257e-02
7.690000000000001001e-02
6.980000000000000093e-02
6.069999999999999701e-02
7.470000000000000251e-02
5.840000000000000052e-02
5.790000000000000702e-02
3.869999999999999829e-02
2.480000000000000260e-02
1.062999999999999917e-01
7.319999999999998730e-02
6.409999999999999032e-02
5.579999999999999544e-02
1.249000000000000110e-01
7.900000000000000078e-02
9.589999999999999913e-02
6.519999999999999407e-02
7.209999999999999742e-02
5.960000000000000020e-02
2.589999999999999941e-02
8.039999999999999925e-02
1.396000000000000019e-01
5.449999999999999289e-02
8.960000000000001297e-02
8.829999999999998961e-02
9.879999999999999893e-02
7.250000000000000888e-02
5.919999999999999568e-02
3.789999999999998925e-02
1.149000000000000021e-01
1.116000000000000048e-01
6.090000000000000274e-02
6.290000000000001146e-02
3.419999999999999429e-02
3.780000000000000027e-02
5.550000000000000766e-02
9.589999999999999913e-02
8.780000000000000304e-02
1.151999999999999968e-01
5.920000000000000956e-02
6.850000000000001921e-02
4.039999999999999841e-02
7.170000000000001372e-02
2.909999999999999393e-02
5.840000000000000052e-02
9.729999999999999760e-02
7.580000000000000626e-02
7.000000000000000666e-02
1.509999999999999711e-02
4.750000000000001443e-02
2.839999999999999469e-02
8.079999999999999682e-02
7.230000000000000315e-02
7.880000000000002280e-02
4.350000000000000394e-02
4.279999999999999777e-02
2.129999999999998214e-02
5.739999999999999963e-02
8.069999999999999396e-02
8.150000000000001688e-02
9.810000000000000664e-02
9.760000000000000620e-02
1.391000000000000014e-01
1.335000000000000075e-01
5.599999999999998729e-02
1.580999999999999905e-01
5.979999999999999899e-02
9.909999999999999365e-02
1.057000000000000023e-01
4.999999999999997502e-02
8.350000000000000477e-02
5.969999999999999613e-02
7.689999999999998226e-02
9.500000000000000111e-02
1.304999999999999771e-01
1.254000000000000115e-01
8.820000000000004226e-02
5.199999999999999067e-02
3.910000000000000281e-02
4.428999999999999604e-01
5.877999999999998781e-01
2.131000000000000116e-01
2.558999999999999608e-01
1.604000000000000425e-01
2.361000000000000321e-01
1.875999999999999890e-01
1.195999999999999980e-01
7.459999999999999964e-02
1.236999999999999766e-01
1.242000000000000048e-01
9.640000000000001346e-02
7.939999999999998448e-02
7.079999999999996019e-02
3.030000000000001442e-02
1.105999999999999622e-01
8.540000000000001756e-02
9.130000000000002003e-02
6.279999999999999472e-02
1.327999999999999736e-01
1.875000000000000555e-01
2.553999999999999604e-01
1.620999999999999663e-01
5.145000000000000684e-01
3.781999999999999806e-01
3.788000000000000256e-01
3.119999999999999996e-01
1.655999999999999694e-01
1.442999999999999283e-01
1.240999999999999881e-01
1.214999999999999969e-01
1.661999999999999866e-01
1.164000000000000312e-01
9.439999999999990066e-02
9.869999999999998219e-02
1.091000000000000025e-01
6.819999999999999674e-02
9.659999999999997755e-02
6.600000000000004474e-02
7.790000000000002478e-02
