6.689999999999998725e-02
6.260000000000001674e-02
9.120000000000000329e-02
1.280999999999999917e-01
1.256000000000000172e-01
1.179000000000000326e-01
9.050000000000002487e-02
4.279999999999999083e-02
4.390000000000000152e-02
3.859999999999998849e-02
8.600000000000000699e-02
1.562000000000000055e-01
1.066999999999999893e-01
2.421000000000000096e-01
2.481999999999999762e-01
3.696000000000000396e-01
5.184999999999999609e-01
1.449999999999999900e-01
9.485000000000000098e-01
5.341000000000000192e-01
1.690999999999999726e-01
6.519999999999998019e-02
2.509000000000000119e-01
1.686999999999999611e-01
1.041999999999999593e-01
1.357000000000000151e-01
8.019999999999999352e-02
9.140000000000000902e-02
6.889999999999998903e-02
1.137000000000000233e-01
3.920000000000001261e-02
1.052000000000000018e-01
1.280000000000000027e-01
6.309999999999997555e-02
8.630000000000001559e-02
4.041999999999999482e-01
4.377999999999999670e-01
1.144000000000000294e-01
1.099999999999999867e-01
1.235999999999999877e-01
2.426999999999999991e-01
2.151999999999999746e-01
5.189999999999998087e-02
1.437999999999999834e-01
1.008000000000000007e-01
1.127000000000000085e-01
4.970000000000000806e-02
2.169000000000000095e-01
3.340000000000000191e-01
1.275000000000000022e-01
9.090000000000002245e-02
5.609999999999998321e-02
1.016999999999999849e-01
1.041000000000000120e-01
1.726999999999999924e-01
1.739999999999999880e-01
1.150999999999999940e-01
1.072999999999999371e-01
8.319999999999995455e-02
5.360000000000003650e-02
4.360000000000004150e-02
1.654999999999999527e-01
4.400000000000001826e-02
1.060999999999999721e-01
7.060000000000000997e-02
1.108999999999999708e-01
3.060000000000002301e-02
8.490000000000003100e-02
2.041999999999999926e-01
1.116000000000000464e-01
1.667000000000000148e-01
2.435000000000000220e-01
1.909999999999999476e-01
1.641999999999999849e-01
6.069999999999999007e-02
7.680000000000000715e-02
3.080000000000002180e-02
2.849999999999999756e-02
3.850000000000001338e-02
4.730000000000002258e-02
4.660000000000003029e-02
3.260000000000000397e-02
3.510000000000002701e-02
4.629999999999998700e-02
5.120000000000000939e-02
4.699999999999998623e-02
4.469999999999998974e-02
3.839999999999998970e-02
3.579999999999998461e-02
5.309999999999999443e-02
1.231000000000000011e-01
1.310000000000000053e-01
3.129000000000000115e-01
4.133000000000000007e-01
1.129999999999999893e-01
3.730999999999999872e-01
5.561000000000000387e-01
2.896000000000000241e-01
3.134999999999999454e-01
3.251000000000000001e-01
7.043000000000000371e-01
4.262999999999999567e-01
2.780000000000000249e-01
2.663999999999999702e-01
8.650000000000000744e-02
1.363000000000000045e-01
8.949999999999999623e-02
1.421999999999999931e-01
3.785000000000000586e-01
1.691000000000000281e-01
9.185999999999999721e-01
8.982000000000001094e-01
3.422999999999999376e-01
1.764999999999999625e-01
4.350000000000003170e-02
5.619999999999999302e-02
1.100999999999999895e-01
1.133999999999999730e-01
8.089999999999998581e-02
