1.145000000000000046e-01
1.026999999999999996e-01
3.830000000000000071e-02
3.909999999999999587e-02
5.160000000000000697e-02
5.876999999999998892e-01
5.713000000000000300e-01
6.053999999999999382e-01
1.526000000000000134e-01
1.203999999999999793e-01
1.480999999999999817e-01
1.900999999999999912e-01
1.217999999999999639e-01
1.314000000000000168e-01
1.418000000000000371e-01
1.056000000000000133e-01
1.473999999999999755e-01
1.416000000000000036e-01
1.548999999999999544e-01
1.333000000000000018e-01
1.578999999999999571e-01
8.583000000000000629e-01
3.069999999999998286e-01
1.516000000000000958e-01
1.048999999999999239e-01
1.289999999999999758e-01
1.189000000000000057e-01
2.097000000000000530e-01
1.942000000000000393e-01
2.084999999999999909e-01
1.742999999999999550e-01
1.966999999999999860e-01
3.266000000000000014e-01
2.964999999999999858e-01
1.264999999999999458e-01
2.319000000000000228e-01
9.879999999999998506e-02
1.086999999999999633e-01
1.086999999999999356e-01
7.449999999999996902e-02
1.026999999999999857e-01
6.929999999999998661e-02
1.365000000000000102e-01
9.179999999999990945e-02
2.095000000000001861e-01
2.051000000000000045e-01
6.367000000000000437e-01
6.561999999999998945e-01
4.753000000000001668e-01
1.041000000000001091e-01
1.184999999999999387e-01
8.299999999999987943e-02
7.000000000000015932e-02
8.340000000000012681e-02
1.689000000000000223e-01
1.524000000000000632e-01
9.350000000000002753e-02
1.040999999999999148e-01
1.400999999999998080e-01
1.304999999999998661e-01
8.169999999999992546e-02
3.442999999999999394e-01
7.740000000000000213e-01
5.124000000000000776e-01
1.911999999999998145e-01
1.193000000000001004e-01
1.455000000000001292e-01
1.367999999999999772e-01
1.243999999999999273e-01
1.099999999999998340e-01
1.296999999999998709e-01
9.689999999999987512e-02
9.340000000000006630e-02
9.080000000000015836e-02
1.117999999999997884e-01
1.392999999999998406e-01
1.658999999999998809e-01
1.044000000000001038e-01
1.324000000000000732e-01
2.066999999999999393e-01
3.422000000000000042e-01
1.808999999999998665e-01
1.188999999999998669e-01
1.762999999999997902e-01
7.389999999999968816e-02
9.240000000000014868e-02
1.307999999999996665e-01
8.545000000000002593e-01
6.981999999999999318e-01
4.715000000000000302e-01
4.283999999999998920e-01
1.647000000000001796e-01
1.866000000000001546e-01
1.428999999999997772e-01
1.702000000000002677e-01
1.673000000000002541e-01
6.780000000000002691e-02
8.030000000000016291e-02
5.649999999999977263e-02
7.200000000000020273e-02
6.529999999999994142e-02
6.870000000000014984e-02
7.230000000000005866e-02
5.820000000000011275e-02
3.779999999999977822e-02
6.820000000000031593e-02
8.089999999999986091e-02
7.040000000000028180e-02
9.619999999999995222e-02
1.920999999999998542e-01
1.348999999999998811e-01
1.737999999999998990e-01
8.180000000000012261e-02
1.214999999999999553e-01
3.657999999999997920e-01
2.489000000000003432e-01
1.879199999999999982e+00
7.828999999999998183e-01
1.999999999999998168e-01
