2.483000000000000207e-01
1.698999999999999955e-01
9.420000000000000595e-02
4.010000000000000370e-02
5.970000000000001000e-02
6.219999999999999141e-02
8.549999999999997879e-02
6.359999999999997600e-02
2.329999999999999849e-01
3.029000000000000026e-01
1.892000000000000348e-01
6.150000000000001299e-02
4.120000000000000051e-02
8.900000000000000966e-02
3.880000000000000115e-02
5.509999999999999620e-02
7.099999999999999367e-02
7.710000000000000187e-02
6.260000000000000286e-02
3.660000000000000753e-02
1.640000000000000069e-01
2.791000000000000147e-01
4.779000000000000470e-01
1.206000000000000127e-01
2.391000000000000347e-01
1.049000000000000071e-01
2.183999999999999830e-01
3.062000000000000277e-01
6.290000000000001146e-01
1.299599999999999866e+00
4.902000000000000801e-01
1.919000000000000150e-01
1.185999999999999832e-01
5.459999999999996800e-02
4.980000000000012195e-02
3.837999999999998635e-01
3.854000000000000203e-01
2.573000000000000842e-01
2.196000000000000174e-01
3.626999999999999114e-01
3.356000000000000094e-01
1.137499999999999734e+00
1.400000000000000133e+00
4.632999999999999341e-01
4.645000000000000795e-01
8.159999999999999476e-01
4.193000000000000616e-01
1.439999999999999059e-01
7.545999999999998264e-01
4.989999999999999436e-01
2.252000000000000113e-01
1.400000000000000688e-01
1.601999999999999535e-01
4.120000000000000329e-01
3.213999999999999635e-01
2.044000000000000261e-01
4.326000000000000956e-01
1.458000000000000407e-01
9.940000000000008551e-02
5.419999999999988716e-02
6.589999999999995861e-02
7.299999999999992606e-02
1.255000000000000004e-01
5.680000000000010041e-02
5.979999999999990878e-02
1.561000000000000720e-01
1.412999999999999812e-01
1.063699999999999868e+00
4.785000000000000919e-01
4.488000000000000322e-01
8.270000000000000961e-02
6.939999999999993396e-02
2.619999999999998719e-02
6.880000000000001392e-02
6.239999999999999020e-02
6.750000000000000444e-02
6.379999999999996785e-02
6.000000000000004635e-02
4.189999999999998587e-02
1.057000000000000300e-01
1.642999999999999461e-01
2.365999999999999770e-01
1.099000000000000254e-01
7.339999999999996527e-02
7.739999999999994107e-02
7.679999999999995164e-02
7.060000000000003773e-02
1.114000000000000268e-01
1.466999999999999693e-01
8.956999999999999407e-01
6.336999999999999300e-01
3.060999999999999277e-01
4.446000000000000507e-01
1.360999999999999432e-01
1.458000000000000684e-01
5.969999999999998919e-02
4.180000000000001770e-02
3.996000000000000663e-01
1.428999999999999715e-01
3.108000000000000207e-01
6.281000000000001027e-01
2.364999999999999880e-01
2.500999999999999890e-01
4.289999999999997288e-02
8.360000000000004927e-02
1.247000000000000053e-01
8.440000000000000280e-02
1.086000000000000021e-01
1.076999999999999902e-01
9.350000000000002753e-02
4.630000000000002863e-02
5.890000000000002872e-02
3.279999999999995419e-02
7.149999999999998024e-02
1.098999999999999422e-01
8.119999999999996665e-02
7.660000000000000142e-02
7.450000000000001066e-02
4.709999999999997522e-02
