8.329999999999999905e-02
1.322000000000000119e-01
1.992000000000000159e-01
3.265000000000000124e-01
1.262999999999999956e-01
1.151000000000000079e-01
1.045999999999999985e-01
3.290000000000000147e-01
1.709999999999999853e-01
2.550000000000000044e-01
2.940000000000000391e-01
9.729999999999999760e-02
1.609999999999999765e-01
7.910000000000000364e-02
2.044999999999999596e-01
1.335999999999999965e-01
9.099999999999999756e-02
8.700000000000000788e-02
2.144000000000000072e-01
1.839000000000000079e-01
1.264000000000000123e-01
1.002000000000000113e-01
1.793999999999999762e-01
1.507000000000000006e-01
7.370000000000001550e-02
1.335000000000000075e-01
3.610999999999999766e-01
1.323000000000000009e-01
5.849999999999998257e-02
1.740999999999999770e-01
1.718000000000000083e-01
1.156999999999999834e-01
7.570000000000000340e-02
1.373000000000000054e-01
2.124000000000000332e-01
1.346999999999999864e-01
9.840000000000001523e-02
2.847999999999999421e-01
1.824000000000000066e-01
5.534999999999999920e-01
1.856000000000000150e-01
2.242999999999999994e-01
1.019000000000000045e-01
2.501999999999999780e-01
1.912999999999999978e-01
1.814999999999999669e-01
2.086000000000000076e-01
1.227000000000000174e-01
1.059999999999999831e-01
1.024000000000000188e-01
1.237000000000000322e-01
1.801000000000000101e-01
1.733999999999999986e-01
4.115000000000000324e-01
3.291999999999999926e-01
1.651000000000000245e-01
1.589999999999999747e-01
3.376000000000000112e-01
3.946000000000000063e-01
3.188999999999999613e-01
3.808999999999999608e-01
2.253999999999999893e-01
1.388000000000000067e-01
1.257000000000000339e-01
2.327999999999999792e-01
1.190999999999999837e-01
5.040000000000000036e-02
1.573999999999999844e-01
2.218000000000000527e-01
1.365000000000000102e-01
6.790000000000000202e-02
5.460000000000000964e-02
1.149999999999999911e-01
1.099000000000000116e-01
1.137000000000000094e-01
9.809999999999997888e-02
7.050000000000000711e-02
1.734999999999999876e-01
8.269999999999999574e-02
1.020000000000000073e-01
2.101999999999999980e-01
2.313000000000000056e-01
1.226999999999999896e-01
2.199000000000000121e-01
1.740000000000000158e-01
9.700000000000001676e-02
7.369999999999997387e-02
2.454000000000000348e-01
7.349999999999999589e-02
9.209999999999998743e-02
1.523999999999999799e-01
8.970000000000000195e-02
1.505999999999999839e-01
1.155999999999999805e-01
1.830999999999999850e-01
2.202999999999999958e-01
2.179999999999999716e-01
1.171999999999999986e-01
9.029999999999999138e-02
1.071999999999999897e-01
1.933999999999999608e-01
1.076999999999999763e-01
7.800000000000001377e-02
1.733000000000000096e-01
1.428000000000000380e-01
1.131999999999999951e-01
1.534999999999999698e-01
1.305999999999999939e-01
8.039999999999999925e-02
1.010000000000000064e-01
8.999999999999999667e-02
6.090000000000000968e-02
2.415999999999999537e-01
1.441999999999999948e-01
6.860000000000002207e-02
2.089000000000000301e-01
1.478000000000000425e-01
1.218000000000000055e-01
7.839999999999999747e-02
