5.500000000000000028e-02
9.609999999999999098e-02
5.740000000000000657e-02
1.252999999999999947e-01
9.560000000000000442e-02
5.500000000000000722e-02
1.672000000000000153e-01
1.094999999999999862e-01
1.837000000000000022e-01
1.814999999999999947e-01
8.269999999999999574e-02
3.659999999999998671e-02
7.280000000000003135e-02
1.398000000000000076e-01
1.537999999999999923e-01
3.700000000000000511e-02
7.120000000000001328e-02
2.636000000000000010e-01
2.017000000000000182e-01
1.446999999999999953e-01
9.850000000000000422e-02
3.790000000000000313e-02
1.464000000000000024e-01
1.059999999999999831e-01
9.800000000000000377e-02
8.909999999999999865e-02
7.699999999999999900e-02
9.090000000000000857e-02
1.378999999999999948e-01
8.439999999999998892e-02
7.810000000000000275e-02
1.145999999999999935e-01
2.409999999999999920e-01
2.740000000000000213e-01
1.615999999999999936e-01
2.486999999999999766e-01
1.930000000000000049e-01
1.363999999999999935e-01
6.560000000000001941e-02
1.372000000000000164e-01
1.126000000000000334e-01
1.212000000000000022e-01
9.919999999999998264e-02
6.790000000000001590e-02
9.170000000000000373e-02
8.200000000000001732e-02
9.260000000000000175e-02
4.950000000000000233e-02
5.859999999999999931e-02
6.579999999999999738e-02
2.520000000000000018e-02
2.460000000000000034e-02
6.109999999999999459e-02
8.879999999999997617e-02
8.270000000000002349e-02
1.617000000000000104e-01
1.718999999999999972e-01
6.850000000000000533e-02
1.073000000000000065e-01
1.223000000000000198e-01
9.640000000000001346e-02
9.699999999999998901e-02
8.979999999999997706e-02
6.609999999999999210e-02
8.039999999999999925e-02
6.890000000000000291e-02
5.400000000000001327e-02
8.630000000000001559e-02
8.940000000000000724e-02
5.159999999999997922e-02
8.219999999999996754e-02
3.599999999999997646e-02
4.209999999999997078e-02
7.769999999999999130e-02
3.729999999999999288e-02
2.539999999999999203e-02
6.350000000000002864e-02
5.860000000000000625e-02
1.039999999999999952e-01
1.782999999999999863e-01
1.477999999999999869e-01
7.300000000000002320e-02
9.899999999999997691e-02
1.504999999999999671e-01
1.640000000000000346e-01
1.721000000000000030e-01
1.062000000000000166e-01
1.335999999999999688e-01
1.770000000000000184e-01
1.214999999999999830e-01
1.190000000000000224e-01
2.040000000000001534e-02
4.730000000000000870e-02
6.560000000000001941e-02
1.208000000000000185e-01
1.215000000000000802e-01
6.580000000000001126e-02
3.009999999999997400e-02
4.130000000000000338e-02
4.530000000000002774e-02
8.400000000000001910e-02
8.290000000000001534e-02
9.249999999999999889e-02
8.869999999999997331e-02
7.830000000000000848e-02
5.739999999999998576e-02
4.460000000000003545e-02
3.665000000000000480e-01
2.129000000000000337e-01
3.375000000000000222e-01
2.858999999999999875e-01
2.531899999999999817e+00
2.019600000000000062e+00
1.483099999999999863e+00
2.805999999999999606e-01
1.596000000000000474e-01
9.449999999999998401e-01
4.848000000000000642e-01
3.296000000000001151e-01
