1.985999999999999988e-01
1.397000000000000186e-01
9.820000000000000950e-02
2.735999999999998988e-01
2.469000000000000083e-01
1.275000000000000022e-01
8.210000000000000631e-02
2.006000000000000005e-01
3.422999999999999932e-01
3.901999999999999913e-01
3.128999999999999559e-01
1.429999999999999882e-01
4.408400000000000318e+00
3.743599999999999817e+00
2.900900000000000034e+00
1.677600000000000202e+00
1.468599999999999683e+00
1.130300000000000082e+00
4.707000000000000073e-01
1.490099999999999980e+00
4.112999999999998879e-01
2.032099999999999795e+00
7.094999999999999085e-01
4.900999999999997025e-01
2.056599999999999984e+00
2.241099999999999870e+00
3.171000000000000485e-01
1.878000000000000225e-01
1.501999999999999724e-01
2.162000000000000310e-01
1.053000000000000186e-01
7.359999999999997100e-02
1.268000000000000238e-01
1.844000000000000083e-01
1.463999999999999191e-01
1.741999999999999660e-01
6.859999999999996656e-02
9.610000000000003262e-02
7.571000000000001062e-01
4.530999999999999472e-01
2.611999999999999322e-01
1.462999999999999856e-01
1.375000000000000111e-01
1.834000000000000630e-01
1.474999999999999922e-01
7.539000000000000146e-01
3.258999999999999675e-01
2.057000000000000495e-01
5.233999999999999764e-01
3.104000000000000092e-01
2.780000000000000249e-01
3.292000000000000481e-01
3.777000000000000357e-01
1.454999999999999627e-01
3.951000000000000068e-01
5.466999999999999638e-01
6.063000000000000611e-01
4.743000000000000549e-01
2.400999999999999801e-01
1.725999999999999757e-01
7.819999999999999174e-02
4.109999999999996989e-02
1.187000000000000277e-01
1.420000000000000429e-01
4.899999999999996719e-02
6.399999999999997358e-02
5.019999999999997381e-02
9.769999999999996743e-02
1.262999999999999956e-01
1.026999999999999857e-01
5.770000000000000823e-02
1.177999999999999881e-01
1.105000000000000149e-01
1.272000000000000075e-01
1.332000000000000406e-01
8.039999999999992986e-02
8.059999999999997722e-02
8.929999999999996274e-02
8.089999999999993030e-02
5.679999999999999633e-02
5.159999999999995146e-02
5.769999999999999435e-02
5.869999999999997442e-02
4.350000000000001782e-02
8.069999999999999396e-02
8.749999999999999445e-02
1.648999999999999633e-01
8.230000000000006755e-02
9.810000000000004827e-02
5.769999999999995965e-02
1.735300000000000065e+00
2.365400000000000169e+00
5.796999999999999931e-01
2.884999999999999232e-01
2.750000000000000777e-01
3.241999999999998217e-01
3.096999999999999531e+00
3.154600000000000293e+00
1.247899999999999787e+00
5.283999999999999808e-01
1.487999999999999878e-01
3.803999999999999604e-01
7.060000000000002385e-02
2.112000000000000821e-01
2.511000000000001009e-01
4.112999999999999989e-01
1.834999999999999964e-01
1.941999999999999282e-01
1.074000000000000510e-01
5.450000000000003453e-02
1.603999999999999870e-01
1.702600000000000113e+00
2.065500000000000114e+00
1.732200000000000184e+00
1.053600000000000092e+00
1.489000000000000046e-01
1.015999999999999959e-01
1.044000000000000206e-01
1.176000000000000101e-01
