9.500000000000000111e-02
8.959999999999999909e-02
6.880000000000000004e-02
3.810000000000000192e-02
8.379999999999998561e-02
9.160000000000000087e-02
9.229999999999999316e-02
5.299999999999999850e-02
4.530000000000000693e-02
6.500000000000000222e-02
5.029999999999999749e-02
6.110000000000000153e-02
1.016999999999999987e-01
6.470000000000000751e-02
3.289999999999999869e-02
2.990000000000000990e-02
6.839999999999998859e-02
4.870000000000000717e-02
4.100000000000000172e-02
6.600000000000000311e-02
7.639999999999999569e-02
9.700000000000000289e-02
7.990000000000001268e-02
3.629999999999999893e-02
2.490000000000000546e-02
2.319999999999999146e-02
4.350000000000001088e-02
3.260000000000000397e-02
3.540000000000000091e-02
5.689999999999997837e-02
7.719999999999999085e-02
7.429999999999999105e-02
7.000000000000000666e-02
7.630000000000000671e-02
6.130000000000000032e-02
6.320000000000000617e-02
4.170000000000000095e-02
3.320000000000000034e-02
3.310000000000001830e-02
3.300000000000000155e-02
3.410000000000001225e-02
9.490000000000001212e-02
4.910000000000000475e-02
6.750000000000000444e-02
5.659999999999999754e-02
4.510000000000000120e-02
6.579999999999999738e-02
6.169999999999999096e-02
3.169999999999999207e-02
6.300000000000000044e-02
3.150000000000000022e-02
4.290000000000000063e-02
8.160000000000000586e-02
5.050000000000001710e-02
9.509999999999999010e-02
5.380000000000001448e-02
5.729999999999999677e-02
6.569999999999998064e-02
6.049999999999999128e-02
9.090000000000000857e-02
9.470000000000000639e-02
7.059999999999999609e-02
5.809999999999999887e-02
1.242000000000000187e-01
5.750000000000000944e-02
3.069999999999998425e-02
6.789999999999998814e-02
4.180000000000001076e-02
6.990000000000001767e-02
6.539999999999998592e-02
2.429999999999998828e-02
1.990000000000000102e-02
6.509999999999999121e-02
3.649999999999999079e-02
7.240000000000000602e-02
5.539999999999999092e-02
5.839999999999998664e-02
6.019999999999997575e-02
4.889999999999999208e-02
8.409999999999998033e-02
4.819999999999999979e-02
4.639999999999999680e-02
4.190000000000001362e-02
4.719999999999999196e-02
5.249999999999998418e-02
4.309999999999999248e-02
3.879999999999998728e-02
4.630000000000000088e-02
4.150000000000000216e-02
8.730000000000000260e-02
6.110000000000000153e-02
7.240000000000001990e-02
1.796000000000000096e-01
9.220000000000000417e-02
1.180000000000000215e-01
5.679999999999999633e-02
5.750000000000000944e-02
6.749999999999999056e-02
4.430000000000000604e-02
9.189999999999999558e-02
6.320000000000000617e-02
2.410000000000002418e-02
4.370000000000000967e-02
4.979999999999997623e-02
5.739999999999997882e-02
5.449999999999999289e-02
6.419999999999997931e-02
5.850000000000000339e-02
3.570000000000000256e-02
7.890000000000001179e-02
3.320000000000000728e-02
3.369999999999998691e-02
1.791000000000000369e-01
1.160000000000000059e-01
8.680000000000004379e-02
5.699999999999996042e-02
5.349999999999998507e-02
1.158999999999999891e-01
1.297999999999999987e-01
