6.659999999999999254e-02
7.479999999999999150e-02
4.860000000000000431e-02
5.729999999999999677e-02
6.809999999999999387e-02
4.580000000000000043e-02
1.117999999999999827e-01
1.597000000000000086e-01
1.290000000000000036e-01
4.270000000000001572e-02
8.759999999999999731e-02
3.619999999999999607e-02
8.610000000000000986e-02
4.880000000000000310e-02
1.352999999999999758e-01
5.000000000000000278e-02
7.620000000000000384e-02
4.760000000000000342e-02
1.748999999999999999e-01
8.930000000000000437e-02
1.174000000000000182e-01
7.499999999999999722e-02
2.898000000000000020e-01
2.796000000000000152e-01
1.580999999999999905e-01
8.089999999999998581e-02
1.129000000000000004e-01
7.560000000000002829e-02
4.109999999999998377e-02
1.060999999999999721e-01
9.650000000000000244e-02
5.769999999999998741e-02
9.900000000000000466e-02
7.689999999999999614e-02
3.719999999999999696e-02
3.569999999999998869e-02
1.061000000000000137e-01
1.021000000000000241e-01
1.175000000000000072e-01
3.770000000000001128e-02
7.520000000000000295e-02
2.949999999999999151e-02
7.569999999999996176e-02
7.320000000000000118e-02
3.029000000000000581e-01
3.603000000000000091e-01
2.192999999999999394e-01
9.379999999999999449e-02
6.669999999999996765e-02
7.279999999999994809e-02
6.370000000000000662e-02
6.660000000000003417e-02
1.142999999999999849e-01
2.879999999999997493e-02
3.529999999999995641e-02
7.059999999999996834e-02
1.307999999999999718e-01
7.330000000000000404e-02
8.300000000000003209e-02
8.159999999999997811e-02
1.245999999999999747e-01
7.759999999999998843e-02
5.960000000000004183e-02
9.340000000000003855e-02
4.780000000000002996e-02
1.393999999999999684e-01
1.964999999999999802e-01
1.322000000000000119e-01
6.420000000000000706e-02
1.234000000000000097e-01
1.110000000000000153e-01
1.923999999999999599e-01
1.418000000000000371e-01
7.950000000000001510e-02
7.119999999999998552e-02
2.220000000000003221e-02
8.360000000000002152e-02
5.620000000000002077e-02
5.659999999999999754e-02
1.044999999999999957e-01
1.410000000000000142e-01
9.890000000000001568e-02
7.760000000000003006e-02
6.989999999999998992e-02
8.920000000000007090e-02
5.969999999999994755e-02
1.290999999999999648e-01
8.569999999999997065e-02
6.429999999999995441e-02
1.050999999999999990e-01
7.309999999999998443e-02
6.849999999999999145e-02
1.157999999999999863e-01
1.634999999999999787e-01
8.570000000000002616e-02
1.210000000000000520e-01
7.949999999999998734e-02
5.449999999999999289e-02
1.132000000000000228e-01
9.600000000000002975e-02
5.739999999999999547e-01
2.668999999999999706e-01
1.254000000000000115e-01
9.919999999999999651e-02
1.129000000000000004e-01
6.139999999999999625e-02
5.809999999999997805e-02
1.069999999999999563e-01
5.490000000000000435e-02
5.159999999999996534e-02
3.279999999999999583e-02
9.900000000000001854e-02
4.620000000000000495e-02
1.050000000000000100e-01
9.360000000000001652e-02
5.739999999999994412e-02
9.009999999999998566e-02
7.969999999999996532e-02
8.659999999999996867e-02
