3.280000000000000276e-02
7.710000000000000187e-02
8.580000000000000127e-02
1.020000000000000073e-01
2.810000000000000345e-02
9.370000000000000551e-02
9.059999999999998610e-02
9.129999999999999227e-02
3.180000000000000188e-02
1.076000000000000012e-01
6.550000000000000266e-02
1.301999999999999824e-01
1.701999999999999902e-01
7.849999999999998646e-02
4.940000000000000641e-02
4.300000000000000350e-02
5.839999999999999358e-02
4.820000000000000673e-02
7.409999999999999920e-02
3.210000000000000353e-02
9.199999999999999845e-02
4.699999999999998623e-02
5.819999999999999479e-02
7.669999999999999041e-02
8.499999999999999223e-02
1.279000000000000137e-01
1.158000000000000002e-01
7.689999999999998226e-02
1.019999999999999796e-01
1.122999999999999970e-01
1.280999999999999917e-01
9.850000000000000422e-02
7.089999999999999081e-02
6.049999999999999822e-02
1.027999999999999886e-01
7.440000000000002167e-02
4.649999999999999967e-02
5.379999999999998672e-02
9.279999999999999361e-02
7.050000000000000711e-02
1.246000000000000163e-01
1.551000000000000156e-01
7.059999999999999609e-02
9.009999999999998566e-02
9.950000000000000511e-02
7.980000000000000981e-02
1.296999999999999820e-01
3.829999999999998683e-02
9.160000000000000087e-02
5.319999999999998341e-02
6.250000000000000000e-02
3.390000000000000652e-02
4.489999999999998159e-02
4.320000000000000229e-02
7.520000000000001683e-02
3.779999999999999333e-02
9.920000000000001039e-02
4.189999999999999974e-02
9.839999999999998748e-02
9.400000000000000022e-02
1.449000000000000288e-01
1.030000000000000082e-01
1.101999999999999924e-01
2.950000000000000885e-02
3.279999999999998889e-02
8.240000000000001490e-02
8.510000000000000897e-02
5.289999999999997482e-02
4.780000000000000221e-02
7.499999999999998335e-02
7.769999999999999130e-02
5.639999999999998487e-02
4.909999999999999087e-02
5.140000000000000124e-02
2.769999999999998852e-02
4.239999999999998631e-02
1.269000000000000128e-01
2.079000000000000015e-01
8.250000000000001776e-02
5.030000000000000443e-02
1.248999999999999833e-01
6.050000000000000516e-02
6.650000000000000355e-02
3.580000000000000543e-02
4.739999999999999769e-02
2.670000000000000151e-02
9.189999999999999558e-02
1.411999999999999922e-01
1.533999999999999808e-01
2.379000000000000004e-01
9.399999999999997247e-02
1.238999999999999962e-01
1.551000000000000156e-01
3.244000000000000217e-01
2.454000000000000070e-01
1.116000000000000186e-01
6.089999999999998886e-02
1.282999999999999974e-01
8.970000000000000195e-02
4.480000000000000648e-02
4.660000000000000253e-02
1.049000000000000071e-01
6.470000000000000751e-02
7.209999999999999742e-02
9.030000000000000526e-02
6.620000000000000884e-02
6.529999999999999694e-02
6.940000000000000335e-02
1.020000000000000073e-01
9.110000000000001430e-02
4.239999999999998631e-02
3.719999999999998308e-02
4.919999999999999374e-02
7.619999999999998996e-02
4.709999999999998910e-02
4.669999999999997764e-02
3.860000000000000930e-02
4.979999999999999705e-02
6.010000000000001452e-02
