1.374000000000000221e-01
1.330999999999999961e-01
1.318000000000000005e-01
4.459999999999999382e-02
5.850000000000000339e-02
1.221000000000000141e-01
8.860000000000001208e-02
4.304999999999999938e-01
5.369000000000000439e-01
4.082000000000000073e-01
9.489999999999998437e-02
1.628000000000000003e-01
1.112999999999999684e-01
1.309000000000000163e-01
2.446000000000000119e-01
2.775999999999999579e-01
1.079999999999999988e-01
1.147999999999999993e-01
1.450000000000000178e-01
2.210999999999999910e-01
2.732999999999999874e-01
2.299999999999999822e-01
9.429999999999999494e-02
8.669999999999998541e-02
7.409999999999999920e-02
8.650000000000000744e-02
5.090000000000002162e-02
4.529999999999997223e-02
3.199999999999999373e-02
9.149999999999997025e-02
2.013000000000000345e-01
2.307000000000000162e-01
2.237999999999999989e-01
9.679999999999999716e-02
5.069999999999998813e-02
9.070000000000000284e-02
8.829999999999996185e-02
1.287999999999999978e-01
1.487999999999999878e-01
1.471999999999999698e-01
7.240000000000004765e-02
1.327999999999999736e-01
1.687999999999999501e-01
2.709000000000000297e-01
2.630000000000000115e-01
3.548999999999999932e-01
7.379999999999999893e-01
3.499999999999999778e-01
2.615499999999999936e+00
2.990999999999999215e-01
9.878000000000000114e-01
8.481000000000000760e-01
2.248999999999999611e-01
6.436000000000000609e-01
1.049900000000000055e+00
2.136800000000000033e+00
1.542300000000000448e+00
2.290000000000000369e-01
1.185199999999999809e+00
3.648999999999998911e-01
2.150000000000000244e-01
7.206999999999998963e-01
7.903999999999998805e-01
1.008999999999999897e+00
9.586999999999999966e-01
1.139399999999999968e+00
3.321999999999999953e-01
1.203999999999999237e-01
1.267800000000000260e+00
5.003999999999999559e-01
4.065999999999999615e-01
9.585999999999998966e-01
8.964999999999998526e-01
7.112999999999999323e-01
9.164999999999998703e-01
2.342999999999999972e+00
4.951999999999999735e-01
1.239000000000000101e+00
8.860000000000000098e-01
1.019199999999999662e+00
8.569999999999999840e-01
1.473000000000000420e-01
3.178999999999999049e-01
2.085000000000001019e-01
1.166500000000000314e+00
6.403999999999999693e-01
6.320000000000001172e-01
6.335999999999999410e-01
5.590999999999998193e-01
2.422999999999998488e-01
1.884000000000001507e-01
2.270000000000000073e-01
4.702000000000000624e-01
3.456000000000000738e-01
7.562999999999999723e-01
4.432999999999999718e-01
5.192999999999999838e-01
4.147000000000000686e-01
2.172000000000000042e-01
7.390000000000000735e-02
1.891999999999999793e-01
1.442999999999999838e-01
5.023000000000000798e-01
2.609000000000000763e-01
1.240999999999999742e-01
1.528999999999999526e-01
1.511000000000000121e-01
2.963000000000000633e-01
6.658000000000000584e-01
7.615000000000000657e-01
5.934999999999998055e-01
9.289999999999998259e-01
9.435999999999999943e-01
1.306300000000000017e+00
2.662999999999998701e-01
2.300999999999999435e-01
2.913000000000000034e-01
1.811000000000000942e-01
6.069000000000002171e-01
