1.451000000000000068e-01
8.790000000000000591e-02
6.620000000000000884e-02
8.949999999999999623e-02
6.270000000000000573e-02
1.462999999999999856e-01
1.745999999999999774e-01
8.669999999999999929e-02
1.441000000000000059e-01
1.693000000000000060e-01
2.225000000000000033e-01
1.444000000000000006e-01
1.130000000000000032e-01
6.799999999999996325e-02
9.319999999999997731e-02
5.549999999999999378e-02
1.000000000000000056e-01
3.830000000000000071e-02
4.720000000000000584e-02
1.200000000000000094e-01
3.447000000000000064e-01
2.706000000000000072e-01
1.562000000000000055e-01
9.869999999999998219e-02
6.239999999999996938e-02
1.104999999999999871e-01
9.609999999999999098e-02
4.000000000000000083e-02
3.169999999999999207e-02
3.699999999999999123e-02
5.989999999999998104e-02
2.189999999999998892e-02
6.229999999999999427e-02
5.069999999999999507e-02
7.440000000000002167e-02
4.929999999999994803e-02
6.160000000000001585e-02
9.629999999999999671e-02
6.069999999999996926e-02
6.999999999999997891e-02
4.589999999999998942e-02
6.320000000000000617e-02
7.350000000000000977e-02
5.260000000000002868e-02
5.530000000000001581e-02
6.359999999999998987e-02
2.909999999999999393e-02
2.444000000000000061e-01
1.744000000000000272e-01
1.566000000000000170e-01
9.999999999999999167e-02
8.059999999999999110e-02
8.329999999999999905e-02
8.280000000000001248e-02
4.309999999999999248e-02
4.839999999999998470e-02
5.439999999999997615e-02
5.229999999999999927e-02
6.569999999999999452e-02
4.885000000000000453e-01
3.869000000000000217e-01
1.037000000000000421e-01
8.219999999999996754e-02
3.370000000000003548e-02
1.840000000000001704e-02
4.080000000000003069e-02
4.950000000000001621e-02
5.200000000000001843e-02
3.140000000000000430e-02
2.309999999999997125e-02
3.129999999999998755e-02
2.130000000000001684e-02
3.759999999999995290e-02
7.739999999999994107e-02
1.358999999999999930e-01
4.990999999999999881e-01
2.350000000000000422e-01
7.690000000000001001e-02
6.020000000000000351e-02
3.859999999999998155e-02
7.200000000000000844e-02
7.409999999999997145e-02
5.259999999999997317e-02
7.570000000000004503e-02
8.440000000000003055e-02
4.590000000000003799e-02
8.109999999999997766e-02
7.649999999999995692e-02
7.970000000000000695e-02
4.570000000000001839e-02
3.669999999999997570e-02
2.910000000000001474e-02
4.399999999999995581e-02
7.290000000000002034e-02
5.730000000000001759e-02
3.160000000000003778e-02
7.759999999999994680e-02
9.899999999999997691e-02
7.250000000000000888e-02
2.700000000000000316e-02
9.059999999999999998e-02
1.003000000000000003e-01
2.258999999999999897e-01
1.185999999999999555e-01
5.600000000000001504e-02
8.810000000000002551e-02
6.020000000000000351e-02
6.240000000000001101e-02
1.287999999999999701e-01
1.112999999999999823e-01
1.461000000000000076e-01
1.057000000000000162e-01
5.970000000000003082e-02
6.699999999999997624e-02
4.450000000000002565e-02
8.900000000000002354e-02
5.220000000000001028e-02
1.421000000000000041e-01
1.334999999999999520e-01
