3.469000000000000417e-01
2.800000000000000266e-01
4.182000000000000162e-01
2.073999999999999733e-01
3.466999999999999527e-01
2.805999999999999606e-01
9.329999999999999405e-02
1.824000000000000066e-01
1.337999999999999745e-01
1.831999999999999740e-01
1.112000000000000488e-01
1.566000000000000170e-01
2.049000000000000266e-01
4.413999999999999591e-01
5.806000000000000050e-01
3.860000000000000098e-01
2.741999999999999993e-01
5.280000000000000249e-01
2.752999999999999892e-01
2.488999999999999546e-01
3.296000000000000596e-01
4.175000000000000377e-01
5.052999999999999714e-01
2.822000000000000619e-01
7.568000000000001393e-01
3.662000000000000255e-01
2.489000000000000101e-01
1.937000000000000111e-01
2.415999999999999537e-01
2.759000000000000341e-01
1.381000000000000005e-01
1.852999999999999647e-01
6.346999999999999309e-01
6.535999999999999588e-01
2.372999999999999832e-01
1.066999999999999893e-01
2.144999999999999685e-01
1.408000000000000085e-01
1.590000000000000024e-01
1.361999999999999877e-01
1.199999999999999956e-01
1.877000000000000057e-01
3.094000000000000083e-01
4.296000000000000374e-01
3.764000000000000123e-01
3.950000000000000178e-01
3.186999999999999833e-01
2.401000000000000356e-01
3.128999999999999559e-01
1.345000000000000639e-01
3.084999999999999964e-01
3.341000000000000081e-01
2.636999999999999345e-01
3.025999999999999801e-01
3.178999999999999604e-01
4.789000000000001034e-01
3.773999999999999577e-01
1.060000000000000386e-01
1.114999999999999880e-01
1.620999999999999941e-01
3.485000000000000320e-01
2.515000000000000013e-01
2.523000000000000242e-01
1.539999999999999980e-01
1.381000000000000005e-01
1.003000000000000280e-01
3.160000000000000031e-01
1.770000000000000462e-01
2.254999999999999782e-01
1.658000000000000029e-01
9.130000000000000615e-02
1.530999999999999861e-01
1.822000000000000008e-01
1.701000000000000012e-01
3.912999999999999812e-01
7.331000000000000849e-01
3.678999999999999493e-01
2.177000000000000324e-01
4.390999999999999348e-01
2.303000000000000047e-01
2.463000000000000189e-01
2.471999999999999753e-01
1.017000000000000404e-01
2.832000000000000073e-01
5.076999999999999291e-01
8.159999999999999476e-01
3.960000000000000742e-01
2.938999999999999391e-01
6.981999999999999318e-01
4.254999999999999893e-01
5.561000000000000387e-01
5.760999999999999455e-01
2.212000000000000077e-01
3.589999999999999858e-01
2.060999999999999499e-01
1.839999999999999969e-01
3.521999999999999575e-01
2.363999999999999990e-01
1.720000000000000140e-01
2.358000000000000373e-01
1.736999999999999933e-01
1.361000000000000543e-01
1.940999999999999392e-01
1.661999999999999866e-01
8.399999999999997746e-02
2.507999999999999119e-01
1.329999999999999516e-01
1.313000000000000278e-01
2.354999999999999871e-01
1.343999999999999917e-01
1.638999999999999901e-01
1.543999999999999817e-01
1.245999999999999747e-01
1.359999999999999820e-01
1.309000000000000163e-01
1.887000000000000066e-01
1.496000000000000107e-01
7.559999999999998666e-02
1.051999999999999880e-01
