2.509999999999999731e-02
7.059999999999999609e-02
1.430000000000000160e-01
7.049999999999999323e-02
5.190000000000000169e-02
1.011000000000000093e-01
5.939999999999999447e-02
7.499999999999998335e-02
5.530000000000000193e-02
7.409999999999999920e-02
3.850000000000000644e-02
2.419999999999999929e-02
5.270000000000001072e-02
6.230000000000000815e-02
8.610000000000000986e-02
3.667000000000000259e-01
1.135999999999999788e-01
1.559999999999999720e-01
8.649999999999999356e-02
1.232999999999999929e-01
1.053000000000000325e-01
9.369999999999999163e-02
5.880000000000000504e-02
1.485000000000000209e-01
3.909999999999997505e-02
4.390000000000000846e-02
1.010000000000000064e-01
8.730000000000000260e-02
8.689999999999999114e-02
1.238000000000000211e-01
1.386999999999999900e-01
3.480000000000002536e-02
7.480000000000000537e-02
1.020999999999999963e-01
4.890000000000001984e-02
5.499999999999998640e-02
7.829999999999998073e-02
5.180000000000001270e-02
7.240000000000000602e-02
5.669999999999999346e-02
8.890000000000000679e-02
7.629999999999999283e-02
3.080000000000000446e-02
3.029999999999999707e-02
3.690000000000000918e-02
6.749999999999999056e-02
3.899999999999999301e-02
7.220000000000001417e-02
1.182999999999999746e-01
4.990000000000001379e-02
4.670000000000000540e-02
3.369999999999997997e-02
8.139999999999997238e-02
8.279999999999997085e-02
7.530000000000003357e-02
1.093000000000000221e-01
6.600000000000001699e-02
5.489999999999997660e-02
1.008000000000000007e-01
1.165999999999999953e-01
1.768000000000000127e-01
9.959999999999999409e-02
4.660000000000001641e-02
4.930000000000003824e-02
8.170000000000002260e-02
5.850000000000002420e-02
1.003000000000000280e-01
1.042999999999999761e-01
9.349999999999998590e-02
6.539999999999997204e-02
9.610000000000001874e-02
1.530999999999999583e-01
5.650000000000000855e-02
7.460000000000002740e-02
7.380000000000000449e-02
8.530000000000004245e-02
8.240000000000000102e-02
6.469999999999995199e-02
4.580000000000004901e-02
1.056000000000000272e-01
2.019999999999999574e-02
1.439999999999999891e-01
1.746999999999999942e-01
5.060000000000001996e-02
1.064000000000000501e-01
7.290000000000004809e-02
1.056999999999999884e-01
8.360000000000000764e-02
1.072999999999999926e-01
9.210000000000001519e-02
6.550000000000001654e-02
7.270000000000000073e-02
7.940000000000001223e-02
1.022000000000000131e-01
8.270000000000002349e-02
4.640000000000001068e-02
9.859999999999999321e-02
1.148000000000000131e-01
8.369999999999999662e-02
9.470000000000002027e-02
8.369999999999999662e-02
4.359999999999995823e-02
4.679999999999996663e-02
6.409999999999996256e-02
1.061999999999999472e-01
6.729999999999998483e-02
4.579999999999996574e-02
1.208999999999999936e-01
8.080000000000003846e-02
7.330000000000000404e-02
5.569999999999997869e-02
2.810000000000003814e-02
3.020000000000007748e-02
6.000000000000002554e-02
5.010000000000004727e-02
6.800000000000000488e-02
7.930000000000002325e-02
5.370000000000002549e-02
4.619999999999996332e-02
