9.790000000000001479e-02
8.589999999999999025e-02
5.859999999999999931e-02
6.320000000000000617e-02
8.579999999999998739e-02
1.076000000000000012e-01
1.054999999999999827e-01
4.270000000000001572e-02
8.550000000000000655e-02
9.290000000000001035e-02
1.077999999999999792e-01
6.719999999999999585e-02
4.510000000000000814e-02
6.029999999999998556e-02
3.360000000000000486e-02
5.419999999999998430e-02
5.469999999999998475e-02
2.729999999999999788e-02
4.570000000000000451e-02
4.300000000000001044e-02
6.220000000000001916e-02
8.359999999999997988e-02
6.930000000000000049e-02
7.859999999999997544e-02
4.160000000000000503e-02
5.989999999999999492e-02
3.939999999999999059e-02
5.559999999999999665e-02
5.639999999999999181e-02
1.068999999999999950e-01
8.860000000000001208e-02
9.159999999999998699e-02
2.399999999999998315e-02
9.609999999999999098e-02
8.740000000000001934e-02
8.140000000000000013e-02
1.319000000000000172e-01
5.600000000000000810e-02
6.740000000000000158e-02
4.610000000000000903e-02
5.660000000000001141e-02
7.379999999999999061e-02
5.589999999999999136e-02
6.550000000000000266e-02
6.700000000000000400e-02
1.098999999999999977e-01
8.990000000000000768e-02
5.449999999999999983e-02
6.940000000000000335e-02
1.077000000000000179e-01
4.489999999999998159e-02
9.789999999999998703e-02
2.810000000000001039e-02
4.619999999999999801e-02
5.830000000000002541e-02
9.559999999999996279e-02
3.150000000000000022e-02
4.719999999999999890e-02
6.020000000000001045e-02
2.870000000000001369e-02
4.639999999999999680e-02
9.100000000000002531e-02
9.780000000000002580e-02
4.129999999999998950e-02
5.639999999999999875e-02
2.180000000000002075e-02
9.010000000000001341e-02
4.999999999999998890e-02
4.779999999999999527e-02
4.899999999999997413e-02
1.044999999999999818e-01
6.930000000000000049e-02
5.090000000000000080e-02
8.180000000000001159e-02
6.670000000000003704e-02
5.230000000000002702e-02
5.019999999999995299e-02
6.160000000000001585e-02
4.879999999999999616e-02
1.096000000000000030e-01
7.289999999999999258e-02
1.049999999999999961e-01
3.150000000000000022e-02
7.460000000000001352e-02
2.910000000000001127e-02
2.160000000000000808e-02
5.600000000000000810e-02
1.442999999999999838e-01
3.180000000000000604e-01
2.632000000000000450e-01
3.676999999999999158e-01
2.571999999999999842e-01
9.280000000000002136e-02
1.228000000000000203e-01
1.113000000000000378e-01
1.076000000000000151e-01
1.695000000000000118e-01
2.506999999999999784e-01
8.929999999999999050e-02
6.970000000000001195e-02
3.270000000000000684e-02
5.359999999999999487e-02
5.359999999999998099e-02
1.375999999999999446e-01
8.359999999999995213e-02
6.079999999999999294e-02
1.107999999999999957e-01
1.433999999999999997e-01
7.090000000000001856e-02
7.139999999999999125e-02
2.004000000000000226e-01
1.595000000000000029e-01
1.446999999999999953e-01
8.360000000000000764e-02
6.589999999999998637e-02
4.770000000000001322e-02
8.100000000000001643e-02
4.890000000000001290e-02
2.510000000000000078e-02
