1.408999999999999975e-01
1.408999999999999975e-01
8.550000000000000655e-02
1.864000000000000101e-01
1.218000000000000194e-01
6.290000000000001146e-02
4.780000000000000915e-02
4.839999999999999858e-02
1.227999999999999925e-01
1.466000000000000081e-01
3.679999999999999938e-01
3.390999999999999015e-01
7.960000000000010123e-02
2.441999999999999171e-01
1.547000000000000042e-01
2.311000000000000276e-01
1.667000000000000426e-01
2.361000000000000043e-01
5.977999999999999980e-01
1.037000000000000005e-01
9.859999999999996545e-02
4.576000000000000068e-01
1.421000000000000041e+00
2.124600000000000044e+00
2.979999999999999871e-01
8.980000000000003257e-02
1.540000000000000258e-01
2.087000000000000521e-01
1.184000000000000191e-01
1.425000000000000433e-01
7.409999999999998532e-02
9.229999999999999316e-02
1.955999999999999961e-01
2.627999999999999781e-01
1.223000000000000059e-01
1.143000000000000405e-01
1.092999999999999805e-01
3.059999999999999942e-01
1.006000000000000227e-01
6.659999999999999254e-02
1.158999999999999891e-01
5.227000000000000535e-01
3.490000000000000879e-01
1.792000000000000814e-01
1.018999999999999490e-01
4.059999999999998332e-02
3.940000000000004610e-02
3.120000000000001938e-02
1.072000000000000453e-01
1.571000000000000174e-01
1.863000000000000211e-01
9.510000000000005949e-02
7.239999999999992275e-02
6.429999999999988503e-02
2.351999999999999924e-01
3.323000000000000398e-01
9.219999999999994866e-02
8.249999999999992062e-02
1.130000000000000587e-01
4.800000000000011202e-02
5.779999999999993476e-02
8.129999999999996951e-02
3.050000000000000627e-02
1.151999999999999552e-01
2.193999999999999562e-01
1.189999999999999808e-01
1.586000000000000187e-01
1.170999999999999819e-01
4.699999999999997929e-02
1.240000000000000546e-01
1.053000000000000047e-01
3.460000000000001963e-02
7.779999999999998028e-02
3.833999999999999631e-01
2.026999999999999358e-01
2.103000000000000425e-01
1.031000000000000250e-01
1.649999999999999800e-01
2.436000000000000110e-01
1.519999999999999685e-01
4.910000000000001863e-02
8.780000000000000304e-02
5.340000000000005159e-02
4.689999999999996255e-02
6.469999999999997975e-02
4.250000000000007938e-02
9.299999999999997158e-02
3.449999999999998207e-02
4.550000000000000572e-02
7.230000000000003091e-02
6.980000000000000093e-02
3.780000000000001414e-02
4.839999999999997776e-02
4.309999999999997861e-02
4.689999999999995561e-02
5.169999999999993351e-02
3.670000000000006590e-02
1.203999999999999793e-01
1.461999999999999689e-01
2.193000000000000227e-01
1.734000000000000541e-01
1.079000000000000375e-01
1.158000000000000418e-01
6.949999999999999234e-02
8.970000000000000195e-02
3.219999999999997864e-02
4.920000000000004925e-02
1.183000000000000163e-01
1.137999999999999984e-01
2.730000000000002217e-02
8.919999999999998763e-02
1.240999999999999465e-01
1.199999999999999678e-01
1.511000000000000121e-01
9.889999999999996017e-02
1.108999999999999986e-01
6.110000000000004317e-02
5.600000000000002198e-02
4.179999999999997606e-02
