7.710000000000000187e-02
9.889999999999998792e-02
9.239999999999998215e-02
1.049000000000000210e-01
2.577999999999999736e-01
1.447999999999999843e-01
7.710000000000000187e-02
6.549999999999998879e-02
4.800000000000000100e-02
2.149999999999999967e-01
5.599999999999999423e-02
2.451999999999999735e-01
1.296000000000000207e-01
1.457999999999999852e-01
1.555000000000000271e-01
7.560000000000000053e-02
7.450000000000001066e-02
7.209999999999999742e-02
9.439999999999997005e-02
1.065000000000000113e-01
1.042999999999999761e-01
1.277999999999999969e-01
1.781999999999999973e-01
1.512999999999999901e-01
4.820000000000000673e-02
1.097999999999999948e-01
5.889999999999999403e-02
9.450000000000000067e-02
1.490000000000000213e-01
2.242000000000000104e-01
1.668000000000000038e-01
1.068999999999999950e-01
3.080000000000000099e-02
9.569999999999999341e-02
1.832999999999999907e-01
2.328000000000000069e-01
1.474999999999999645e-01
1.342999999999999750e-01
1.955999999999999961e-01
1.930000000000000049e-01
6.319999999999997842e-02
7.860000000000000320e-02
8.830000000000000349e-02
1.274000000000000410e-01
1.105999999999999900e-01
1.890000000000000291e-01
1.368999999999999939e-01
1.718000000000000083e-01
1.875999999999999890e-01
4.779999999999996751e-02
1.826999999999999458e-01
1.600999999999999923e-01
2.300999999999999712e-01
3.637000000000000233e-01
2.767000000000000015e-01
1.116000000000000048e-01
1.715000000000000413e-01
2.731000000000000094e-01
2.865999999999999659e-01
2.097999999999999865e-01
1.450999999999999790e-01
1.332000000000000128e-01
2.349999999999999867e-01
2.740000000000000213e-01
1.424999999999999600e-01
1.994000000000000217e-01
2.444999999999999951e-01
1.042000000000000010e-01
7.819999999999999174e-02
1.765999999999999515e-01
1.728000000000000369e-01
8.399999999999996358e-02
1.296999999999999820e-01
1.534999999999999976e-01
1.659999999999999531e-01
6.420000000000003482e-02
4.720000000000001972e-02
1.338999999999999635e-01
1.098999999999999699e-01
5.730000000000005228e-02
1.804000000000000048e-01
2.066999999999999393e-01
4.579999999999999349e-02
2.318999999999999950e-01
1.285999999999999921e-01
1.855999999999999872e-01
4.039999999999999147e-02
2.340000000000000413e-01
1.096999999999999642e-01
9.930000000000002713e-02
1.300999999999999934e-01
1.586999999999999800e-01
1.282999999999999974e-01
1.037999999999999617e-01
1.277999999999999969e-01
1.116000000000000325e-01
9.779999999999999805e-02
8.940000000000000724e-02
2.630000000000000115e-01
1.925999999999999934e-01
9.309999999999998832e-02
2.225999999999999368e-01
1.438999999999999724e-01
6.870000000000001106e-02
7.610000000000001485e-02
1.080999999999999739e-01
1.607999999999999985e-01
8.869999999999997331e-02
1.729999999999999594e-01
1.742999999999999550e-01
3.785000000000000586e-01
1.825999999999999845e-01
1.008000000000000285e-01
1.427999999999999825e-01
6.939999999999997560e-02
6.310000000000003106e-02
6.970000000000001195e-02
1.349999999999999811e-01
1.030999999999999694e-01
