2.005999999999999728e-01
3.284000000000000252e-01
1.326999999999999846e-01
8.949999999999999623e-02
1.036999999999999866e-01
9.220000000000000417e-02
6.139999999999999625e-02
5.110000000000000653e-02
1.305999999999999939e-01
2.177000000000000046e-01
9.070000000000000284e-02
1.001999999999999835e-01
1.756999999999999951e-01
1.517999999999999905e-01
2.114999999999999936e-01
1.497999999999999887e-01
1.811999999999999722e-01
1.491000000000000103e-01
1.056999999999999884e-01
1.353000000000000314e-01
4.599999999999999228e-02
6.800000000000001876e-02
2.819999999999999243e-02
7.079999999999998794e-02
8.549999999999999267e-02
8.450000000000000566e-02
6.830000000000004123e-02
5.750000000000003025e-02
6.390000000000001235e-02
5.470000000000001250e-02
9.049999999999998324e-02
9.829999999999999849e-02
1.513999999999999790e-01
8.640000000000000457e-02
1.646999999999999575e-01
3.270000000000000129e-01
2.494000000000000106e-01
9.219999999999997642e-02
1.039999999999999536e-01
8.140000000000000013e-02
5.309999999999995973e-02
6.440000000000002667e-02
1.348999999999999644e-01
7.819999999999996398e-02
4.790000000000001201e-02
8.619999999999998497e-02
1.756999999999999951e-01
1.590999999999999637e-01
8.400000000000000522e-02
3.259999999999999010e-02
2.848999999999999311e-01
4.037000000000000588e-01
2.607999999999999763e-01
2.739999999999999658e-01
2.541000000000000481e-01
1.998000000000000054e-01
2.287999999999999756e-01
2.656999999999999917e-01
1.705000000000000404e-01
2.264000000000000179e-01
3.071000000000000396e-01
6.119999999999999052e-02
7.639999999999999569e-02
1.519999999999999685e-01
1.489000000000000046e-01
3.347000000000000530e-01
1.564000000000000112e-01
1.323000000000000009e-01
1.231000000000000150e-01
2.757000000000000006e-01
1.559000000000000108e-01
2.230000000000000593e-01
1.340500000000000025e+00
7.274000000000000465e-01
6.600000000000001421e-01
3.708999999999999519e-01
2.099000000000000310e-01
2.269999999999999796e-01
1.614300000000000290e+00
4.625000000000000222e-01
6.768000000000000682e-01
5.091999999999999860e-01
9.705999999999999073e-01
4.839000000000001078e-01
9.899999999999992140e-02
1.308999999999999886e-01
1.143000000000000543e-01
5.496999999999999664e-01
1.636999999999999844e-01
1.135999999999999788e-01
6.070000000000005252e-02
8.099999999999994704e-02
9.250000000000002665e-02
5.359999999999998793e-02
6.969999999999998419e-02
5.799999999999994743e-02
1.068000000000000060e-01
5.979999999999999205e-02
8.870000000000000107e-02
1.774999999999999911e-01
3.710000000000000520e-01
3.500000000000006578e-02
5.767999999999999794e-01
4.915999999999999259e-01
1.265000000000000846e-01
6.019999999999998963e-02
7.324000000000001620e-01
8.050000000000000488e-01
5.388999999999999346e-01
4.251000000000000889e-01
2.346000000000000307e-01
8.620000000000008211e-02
1.210999999999999160e-01
4.600000000000004086e-02
1.375999999999999723e-01
5.747999999999999776e-01
1.551000000000000156e-01
1.209999999999999964e-01
9.195999999999999730e-01
