8.340000000000000191e-02
1.161000000000000087e-01
1.402000000000000191e-01
1.190000000000000085e-01
1.053000000000000047e-01
1.565999999999999892e-01
1.887999999999999956e-01
8.029999999999999638e-02
5.909999999999999976e-02
2.048999999999999988e-01
1.463999999999999746e-01
1.262999999999999956e-01
1.261999999999999789e-01
2.615999999999999992e-01
1.736000000000000321e-01
7.459999999999998577e-02
7.560000000000000053e-02
1.093000000000000083e-01
1.007000000000000117e-01
2.850000000000000103e-02
4.420000000000000318e-02
1.671000000000000263e-01
2.658999999999999697e-01
1.290999999999999925e-01
4.329999999999998433e-02
8.900000000000000966e-02
3.770000000000001128e-02
9.390000000000001124e-02
5.280000000000000665e-02
5.220000000000000334e-02
8.540000000000000369e-02
1.688999999999999946e-01
2.032999999999999807e-01
1.256000000000000172e-01
6.179999999999999383e-02
9.929999999999998550e-02
1.576999999999999791e-01
5.669999999999999346e-02
4.449999999999999789e-02
1.325000000000000067e-01
1.189999999999999947e-01
1.884000000000000119e-01
9.579999999999999627e-02
1.424999999999999878e-01
1.378000000000000058e-01
7.749999999999999944e-02
1.609999999999999765e-01
1.801999999999999991e-01
7.309999999999999831e-02
3.539999999999999397e-02
5.809999999999999887e-02
1.202999999999999903e-01
1.452999999999999292e-01
9.219999999999996254e-02
7.060000000000005160e-02
1.286000000000000476e-01
6.650000000000001743e-02
6.869999999999996942e-02
1.691000000000000281e-01
9.630000000000001059e-02
1.552999999999999658e-01
7.399999999999998246e-02
8.650000000000000744e-02
1.841999999999999749e-01
1.784000000000000308e-01
2.000000000000000111e-01
2.818999999999999839e-01
3.038999999999999480e-01
1.584999999999999742e-01
2.001999999999999891e-01
1.025999999999999829e-01
2.327000000000000179e-01
1.596000000000000196e-01
1.531999999999999751e-01
2.447999999999999898e-01
1.517999999999999905e-01
1.591999999999999527e-01
1.249000000000000249e-01
1.234000000000000097e-01
1.010000000000000064e-01
2.283999999999999642e-01
1.073000000000000065e-01
1.515999999999999848e-01
1.118000000000000382e-01
1.120000000000000440e-01
1.374999999999999556e-01
8.109999999999994991e-02
1.056000000000000133e-01
5.729999999999998289e-02
1.854000000000000092e-01
1.779000000000000026e-01
2.716999999999999971e-01
1.735999999999999766e-01
1.370000000000000107e-01
1.302999999999999992e-01
1.804999999999999383e-01
7.629999999999999283e-02
1.976000000000000534e-01
2.590999999999998860e-01
2.060999999999999499e-01
2.383000000000000396e-01
2.821000000000000174e-01
2.570000000000000062e-01
1.038000000000000173e-01
2.881000000000000227e-01
3.930999999999999495e-01
4.465999999999999970e-01
1.778000000000000413e-01
1.128999999999999865e-01
1.330000000000000071e-01
1.391999999999999349e-01
1.504999999999999949e-01
9.330000000000000793e-02
2.140999999999999570e-01
1.710999999999999743e-01
7.869999999999999218e-02
1.219999999999999835e-01
7.220000000000000029e-02
1.156999999999999695e-01
