7.519999999999998908e-02
1.164000000000000035e-01
7.600000000000001199e-02
5.990000000000000879e-02
1.019000000000000045e-01
9.639999999999999958e-02
1.320999999999999952e-01
9.059999999999999998e-02
6.239999999999999020e-02
1.083999999999999964e-01
1.028000000000000164e-01
5.410000000000000919e-02
5.760000000000002618e-02
5.959999999999999326e-02
3.379999999999999671e-02
3.089999999999998997e-02
3.699999999999999123e-02
1.899999999999999606e-02
9.709999999999999187e-02
5.999999999999999778e-02
1.121999999999999942e-01
7.459999999999999964e-02
3.649999999999999772e-02
6.289999999999999758e-02
3.720000000000001084e-02
9.090000000000000857e-02
5.510000000000000314e-02
7.250000000000000888e-02
6.210000000000000936e-02
3.139999999999999736e-02
4.490000000000000935e-02
3.619999999999998219e-02
7.200000000000000844e-02
1.305000000000000049e-01
2.929999999999999272e-02
9.759999999999999232e-02
9.889999999999998792e-02
9.299999999999998546e-02
1.045999999999999985e-01
5.230000000000001315e-02
3.130000000000002225e-02
3.860000000000000930e-02
4.240000000000000019e-02
4.320000000000000229e-02
4.710000000000000298e-02
5.889999999999998015e-02
5.910000000000001363e-02
2.259999999999999509e-02
6.549999999999998879e-02
3.179999999999998106e-02
4.410000000000001419e-02
2.609999999999998085e-02
5.479999999999998761e-02
3.759999999999999454e-02
5.429999999999998717e-02
5.700000000000000899e-02
1.008000000000000007e-01
3.440000000000000002e-02
5.909999999999999976e-02
4.509999999999997344e-02
5.599999999999997341e-02
3.440000000000000696e-02
5.880000000000000504e-02
4.389999999999999458e-02
4.450000000000001871e-02
5.209999999999997272e-02
6.750000000000000444e-02
6.079999999999997906e-02
4.610000000000000903e-02
8.980000000000001870e-02
2.810000000000001733e-02
3.960000000000001019e-02
7.009999999999999565e-02
5.399999999999999245e-02
6.639999999999998681e-02
9.869999999999998219e-02
7.199999999999998068e-02
4.610000000000000903e-02
4.059999999999998332e-02
1.083999999999999964e-01
6.700000000000000400e-02
4.149999999999998135e-02
7.879999999999999505e-02
3.560000000000000664e-02
5.730000000000000371e-02
6.650000000000001743e-02
4.020000000000002044e-02
7.930000000000003713e-02
1.537999999999999923e-01
7.960000000000003184e-02
7.130000000000003002e-02
5.580000000000001625e-02
7.740000000000005209e-02
8.420000000000002482e-02
4.589999999999996860e-02
4.859999999999997655e-02
7.849999999999998646e-02
3.969999999999998530e-02
1.149999999999996164e-02
3.429999999999995552e-02
6.679999999999998439e-02
7.220000000000001417e-02
8.819999999999998674e-02
4.979999999999996929e-02
8.039999999999999925e-02
5.470000000000004026e-02
9.520000000000006235e-02
9.060000000000004161e-02
3.599999999999997646e-02
3.129999999999999449e-02
3.800000000000003375e-02
7.010000000000000953e-02
4.039999999999997760e-02
8.220000000000003693e-02
1.138000000000000400e-01
9.820000000000002338e-02
1.090999999999999193e-01
1.605999999999999928e-01
4.640000000000001068e-02
