8.920000000000000151e-02
1.253000000000000225e-01
5.489999999999999741e-02
6.700000000000000400e-02
8.709999999999999687e-02
1.709999999999999853e-01
1.205999999999999850e-01
3.689999999999999530e-02
5.219999999999999640e-02
5.780000000000000415e-02
6.500000000000000222e-02
4.250000000000000305e-02
6.329999999999999516e-02
7.169999999999999984e-02
4.689999999999999725e-02
7.729999999999999372e-02
9.769999999999999518e-02
3.869999999999999829e-02
1.017000000000000126e-01
7.289999999999999258e-02
1.628000000000000003e-01
2.495999999999999885e-01
1.849999999999999978e-01
4.620000000000000495e-02
2.092999999999999861e-01
2.623000000000000331e-01
3.276000000000000023e-01
1.503999999999999782e-01
1.244999999999999996e-01
8.160000000000000586e-02
1.715000000000000135e-01
8.899999999999999578e-02
9.910000000000000753e-02
1.464000000000000024e-01
2.889999999999998820e-02
1.259000000000000119e-01
1.680999999999999994e-01
9.999999999999999167e-02
2.889999999999998473e-02
5.049999999999999628e-02
1.213999999999999940e-01
1.079000000000000098e-01
5.319999999999999729e-02
5.809999999999999887e-02
4.789999999999999120e-02
5.849999999999999645e-02
8.859999999999999820e-02
1.441000000000000059e-01
1.579999999999999738e-01
1.151999999999999968e-01
7.019999999999998463e-02
4.219999999999999446e-02
8.870000000000000107e-02
4.179999999999999688e-02
8.329999999999999905e-02
4.779999999999998833e-02
9.969999999999999696e-02
1.072999999999999926e-01
1.350000000000000089e-01
5.329999999999998628e-02
8.080000000000001070e-02
4.280000000000000471e-02
8.519999999999999796e-02
5.350000000000000588e-02
7.520000000000000295e-02
3.300000000000000155e-02
1.708999999999999964e-01
8.790000000000000591e-02
2.990000000000001684e-02
4.490000000000000935e-02
1.580000000000001542e-02
1.065999999999999864e-01
3.719999999999998308e-02
8.210000000000000631e-02
6.940000000000001723e-02
1.512000000000000011e-01
4.359999999999999987e-02
1.214999999999999969e-01
6.770000000000001017e-02
1.192000000000000143e-01
5.950000000000001815e-02
3.300000000000000849e-02
1.634000000000000175e-01
2.104999999999999649e-01
2.577999999999999736e-01
1.491000000000000103e-01
1.640000000000001179e-02
1.174999999999999933e-01
9.220000000000000417e-02
2.319999999999997758e-02
3.389999999999999958e-02
1.154999999999999916e-01
9.410000000000000309e-02
6.570000000000000839e-02
7.290000000000000646e-02
8.630000000000001559e-02
8.810000000000001164e-02
6.900000000000000577e-02
7.050000000000000711e-02
5.059999999999998527e-02
8.140000000000002789e-02
9.270000000000000462e-02
2.740000000000000074e-02
2.529999999999999957e-02
1.072999999999999926e-01
9.579999999999996851e-02
4.399999999999999745e-02
7.269999999999998685e-02
3.809999999999999498e-02
6.969999999999999807e-02
5.809999999999999887e-02
3.479999999999998372e-02
5.720000000000002166e-02
9.469999999999999252e-02
8.419999999999999707e-02
4.239999999999999325e-02
6.369999999999999274e-02
1.101999999999999924e-01
7.560000000000000053e-02
