1.303999999999999881e-01
5.500000000000001416e-02
1.166000000000000092e-01
1.636999999999999844e-01
3.044999999999999929e-01
1.179999999999999938e-01
2.064000000000000279e-01
1.915000000000000036e-01
1.248999999999999971e-01
2.996000000000000330e-01
1.804000000000000326e-01
2.528000000000000247e-01
1.479000000000000037e-01
1.215000000000000108e-01
8.459999999999999465e-02
1.154999999999999916e-01
7.469999999999998863e-02
1.381000000000000005e-01
1.539999999999999702e-01
1.990000000000000102e-01
1.968000000000000305e-01
1.195000000000000090e-01
1.209000000000000213e-01
1.473999999999999755e-01
9.020000000000001628e-02
7.090000000000001856e-02
1.328999999999999904e-01
3.345999999999999530e-01
1.510999999999999843e-01
1.065000000000000391e-01
9.839999999999997360e-02
8.899999999999996803e-02
9.579999999999999627e-02
1.079000000000000514e-01
1.903999999999999582e-01
1.222999999999999921e-01
1.416000000000000036e-01
1.137999999999999845e-01
8.869999999999997331e-02
1.033999999999999225e-01
1.836000000000000132e-01
7.040000000000001812e-02
3.115999999999998771e-01
2.053000000000000103e-01
3.316999999999999948e-01
4.873999999999999999e-01
2.515000000000000568e-01
1.730000000000000149e-01
2.536999999999999256e-01
2.455000000000001070e-01
1.453999999999999737e-01
7.070000000000005447e-02
2.139000000000000346e-01
1.005999999999999672e-01
1.387999999999999790e-01
1.453000000000000402e-01
1.537000000000000588e-01
9.459999999999985087e-02
9.649999999999990530e-02
2.198000000000000509e-01
7.209999999999996967e-02
6.800000000000006040e-02
2.074999999999999900e-01
2.062000000000000499e-01
1.250999999999999612e-01
2.121999999999999997e-01
1.031999999999999723e-01
1.583000000000000240e-01
2.160999999999999310e-01
1.138999999999999041e-01
2.251000000000000778e-01
1.452000000000000512e-01
1.188000000000000028e-01
8.539999999999994817e-02
8.610000000000000986e-02
1.205000000000000376e-01
1.132999999999999841e-01
6.790000000000002978e-02
1.310000000000000608e-01
1.577000000000000068e-01
2.930999999999999162e-01
1.857000000000000317e-01
1.867000000000000326e-01
4.385999999999999899e-01
1.622000000000000108e-01
3.203999999999999626e-01
2.080000000000000182e-01
1.130999999999999922e-01
1.527000000000000024e-01
1.049000000000000210e-01
2.759999999999999121e-01
2.548999999999999599e-01
1.323999999999999622e-01
2.143999999999999240e-01
1.872999999999999665e-01
2.796999999999999487e-01
1.572999999999999954e-01
6.519999999999999407e-02
1.484000000000000319e-01
2.192999999999999394e-01
1.541000000000000147e-01
7.169999999999993046e-02
5.200000000000011557e-02
4.889999999999993657e-02
7.690000000000001001e-02
3.788000000000000256e-01
5.103999999999999648e-01
9.400000000000001410e-02
6.919999999999999762e-02
7.530000000000003357e-02
1.317000000000000393e-01
9.349999999999999978e-02
8.800000000000002265e-02
1.763000000000000400e-01
1.387000000000000732e-01
3.377000000000000002e-01
2.262000000000000677e-01
2.554000000000000714e-01
3.770000000000000573e-01
