1.203000000000000042e-01
1.383000000000000063e-01
6.950000000000000622e-02
1.565000000000000002e-01
3.706000000000000405e-01
1.134000000000000008e-01
3.680000000000000632e-02
1.236000000000000154e-01
2.437999999999999612e-01
1.566000000000000170e-01
1.181000000000000105e-01
1.432000000000000495e-01
1.381999999999999895e-01
1.885000000000000009e-01
2.225999999999999646e-01
1.517000000000000015e-01
1.932999999999999996e-01
1.486999999999999988e-01
5.202999999999999847e-01
2.383000000000000118e-01
2.716999999999999416e-01
3.384999999999999676e-01
1.701000000000000290e-01
1.954000000000000181e-01
1.327000000000000401e-01
2.308999999999999941e-01
1.980000000000000371e-01
1.597000000000000364e-01
8.559999999999998166e-02
1.320000000000000062e-01
1.399999999999999856e-01
8.149999999999998912e-02
1.100000000000000144e-01
1.040999999999999981e-01
1.483999999999999486e-01
1.007000000000000117e-01
1.190999999999999975e-01
1.394000000000000239e-01
1.659000000000000197e-01
1.222000000000000031e-01
1.058000000000000190e-01
1.231999999999999762e-01
1.551000000000000156e-01
5.480000000000000843e-02
1.305000000000000049e-01
2.346999999999999920e-01
8.759999999999998344e-02
1.462999999999999856e-01
1.229000000000000231e-01
1.126999999999999946e-01
1.163999999999999618e-01
7.169999999999999984e-02
1.564000000000000112e-01
1.532999999999999918e-01
7.390000000000002123e-02
1.830999999999999850e-01
2.103999999999999759e-01
2.102999999999999869e-01
2.342999999999999805e-01
2.277999999999999470e-01
1.884000000000000397e-01
6.459999999999996301e-02
1.411000000000000032e-01
1.282999999999999696e-01
7.610000000000001485e-02
1.493000000000000160e-01
1.793000000000000149e-01
4.196000000000000285e-01
1.246000000000000718e-01
2.105999999999999817e-01
2.758999999999999231e-01
4.008000000000000451e-01
1.817999999999999894e-01
2.274999999999999800e-01
8.019000000000000572e-01
6.691999999999999060e-01
2.725000000000000200e-01
1.711000000000000298e-01
1.191200000000000037e+00
2.165200000000000014e+00
1.632100000000000106e+00
1.588999999999999857e-01
2.707000000000000517e-01
2.912000000000000144e-01
1.087800000000000100e+00
1.098400000000000043e+00
7.657000000000000473e-01
2.891899999999999693e+00
1.516799999999999926e+00
1.540299999999999780e+00
1.368999999999999662e-01
5.339000000000000412e-01
6.326000000000001622e-01
1.531999999999999473e-01
2.397999999999999576e-01
1.676000000000000267e-01
1.702000000000001012e-01
1.481000000000000649e-01
1.920000000000000595e-01
9.249999999999997113e-02
1.117999999999999827e-01
1.008999999999999481e-01
1.823999999999999233e-01
1.278999999999999582e-01
1.490000000000000768e-01
3.101000000000000978e-01
1.985000000000000653e-01
1.298999999999999322e-01
7.409999999999987430e-02
4.850000000000000838e-02
1.546999999999999487e-01
1.105999999999999206e-01
1.455000000000000460e-01
1.124999999999999056e-01
7.709999999999982145e-02
1.589000000000001522e-01
1.549000000000000654e-01
4.539999999999998204e-02
1.359000000000001318e-01
