5.680000000000000326e-02
3.880000000000000115e-02
4.830000000000000959e-02
1.956999999999999851e-01
2.184999999999999998e-01
1.256999999999999784e-01
5.219999999999999640e-02
4.549999999999999184e-02
3.859999999999999543e-02
5.930000000000000548e-02
4.699999999999999317e-02
6.389999999999999847e-02
4.500000000000000527e-02
5.030000000000000443e-02
7.940000000000001223e-02
6.880000000000000004e-02
7.590000000000000913e-02
9.950000000000000511e-02
1.038000000000000034e-01
7.939999999999999836e-02
6.319999999999997842e-02
5.300000000000001238e-02
6.500000000000000222e-02
8.820000000000000062e-02
2.930000000000001353e-02
7.840000000000001135e-02
7.760000000000000231e-02
4.139999999999999930e-02
5.979999999999999899e-02
2.599999999999999534e-02
3.479999999999999760e-02
1.036000000000000115e-01
1.126000000000000056e-01
1.908999999999999864e-01
1.812000000000000277e-01
8.219999999999996754e-02
1.268999999999999850e-01
1.456000000000000072e-01
1.521999999999999742e-01
1.139000000000000290e-01
6.030000000000002025e-02
9.059999999999998610e-02
4.259999999999999898e-02
6.610000000000000597e-02
1.436999999999999944e-01
6.839999999999997471e-02
1.738999999999999990e-01
5.229999999999999927e-02
1.277000000000000079e-01
1.049000000000000210e-01
4.220000000000000834e-02
1.110000000000000014e-01
1.171000000000000096e-01
8.499999999999999223e-02
2.750000000000000361e-02
3.370000000000000773e-02
9.169999999999998985e-02
7.850000000000001421e-02
7.259999999999999787e-02
5.989999999999999492e-02
4.140000000000000624e-02
5.120000000000001633e-02
5.890000000000000790e-02
7.159999999999999698e-02
9.620000000000000773e-02
1.290999999999999925e-01
6.375000000000000666e-01
2.837999999999999967e-01
1.997000000000000441e-01
1.376000000000000001e-01
1.500000000000000222e-01
7.099999999999997979e-02
8.379999999999998561e-02
5.130000000000001226e-02
9.420000000000000595e-02
1.557999999999999663e-01
1.351999999999999869e-01
1.471000000000000085e-01
5.579999999999999544e-02
1.426000000000000045e-01
9.229999999999997928e-02
4.040000000000000258e-01
1.272100000000000009e+00
8.677000000000000268e-01
3.250000000000000111e-01
2.099999999999999922e-01
1.549000000000000377e-01
7.980000000000002369e-02
1.578000000000000236e-01
1.622000000000000108e-01
9.959999999999999409e-02
1.532000000000000306e-01
5.650000000000000855e-02
5.260000000000003562e-02
7.960000000000000409e-02
1.277000000000000079e-01
7.670000000000004592e-02
5.879999999999999116e-02
8.820000000000002838e-02
8.230000000000002591e-02
1.698000000000000065e-01
2.594300000000000050e+00
9.620999999999999552e-01
9.559000000000001940e-01
1.231000000000000150e-01
1.211000000000000687e-01
1.182999999999999885e-01
6.180000000000001464e-02
5.490000000000006680e-02
7.870000000000007545e-02
1.757000000000000783e-01
1.455999999999999517e-01
5.539999999999992153e-02
1.033000000000000584e-01
3.383999999999999786e-01
6.303999999999999604e-01
2.173999999999999821e-01
5.198000000000000398e-01
6.004000000000000448e-01
