2.635999999999999455e-01
3.521999999999999575e-01
3.397000000000000020e-01
9.489999999999999825e-02
1.348000000000000032e-01
1.228000000000000203e-01
9.309999999999998832e-02
4.449999999999997014e-02
7.220000000000001417e-02
1.076999999999999902e-01
5.150000000000000411e-02
7.309999999999999831e-02
1.039999999999999813e-01
1.314999999999999780e-01
4.166999999999999593e-01
3.221999999999999864e-01
5.121999999999999886e-01
1.389000000000000234e-01
8.040000000000002700e-02
1.264000000000000123e-01
1.013000000000000289e-01
1.923999999999999599e-01
1.472000000000000253e-01
1.114000000000000129e-01
8.139999999999997238e-02
1.451000000000000068e-01
1.528999999999999804e-01
1.543999999999999817e-01
8.969999999999997420e-02
2.109999999999999723e-02
9.010000000000002729e-02
2.030000000000003677e-02
6.660000000000002029e-02
3.699999999999997041e-02
4.019999999999997881e-02
4.540000000000002367e-02
7.789999999999999702e-02
3.979999999999998817e-02
5.305999999999999606e-01
3.337000000000000521e-01
3.818999999999999617e-01
1.669999999999999818e-01
5.960000000000000020e-02
9.659999999999996367e-02
2.055000000000000160e-01
2.210999999999999632e-01
3.564999999999999281e-01
2.905999999999999694e-01
3.039999999999999925e-01
5.163999999999999702e-01
5.528999999999999471e-01
4.606999999999999984e-01
6.930000000000001437e-02
1.091000000000000303e-01
1.681000000000000272e-01
1.914000000000000146e-01
1.892000000000000348e-01
1.095000000000000001e-01
1.232999999999999929e-01
1.049999999999999961e-01
8.440000000000001668e-02
1.226000000000000145e-01
9.039999999999998037e-02
1.044000000000000067e-01
4.027999999999999914e-01
1.580999999999999628e-01
1.639000000000000179e-01
2.777000000000000024e-01
1.532999999999999918e-01
1.557999999999999940e-01
8.840000000000000635e-02
4.750000000000000056e-02
7.099999999999997979e-02
1.133000000000000118e-01
1.451000000000000068e-01
8.960000000000004072e-02
1.895000000000000018e-01
1.913000000000000256e-01
8.809999999999998388e-02
1.243999999999999689e-01
7.407000000000001361e-01
2.462999999999999634e-01
9.180000000000000659e-02
1.141000000000000070e-01
1.788000000000000145e-01
4.566000000000000059e-01
7.920000000000000651e-02
6.060000000000000803e-02
1.217999999999999916e-01
2.632999999999999785e-01
5.048000000000000265e-01
4.485000000000000098e-01
3.226999999999999869e-01
1.894000000000000128e-01
1.406999999999999917e-01
1.677999999999999770e-01
1.127999999999999836e-01
1.214999999999999969e-01
1.073999999999999955e-01
1.546000000000000152e-01
9.630000000000001059e-02
5.299999999999999156e-02
1.075000000000000122e-01
9.730000000000002536e-02
3.373999999999999222e-01
2.521999999999999797e-01
1.540999999999999870e-01
1.177000000000000268e-01
1.116999999999999937e-01
4.460000000000000769e-02
5.589999999999998442e-02
7.209999999999998355e-02
1.245999999999999885e-01
7.470000000000000251e-02
5.789999999999999314e-02
7.200000000000000844e-02
8.013999999999998902e-01
4.916999999999999704e-01
1.430000000000000160e-01
