1.006999999999999978e-01
1.532000000000000028e-01
5.879999999999999116e-02
8.669999999999999929e-02
9.299999999999999933e-02
3.969999999999999918e-02
7.630000000000000671e-02
4.340000000000000108e-02
1.058999999999999941e-01
7.640000000000000957e-02
5.469999999999999862e-02
1.013000000000000012e-01
9.770000000000000906e-02
7.470000000000000251e-02
8.660000000000001030e-02
1.421999999999999931e-01
5.469999999999999862e-02
1.011999999999999983e-01
1.275000000000000022e-01
7.869999999999999218e-02
1.481999999999999984e-01
9.549999999999998768e-02
1.260000000000000009e-01
7.339999999999999303e-02
9.960000000000002185e-02
3.089999999999999691e-02
4.189999999999999281e-02
6.540000000000001368e-02
9.879999999999999893e-02
6.710000000000000686e-02
1.376000000000000001e-01
4.120000000000000745e-02
8.469999999999999751e-02
5.169999999999999596e-02
1.252999999999999947e-01
1.205999999999999989e-01
1.058999999999999941e-01
1.037000000000000005e-01
1.141999999999999960e-01
7.530000000000000582e-02
7.770000000000000517e-02
7.949999999999998734e-02
1.191000000000000114e-01
1.178999999999999909e-01
5.149999999999998329e-02
7.370000000000000162e-02
8.619999999999999885e-02
7.340000000000002078e-02
1.698999999999999955e-01
9.069999999999997509e-02
1.103000000000000091e-01
1.932999999999999996e-01
1.150000000000000050e-01
1.205999999999999989e-01
1.333000000000000296e-01
7.929999999999999549e-02
1.121999999999999942e-01
9.670000000000000817e-02
9.360000000000000264e-02
6.679999999999999827e-02
6.099999999999999173e-02
7.230000000000003091e-02
1.373999999999999666e-01
1.184000000000000052e-01
8.809999999999999776e-02
8.639999999999999070e-02
9.249999999999999889e-02
6.719999999999999585e-02
6.009999999999999371e-02
6.579999999999999738e-02
5.280000000000002053e-02
1.270999999999999908e-01
1.097000000000000336e-01
7.350000000000002365e-02
7.779999999999998028e-02
1.682000000000000162e-01
2.205999999999999905e-01
7.730000000000000759e-02
6.340000000000001190e-02
1.579999999999999738e-01
1.136999999999999816e-01
7.670000000000000429e-02
9.960000000000002185e-02
9.639999999999999958e-02
1.875000000000000000e-01
1.094999999999999862e-01
4.660000000000001641e-02
6.010000000000001452e-02
4.369999999999999579e-02
7.499999999999999722e-02
1.118999999999999856e-01
1.830999999999999572e-01
1.011999999999999705e-01
1.356999999999999595e-01
7.020000000000001239e-02
6.790000000000004365e-02
8.199999999999997569e-02
5.330000000000000016e-02
1.099000000000000116e-01
1.305999999999999939e-01
2.315000000000000113e-01
8.080000000000001070e-02
1.645999999999999686e-01
2.195999999999999897e-01
6.179999999999999383e-02
1.398999999999999966e-01
9.459999999999998965e-02
1.595999999999999919e-01
1.848000000000000198e-01
1.786000000000000365e-01
1.632000000000000117e-01
9.069999999999998896e-02
2.928999999999999937e-01
1.538000000000000478e-01
2.608000000000000318e-01
1.109000000000000125e-01
6.340000000000001190e-02
7.700000000000002676e-02
1.144000000000000433e-01
