8.619999999999999885e-02
5.079999999999999793e-02
6.909999999999999476e-02
3.450000000000000289e-02
6.560000000000000553e-02
1.123000000000000109e-01
8.480000000000000038e-02
1.440000000000000169e-01
5.320000000000000423e-02
2.840000000000000163e-02
4.209999999999999853e-02
6.360000000000000375e-02
6.919999999999999762e-02
7.609999999999998710e-02
9.679999999999999716e-02
8.190000000000000058e-02
8.009999999999999065e-02
4.670000000000000540e-02
4.069999999999999313e-02
7.899999999999998690e-02
2.089999999999999844e-02
5.109999999999997877e-02
3.069999999999999812e-02
5.750000000000000944e-02
1.027000000000000135e-01
8.209999999999999243e-02
3.940000000000000446e-02
3.899999999999999994e-02
7.699999999999999900e-02
5.710000000000001186e-02
7.599999999999999811e-02
3.159999999999999615e-02
3.590000000000000135e-02
4.889999999999999902e-02
7.339999999999999303e-02
4.500000000000000527e-02
4.500000000000000527e-02
4.130000000000000338e-02
4.420000000000000318e-02
3.060000000000000220e-02
4.560000000000000164e-02
7.799999999999998601e-02
5.969999999999998919e-02
2.869999999999999982e-02
6.830000000000001348e-02
2.629999999999999005e-02
6.769999999999999629e-02
4.230000000000000426e-02
7.720000000000000473e-02
3.629999999999999200e-02
4.710000000000000991e-02
5.249999999999999112e-02
8.100000000000001643e-02
3.640000000000001568e-02
6.199999999999999262e-02
3.560000000000000664e-02
2.260000000000000203e-02
3.239999999999999825e-02
3.839999999999999664e-02
5.199999999999999761e-02
1.005000000000000060e-01
1.119999999999999746e-01
3.149999999999999328e-02
6.820000000000001061e-02
3.109999999999999223e-02
2.839999999999998428e-02
8.259999999999997899e-02
5.089999999999999386e-02
5.240000000000001601e-02
3.819999999999998397e-02
5.889999999999997321e-02
5.870000000000000218e-02
2.670000000000000151e-02
3.220000000000002027e-02
5.530000000000000887e-02
4.260000000000002673e-02
8.950000000000001010e-02
2.609999999999998779e-02
2.280000000000001470e-02
5.659999999999998366e-02
3.939999999999999752e-02
4.369999999999999579e-02
1.969999999999998141e-02
4.449999999999997014e-02
1.820000000000002519e-02
3.120000000000001245e-02
6.239999999999996938e-02
2.069999999999999618e-02
5.049999999999999628e-02
4.269999999999997409e-02
7.019999999999997076e-02
9.959999999999999409e-02
8.560000000000002329e-02
6.520000000000000795e-02
2.580000000000001042e-02
4.350000000000001088e-02
3.639999999999998792e-02
3.380000000000002447e-02
4.609999999999998821e-02
1.779999999999999638e-02
2.759999999999999953e-02
4.189999999999998587e-02
3.069999999999999465e-02
3.730000000000000676e-02
3.409999999999999143e-02
3.650000000000000466e-02
1.619999999999997137e-02
2.179999999999997912e-02
2.070000000000001006e-02
5.099999999999998979e-02
4.939999999999999253e-02
6.139999999999999625e-02
8.040000000000001312e-02
1.793000000000000427e-01
6.400000000000000133e-02
3.869999999999999829e-02
8.080000000000001070e-02
3.490000000000001434e-02
5.729999999999998983e-02
