4.780000000000000221e-02
6.010000000000000064e-02
5.639999999999999181e-02
4.210000000000001241e-02
5.079999999999999793e-02
9.789999999999998703e-02
8.740000000000000546e-02
1.696000000000000008e-01
1.652000000000000135e-01
6.959999999999999520e-02
4.529999999999999999e-02
3.470000000000000168e-02
9.610000000000000486e-02
6.359999999999998987e-02
1.645000000000000073e-01
1.198999999999999927e-01
8.909999999999999865e-02
8.110000000000000542e-02
1.547000000000000319e-01
1.109999999999999876e-01
6.169999999999999096e-02
9.479999999999999538e-02
7.720000000000000473e-02
8.920000000000000151e-02
9.030000000000000526e-02
6.409999999999999032e-02
6.849999999999997757e-02
6.020000000000001045e-02
8.419999999999996931e-02
9.690000000000001390e-02
7.159999999999999698e-02
8.119999999999999440e-02
5.550000000000001460e-02
2.989999999999999603e-02
2.399999999999998662e-02
1.054000000000000076e-01
6.010000000000000758e-02
3.060000000000000567e-02
5.260000000000000092e-02
5.969999999999997531e-02
7.180000000000000271e-02
5.130000000000001226e-02
1.045000000000000095e-01
5.700000000000000899e-02
8.369999999999999662e-02
1.048000000000000181e-01
1.273999999999999855e-01
8.580000000000002902e-02
6.889999999999998903e-02
6.619999999999998108e-02
2.531000000000000472e-01
1.990999999999999992e-01
2.036999999999999922e-01
8.029999999999998250e-02
9.560000000000000442e-02
1.640000000000000069e-01
4.444000000000000172e-01
4.173999999999999377e-01
8.980000000000000482e-02
6.180000000000000770e-02
9.510000000000000397e-02
6.489999999999999936e-02
7.590000000000002300e-02
9.009999999999998566e-02
1.590000000000000024e-01
1.524999999999999689e-01
8.540000000000000369e-02
2.677999999999999825e-01
1.345999999999999697e-01
1.115000000000000574e-01
1.110000000000000153e-01
9.910000000000000753e-02
8.689999999999999114e-02
1.091000000000000025e-01
3.727000000000000313e-01
2.157000000000000028e-01
1.708000000000000074e-01
1.601999999999999813e-01
1.423000000000000376e-01
1.379999999999999838e-01
1.009999999999999926e-01
5.550000000000000072e-02
1.006999999999999978e-01
1.628000000000000558e-01
6.030000000000006188e-02
1.426999999999999380e-01
8.280000000000001248e-02
7.449999999999995515e-02
9.260000000000001563e-02
1.377999999999999781e-01
3.422000000000000042e-01
3.445000000000000284e-01
2.386000000000000343e-01
1.584000000000000130e-01
5.450000000000000677e-02
2.206000000000000183e-01
1.046999999999999875e-01
4.099999999999999478e-02
4.119999999999998663e-02
1.188000000000000306e-01
1.356000000000000261e-01
6.690000000000001501e-02
8.079999999999998295e-02
1.031999999999999862e-01
4.059999999999999026e-02
1.117999999999999827e-01
1.230999999999999872e-01
8.740000000000000546e-02
8.599999999999997924e-02
9.380000000000002225e-02
8.290000000000000147e-02
7.850000000000000033e-02
1.070999999999999869e-01
1.485999999999999821e-01
2.042999999999999816e-01
1.458000000000000129e-01
1.225999999999999868e-01
8.709999999999999687e-02
7.190000000000000557e-02
