1.035000000000000087e-01
7.610000000000000098e-02
1.790000000000000271e-02
3.529999999999999805e-02
4.199999999999999567e-02
6.660000000000000642e-02
3.049000000000000044e-01
2.583000000000000296e-01
7.950000000000000122e-02
7.979999999999998206e-02
9.139999999999999514e-02
8.929999999999999050e-02
2.134999999999999676e-01
1.637000000000000122e-01
4.020000000000001350e-02
4.200000000000002343e-02
4.209999999999998466e-02
3.270000000000001378e-02
3.440000000000000002e-02
2.999999999999998501e-02
2.910000000000002862e-02
5.309999999999999443e-02
6.110000000000000153e-02
6.809999999999999387e-02
5.079999999999997712e-02
5.700000000000000205e-02
2.350000000000000006e-02
6.349999999999998701e-02
3.480000000000001148e-02
3.320000000000002116e-02
3.170000000000000595e-02
3.220000000000002027e-02
6.470000000000000751e-02
1.171000000000000096e-01
4.410000000000001419e-02
1.749999999999997391e-02
3.449999999999997513e-02
7.220000000000000029e-02
8.239999999999998714e-02
1.582999999999999963e-01
1.237000000000000044e-01
1.126999999999999807e-01
2.220000000000000445e-02
6.270000000000003348e-02
6.149999999999997136e-02
4.280000000000003246e-02
7.920000000000002038e-02
2.879999999999996452e-02
3.369999999999997997e-02
5.660000000000003917e-02
1.131000000000000894e-01
1.034999999999999393e-01
8.350000000000001865e-02
2.074999999999999900e-01
8.049999999999999378e-01
1.829999999999999405e-01
3.144000000000000683e-01
6.202999999999999625e-01
8.539000000000001034e-01
2.111000000000000099e-01
1.368999999999999939e-01
8.399999999999994971e-02
2.399999999999992764e-02
6.220000000000003304e-02
8.070000000000006335e-02
1.720000000000009716e-02
2.720000000000009910e-02
1.129000000000000559e-01
6.080000000000002069e-02
9.690000000000004166e-02
5.360000000000000181e-02
5.429999999999998717e-02
2.250999999999999668e-01
1.943999999999999617e-01
1.734000000000001096e-01
1.228000000000000064e-01
2.760999999999999566e-01
2.852999999999999980e-01
1.270000000000000573e-01
1.357999999999999763e-01
8.100000000000001643e-02
1.207999999999999630e-01
2.057999999999999829e-01
8.914999999999999591e-01
5.811999999999999389e-01
8.829999999999993410e-02
5.229999999999999927e-02
5.610000000000007342e-02
2.149999999999999412e-01
1.811999999999999722e-01
9.019999999999998852e-02
5.160000000000003473e-02
4.240000000000003488e-02
4.999999999999993339e-02
9.313999999999997836e-01
5.134999999999998455e-01
1.495300000000000074e+00
4.430000000000000604e-01
1.487999999999999989e+00
2.694000000000000838e-01
1.255000000000000004e-01
6.160000000000000892e-02
1.365999999999999992e-01
5.509999999999999620e-02
3.619999999999999607e-02
4.089999999999995722e-02
5.509999999999998233e-02
3.569999999999992624e-02
9.800000000000004541e-02
8.430000000000004157e-02
7.460000000000009679e-02
1.028599999999999959e+00
2.178000000000000491e-01
2.810000000000000275e-01
9.719999999999998086e-02
7.969999999999997919e-02
5.839999999999996583e-02
4.830000000000003735e-02
3.889999999999992769e-02
