7.789999999999999702e-02
8.690000000000000502e-02
1.439000000000000279e-01
1.252000000000000057e-01
1.700999999999999734e-01
2.186000000000000165e-01
2.111999999999999988e-01
2.529000000000000137e-01
1.692000000000000171e-01
1.960999999999999965e-01
1.605999999999999928e-01
1.119999999999999885e-01
1.134000000000000008e-01
1.804999999999999938e-01
1.814000000000000057e-01
1.776999999999999968e-01
5.750000000000000944e-02
1.158000000000000002e-01
1.360999999999999988e-01
1.769999999999999907e-01
1.247000000000000053e-01
5.409999999999999531e-02
9.920000000000001039e-02
1.497999999999999887e-01
1.395000000000000129e-01
1.373000000000000054e-01
8.589999999999999025e-02
1.285000000000000031e-01
1.234999999999999848e-01
1.053000000000000047e-01
1.496000000000000107e-01
1.492000000000000270e-01
1.335999999999999965e-01
2.961999999999999633e-01
3.482000000000000095e-01
2.543999999999999595e-01
1.843999999999999806e-01
2.713000000000000411e-01
3.126999999999999780e-01
4.823000000000000620e-01
3.442999999999999949e-01
2.785000000000000253e-01
4.694000000000000394e-01
4.289999999999999925e-01
3.165999999999999925e-01
4.531999999999999917e-01
5.549999999999999378e-01
2.416999999999999704e-01
1.452000000000000235e-01
2.769000000000000350e-01
2.679000000000000270e-01
4.373000000000000220e-01
2.925000000000000377e-01
4.056000000000000161e-01
2.799000000000000377e-01
2.306000000000000272e-01
2.075000000000000178e-01
4.486999999999999877e-01
1.895000000000000018e-01
4.488999999999999657e-01
3.465999999999999637e-01
5.179000000000000270e-01
3.433999999999999830e-01
4.620000000000000495e-02
1.009000000000000036e-01
1.562000000000000055e-01
1.213999999999999801e-01
1.339000000000000190e-01
1.857000000000000317e-01
2.232999999999999985e-01
2.757000000000000006e-01
2.807999999999999940e-01
1.849999999999999978e-01
2.537000000000000366e-01
2.661000000000000032e-01
1.877999999999999670e-01
1.701000000000000290e-01
1.568000000000000504e-01
1.327999999999999181e-01
2.356000000000000316e-01
3.079000000000000070e-01
1.849999999999999978e-01
8.279999999999995697e-02
1.598999999999999866e-01
1.204000000000000070e-01
1.142999999999999849e-01
6.170000000000000484e-02
1.191000000000000114e-01
1.482999999999999874e-01
9.440000000000006719e-02
1.413999999999999702e-01
1.456999999999999962e-01
1.010999999999999954e-01
8.409999999999995257e-02
1.556000000000000161e-01
2.361000000000000321e-01
1.886999999999999511e-01
1.685000000000000386e-01
1.106999999999999929e-01
1.349000000000000199e-01
1.782999999999999585e-01
1.874999999999999722e-01
1.698000000000000065e-01
9.239999999999998215e-02
7.900000000000005629e-02
1.020999999999999686e-01
1.044999999999999957e-01
6.280000000000005023e-02
1.455000000000000182e-01
1.594000000000000417e-01
1.264999999999999458e-01
1.298000000000000265e-01
2.142999999999999905e-01
1.099000000000000116e-01
1.016999999999999710e-01
1.466000000000000081e-01
1.576000000000000179e-01
1.706000000000000294e-01
9.260000000000001563e-02
