8.110000000000001930e-02
9.900000000000001854e-02
1.316999999999999837e-01
7.960000000000000409e-02
1.252999999999999947e-01
6.880000000000000004e-02
1.147000000000000242e-01
8.170000000000000873e-02
7.719999999999999085e-02
2.889999999999999514e-02
4.469999999999999668e-02
1.471000000000000085e-01
2.938000000000000056e-01
8.193999999999999062e-01
5.317000000000000615e-01
1.609000000000000152e-01
1.328999999999999904e-01
1.122999999999999832e-01
1.412999999999999812e-01
4.060000000000001108e-02
1.072999999999999926e-01
7.349999999999999589e-02
2.969999999999999724e-02
6.720000000000000973e-02
1.186000000000000110e-01
5.119999999999999551e-02
1.236999999999999905e-01
5.989999999999999492e-02
4.549999999999999878e-02
3.630000000000000587e-02
7.250000000000000888e-02
3.950000000000000039e-02
5.920000000000000262e-02
4.400000000000001132e-02
7.680000000000000715e-02
2.923999999999999932e-01
7.879999999999999505e-02
2.274000000000000188e-01
1.368000000000000049e-01
5.019999999999999463e-02
1.345999999999999974e-01
2.091000000000000081e-01
3.339999999999999636e-01
2.382999999999999841e-01
1.502000000000000002e-01
7.009999999999999565e-02
1.169999999999999929e-01
2.081000000000000072e-01
7.680000000000000715e-02
1.449999999999999900e-01
1.088000000000000078e-01
6.840000000000000246e-02
7.660000000000001530e-02
7.080000000000001570e-02
3.840000000000001051e-02
3.460000000000000575e-02
7.299999999999999545e-02
7.780000000000000804e-02
1.511000000000000121e-01
8.550000000000002043e-02
4.019999999999999962e-02
4.409999999999998643e-02
1.288999999999999591e-01
3.929999999999998772e-02
3.629999999999999893e-02
2.199999999999999178e-02
1.320000000000000062e-01
3.036999999999999700e-01
8.847999999999999199e-01
3.467999999999999972e-01
9.170000000000000373e-02
9.730000000000001148e-02
1.048000000000000043e-01
3.750000000000000555e-02
5.059999999999999915e-02
4.270000000000000878e-02
2.560000000000000817e-02
1.697000000000000175e-01
2.150000000000000244e-01
8.549999999999999267e-02
7.850000000000001421e-02
4.639999999999999680e-02
6.999999999999999278e-02
5.010000000000001258e-02
9.059999999999999998e-02
3.899999999999999994e-02
4.909999999999999781e-02
3.060000000000000914e-02
1.096000000000000030e-01
1.216999999999999887e-01
4.319999999999999535e-02
5.390000000000001040e-02
8.740000000000001934e-02
7.459999999999999964e-02
3.490000000000000047e-02
5.079999999999999793e-02
3.809999999999999498e-02
5.940000000000000141e-02
2.358000000000000096e-01
1.064999999999999836e-01
1.103000000000000091e-01
6.750000000000000444e-02
5.510000000000001008e-02
8.460000000000000853e-02
9.580000000000001015e-02
3.080000000000002180e-02
6.320000000000000617e-02
5.800000000000000988e-02
2.020000000000000268e-02
5.049999999999998934e-02
9.829999999999999849e-02
8.119999999999999440e-02
2.509999999999999731e-02
5.090000000000000080e-02
3.509999999999999232e-02
5.879999999999998422e-02
3.570000000000002338e-02
3.380000000000001059e-02
6.279999999999999472e-02
