3.510000000000000620e-02
4.510000000000000120e-02
4.439999999999999503e-02
1.144000000000000017e-01
3.129999999999999449e-02
5.150000000000000411e-02
2.399999999999999703e-02
4.940000000000000641e-02
2.339999999999999719e-02
3.010000000000000175e-02
3.470000000000000168e-02
3.460000000000000575e-02
6.380000000000000948e-02
5.330000000000000016e-02
7.309999999999999831e-02
1.071000000000000008e-01
7.819999999999999174e-02
3.370000000000000079e-02
6.989999999999998992e-02
1.337999999999999745e-01
9.070000000000000284e-02
4.410000000000001419e-02
1.689999999999999836e-02
6.779999999999999916e-02
1.058000000000000052e-01
7.149999999999999412e-02
3.894999999999999574e-01
5.556999999999999718e-01
2.164000000000000090e-01
9.540000000000001257e-02
1.315999999999999948e-01
5.649999999999999467e-02
5.839999999999999358e-02
6.239999999999999020e-02
2.349999999999999659e-02
4.450000000000000483e-02
6.530000000000001081e-02
6.699999999999999012e-02
7.839999999999999747e-02
2.929999999999999966e-02
3.980000000000000204e-02
3.899999999999999994e-02
4.379999999999999866e-02
3.259999999999999010e-02
3.679999999999999244e-02
5.929999999999999855e-02
6.549999999999998879e-02
4.180000000000000382e-02
3.509999999999999232e-02
4.910000000000001169e-02
1.584000000000000130e-01
8.949999999999999623e-02
1.100999999999999895e-01
6.759999999999999343e-02
5.099999999999999672e-02
5.659999999999999754e-02
4.160000000000001197e-02
8.569999999999999840e-02
6.859999999999999432e-02
8.590000000000000413e-02
7.950000000000001510e-02
5.150000000000001105e-02
5.580000000000000931e-02
5.759999999999998455e-02
4.510000000000000120e-02
6.009999999999999371e-02
8.220000000000000917e-02
3.729999999999998594e-02
8.310000000000000719e-02
3.780000000000000027e-02
9.329999999999999405e-02
1.733000000000000096e-01
2.352000000000000202e-01
1.348000000000000032e-01
3.860000000000000930e-02
9.259999999999998788e-02
5.259999999999999398e-02
8.369999999999999662e-02
7.289999999999999258e-02
4.599999999999999922e-02
6.209999999999998854e-02
3.760000000000000148e-02
5.950000000000001815e-02
1.194999999999999951e-01
1.706999999999999906e-01
9.199999999999999845e-02
8.089999999999999969e-02
1.081999999999999906e-01
1.171999999999999847e-01
6.770000000000002405e-02
1.134999999999999898e-01
1.058000000000000052e-01
6.449999999999998790e-02
7.769999999999999130e-02
5.309999999999997361e-02
5.109999999999998571e-02
5.029999999999999055e-02
4.929999999999997579e-02
1.000999999999999945e-01
1.265999999999999626e-01
8.929999999999996274e-02
4.809999999999997611e-02
6.809999999999999387e-02
5.179999999999999882e-02
3.889999999999998320e-02
3.080000000000002180e-02
6.960000000000002296e-02
4.910000000000000475e-02
6.529999999999996918e-02
6.819999999999998286e-02
5.070000000000002283e-02
3.359999999999999792e-02
4.929999999999998272e-02
6.059999999999999415e-02
4.630000000000000782e-02
5.490000000000000435e-02
5.159999999999999309e-02
8.730000000000001648e-02
4.609999999999999515e-02
