1.059999999999999970e-01
9.790000000000001479e-02
1.615000000000000047e-01
1.187000000000000000e-01
7.600000000000001199e-02
1.546000000000000152e-01
5.739999999999999963e-02
1.586999999999999800e-01
5.129999999999999838e-02
2.507000000000000339e-01
1.206999999999999879e-01
2.805000000000000271e-01
1.828000000000000180e-01
6.530000000000001081e-02
3.619999999999999329e-01
1.878999999999999837e-01
1.513999999999999790e-01
2.293000000000000316e-01
2.448000000000000176e-01
2.300999999999999712e-01
2.031999999999999917e-01
1.169000000000000039e-01
2.834999999999999742e-01
1.076999999999999902e-01
1.403999999999999970e-01
2.164999999999999980e-01
2.706000000000000072e-01
2.104000000000000037e-01
1.801000000000000101e-01
1.615999999999999936e-01
1.833000000000000185e-01
1.421000000000000041e-01
9.299999999999999933e-02
2.167999999999999927e-01
1.546000000000000152e-01
1.549999999999999989e-01
2.514000000000000123e-01
1.237000000000000044e-01
1.726000000000000034e-01
1.713000000000000078e-01
9.439999999999999780e-02
2.304000000000000214e-01
2.519000000000000128e-01
1.882999999999999674e-01
1.035999999999999976e-01
2.228999999999999870e-01
3.918000000000000371e-01
3.952999999999999847e-01
3.785000000000000031e-01
3.078999999999999515e-01
6.405999999999999472e-01
2.794999999999999707e-01
4.291000000000000369e-01
3.779000000000000137e-01
2.342999999999999805e-01
3.353999999999999759e-01
3.918999999999999706e-01
2.368999999999999717e-01
5.250000000000001193e-02
8.130000000000001115e-02
7.760000000000000231e-02
9.329999999999999405e-02
1.592999999999999972e-01
2.378000000000000114e-01
2.471999999999999753e-01
2.347000000000000197e-01
2.367999999999999827e-01
4.751999999999999558e-01
3.556999999999999607e-01
2.903000000000000025e-01
3.762999999999999123e-01
3.645999999999999797e-01
3.770000000000000018e-01
3.669999999999999929e-01
1.426000000000000323e-01
4.141000000000000791e-01
1.990000000000000102e-01
2.391999999999999960e-01
2.310999999999999721e-01
1.088999999999999690e-01
5.909000000000000918e-01
3.950999999999999512e-01
1.290000000000000036e-01
5.594000000000000083e-01
1.254900000000000126e+00
9.125000000000001998e-01
1.619000000000000716e-01
3.246999999999999886e-01
1.688000000000000056e-01
1.504999999999999394e-01
2.104999999999999649e-01
3.663000000000000700e-01
1.230999999999999872e-01
3.800000000000000044e-01
2.124999999999999667e-01
2.939999999999999281e-01
1.715000000000000413e-01
5.520999999999998131e-01
3.178000000000000269e-01
7.446999999999999176e-01
3.854000000000000203e-01
4.062000000000000055e-01
3.080999999999999295e-01
4.368999999999999551e-01
4.584999999999999076e-01
3.794000000000000150e-01
3.742000000000000881e-01
6.511000000000000121e-01
3.220999999999999974e-01
2.996000000000000885e-01
1.243200000000000083e+00
1.470800000000000329e+00
2.584999999999999520e-01
3.658000000000000140e-01
2.128000000000000169e-01
3.710999999999999299e-01
2.425999999999999823e-01
4.143999999999999906e-01
2.625999999999999446e-01
4.283000000000000695e-01
3.901000000000001133e-01
6.080000000000001376e-02
2.690000000000000169e-01
4.218999999999999972e-01
2.570000000000000062e-01
1.088000000000000078e-01
8.890000000000003455e-02
1.669999999999999818e-01
1.607000000000000095e-01
2.931999999999999607e-01
5.590000000000003993e-02
1.834999999999999964e-01
9.500000000000002887e-02
3.563999999999999391e-01
4.208999999999999964e-01
4.425000000000000044e-01
2.615000000000000102e-01
7.760000000000004394e-02
5.579999999999996074e-02
2.215000000000000302e-01
7.490000000000002212e-02
9.709999999999999187e-02
3.998000000000000442e-01
1.393000000000000071e-01
1.935000000000000053e-01
3.183000000000000274e-01
1.823000000000000176e-01
1.293400000000000105e+00
8.774999999999999467e-01
3.345000000000000195e-01
1.488000000000000433e-01
2.272000000000000131e-01
1.627999999999999448e-01
2.441000000000000392e-01
1.386000000000000010e-01
4.690000000000002500e-02
7.959999999999999021e-02
5.599999999999998035e-02
1.230000000000000260e-01
1.495999999999999830e-01
3.561999999999999611e-01
4.389000000000000123e-01
1.229000000000000092e-01
1.577000000000000068e-01
8.509999999999999509e-02
1.538999999999999813e-01
1.312999999999999723e-01
1.948999999999999899e-01
2.218000000000000249e-01
3.482000000000000650e-01
1.218999999999999806e-01
1.674999999999999822e-01
2.829000000000000403e-01
5.040000000000000036e-02
6.770000000000001017e-02
1.590000000000000024e-01
1.484000000000000319e-01
1.575999999999999901e-01
5.439000000000000501e-01
1.740000000000000158e-01
1.484999999999999654e-01
1.309000000000000163e-01
3.248000000000000331e-01
1.928999999999999881e-01
6.513999999999999790e-01
1.564999999999999725e-01
6.400000000000000133e-02
1.348999999999999921e-01
4.465000000000000635e-01
4.367999999999999661e-01
6.633000000000000007e-01
1.652000000000000135e-01
5.120000000000000107e-01
2.880999999999999672e-01
1.079000000000000375e-01
2.343000000000000360e-01
1.060999999999999721e-01
3.542000000000000148e-01
1.433999999999999719e-01
2.332000000000000461e-01
3.962000000000000521e-01
3.112000000000000322e-01
1.315000000000000058e-01
7.580000000000000626e-02
1.128999999999999865e-01
9.129999999999999227e-02
1.162999999999999867e-01
4.286000000000000365e-01
3.809000000000000163e-01
2.792000000000000037e-01
9.990000000000000269e-02
1.857000000000000317e-01
1.106000000000000039e-01
7.650000000000001243e-02
3.999999999999999389e-02
3.640000000000001568e-02
1.716000000000000025e-01
1.252000000000000057e-01
1.149000000000000021e-01
1.144000000000000017e-01
3.939000000000000279e-01
1.202000000000000290e-01
1.123000000000000109e-01
2.309999999999998166e-02
5.300000000000000544e-02
2.682999999999999274e-01
1.588999999999999857e-01
2.124999999999999667e-01
1.295000000000000040e-01
2.448000000000000176e-01
1.320000000000000062e-01
9.300000000000002709e-02
7.569999999999998952e-02
1.101999999999999924e-01
1.298000000000000265e-01
9.520000000000000684e-02
1.063000000000000056e-01
1.331999999999999851e-01
4.871000000000000330e-01
