6.610000000000000597e-02
8.110000000000000542e-02
4.740000000000000463e-02
7.839999999999999747e-02
1.757999999999999841e-01
5.049999999999999628e-02
1.348999999999999921e-01
7.380000000000000449e-02
1.039999999999999952e-01
1.085000000000000131e-01
1.014000000000000040e-01
6.629999999999999782e-02
8.809999999999998388e-02
1.477999999999999869e-01
1.283999999999999864e-01
1.599000000000000143e-01
1.189000000000000057e-01
1.045000000000000095e-01
7.350000000000000977e-02
1.547999999999999932e-01
1.386999999999999900e-01
1.839000000000000079e-01
1.560000000000000275e-01
6.059999999999998721e-02
5.399999999999998551e-02
5.159999999999999309e-02
4.009999999999999676e-02
6.350000000000000089e-02
6.630000000000001170e-02
6.489999999999999936e-02
8.250000000000000389e-02
8.870000000000000107e-02
9.610000000000001874e-02
5.450000000000000677e-02
5.149999999999999023e-02
1.870000000000000134e-02
7.270000000000000073e-02
1.067999999999999922e-01
1.065999999999999864e-01
9.489999999999999825e-02
9.280000000000000748e-02
1.029999999999999943e-01
1.183999999999999775e-01
6.400000000000000133e-02
6.509999999999999121e-02
7.889999999999999791e-02
6.110000000000000153e-02
5.179999999999999188e-02
3.970000000000000612e-02
5.710000000000000492e-02
1.125000000000000167e-01
8.300000000000000433e-02
8.669999999999997153e-02
8.299999999999999045e-02
2.670000000000000845e-02
5.090000000000000080e-02
8.290000000000001534e-02
4.320000000000000229e-02
5.909999999999999976e-02
7.310000000000002607e-02
8.020000000000002127e-02
1.028999999999999776e-01
8.399999999999999134e-02
1.142999999999999988e-01
1.779000000000000026e-01
1.308000000000000274e-01
1.132999999999999979e-01
1.392999999999999794e-01
9.109999999999998654e-02
8.659999999999999643e-02
9.890000000000001568e-02
8.470000000000001139e-02
8.260000000000002063e-02
7.439999999999999392e-02
9.120000000000003104e-02
4.090000000000001273e-02
6.639999999999998681e-02
5.739999999999999963e-02
8.010000000000000453e-02
8.309999999999999332e-02
1.129999999999999893e-01
1.127999999999999836e-01
9.569999999999999341e-02
9.009999999999999953e-02
1.088000000000000217e-01
1.103000000000000230e-01
5.979999999999997817e-02
8.999999999999999667e-02
7.649999999999999856e-02
4.939999999999999947e-02
5.169999999999999596e-02
7.219999999999998641e-02
1.256000000000000172e-01
5.910000000000001363e-02
8.229999999999998428e-02
9.400000000000000022e-02
1.043999999999999928e-01
8.010000000000000453e-02
1.043000000000000038e-01
9.979999999999998594e-02
7.379999999999999061e-02
6.949999999999997846e-02
7.870000000000000606e-02
5.009999999999999176e-02
3.650000000000000466e-02
2.420000000000002705e-02
5.159999999999999309e-02
8.049999999999998823e-02
1.023999999999999910e-01
9.310000000000001608e-02
1.009000000000000175e-01
1.045999999999999847e-01
9.170000000000003149e-02
5.670000000000002816e-02
6.650000000000000355e-02
4.809999999999998999e-02
9.060000000000001386e-02
8.789999999999999203e-02
1.103999999999999843e-01
7.169999999999998597e-02
5.960000000000000020e-02
4.270000000000000878e-02
4.859999999999999043e-02
6.769999999999998241e-02
8.279999999999998472e-02
2.314999999999999836e-01
1.144999999999999629e-01
1.959999999999999798e-01
1.166999999999999982e-01
8.479999999999997262e-02
3.680000000000002713e-02
8.380000000000001337e-02
9.360000000000003040e-02
1.333999999999999631e-01
1.038000000000000034e-01
1.481999999999999984e-01
1.494000000000000050e-01
1.029999999999999943e-01
1.151999999999999691e-01
1.423999999999999988e-01
1.370999999999999996e-01
6.300000000000000044e-02
6.810000000000000775e-02
9.659999999999996367e-02
9.129999999999997840e-02
9.819999999999998175e-02
1.792999999999999872e-01
1.232000000000000040e-01
1.292000000000000370e-01
8.820000000000001450e-02
3.909999999999998199e-02
2.799999999999997977e-02
5.599999999999999423e-02
9.840000000000000135e-02
1.576000000000000179e-01
1.554999999999999993e-01
1.421999999999999931e-01
1.686999999999999889e-01
1.644000000000000183e-01
7.950000000000004285e-02
1.423000000000000098e-01
1.269000000000000128e-01
1.494000000000000050e-01
1.490999999999999548e-01
1.043999999999999651e-01
1.239000000000000101e-01
1.557000000000000328e-01
1.646999999999999853e-01
1.335999999999999965e-01
1.680999999999999994e-01
1.330999999999999683e-01
1.545999999999999874e-01
1.507000000000000006e-01
1.247000000000000330e-01
1.224999999999999978e-01
1.185999999999999832e-01
1.098999999999999977e-01
9.520000000000002072e-02
8.270000000000000961e-02
8.639999999999997682e-02
9.370000000000001938e-02
9.779999999999999805e-02
1.202000000000000013e-01
6.759999999999999343e-02
7.980000000000000981e-02
8.499999999999997835e-02
6.029999999999999249e-02
5.489999999999999047e-02
7.199999999999999456e-02
7.089999999999996305e-02
9.919999999999998264e-02
1.099999999999999867e-01
1.013000000000000289e-01
9.920000000000001039e-02
1.338000000000000300e-01
1.134000000000000008e-01
1.153000000000000136e-01
1.003999999999999893e-01
9.569999999999997953e-02
1.040000000000000230e-01
7.619999999999998996e-02
8.429999999999997218e-02
7.919999999999999263e-02
6.489999999999998548e-02
5.639999999999998487e-02
4.589999999999999636e-02
5.829999999999999072e-02
5.869999999999996054e-02
6.629999999999997007e-02
9.349999999999999978e-02
7.769999999999999130e-02
6.689999999999998725e-02
1.028000000000000025e-01
4.610000000000000903e-02
5.089999999999998692e-02
5.040000000000000036e-02
7.610000000000002873e-02
5.110000000000002041e-02
5.600000000000001504e-02
5.599999999999999423e-02
4.880000000000001698e-02
7.880000000000003668e-02
1.011999999999999844e-01
2.143999999999999795e-01
1.600000000000000033e-01
1.230999999999999872e-01
1.332000000000000406e-01
7.249999999999999500e-02
9.379999999999999449e-02
8.979999999999999094e-02
9.119999999999997553e-02
4.959999999999999826e-02
9.260000000000001563e-02
1.192000000000000004e-01
1.273999999999999855e-01
1.170999999999999819e-01
2.204000000000000126e-01
3.958000000000000407e-01
1.111000000000000043e-01
