9.050000000000001099e-02
1.560000000000000275e-01
8.709999999999999687e-02
4.070000000000000007e-02
4.869999999999999329e-02
8.429999999999998606e-02
9.900000000000000466e-02
1.217999999999999916e-01
1.110000000000000014e-01
6.880000000000000004e-02
1.050000000000000100e-01
8.390000000000000235e-02
3.279999999999999583e-02
3.879999999999999422e-02
5.959999999999998632e-02
3.430000000000000410e-02
6.310000000000000331e-02
4.219999999999998752e-02
4.220000000000000834e-02
5.559999999999999665e-02
2.549999999999998795e-02
5.729999999999998983e-02
1.048000000000000043e-01
1.267000000000000071e-01
1.345000000000000084e-01
7.739999999999999658e-02
5.959999999999999326e-02
1.414000000000000257e-01
1.887999999999999678e-01
1.071000000000000008e-01
1.312000000000000111e-01
1.216999999999999887e-01
8.450000000000001954e-02
4.930000000000001048e-02
6.439999999999999891e-02
3.870000000000000523e-02
8.589999999999999025e-02
9.049999999999999711e-02
7.309999999999999831e-02
6.609999999999999210e-02
9.700000000000000289e-02
1.143000000000000127e-01
1.115000000000000019e-01
1.229000000000000092e-01
1.144999999999999907e-01
1.040000000000000091e-01
4.620000000000001189e-02
5.809999999999999193e-02
1.615000000000000047e-01
1.067000000000000032e-01
1.325000000000000067e-01
1.342999999999999750e-01
8.339999999999998803e-02
1.170000000000000068e-01
4.500000000000000527e-02
1.202000000000000013e-01
1.196999999999999870e-01
1.381000000000000005e-01
1.318999999999999895e-01
1.014000000000000040e-01
7.140000000000001901e-02
8.719999999999999973e-02
4.499999999999998446e-02
3.910000000000000281e-02
5.749999999999999556e-02
1.282000000000000084e-01
1.090000000000000135e-01
1.615000000000000047e-01
1.393000000000000071e-01
1.131000000000000061e-01
1.425000000000000155e-01
1.367000000000000159e-01
1.569000000000000117e-01
6.890000000000001679e-02
4.800000000000000100e-02
8.169999999999999485e-02
1.233999999999999958e-01
1.403999999999999970e-01
1.652000000000000135e-01
1.751999999999999669e-01
1.642000000000000126e-01
1.641999999999999849e-01
1.544000000000000095e-01
1.471000000000000085e-01
1.707000000000000184e-01
7.629999999999997895e-02
1.032000000000000139e-01
1.838000000000000189e-01
1.295999999999999930e-01
1.754999999999999893e-01
2.018000000000000071e-01
1.412999999999999812e-01
1.028000000000000025e-01
1.280000000000000027e-01
3.430000000000001104e-02
4.310000000000000636e-02
7.539999999999999480e-02
1.431000000000000050e-01
1.298999999999999877e-01
1.202999999999999903e-01
1.199999999999999956e-01
4.799999999999999406e-02
8.529999999999998694e-02
5.000000000000000971e-02
8.170000000000000873e-02
1.481000000000000094e-01
1.471000000000000085e-01
1.320999999999999952e-01
8.029999999999999638e-02
7.950000000000000122e-02
5.709999999999999104e-02
3.429999999999999716e-02
4.309999999999999942e-02
9.299999999999999933e-02
9.199999999999999845e-02
1.251000000000000167e-01
1.580000000000000016e-01
1.539999999999999980e-01
1.774000000000000021e-01
1.665000000000000091e-01
1.229999999999999982e-01
9.679999999999999716e-02
2.249999999999999223e-02
7.139999999999999125e-02
1.258000000000000229e-01
1.712000000000000188e-01
1.731000000000000039e-01
9.029999999999999138e-02
4.119999999999998663e-02
9.689999999999998614e-02
1.480999999999999817e-01
1.026999999999999996e-01
1.085000000000000131e-01
1.757999999999999841e-01
1.559999999999999998e-01
1.760999999999999788e-01
1.492999999999999883e-01
4.290000000000000063e-02
5.169999999999999596e-02
5.969999999999998919e-02
9.939999999999998836e-02
1.064999999999999974e-01
1.610000000000000042e-01
6.509999999999999121e-02
1.318999999999999895e-01
7.979999999999998206e-02
2.096999999999999975e-01
1.602999999999999980e-01
2.369999999999999607e-01
2.016000000000000014e-01
1.437999999999999834e-01
2.018000000000000349e-01
9.890000000000001568e-02
5.559999999999999665e-02
6.249999999999997918e-02
1.300000000000000044e-01
9.759999999999999232e-02
1.246999999999999914e-01
1.405000000000000138e-01
2.272000000000000131e-01
1.515999999999999848e-01
5.489999999999999047e-02
8.489999999999997549e-02
1.714999999999999858e-01
4.879999999999999616e-02
9.900000000000000466e-02
8.429999999999998606e-02
9.830000000000001237e-02
1.206999999999999879e-01
1.309999999999999776e-01
1.585999999999999910e-01
1.480999999999999817e-01
6.749999999999999056e-02
7.369999999999998774e-02
5.589999999999998442e-02
1.076000000000000151e-01
1.121000000000000052e-01
1.476999999999999980e-01
1.549999999999999989e-01
1.451999999999999957e-01
1.387000000000000177e-01
1.213999999999999940e-01
1.019000000000000322e-01
7.020000000000001239e-02
6.250000000000000000e-02
1.218000000000000194e-01
2.267999999999999738e-01
2.212999999999999967e-01
1.228000000000000064e-01
1.029000000000000609e-01
2.242000000000000104e-01
1.727999999999999814e-01
1.061000000000000137e-01
5.870000000000001605e-02
1.778000000000000136e-01
2.244999999999999774e-01
2.155000000000000249e-01
2.238999999999999879e-01
1.420999999999999763e-01
1.451999999999999957e-01
9.789999999999998703e-02
5.049999999999998240e-02
1.481999999999999984e-01
1.267999999999999960e-01
7.699999999999998512e-02
8.460000000000000853e-02
1.109000000000000263e-01
4.359999999999999293e-02
6.809999999999999387e-02
7.080000000000000182e-02
1.737999999999999545e-01
1.945999999999999674e-01
2.049000000000000266e-01
1.570000000000000284e-01
1.683000000000000052e-01
1.589999999999999747e-01
1.601999999999999535e-01
1.224999999999999700e-01
1.741999999999999937e-01
1.242000000000000048e-01
6.700000000000001787e-02
1.171999999999999709e-01
6.859999999999999432e-02
1.425000000000000155e-01
8.099999999999998868e-02
1.108999999999999847e-01
5.410000000000005083e-02
1.214000000000000357e-01
1.369000000000000217e-01
1.591000000000000192e-01
1.700999999999999734e-01
1.352999999999999481e-01
7.650000000000004019e-02
6.340000000000002578e-02
6.860000000000003595e-02
1.315999999999999948e-01
2.249999999999999778e-01
2.455999999999999850e-01
1.386000000000000010e-01
