2.967999999999999527e-01
7.599000000000000199e-01
7.328000000000000069e-01
9.936000000000000387e-01
1.037200000000000122e+00
7.570000000000000062e-01
5.778000000000000913e-01
7.240000000000000879e-01
3.075999999999999845e-01
6.622999999999999998e-01
4.176999999999999602e-01
5.216000000000000636e-01
3.319000000000000283e-01
1.664000000000000201e-01
1.083999999999999408e-01
3.056000000000000383e-01
4.461999999999999300e-01
1.350000000000000089e+00
8.665000000000001590e-01
1.585000000000000020e-01
2.023000000000000076e-01
4.167000000000000703e-01
2.353999999999999426e-01
1.978000000000000036e-01
2.764000000000000901e-01
4.290000000000000480e-01
2.554999999999999494e-01
3.700000000000001066e-01
1.629000000000001003e-01
5.462000000000000188e-01
1.413999999999999702e-01
2.077999999999999570e-01
3.602000000000000757e-01
1.356000000000000261e-01
5.233999999999999764e-01
2.301999999999999325e-01
2.139000000000000068e-01
5.759999999999994291e-02
1.323999999999999622e-01
3.256000000000000005e-01
3.256000000000000005e-01
3.186999999999999278e-01
4.609999999999999654e-01
4.282000000000000250e-01
2.510999999999999899e-01
2.486000000000000709e-01
4.243999999999999995e-01
5.253999999999999782e-01
1.085000000000000131e-01
1.896000000000000185e-01
1.738000000000001211e-01
8.879999999999999005e-02
2.559000000000000163e-01
2.331000000000000294e-01
1.526000000000000134e-01
3.084000000000000075e-01
8.112999999999999101e-01
2.031999999999999640e-01
2.668999999999999706e-01
3.172999999999999154e-01
9.099999999999999756e-02
2.056999999999999384e-01
1.893000000000000516e-01
2.498000000000000775e-01
5.235999999999999543e-01
6.315000000000001723e-01
1.395999999999999741e-01
3.295999999999999486e-01
5.167999999999999261e-01
2.293999999999999373e-01
1.843999999999999806e-01
1.185000000000000775e-01
2.064000000000000556e-01
5.682999999999999163e-01
2.335999999999999466e-01
1.634000000000000730e-01
1.392999999999998961e-01
2.375000000000000444e-01
1.708000000000001184e-01
6.621999999999998998e-01
5.179000000000000270e-01
5.851999999999999424e-01
3.516999999999999016e-01
4.097000000000000086e-01
2.851999999999998980e-01
1.669999999999998985e-01
1.859999999999999709e-01
2.978000000000000091e-01
4.724000000000000421e-01
3.119000000000000661e-01
1.736000000000000043e-01
3.732000000000000317e-01
2.099400000000000155e+00
1.566199999999999815e+00
1.414900000000000047e+00
6.544000000000000927e-01
4.989999999999999436e-01
1.582000000000000905e-01
2.701999999999999402e-01
2.655000000000000138e-01
3.979999999999997429e-02
2.139000000000000068e-01
3.104999999999999982e-01
3.425000000000000266e-01
2.388000000000000678e-01
8.190999999999999392e-01
5.138999999999999124e-01
6.103000000000000647e-01
3.384999999999999121e-01
1.795999999999999541e-01
5.419000000000000483e-01
1.773999999999999466e-01
1.111999999999999378e-01
8.360000000000002152e-02
5.860000000000000764e-01
2.619000000000000217e-01
3.781999999999999251e-01
6.798999999999999488e-01
2.926999999999999602e-01
6.272999999999999687e-01
3.830999999999999961e-01
6.249000000000000110e-01
5.688999999999999613e-01
3.876000000000000556e-01
2.709999999999999076e-01
2.083000000000000129e-01
2.693999999999999728e-01
1.816000000000000947e-01
5.507999999999999563e-01
1.003600000000000048e+00
2.702000000000000512e-01
1.239999999999999714e-01
4.105000000000000315e-01
1.722000000000000197e-01
8.160000000000007525e-02
2.215000000000000857e-01
1.093000000000000360e-01
6.493999999999998662e-01
8.100000000000001643e-01
2.527000000000000357e-01
1.016000000000000014e+00
1.468600000000000128e+00
2.441000000000000392e-01
3.358999999999998654e-01
2.274000000000000465e-01
1.832000000000000017e-01
7.109000000000000874e-01
4.720000000000000306e-01
2.291999999999999593e-01
3.665000000000000480e-01
3.190000000000000613e-01
1.356999999999998485e-01
3.443999999999998729e-01
1.863000000000000489e-01
2.613000000000000322e-01
1.459000000000000574e-01
1.190000000000000502e-01
4.158000000000000584e-01
2.439999999999999669e-01
2.494000000000000661e-01
2.312000000000000166e-01
4.150000000000001465e-01
2.364999999999999603e-01
2.314999999999999003e-01
2.156000000000000139e-01
7.387000000000000233e-01
4.034999999999999698e-01
2.876000000000000223e-01
5.053000000000000824e-01
2.775000000000000244e-01
5.482999999999998986e-01
1.834999999999999964e-01
4.386000000000000454e-01
2.562999999999999723e-01
1.970999999999999974e-01
5.382000000000000117e-01
1.087199999999999944e+00
4.379999999999999449e-01
2.078000000000000125e-01
1.795999999999999819e-01
4.173999999999999377e-01
4.385999999999999344e-01
2.562999999999999723e-01
1.860000000000000542e-01
5.806999999999999940e-01
2.031999999999999362e-01
2.388000000000000123e-01
7.575999999999999401e-01
7.217999999999998861e-01
2.778999999999999804e-01
2.560999999999999943e-01
1.365999999999999437e-01
2.027999999999999803e-01
2.283999999999998809e-01
1.100000000000000283e-01
1.005000000000000199e-01
4.396000000000000463e-01
4.768000000000000016e-01
2.003000000000000336e-01
1.005999999999999672e-01
1.198999999999999233e-01
2.877000000000000113e-01
2.708999999999999186e-01
1.313999999999999890e-01
1.927000000000000379e-01
1.547000000000000042e-01
2.698999999999999733e-01
2.567999999999999727e-01
3.184000000000000163e-01
5.906000000000000139e-01
4.437000000000000388e-01
1.140999999999999792e-01
4.481999999999999318e-01
3.643000000000000127e-01
2.837999999999999412e-01
4.247999999999999554e-01
4.395999999999999908e-01
3.613000000000000100e-01
3.615000000000000435e-01
2.458000000000000185e-01
1.344900000000000206e+00
6.932000000000000384e-01
7.758000000000000451e-01
2.723999999999999755e-01
3.018999999999999462e-01
3.672999999999999599e-01
1.134000000000000702e-01
1.619000000000000161e-01
3.273000000000000353e-01
4.556999999999999940e-01
1.205999999999999989e-01
1.532999999999999363e-01
5.054000000000000714e-01
2.301000000000000267e-01
5.181000000000000050e-01
3.495000000000000329e-01
4.343999999999999528e-01
6.054999999999999272e-01
3.165000000000000036e-01
