1.305999999999999939e-01
1.911999999999999811e-01
1.033000000000000029e-01
8.329999999999998517e-02
5.390000000000000346e-02
7.669999999999999041e-02
7.630000000000000671e-02
6.030000000000000637e-02
8.810000000000001164e-02
9.470000000000000639e-02
1.169999999999999929e-01
1.114000000000000268e-01
1.368000000000000327e-01
1.313000000000000000e-01
1.650999999999999690e-01
1.183000000000000024e-01
1.832000000000000017e-01
9.530000000000000970e-02
1.551000000000000156e-01
1.886000000000000454e-01
1.481999999999999984e-01
1.477999999999999869e-01
3.874000000000000221e-01
3.264999999999999569e-01
1.845999999999999863e-01
2.010000000000000120e-01
2.003000000000000058e-01
1.459000000000000019e-01
1.202000000000000013e-01
1.538999999999999813e-01
1.787999999999999590e-01
1.513999999999999790e-01
1.609999999999999765e-01
1.966000000000000525e-01
1.438000000000000111e-01
1.499000000000000055e-01
8.729999999999998872e-02
1.048999999999999932e-01
7.769999999999999130e-02
8.010000000000000453e-02
1.395000000000000129e-01
1.327000000000000124e-01
6.370000000000000662e-02
9.769999999999996743e-02
1.635000000000000064e-01
2.298000000000000320e-01
2.925999999999999712e-01
3.929000000000000270e-01
3.469000000000000417e-01
1.961000000000000243e-01
1.313000000000000278e-01
1.094000000000000250e-01
6.679999999999999827e-02
1.469999999999999640e-01
1.352000000000000146e-01
1.378999999999999948e-01
8.579999999999997351e-02
1.182999999999999885e-01
1.887999999999999678e-01
3.223999999999999644e-01
2.160999999999999865e-01
2.130999999999999006e-01
5.632000000000001450e-01
2.355999999999999484e-01
1.503000000000000447e-01
1.328000000000000569e-01
1.019999999999999102e-01
1.295999999999999930e-01
2.857000000000000650e-01
5.066000000000000503e-01
2.051000000000000878e-01
5.274999999999999689e-01
3.354000000000000870e-01
3.487999999999999989e-01
1.466999999999999693e-01
2.667999999999999816e-01
3.402000000000000579e-01
1.904999999999999194e-01
2.758000000000001006e-01
1.542999999999999650e-01
4.424000000000000155e-01
1.891999999999999793e-01
1.628999999999999893e-01
2.226999999999999813e-01
5.901999999999998359e-01
2.116999999999999993e-01
2.161999999999999755e-01
1.246200000000000196e+00
1.143400000000000194e+00
5.774000000000001354e-01
4.814999999999999281e-01
5.146000000000001684e-01
6.408000000000000362e-01
3.667999999999999594e-01
4.360000000000005538e-02
4.044999999999999152e-01
7.544000000000000705e-01
4.676999999999999491e-01
8.659999999999989928e-02
6.909999999999991149e-02
8.460000000000000853e-02
1.215000000000000246e-01
9.929999999999992999e-02
5.150000000000005268e-02
1.024000000000000327e-01
1.074000000000000649e-01
6.639999999999997293e-02
5.089999999999998692e-02
6.369999999999992335e-02
7.710000000000005738e-02
8.580000000000009841e-02
1.461999999999999134e-01
1.158999999999999891e-01
9.860000000000011811e-02
1.096000000000000862e-01
1.072999999999999787e-01
1.487000000000000544e-01
5.560000000000006604e-02
9.529999999999999583e-02
4.320000000000000229e-02
1.207000000000000850e-01
9.320000000000004670e-02
4.550000000000001266e-02
1.144999999999999629e-01
1.420999999999999763e-01
8.920000000000002927e-02
3.618999999999999995e-01
4.004000000000001447e-01
1.514000000000001178e-01
9.559999999999994891e-02
3.025000000000001577e-01
1.425000000000000711e-01
6.419999999999999318e-02
3.028999999999999471e-01
1.938000000000000833e-01
1.273000000000000798e-01
1.563999999999998447e-01
1.192000000000000420e-01
2.014000000000001067e-01
1.380999999999999173e-01
1.449999999999999900e-01
9.829999999999997073e-02
3.130999999999998784e-01
4.052000000000000046e-01
8.044999999999999929e-01
5.118000000000000327e-01
1.681999999999999607e-01
6.789999999999993263e-02
1.409000000000000807e-01
4.129999999999999782e-01
1.641999999999999016e-01
1.136000000000000343e-01
2.596000000000000529e-01
2.134999999999998843e-01
1.718999999999999695e-01
4.841999999999999083e-01
1.125000000000000167e-01
3.174000000000000155e-01
1.514000000000000346e-01
1.251100000000000101e+00
9.594000000000001416e-01
2.670999999999999486e-01
2.362000000000000766e-01
3.567000000000001281e-01
2.882000000000001227e-01
1.149000000000000021e-01
1.069999999999998175e-01
2.380000000000000726e-01
2.095000000000001028e-01
1.495000000000000495e-01
1.555999999999999328e-01
8.479999999999994487e-02
8.750000000000013323e-02
7.389999999999999347e-02
7.889999999999988689e-02
9.099999999999999756e-02
1.915000000000002534e-01
2.102999999999999037e-01
3.330999999999998407e-01
4.073000000000000509e-01
5.675999999999998824e-01
3.374999999999999112e-01
1.383000000000000340e-01
2.573000000000000287e-01
2.571999999999999842e-01
2.336000000000001409e-01
5.263999999999999790e-01
3.732000000000001427e-01
3.627000000000000224e-01
9.690000000000008329e-02
1.293999999999998762e-01
1.177999999999999881e-01
2.942999999999998950e-01
2.006999999999999063e-01
1.781999999999999418e-01
1.107999999999999402e-01
1.490999999999998438e-01
8.190000000000006997e-02
6.150000000000007544e-02
3.849999999999992317e-02
8.290000000000019575e-02
1.252999999999999114e-01
1.446999999999999953e-01
2.991999999999999105e-01
1.182000000000000273e-01
1.320000000000000062e-01
6.470000000000020179e-02
1.935000000000002274e-01
2.108999999999999209e-01
1.130999999999999089e-01
9.199999999999992906e-02
1.942000000000000948e-01
6.000000000000003941e-02
6.949999999999993683e-02
1.700999999999999734e-01
6.460000000000017117e-02
1.412999999999998146e-01
1.094000000000001360e-01
1.024000000000000743e-01
6.959999999999999520e-02
3.919999999999995710e-02
2.249000000000000721e-01
6.530000000000010796e-02
5.500000000000000722e-02
1.105000000000000704e-01
8.239999999999994551e-02
9.179999999999996496e-02
1.453999999999998627e-01
2.317000000000001558e-01
2.544999999999998375e-01
3.749000000000001775e-01
1.251999999999999502e-01
1.022000000000000547e-01
1.703000000000000624e-01
2.397999999999997911e-01
2.114000000000000601e-01
1.062999999999999917e-01
1.661000000000001087e-01
9.320000000000003282e-02
