3.352999999999999869e-01
2.982000000000000206e-01
2.101999999999999980e-01
1.999999999999999833e-01
2.307000000000000162e-01
2.152999999999999914e-01
1.762000000000000233e-01
9.139999999999999514e-02
9.610000000000000486e-02
1.597999999999999976e-01
1.370999999999999996e-01
1.018999999999999906e-01
1.767000000000000237e-01
1.050000000000000100e-01
1.204999999999999960e-01
5.770000000000000129e-02
8.480000000000000038e-02
8.680000000000001603e-02
9.570000000000000728e-02
8.779999999999998916e-02
7.200000000000000844e-02
1.505999999999999839e-01
9.239999999999998215e-02
5.639999999999999875e-02
9.090000000000000857e-02
1.285999999999999921e-01
6.249999999999998612e-02
6.950000000000003397e-02
1.543999999999999817e-01
1.841000000000000136e-01
1.374000000000000221e-01
1.207000000000000017e-01
6.340000000000003966e-02
1.114000000000000129e-01
7.280000000000000360e-02
1.612999999999999712e-01
1.251999999999999780e-01
7.229999999999998928e-02
6.590000000000000024e-02
1.058999999999999803e-01
1.007999999999999868e-01
4.159999999999999115e-02
9.409999999999996145e-02
5.159999999999996534e-02
4.269999999999994633e-02
1.066000000000000003e-01
1.241999999999999771e-01
6.230000000000003590e-02
7.909999999999997589e-02
1.012000000000000122e-01
9.890000000000002955e-02
6.950000000000000622e-02
1.126000000000000473e-01
1.102000000000000340e-01
1.098999999999999977e-01
7.519999999999998908e-02
1.205000000000000099e-01
1.478999999999999759e-01
1.208999999999999797e-01
7.349999999999999589e-02
9.510000000000001785e-02
1.277999999999999414e-01
1.075000000000000400e-01
9.289999999999998259e-02
1.899999999999999467e-01
1.202999999999999764e-01
9.329999999999999405e-02
1.365999999999999714e-01
8.540000000000000369e-02
7.939999999999994285e-02
6.059999999999994558e-02
1.451000000000000345e-01
3.245999999999999996e-01
2.163999999999999813e-01
6.039999999999995373e-02
9.169999999999996210e-02
9.069999999999997509e-02
2.329999999999995963e-02
9.419999999999999207e-02
1.991999999999999882e-01
9.400000000000000022e-02
1.009999999999999787e-01
1.125999999999999918e-01
9.879999999999999893e-02
2.032000000000000195e-01
5.460000000000002351e-02
1.091000000000000580e-01
2.037000000000000477e-01
1.398999999999999411e-01
5.820000000000005724e-02
5.089999999999999386e-02
1.010999999999999538e-01
1.477999999999999314e-01
5.010000000000005421e-02
1.135999999999999649e-01
1.059999999999999831e-01
6.310000000000004494e-02
7.730000000000000759e-02
1.284999999999999198e-01
5.179999999999997801e-02
9.260000000000004339e-02
2.765999999999999570e-01
1.999999999999999833e-01
7.549999999999992828e-02
1.849000000000001198e-01
1.695000000000000118e-01
4.449999999999990768e-02
3.870000000000003298e-02
8.650000000000010458e-02
8.540000000000001756e-02
9.299999999999995770e-02
9.130000000000006166e-02
2.416000000000000092e-01
2.086999999999998578e-01
1.104999999999999039e-01
5.719999999999993145e-02
1.282000000000000639e-01
8.710000000000005238e-02
9.039999999999989710e-02
1.029999999999999249e-01
7.080000000000008509e-02
1.301999999999999824e-01
1.390999999999999459e-01
1.426999999999999935e-01
6.929999999999997273e-02
1.326000000000000234e-01
9.219999999999990703e-02
9.109999999999997267e-02
1.063999999999999946e-01
2.088999999999999746e-01
8.020000000000002127e-02
1.047000000000000153e-01
5.840000000000006991e-02
9.780000000000005356e-02
8.730000000000016913e-02
2.164999999999999425e-01
8.460000000000000853e-02
1.888999999999999291e-01
1.037999999999999756e-01
9.570000000000003504e-02
9.929999999999994387e-02
1.473000000000000420e-01
8.319999999999999618e-02
7.029999999999991811e-02
3.560000000000003439e-02
1.155999999999999805e-01
8.830000000000004512e-02
8.280000000000004023e-02
8.710000000000006626e-02
4.330000000000009536e-02
9.609999999999996323e-02
4.499999999999997752e-02
1.145999999999999519e-01
1.334000000000000741e-01
9.820000000000000950e-02
6.469999999999997975e-02
8.140000000000008340e-02
6.369999999999992335e-02
9.359999999999996101e-02
1.850999999999999868e-01
1.350999999999999979e-01
5.560000000000003828e-02
5.370000000000003243e-02
8.260000000000010389e-02
9.640000000000001346e-02
9.250000000000004052e-02
1.585000000000000575e-01
8.589999999999994862e-02
1.002999999999998754e-01
1.617999999999999439e-01
4.490000000000006486e-02
5.859999999999999931e-02
6.709999999999995135e-02
1.251999999999998947e-01
6.019999999999994800e-02
1.422000000000000208e-01
1.221000000000000141e-01
1.320000000000000340e-01
1.820000000000000229e-01
8.869999999999993168e-02
8.870000000000005658e-02
1.108999999999999431e-01
1.423999999999999155e-01
7.050000000000002098e-02
1.917999999999998872e-01
1.549999999999999989e-01
1.211999999999998912e-01
9.639999999999993019e-02
5.980000000000009613e-02
1.140999999999999931e-01
8.369999999999987172e-02
4.779999999999996058e-02
5.859999999999992992e-02
9.120000000000004492e-02
1.127000000000000224e-01
9.500000000000000111e-02
1.009999999999999232e-01
1.615000000000000047e-01
1.385000000000000397e-01
5.109999999999996489e-02
1.038999999999999785e-01
1.630999999999999395e-01
8.679999999999997440e-02
6.410000000000007359e-02
9.839999999999998748e-02
1.295000000000000040e-01
1.219000000000000083e-01
8.309999999999996556e-02
6.829999999999994409e-02
8.190000000000000058e-02
1.022999999999999743e-01
9.999999999999992228e-02
9.529999999999995419e-02
6.169999999999989382e-02
8.079999999999989968e-02
1.306999999999999273e-01
1.676999999999998769e-01
1.054000000000000353e-01
6.220000000000009549e-02
1.254999999999999449e-01
9.339999999999995528e-02
1.439999999999999336e-01
7.179999999999996108e-02
7.369999999999991835e-02
7.590000000000009239e-02
1.331999999999999573e-01
1.292999999999999705e-01
1.357999999999999485e-01
2.210000000000000020e-01
4.236999999999999655e-01
5.820999999999998398e-01
1.307000000000000384e-01
1.365999999999999437e-01
1.505000000000002169e-01
5.519999999999987417e-02
4.421999999999999820e-01
2.784000000000000363e-01
9.890000000000000180e-02
1.288000000000001366e-01
