1.074999999999999983e-01
1.922999999999999987e-01
1.218999999999999667e-01
2.399000000000000021e-01
5.919999999999998874e-02
4.136000000000000232e-01
1.721999999999999642e-01
2.360999999999999766e-01
2.452000000000000013e-01
2.447999999999999898e-01
1.581999999999999795e-01
1.654999999999999805e-01
5.445999999999999730e-01
4.040900000000000603e+00
1.527400000000000313e+00
3.522000000000001241e-01
1.166000000000000231e-01
2.134999999999999398e-01
1.443999999999999728e-01
8.840000000000003411e-02
4.409999999999995868e-02
7.430000000000004656e-02
8.069999999999996620e-02
2.526999999999999247e-01
4.497000000000000997e-01
1.135000000000000453e-01
6.000000000000004635e-02
1.228000000000000341e-01
4.729999999999999483e-02
2.599999999999985656e-02
1.728999999999999981e-01
1.812000000000000832e-01
2.216000000000000192e-01
2.223999999999999588e-01
1.867799999999999905e+00
6.821999999999999176e-01
2.703999999999999737e-01
2.665000000000000147e-01
1.316999999999999837e-01
3.222999999999999754e-01
1.247000000000001024e-01
2.914000000000001589e-01
9.319999999999993567e-02
2.173999999999999821e-01
1.589999999999999747e-01
3.091999999999999194e-01
9.360000000000000264e-02
3.478999999999998760e-01
2.510999999999998789e-01
1.331000000000000794e-01
3.379999999999999671e-01
2.255999999999999672e-01
1.461000000000000076e-01
3.831999999999999851e-01
3.224999999999999534e-01
1.165999999999999537e-01
3.412000000000000033e-01
2.583999999999999631e-01
1.182000000000000411e-01
2.997000000000000219e-01
3.266000000000000569e-01
1.837999999999999634e-01
1.427000000000000490e-01
2.726999999999999980e-01
2.361000000000000043e-01
2.697999999999999843e-01
1.051000000000000129e-01
1.844000000000000083e-01
2.447999999999999898e-01
8.219999999999999529e-02
2.213999999999999857e-01
2.161000000000000143e-01
1.280999999999999917e-01
1.335999999999999965e-01
1.122000000000000081e-01
2.990000000000000643e-02
7.369999999999995999e-02
2.404000000000000581e-01
2.550000000000000044e-01
2.891000000000000236e-01
2.254999999999999782e-01
9.219999999999996254e-02
1.436000000000000054e-01
1.459000000000000019e-01
1.334999999999999798e-01
2.259999999999999509e-01
2.011999999999999345e-01
2.469999999999999973e-01
5.026000000000000467e-01
5.190999999999998948e-01
9.416700000000000514e+00
3.157999999999999474e+00
4.825899999999999856e+00
4.714299999999999713e+00
3.544000000000000483e+00
4.288800000000000168e+00
2.007899999999999796e+00
2.467999999999999639e-01
1.223000000000000337e-01
2.438000000000000722e-01
7.589999999999999525e-02
1.192000000000000837e-01
3.462999999999999412e-01
3.275000000000000133e-01
1.849000000000000643e-01
1.471000000000000363e-01
2.495000000000000828e-01
5.510000000000005865e-02
4.220000000000001528e-02
2.360000000000000431e-01
2.508000000000000229e-01
1.482999999999999596e-01
1.562999999999999945e-01
1.259000000000000119e-01
8.910000000000004028e-02
7.070000000000006835e-02
3.870000000000002605e-02
7.110000000000003817e-02
2.410000000000001030e-02
4.180000000000005933e-02
2.146000000000000130e-01
2.118000000000000438e-01
8.920000000000008478e-02
6.760000000000007669e-02
6.300000000000002820e-02
1.405000000000000415e-01
6.749999999999999056e-02
8.480000000000000038e-02
7.890000000000005342e-02
1.273999999999999300e-01
1.124999999999999611e-01
1.473999999999999477e-01
1.247000000000000608e-01
1.379000000000000226e-01
1.290999999999999093e-01
4.300000000000001044e-02
4.610000000000000903e-02
6.540000000000001368e-02
7.259999999999994236e-02
4.920000000000000068e-02
3.769999999999993495e-02
7.620000000000004547e-02
9.579999999999999627e-02
2.879999999999999227e-02
6.279999999999993920e-02
1.070999999999999314e-01
5.939999999999998753e-02
8.090000000000005520e-02
6.720000000000009299e-02
3.410000000000008857e-02
7.850000000000005584e-02
1.316000000000000225e-01
1.328999999999999626e-01
5.160000000000000697e-02
3.819999999999996315e-02
3.980000000000000898e-02
1.150000000000000189e-01
7.681999999999999940e-01
4.834999999999999853e-01
1.527500000000000080e+00
3.257999999999998675e-01
3.044799999999999507e+00
8.700400000000000134e+00
3.118700000000000028e+00
2.822099999999999831e+00
2.564299999999999802e+00
2.647000000000001019e-01
2.742000000000001103e-01
7.861000000000002430e-01
6.936999999999999833e-01
6.125000000000000444e-01
3.894000000000001904e-01
1.411000000000000032e-01
2.288999999999997426e-01
1.748999999999998889e-01
1.962000000000001521e-01
2.355000000000001259e-01
2.631000000000002226e-01
1.977999999999995318e-01
2.896000000000001906e-01
4.112999999999997769e-01
1.482300000000000173e+00
2.676700000000000301e+00
1.354700000000000459e+00
4.143999999999998796e-01
5.486999999999999655e-01
4.030999999999999028e-01
1.219999999999997753e-01
1.344000000000001305e-01
1.791000000000000647e-01
1.632999999999997509e-01
1.605999999999999650e-01
6.230000000000010529e-02
1.235900000000000443e+00
5.461100000000000065e+00
5.142100000000000115e+00
6.771500000000000519e+00
9.918499999999998096e+00
1.159900000000000020e+01
6.800000000000001599e-01
3.224000000000000199e-01
1.010099999999999998e+00
1.150929999999999964e+01
3.750399999999999956e+00
8.560000000000000497e+00
8.699000000000000066e-01
3.481999999999999540e-01
4.664500000000000313e+00
1.273399999999999865e+00
1.824300000000000255e+00
1.556700000000000417e+00
3.898000000000000909e-01
3.419999999999997486e-01
1.123799999999999688e+00
7.025000000000000133e-01
9.446999999999997621e-01
7.876000000000002998e-01
5.725000000000002309e-01
2.650000000000000688e-01
5.120000000000028695e-02
5.679999999999985755e-02
6.089999999999988478e-02
9.920000000000020468e-02
3.209999999999999520e-01
3.652999999999998471e-01
6.059999999999999831e-01
1.832300000000000040e+00
5.412000000000000810e+00
3.946800000000000530e+00
4.375999999999999446e+00
4.871000000000000330e-01
2.691999999999999948e-01
2.480999999999999317e-01
1.259000000000000674e-01
1.352000000000000424e-01
1.359999999999998432e-01
1.303000000000000824e-01
1.839999999999999136e-01
1.581200000000000161e+00
