2.674999999999999600e-01
1.725999999999999757e-01
1.015999999999999959e-01
1.105000000000000149e-01
1.589000000000000135e-01
7.289999999999999258e-02
2.471999999999999753e-01
1.984000000000000208e-01
1.057000000000000162e-01
1.599000000000000143e-01
1.212000000000000161e-01
5.152999999999999803e-01
3.807000000000000384e-01
1.394000000000000239e-01
1.700000000000000122e-01
1.998000000000000054e-01
2.697999999999999843e-01
1.003000000000000003e-01
1.001000000000000084e-01
1.565000000000000280e-01
2.552000000000000379e-01
1.758000000000000118e-01
2.063000000000000111e-01
5.749999999999999556e-02
9.380000000000002225e-02
1.499000000000000332e-01
1.209999999999999826e-01
1.384999999999999842e-01
1.556000000000000161e-01
1.297000000000000375e-01
2.208000000000000518e-01
1.504999999999999949e-01
9.889999999999997404e-02
1.408999999999999697e-01
1.485999999999999821e-01
1.080999999999999878e-01
2.019000000000000239e-01
1.207000000000000156e-01
7.729999999999995208e-02
2.599000000000000199e-01
1.162999999999999728e-01
8.480000000000001426e-02
7.219999999999994478e-02
1.237999999999999795e-01
1.361000000000000543e-01
9.709999999999999187e-02
8.790000000000003366e-02
1.322000000000000119e-01
1.330000000000000349e-01
8.989999999999999380e-02
1.402000000000000191e-01
1.451999999999999957e-01
1.997999999999999776e-01
1.273999999999999855e-01
1.244000000000000106e-01
1.169999999999999651e-01
6.219999999999999141e-02
1.596999999999999809e-01
2.476000000000000700e-01
1.547000000000000597e-01
1.098199999999999843e+00
7.662999999999998701e-01
5.952000000000000624e-01
2.331000000000000016e-01
7.450000000000001066e-01
3.002999999999999003e-01
1.625999999999999890e+00
2.476000000000000145e-01
1.527999999999999914e-01
7.980000000000003757e-02
4.582000000000000517e-01
2.371000000000000330e-01
1.964000000000000190e-01
6.729999999999999871e-02
1.803999999999999770e-01
1.578999999999999848e-01
1.651999999999999580e-01
1.168999999999999484e-01
7.080000000000002958e-02
6.080000000000008314e-02
1.047000000000000708e-01
1.404999999999999305e-01
4.539999999999994040e-02
6.540000000000008307e-02
2.610000000000000098e-01
1.546000000000000152e-01
8.490000000000003100e-02
1.060000000000000803e-01
8.170000000000007812e-02
1.128999999999999171e-01
1.716999999999999360e-01
9.550000000000005707e-02
1.194000000000000200e-01
2.013000000000000067e-01
2.476999999999999202e-01
6.880000000000009719e-02
1.539000000000000645e-01
1.547000000000000042e-01
9.499999999999997335e-02
6.110000000000000847e-02
3.829999999999998683e-02
1.131000000000000477e-01
7.100000000000002143e-02
1.239000000000000101e-01
9.390000000000003899e-02
5.360000000000002263e-02
1.232999999999999929e-01
1.514999999999999680e-01
1.439999999999999614e-01
2.973999999999999977e-01
1.852000000000000868e-01
6.869999999999992779e-02
1.520999999999999852e-01
8.190000000000000058e-02
1.170000000000000623e-01
2.019000000000000239e-01
2.026000000000000023e-01
2.464999999999999414e-01
5.894999999999999130e-01
9.931000000000000938e-01
5.567999999999999616e-01
2.538000000000000256e-01
1.667999999999999483e-01
3.661999999999999700e-01
4.900000000000004352e-02
1.332000000000000128e-01
1.500000000000000222e-01
1.443000000000000393e-01
7.380000000000004612e-02
1.685999999999999721e-01
4.259999999999996428e-02
8.780000000000003080e-02
2.090999999999999526e-01
9.290000000000002423e-02
7.650000000000008182e-02
3.940000000000001834e-02
1.427000000000000490e-01
9.520000000000009011e-02
2.217000000000000359e-01
9.670000000000002205e-02
1.466000000000000358e-01
1.011000000000000232e-01
4.060000000000000275e-01
1.257999999999999674e-01
4.502000000000000446e-01
2.090000000000000191e-01
1.040000000000001062e-01
5.091999999999999860e-01
5.449999999999999289e-01
2.087999999999999856e-01
1.440999999999999504e-01
1.022000000000000131e-01
6.289999999999995595e-02
2.119000000000000050e-01
2.639999999999999569e-01
1.266000000000000458e-01
7.470000000000004414e-02
7.069999999999994345e-02
8.939999999999995173e-02
3.765000000000001124e-01
3.208000000000000296e-01
1.050999999999999712e-01
5.309999999999995973e-02
2.094999999999999640e-01
8.830000000000000349e-02
9.590000000000001301e-02
3.189999999999997005e-02
5.569999999999998563e-02
1.206999999999998907e-01
6.419999999999995155e-02
1.810999999999999832e-01
1.390000000000000679e-01
2.314999999999999281e-01
2.721999999999999420e-01
1.788000000000000422e-01
1.120000000000000578e-01
9.279999999999997973e-02
9.690000000000004166e-02
1.766999999999999682e-01
9.319999999999994955e-02
3.229999999999998150e-02
4.230000000000003202e-02
1.082000000000001017e-01
1.799999999999999378e-01
3.472000000000000086e-01
7.190000000000003333e-02
1.036000000000001087e-01
9.970000000000003859e-02
1.314000000000000168e-01
3.749999999999996392e-02
1.225999999999999035e-01
4.419999999999998236e-02
4.289999999999992430e-02
3.724000000000000088e-01
3.642000000000000792e-01
3.963999999999999746e-01
1.537000000000000310e-01
7.549999999999996991e-02
1.387999999999999790e-01
1.404999999999999860e-01
5.429999999999989002e-02
1.396999999999999909e-01
1.920000000000000595e-01
1.348999999999999921e-01
2.520000000000000018e-01
2.586999999999999855e-01
1.771999999999999964e-01
1.063000000000000472e-01
3.054999999999999938e-01
8.008999999999999453e-01
6.529999999999999138e-01
9.870000000000009321e-02
7.440000000000002167e-02
1.906999999999999251e-01
1.609000000000000985e-01
2.439000000000000612e-01
5.163999999999999702e-01
5.844000000000000306e-01
3.833000000000000851e-01
3.769000000000000128e-01
1.856000000000000982e-01
1.806999999999999995e-01
9.560000000000003217e-02
2.052999999999999270e-01
1.279999999999999472e-01
1.635000000000000064e-01
2.094999999999999918e-01
1.675000000000000100e-01
1.688999999999999391e-01
1.090999999999999470e-01
8.730000000000004423e-02
1.374999999999999556e-01
6.069999999999998730e-01
3.951999999999999957e-01
9.754000000000000448e-01
9.616000000000000103e-01
4.676000000000000156e-01
3.562999999999999501e-01
8.860000000000008147e-02
