1.725000000000000144e-01
3.054999999999999938e-01
1.444000000000000006e-01
1.532000000000000028e-01
1.100000000000000144e-01
1.627000000000000113e-01
1.724000000000000254e-01
2.444999999999999951e-01
1.148000000000000548e-01
1.634999999999999787e-01
1.833000000000000185e-01
6.803999999999998938e-01
3.009000000000000563e-01
9.799999999999993439e-02
8.120000000000004992e-02
1.562000000000000610e-01
1.654999999999999805e-01
7.830000000000005012e-02
1.431000000000000050e-01
2.720000000000000195e-01
2.116999999999999993e-01
1.857000000000000317e-01
1.731999999999999651e-01
1.754999999999999338e-01
1.087999999999998968e-01
5.336000000000001853e-01
8.008000000000000673e-01
2.832000000000002293e-01
3.349999999999999645e-01
5.562000000000000277e-01
4.698000000000000509e-01
1.766500000000000181e+00
2.020599999999999952e+00
7.252999999999999448e-01
5.060999999999999943e-01
5.459999999999999298e-01
3.354999999999999649e-01
2.911000000000000254e-01
2.045999999999999763e-01
3.129000000000000670e-01
1.491000000000000103e-01
1.411000000000000032e-01
9.099999999999999756e-02
1.878000000000000502e-01
4.300000000000001044e-02
3.493999999999999329e-01
1.799100000000000144e+00
4.532000000000000473e-01
3.487999999999998879e-01
1.992000000000000715e-01
1.753999999999999448e-01
2.288000000000001699e-01
1.152000000000001356e-01
1.880000000000002225e-01
1.423999999999998878e-01
2.376999999999999669e-01
2.474999999999999645e+00
2.090399999999999814e+00
1.288199999999999790e+00
1.103300000000000169e+00
2.936000000000000276e-01
2.929999999999998717e-01
7.504999999999999449e-01
2.486000000000000432e-01
5.848999999999999755e-01
5.870999999999997332e-01
4.583999999999998076e-01
1.919000000000001815e-01
1.291000000000000481e-01
2.127999999999999614e-01
1.826000000000001788e-01
6.979999999999994542e-02
1.697000000000000730e-01
9.259999999999997400e-02
8.899999999999985700e-02
1.225000000000001366e-01
3.991000000000001213e-01
7.779999999999991089e-02
1.393999999999999961e-01
6.840000000000018288e-02
1.356999999999999318e-01
1.408000000000000085e-01
1.162000000000000116e-01
6.779999999999997140e-02
8.050000000000009925e-02
1.005000000000002003e-01
2.097999999999999032e-01
1.205999999999998878e-01
2.601200000000000401e+00
2.430800000000000072e+00
1.738400000000000389e+00
4.951600000000000890e+00
1.333699999999999664e+00
2.639600000000000168e+00
8.394000000000000350e-01
2.741999999999996107e-01
4.274000000000001132e-01
2.879999999999998672e-01
9.219000000000001638e-01
9.725000000000002531e-01
1.782999999999999918e+00
4.197000000000004616e-01
1.550999999999999046e-01
4.521999999999998798e-01
2.086000000000000631e-01
1.788899999999999713e+00
1.519400000000000084e+00
1.404200000000000115e+00
1.410999999999999810e+00
3.184000000000001274e-01
5.449999999999998179e-01
3.068000000000001282e-01
1.477000000000002200e-01
1.047999999999997545e-01
7.604999999999997318e-01
3.255000000000001226e-01
2.325700000000000767e+00
7.396000000000001462e-01
1.138400000000000079e+00
2.992699999999999694e+00
6.846000000000003194e-01
1.741100000000000092e+00
5.954999999999999183e-01
4.183000000000000607e-01
1.111800000000000344e+00
4.642999999999998240e-01
2.727000000000001645e-01
2.968999999999998307e-01
3.354000000000000870e-01
2.425999999999998158e-01
1.502999999999996561e-01
3.502000000000003443e-01
7.769999999999949170e-02
1.409000000000001362e-01
2.098999999999994204e-01
8.775000000000000577e-01
3.222900000000000098e+00
5.770999999999999464e-01
5.721999999999997089e-01
8.840999999999994419e-01
1.002399999999999736e+00
3.211999999999991529e-01
7.236000000000002430e-01
1.671799999999999731e+00
6.985999999999999988e-01
2.105999999999999539e-01
2.570000000000001728e-01
1.591999999999993420e-01
4.590000000000001856e-01
2.106999999999999984e-01
3.090999999999998193e-01
2.052000000000004931e-01
1.966000000000001080e-01
2.051000000000001156e-01
1.441000000000003944e-01
1.470999999999997865e-01
1.052999999999999492e-01
1.114999999999999325e-01
2.611000000000002208e-01
2.494999999999999440e-01
4.242999999999997884e-01
2.220000000000001972e-01
2.899000000000001576e-01
2.033699999999999619e+00
3.004399999999999959e+00
2.537700000000000067e+00
1.124300000000000077e+00
1.262000000000000011e+00
4.306799999999999962e+00
6.124999999999996003e-01
4.148999999999998800e-01
6.811000000000002608e-01
1.047699999999999632e+00
2.085499999999999687e+00
2.500200000000000422e+00
6.145999999999995911e-01
3.312999999999999834e-01
1.181999999999998052e-01
2.207000000000002293e-01
4.496000000000001662e-01
6.696999999999992959e-01
4.797000000000006259e-01
4.593999999999996975e-01
2.993000000000005101e-01
9.279999999999999361e-02
3.971999999999994979e-01
3.785999999999998811e-01
1.521999999999999464e-01
1.885000000000005005e-01
1.892999999999996352e-01
1.366999999999999327e-01
3.250999999999996670e-01
1.047999999999999488e-01
3.979000000000001980e-01
1.299000000000002375e-01
1.585000000000000298e-01
2.399999999999996581e-01
1.825000000000001621e-01
2.923999999999998822e-01
5.641000000000000458e-01
1.633999999999998232e-01
6.330000000000005622e-01
4.642000000000004456e-01
2.480000000000001092e-01
1.438000000000003720e-01
1.157000000000002471e-01
6.090000000000012070e-02
9.060000000000029141e-02
1.109999999999999321e-01
8.620000000000022089e-02
1.497999999999998222e-01
1.356799999999999784e+00
6.817000000000001947e-01
5.981000000000004091e-01
5.821999999999993847e-01
3.069000000000005057e-01
1.632999999999997232e-01
1.716000000000000303e-01
2.856000000000000205e-01
2.329000000000001069e-01
2.643999999999999129e-01
2.259000000000001562e-01
2.145999999999999575e-01
2.180000000000000271e-01
8.720000000000016627e-02
1.451999999999998847e-01
2.320000000000001505e-01
2.103000000000002090e-01
2.182999999999998275e-01
1.930000000000002269e-01
4.933000000000002938e-01
7.117000000000002213e-01
3.703999999999998960e-01
1.250000000000003886e-01
3.129000000000000670e-01
1.020299999999999763e+00
7.933999999999998831e-01
6.383999999999997454e-01
6.673999999999999932e-01
