2.696999999999999953e-01
1.074000000000000232e-01
1.364000000000000212e-01
1.714999999999999858e-01
1.735000000000000153e-01
1.544999999999999984e-01
1.503000000000000169e-01
1.625999999999999945e-01
1.935000000000000331e-01
1.774999999999999911e-01
6.779999999999999916e-02
5.876000000000000112e-01
1.560000000000000275e-01
1.490000000000000213e-01
2.217999999999999972e-01
1.335999999999999965e-01
1.779000000000000026e-01
4.559999999999999470e-02
6.709999999999999298e-02
8.890000000000002067e-02
1.585300000000000153e+00
3.263900000000000023e+00
1.052899999999999947e+00
2.045100000000000140e+00
7.081000000000001737e-01
2.647000000000002129e-01
7.141000000000000680e-01
5.519000000000000572e-01
2.319999999999999840e-01
3.409000000000002029e-01
1.309000000000000441e-01
2.249999999999999223e-01
3.675999999999998158e-01
4.021000000000000130e-01
4.537999999999999257e-01
1.408000000000000362e-01
5.577999999999999625e-01
7.979999999999999316e-01
1.231300000000000061e+00
9.230000000000000426e-01
2.777000000000000579e-01
2.988999999999999990e-01
2.048000000000000098e-01
4.057000000000001161e-01
1.177000000000000546e-01
2.273000000000000298e-01
2.387000000000001343e-01
4.743999999999999329e-01
3.761999999999999234e-01
4.016999999999998350e-01
1.206700000000000328e+00
7.173000000000000487e-01
7.756000000000000671e-01
2.720999999999998975e-01
9.239999999999981561e-02
1.049199999999999910e+00
4.080999999999999628e-01
5.044999999999999485e-01
2.108000000000000984e-01
2.541999999999999815e-01
2.568000000000000282e-01
2.241999999999998716e-01
3.704000000000001180e-01
2.752000000000000002e-01
2.784000000000000363e-01
7.471999999999999753e-01
4.908000000000001251e-01
3.110000000000001652e-01
2.584000000000000186e-01
1.554999999999998606e-01
1.648000000000000298e-01
2.562000000000000388e-01
2.967999999999998972e-01
8.239999999999995939e-02
2.197000000000000897e-01
2.715000000000000746e-01
2.629000000000000781e-01
5.087999999999999190e-01
3.442000000000001170e-01
1.203999999999999515e-01
1.516999999999999460e-01
7.390000000000010449e-02
1.562000000000000055e-01
3.617000000000000215e-01
2.099999999999999922e-01
1.233999999999999819e-01
1.864999999999999991e-01
2.367999999999998995e-01
3.834999999999998965e-01
2.941999999999999060e-01
1.741000000000000603e-01
3.372000000000000552e-01
1.471999999999999698e-01
3.626000000000001999e-01
4.099999999999998090e-02
2.849999999999999201e-01
1.743000000000001215e-01
9.739999999999997271e-02
1.138999999999999041e-01
1.524999999999999134e-01
3.422000000000000597e-01
2.323999999999999677e-01
5.431200000000000472e+00
7.435999999999999277e-01
4.097999999999999976e-01
7.046000000000002261e-01
2.974999999999998757e-01
1.050000000000003292e-01
2.449999999999998013e-01
2.054999999999999050e-01
1.994999999999999274e-01
6.715999999999999748e-01
6.932000000000000384e-01
4.061999999999998945e-01
3.973999999999998645e-01
4.491000000000000547e-01
7.944999999999997620e-01
4.775000000000000355e-01
3.032999999999999585e-01
2.256000000000001338e-01
3.961999999999999411e-01
1.858000000000000207e-01
1.997000000000000719e-01
1.704000000000001069e-01
1.989000000000001045e-01
9.949999999999989408e-02
9.710000000000007514e-02
1.074000000000001065e-01
1.303000000000000269e-01
3.560000000000000664e-02
2.244000000000000716e-01
1.336000000000000243e-01
2.156000000000000416e-01
2.924000000000001598e-01
3.039000000000000035e-01
3.515000000000000346e-01
2.156999999999999473e-01
2.132999999999999619e-01
1.329999999999999793e-01
2.862000000000000099e-01
2.684000000000000830e-01
3.490000000000000324e-01
1.515000000000000235e-01
1.009000000000000313e-01
9.350000000000002753e-02
3.410000000000003306e-02
1.946999999999999564e-01
1.461999999999999411e-01
2.267000000000000126e-01
4.059000000000000385e-01
1.545000000000000262e-01
2.427999999999999603e-01
1.473000000000000975e-01
1.970000000000000084e-01
8.989999999999993829e-02
1.214000000000000218e-01
1.652000000000000135e-01
7.230000000000008642e-02
1.147000000000000519e-01
7.329999999999996241e-02
2.061999999999999111e-01
1.505000000000001337e-01
7.189999999999995006e-02
1.051999999999999186e-01
1.541000000000000147e-01
1.439999999999999891e-01
8.539999999999993430e-02
7.680000000000011817e-02
6.999999999999992339e-02
1.826000000000000123e-01
1.004000000000001003e-01
3.330999999999999517e-01
1.452999999999999847e-01
2.328999999999999959e-01
6.690000000000001501e-02
2.204999999999999738e-01
2.458999999999999519e-01
8.219999999999992590e-02
9.519999999999995133e-02
7.870000000000001994e-02
1.641000000000000514e-01
6.468000000000000416e-01
7.613999999999998547e-01
1.467700000000000005e+00
1.186300000000000132e+00
2.549400000000000333e+00
7.152999999999999359e-01
2.678499999999999659e+00
1.240399999999999947e+00
3.230999999999999872e+00
1.101699999999999902e+00
9.960999999999999854e-01
1.947200000000000042e+00
8.508999999999999897e-01
1.541000000000001258e-01
1.270000000000000018e-01
4.324000000000001731e-01
3.387000000000001121e-01
1.370600000000000041e+00
3.688000000000000722e-01
5.229000000000001425e-01
3.461000000000000187e-01
2.615999999999999992e-01
2.418000000000000427e-01
6.805999999999999828e-01
5.936999999999998945e-01
6.771999999999999131e-01
4.999999999999998890e-01
5.051999999999999824e-01
3.362000000000001099e-01
2.731000000000000094e-01
8.429999999999998606e-02
1.287000000000000366e-01
2.202000000000000068e-01
2.318999999999998562e-01
2.457999999999999352e-01
2.502000000000000890e-01
2.493999999999999273e-01
4.486999999999999877e-01
2.070999999999999508e-01
6.439999999999990177e-02
1.181000000000000938e-01
1.392000000000001292e-01
2.063000000000000389e-01
1.939999999999999503e-01
2.710000000000000187e-01
2.196000000000000174e-01
1.779999999999999361e-01
2.759999999999999121e-01
1.889000000000001234e-01
1.099000000000001087e-01
7.890000000000002567e-02
2.389999999999999902e-01
1.076000000000001400e-01
1.959999999999999520e-01
1.278000000000000802e-01
1.643999999999999351e-01
9.460000000000001741e-02
1.259000000000000674e-01
