6.750000000000000444e-02
1.699999999999999845e-01
6.790000000000000202e-02
3.014000000000000012e-01
2.123000000000000165e-01
1.242000000000000187e-01
1.043999999999999928e-01
1.245000000000000134e-01
3.024000000000000021e-01
2.107999999999999874e-01
1.483999999999999764e-01
9.749999999999998945e-02
5.700000000000002287e-02
1.315999999999999948e-01
1.515999999999999848e-01
1.708000000000000074e-01
1.139000000000000012e-01
9.340000000000002467e-02
1.270000000000000295e-01
2.707999999999999852e-01
3.135999999999999899e-01
1.130000000000000310e-01
6.300000000000000044e-02
8.190000000000002833e-02
8.080000000000002458e-02
8.790000000000001978e-02
8.499999999999995060e-02
9.820000000000000950e-02
1.340000000000000080e-01
9.300000000000004097e-02
6.910000000000005027e-02
1.910999999999999643e-01
1.266000000000000181e-01
1.295000000000000040e-01
8.870000000000001494e-02
1.063999999999999946e-01
1.297999999999999987e-01
9.836000000000000298e-01
4.472000000000000419e-01
8.621999999999999664e-01
2.232999999999999985e-01
5.568999999999999506e-01
7.509999999999998621e-02
1.880000000000000282e-01
1.423999999999999710e-01
1.959000000000000186e-01
1.779000000000000026e-01
2.802000000000000046e-01
1.353000000000000036e-01
2.723999999999999755e-01
1.429999999999999882e-01
7.630000000000000671e-02
6.300000000000000044e-02
3.169999999999997820e-02
1.201000000000000123e-01
8.689999999999997726e-02
7.209999999999999742e-02
1.864999999999999991e-01
1.592999999999999972e-01
9.899999999999996303e-02
6.059999999999999415e-02
8.520000000000002571e-02
2.140999999999999848e-01
2.010000000000000120e-01
1.282999999999999696e-01
1.006999999999999978e-01
9.220000000000001805e-02
1.532000000000000306e-01
1.363000000000000322e-01
1.171999999999999986e-01
8.860000000000005371e-02
7.309999999999999831e-02
8.139999999999995850e-02
1.948000000000000287e-01
2.577999999999999736e-01
3.286999999999999922e-01
6.419999999999997931e-02
1.092000000000000193e-01
3.900000000000000688e-02
5.549999999999999378e-02
9.250000000000001277e-02
3.459999999999998493e-02
3.590000000000000829e-02
6.310000000000001719e-02
1.534000000000000363e-01
7.279999999999994809e-02
8.480000000000006977e-02
8.110000000000008868e-02
7.380000000000006000e-02
6.810000000000002163e-02
1.566000000000000170e-01
1.689000000000000501e-01
7.529999999999988092e-02
4.610000000000005066e-02
6.690000000000001501e-02
6.590000000000000024e-02
6.160000000000000198e-02
4.530000000000000693e-02
2.269999999999994938e-02
5.239999999999997438e-02
5.659999999999998366e-02
7.779999999999999416e-02
6.513000000000001011e-01
1.710000000000000409e-01
1.866999999999999771e-01
6.300000000000002820e-02
6.840000000000005798e-02
1.190000000000000502e-01
3.590000000000001523e-02
7.700000000000001288e-02
1.133999999999999730e-01
1.549999999999999711e-01
1.083000000000000074e-01
7.359999999999997100e-02
3.389999999999998570e-02
1.054999999999999966e-01
1.129000000000000004e-01
2.421999999999999709e-01
6.530000000000002469e-02
1.981000000000000261e-01
1.319999999999999840e+00
3.156099999999999905e+00
2.154599999999999849e+00
4.999000000000001220e-01
4.054999999999999716e-01
4.342000000000000304e-01
9.310000000000001608e-02
1.274999999999999745e-01
7.590000000000002300e-02
1.134000000000000008e-01
1.998999999999999944e-01
3.545000000000000373e-01
3.115999999999999881e-01
1.558000000000000496e-01
2.181999999999999496e-01
8.430000000000001381e-02
1.095999999999999613e-01
1.102999999999999814e-01
1.235999999999999738e-01
8.949999999999999623e-02
9.829999999999992910e-02
1.850000000000000255e-01
2.102000000000000257e-01
8.429999999999995830e-02
4.960000000000002601e-02
5.670000000000000040e-02
9.189999999999999558e-02
3.151000000000000467e-01
1.493200000000000083e+00
1.306200000000000028e+00
3.068400000000000460e+00
1.388800000000000257e+00
4.843999999999998307e-01
9.139999999999999514e-02
1.747000000000001052e-01
9.036999999999998368e-01
3.642999999999999572e-01
8.030000000000001026e-02
1.463999999999999191e-01
2.736000000000000099e-01
2.448999999999999233e-01
1.421999999999999376e-01
9.040000000000002200e-02
7.160000000000006637e-02
1.043000000000000316e-01
1.407000000000000473e-01
1.718999999999999972e-01
1.012999999999999734e-01
2.888000000000000567e-01
2.085999999999998966e-01
5.488999999999999435e-01
4.624000000000000332e-01
4.749999999999999778e-01
3.401999999999998914e-01
2.527000000000000357e-01
7.539999999999995317e-02
1.356999999999999318e-01
3.600000000000004585e-02
6.720000000000006524e-02
1.807999999999999885e-01
5.120000000000000107e-01
4.512999999999999234e-01
1.319999999999999507e-01
2.548999999999999599e-01
5.364999999999997549e-01
1.914000000000000701e-01
1.171999999999999709e-01
5.010000000000003340e-02
2.082000000000000794e-01
5.605199999999999960e+00
3.688099999999999490e+00
4.663199999999999790e+00
3.835000000000000075e-01
3.184000000000000163e-01
4.364999999999999436e-01
3.925999999999998935e-01
9.920000000000010754e-02
9.149999999999988698e-02
1.411999999999999367e-01
3.318999999999999728e-01
2.437000000000000000e-01
2.109000000000001152e-01
2.033999999999998864e-01
1.659000000000002140e-01
5.010000000000000564e-02
7.309999999999994280e-02
6.459999999999976872e-02
5.560000000000003828e-02
1.829000000000000625e-01
2.672999999999999821e-01
2.534999999999999476e-01
2.421999999999999154e-01
2.122999999999999610e-01
1.105600000000000138e+00
1.159799999999999720e+00
1.690999999999999726e-01
1.564999999999998892e-01
3.133000000000000229e-01
2.283999999999999919e-01
1.208999999999999936e-01
1.021999999999999853e-01
7.427999999999999048e-01
3.811000000000000498e-01
3.236999999999999877e-01
1.145999999999999797e-01
7.120000000000006879e-02
1.221999999999999892e-01
5.519999999999998519e-02
8.119999999999998053e-02
1.683000000000000052e-01
5.570000000000005502e-02
2.296000000000000263e-01
1.398600000000000065e+00
1.106999999999999984e+00
1.751000000000000056e-01
4.379999999999997784e-02
5.309999999999992504e-02
9.310000000000001608e-02
5.110000000000000653e-02
