3.770999999999999908e-01
1.108500000000000041e+00
6.295000000000001705e-01
8.539999999999997593e-02
2.780000000000000249e-01
3.674000000000000599e-01
2.280999999999999972e-01
2.297000000000000153e-01
9.729999999999999760e-02
1.186999999999999167e-01
4.238999999999999990e-01
3.118000000000000216e-01
9.439999999999995617e-02
5.010000000000006115e-02
4.109999999999999071e-02
6.219999999999999141e-02
1.105999999999999900e-01
7.359999999999999876e-02
7.290000000000002034e-02
1.677000000000000157e-01
1.060999999999999999e-01
1.340000000000000080e-01
3.419000000000000927e-01
1.702000000000000735e-01
7.681999999999999940e-01
7.445999999999999286e-01
1.751999999999999669e-01
6.970000000000002582e-02
1.555000000000000271e-01
6.910000000000002252e-02
1.007000000000000117e-01
1.525999999999999579e-01
1.370999999999999719e-01
6.650000000000000355e-02
4.839999999999990143e-02
8.689999999999997726e-02
7.029999999999998750e-02
9.119999999999997553e-02
9.020000000000004403e-02
1.100000000000000283e-01
5.669999999999993101e-02
6.369999999999997886e-02
2.026999999999999913e-01
4.397999999999999687e-01
3.646000000000000352e-01
4.579999999999995880e-02
1.635999999999999677e-01
1.739000000000000268e-01
1.161000000000000781e-01
1.167999999999999872e-01
1.729000000000000536e-01
2.867999999999999439e-01
1.679999999999999827e-01
8.469999999999998364e-02
8.980000000000001870e-02
5.920000000000008589e-02
5.890000000000004954e-02
8.699999999999999400e-02
4.490000000000009955e-02
4.280000000000004634e-02
6.179999999999993832e-02
4.079999999999999183e-01
1.429000000000001380e-01
2.404000000000000581e-01
1.009999999999998815e-01
1.059999999999999831e-01
9.550000000000004319e-02
4.459999999999994524e-02
1.073000000000000065e-01
8.049999999999996048e-02
5.600000000000001504e-02
7.030000000000001525e-02
6.029999999999998556e-02
6.299999999999997269e-02
2.788999999999999813e-01
1.336000000000000520e-01
1.101999999999999647e-01
1.906000000000000194e-01
7.529999999999996418e-02
2.519999999999993079e-02
2.416000000000000092e-01
1.434999999999999609e-01
1.902999999999999692e-01
1.539000000000000923e-01
1.236000000000000570e-01
2.399999999999988254e-02
5.540000000000002561e-02
6.610000000000008924e-02
1.450000000000000733e-01
5.389999999999998265e-02
1.122999999999999832e-01
5.909999999999995812e-02
1.030000000000000498e-01
7.400000000000005185e-02
1.055000000000000382e-01
6.679999999999994276e-02
4.739999999999996994e-02
1.189999999999999530e-01
1.000999999999999113e-01
1.158000000000000695e-01
9.710000000000008902e-02
1.508000000000000451e-01
4.309999999999995779e-02
6.190000000000001057e-02
6.659999999999999254e-02
9.330000000000002180e-02
4.568000000000000949e-01
2.326300000000000701e+00
1.424900000000000277e+00
7.870000000000000329e-01
3.883999999999999675e-01
2.033000000000000085e-01
2.745400000000000063e+00
1.835399999999999920e+00
3.987000000000000544e-01
2.526999999999998692e-01
4.421000000000001595e-01
2.183999999999999830e-01
2.694000000000000283e-01
1.319000000000000727e-01
2.958999999999998853e-01
3.272999999999999798e-01
1.764000000000000568e-01
4.213599999999999568e+00
3.774000000000001243e-01
1.101299999999999946e+00
1.065700000000000092e+00
5.432000000000000162e-01
9.120000000000004492e-02
2.940000000000004762e-02
9.220000000000007356e-02
1.055000000000000521e-01
8.609999999999998210e-02
1.590999999999999637e-01
9.120000000000008655e-02
4.610000000000007842e-02
2.949999999999999151e-02
6.529999999999991367e-02
1.239999999999999297e-01
1.486000000000000099e-01
9.060999999999999055e-01
3.055999999999997607e-01
6.914000000000001256e-01
1.141999999999999404e-01
1.284000000000000141e-01
5.120000000000005103e-02
6.920000000000002538e-02
5.099999999999995509e-02
3.660000000000000059e-02
5.869999999999997442e-02
1.757000000000000228e-01
2.695999999999999508e-01
1.014999999999999791e-01
2.800000000000000266e-01
1.029999999999999943e-01
2.489999999999999991e-01
4.380999999999999339e-01
5.456000000000000849e-01
6.709999999999997911e-02
1.516000000000000125e-01
1.123000000000000387e-01
1.488000000000000433e-01
6.830000000000008287e-02
1.029000000000000609e-01
1.071000000000000563e-01
6.029999999999995086e-02
7.589999999999992586e-02
8.619999999999999885e-02
3.080000000000008772e-02
8.809999999999997000e-02
1.059999999999999692e-01
5.769999999999991802e-02
6.730000000000002647e-02
7.420000000000001594e-02
1.164999999999999647e-01
2.758999999999999786e-01
2.363999999999999435e-01
1.272000000000001740e-01
1.112999999999999962e-01
1.301999999999999269e-01
1.131999999999998840e-01
1.105000000000001120e-01
5.170000000000001678e-02
1.133000000000000118e-01
1.640000000000001179e-01
4.582999999999999297e-01
2.390000000000000457e-01
5.612000000000001432e-01
2.567000000000000393e-01
1.640000000000002012e-01
7.175000000000001377e-01
3.248800000000000132e+00
2.418800000000000061e+00
4.323000000000000176e-01
6.625999999999997447e-01
6.407999999999999252e-01
5.277000000000000579e-01
5.174999999999998490e-01
2.021000000000001406e-01
7.008000000000002006e-01
8.709999999999998854e-01
1.083599999999999897e+00
1.133199999999999985e+00
1.501899999999999569e+00
9.483999999999999098e-01
3.663999999999999480e-01
1.322000000000000675e-01
3.521000000000001351e-01
1.787999999999998202e-01
1.095000000000000556e-01
7.419000000000001149e-01
1.450600000000000112e+00
1.507599999999999607e+00
6.683999999999999941e-01
1.058400000000000230e+00
5.063999999999998503e-01
2.129500000000000171e+00
1.614999999999999769e+00
4.251000000000000334e+00
1.346900000000000208e+00
1.176400000000000112e+00
4.749999999999997558e-01
2.095200000000000173e+00
7.519000000000001238e-01
4.263000000000001788e-01
1.116999999999998827e-01
1.108000000000000929e-01
1.280000000000000582e-01
6.740000000000005709e-02
1.726000000000000589e-01
3.211000000000000520e-01
2.260000000000001452e-01
1.201999999999998348e-01
1.227000000000000035e-01
4.590000000000001301e-01
1.743999999999999162e-01
1.973999999999999644e-01
1.505000000000000782e-01
6.419999999999981277e-02
