1.625999999999999945e-01
1.391999999999999904e-01
8.599999999999999312e-02
5.469999999999999862e-02
1.004000000000000031e-01
7.159999999999999698e-02
9.229999999999999316e-02
1.172999999999999737e-01
8.130000000000001115e-02
1.529000000000000081e-01
1.832000000000000017e-01
1.213999999999999801e-01
1.026000000000000384e-01
8.620000000000001272e-02
7.869999999999999218e-02
9.690000000000001390e-02
9.099999999999999756e-02
6.180000000000000770e-02
2.379000000000000004e-01
1.967999999999999750e-01
9.400000000000001410e-02
1.295999999999999930e-01
1.419999999999999873e-01
2.232999999999999985e-01
1.742000000000000215e-01
2.084000000000000297e-01
1.534999999999999698e-01
1.647000000000000131e-01
1.661000000000000254e-01
1.043999999999999928e-01
9.329999999999999405e-02
1.961000000000000520e-01
1.484000000000000041e-01
1.300000000000000044e-01
1.108000000000000373e-01
1.276000000000000190e-01
1.749999999999999889e-01
9.739999999999998659e-02
1.093000000000000083e-01
8.820000000000002838e-02
9.109999999999995879e-02
1.229999999999999843e-01
6.590000000000000024e-02
8.759999999999998344e-02
9.679999999999998328e-02
1.206000000000000127e-01
1.965999999999999970e-01
1.358000000000000040e-01
1.083000000000000212e-01
8.100000000000001643e-02
9.819999999999999563e-02
1.523000000000000187e-01
1.222000000000000031e-01
1.736999999999999933e-01
9.140000000000000902e-02
1.225999999999999868e-01
1.127999999999999836e-01
1.247000000000000053e-01
1.334000000000000186e-01
1.545000000000000262e-01
1.315999999999999948e-01
1.111000000000000321e-01
1.058999999999999803e-01
1.346999999999999864e-01
1.353000000000000036e-01
6.500000000000000222e-02
1.260000000000000009e-01
7.469999999999998863e-02
8.660000000000003806e-02
1.332000000000000406e-01
9.389999999999995572e-02
1.109999999999999737e-01
6.459999999999996301e-02
8.630000000000001559e-02
4.069999999999998619e-02
1.168999999999999623e-01
8.500000000000003386e-02
4.889999999999995739e-02
5.409999999999998838e-02
8.989999999999996605e-02
3.509999999999998538e-02
1.003000000000000419e-01
9.110000000000000042e-02
4.389999999999995295e-02
5.499999999999999334e-02
3.859999999999999543e-02
6.410000000000000420e-02
8.010000000000000453e-02
1.068000000000000338e-01
2.366999999999999660e-01
1.501000000000000112e-01
7.169999999999998597e-02
7.030000000000005689e-02
9.059999999999998610e-02
9.939999999999994673e-02
1.023999999999999910e-01
1.155999999999999944e-01
1.765000000000000457e-01
7.030000000000005689e-02
6.819999999999994122e-02
4.429999999999999216e-02
8.489999999999994773e-02
2.198999999999999566e-01
1.302999999999999714e-01
1.013999999999999763e-01
1.450000000000000178e-01
2.230000000000000870e-01
1.097999999999999254e-01
1.726999999999999647e-01
1.053000000000000463e-01
5.290000000000008584e-02
1.219999999999999973e-01
1.696000000000000285e-01
1.552000000000000046e-01
8.509999999999999509e-02
1.048000000000000737e-01
3.259999999999996234e-02
1.029000000000000470e-01
6.710000000000004849e-02
1.008000000000000146e-01
4.050000000000006373e-02
8.049999999999993272e-02
5.560000000000008685e-02
8.529999999999997307e-02
9.039999999999995262e-02
5.029999999999997667e-02
5.099999999999996897e-02
1.830000000000002111e-02
4.969999999999998030e-02
8.630000000000001559e-02
1.042999999999999206e-01
9.229999999999999316e-02
2.839999999999999747e-01
1.672999999999999488e-01
1.082000000000000739e-01
1.552000000000000324e-01
1.987999999999999767e-01
9.549999999999997380e-02
1.363999999999999657e-01
5.359999999999996712e-02
1.625000000000000611e-01
4.570000000000001145e-02
5.499999999999995171e-02
7.909999999999996201e-02
7.710000000000004350e-02
3.109999999999999570e-02
9.709999999999985310e-02
1.567999999999998839e-01
1.287000000000000366e-01
4.869999999999999329e-02
1.042000000000000010e-01
7.019999999999999851e-02
1.827000000000000013e-01
5.389999999999998959e-02
9.050000000000005262e-02
8.409999999999998033e-02
1.177000000000000268e-01
7.889999999999999791e-02
1.922999999999999710e-01
1.867000000000000326e-01
1.557999999999999663e-01
1.804000000000000048e-01
1.061999999999999333e-01
1.910999999999999921e-01
1.810000000000000497e-01
1.347999999999999754e-01
8.199999999999997569e-02
9.160000000000008413e-02
1.287999999999999701e-01
1.377000000000000446e-01
2.561999999999999833e-01
2.396000000000000074e-01
1.143999999999999184e-01
9.144000000000001016e-01
6.275999999999999357e-01
7.186000000000000165e-01
2.297999999999999765e-01
1.326999999999999569e-01
1.243000000000000355e-01
6.270000000000000573e-02
7.989999999999999880e-02
7.480000000000000537e-02
6.570000000000003615e-02
8.950000000000003786e-02
9.459999999999996190e-02
7.729999999999991045e-02
2.639999999999999569e-01
1.475000000000000477e-01
1.520999999999999019e-01
1.578999999999999848e-01
8.659999999999995479e-02
1.437999999999999834e-01
1.005999999999999950e-01
1.094000000000000250e-01
5.260000000000002174e-02
6.109999999999995296e-02
1.732000000000000484e-01
5.230000000000004784e-02
1.204999999999999960e-01
6.019999999999998963e-02
6.069999999999996926e-02
6.809999999999996612e-02
9.430000000000006433e-02
1.013000000000000012e-01
3.670000000000002427e-02
1.174999999999999656e-01
8.979999999999997706e-02
2.010000000000000675e-02
4.326999999999999735e-01
5.217999999999999305e-01
4.445999999999999952e-01
2.920999999999999153e-01
2.109000000000000874e-01
7.969999999999996532e-02
1.058000000000000329e-01
6.510000000000004672e-02
1.135000000000000037e-01
8.529999999999998694e-02
5.349999999999992956e-02
7.200000000000000844e-02
9.620000000000000773e-02
8.609999999999992659e-02
1.008999999999999619e-01
1.064999999999999836e-01
1.306999999999999829e-01
6.610000000000001985e-02
7.230000000000000315e-02
9.820000000000002338e-02
8.609999999999998210e-02
2.650000000000000272e-02
1.199999999999999817e-01
3.537999999999999479e-01
1.212999999999999495e-01
2.018000000000000071e-01
2.298000000000000043e-01
2.473000000000000198e-01
4.466999999999999860e-01
1.613999999999999879e-01
1.341000000000000525e-01
