1.408000000000000085e-01
3.980000000000000204e-02
8.240000000000000102e-02
3.590000000000000135e-02
4.279999999999999777e-02
4.050000000000000128e-02
6.429999999999999605e-02
1.288999999999999868e-01
5.679999999999998939e-02
4.900000000000000189e-02
1.003000000000000003e-01
1.005800000000000027e+00
1.088200000000000056e+00
2.191000000000000170e-01
8.970000000000000195e-02
4.572999999999999843e-01
1.357200000000000184e+00
9.836999999999999078e-01
3.507200000000000539e+00
8.077000000000001956e-01
8.094999999999998863e-01
2.425000000000000766e-01
2.927000000000000712e-01
1.883999999999999564e-01
5.982999999999999430e-01
6.877000000000000890e-01
4.112999999999999434e-01
5.397000000000000686e-01
2.442999999999999894e-01
2.474000000000000643e-01
3.666000000000000369e-01
3.518999999999998796e-01
9.793000000000000593e-01
8.713999999999999524e-01
9.941000000000000947e-01
1.000000000000000222e+00
3.375000000000000222e-01
4.571999999999999398e-01
9.496999999999999886e-01
5.845000000000000195e-01
9.538999999999999702e-01
8.982999999999998764e-01
2.280599999999999739e+00
1.288600000000000190e+00
1.188099999999999934e+00
7.851000000000001311e-01
5.940000000000000835e-01
8.185999999999999943e-01
2.102999999999999758e+00
1.301200000000000134e+00
1.153399999999999981e+00
1.223100000000000076e+00
8.756999999999999229e-01
4.769999999999998685e-01
4.617999999999999328e-01
7.197999999999998844e-01
5.582000000000000295e-01
8.683999999999999497e-01
3.124000000000000110e-01
1.231000000000000150e-01
3.483000000000001095e-01
3.150999999999999912e-01
2.082000000000000239e-01
5.829999999999999627e-01
4.020999999999999019e-01
4.568000000000000949e-01
2.645000000000000129e-01
2.966000000000000303e-01
1.957000000000001239e-01
3.767999999999999683e-01
4.265999999999999237e-01
8.464000000000000412e-01
8.190000000000001723e-01
5.279999999999999138e-01
3.689999999999999947e-01
1.418000000000000926e-01
2.560000000000000053e-01
5.473000000000000087e-01
5.290000000000000258e-01
3.453999999999999848e-01
3.480999999999997985e-01
4.832999999999998408e-01
6.363999999999998547e-01
4.110000000000000320e-01
1.789500000000000313e+00
7.122999999999999332e-01
1.756000000000000061e-01
7.650000000000000133e-01
1.546000000000000429e-01
1.224800000000000111e+00
1.147899999999999920e+00
1.165899999999999936e+00
4.953999999999999515e-01
5.564000000000000057e-01
4.732000000000001760e-01
5.426999999999999602e-01
4.127000000000000668e-01
7.692000000000001059e-01
4.135000000000001452e-01
4.494999999999999551e-01
4.367999999999999106e-01
1.764000000000000845e-01
5.637999999999998568e-01
8.128000000000001890e-01
6.394000000000000794e-01
2.296999999999999320e-01
6.281000000000001027e-01
8.724000000000000643e-01
3.377000000000001667e-01
3.329999999999999072e-01
5.624000000000001220e-01
3.776000000000002688e-01
1.947000000000000952e-01
2.255799999999999805e+00
5.744000000000001327e-01
8.333000000000000407e-01
3.984999999999999654e-01
6.939000000000000723e-01
1.404000000000000248e-01
1.760999999999999788e-01
2.096999999999999420e-01
5.065999999999999392e-01
7.329000000000001069e-01
3.960799999999999876e+00
2.932199999999999029e+00
3.776999999999994806e-01
1.638600000000000279e+00
5.617999999999999661e-01
2.011599999999999611e+00
3.903999999999999693e-01
4.945000000000000506e-01
8.578000000000000069e-01
3.067299999999999915e+00
1.811900000000000066e+00
1.158199999999999896e+00
2.924200000000000355e+00
4.580000000000000737e-01
3.541999999999999593e-01
3.216999999999999860e-01
2.945599999999999774e+00
4.354700000000000237e+00
7.972000000000001307e-01
4.293000000000000149e-01
9.716499999999999915e+00
2.206120000000000658e+01
1.783530000000000371e+01
8.885200000000001097e+00
2.423099999999999365e+00
5.241099999999999426e+00
5.476900000000000546e+00
1.108700000000000241e+00
1.124299999999999855e+00
8.268999999999999684e-01
2.036000000000000587e-01
7.200000000000017497e-02
1.349000000000000477e-01
1.964999999999997859e-01
1.049259999999999948e+01
8.971599999999998687e+00
1.086299999999999599e+00
1.544000000000002315e-01
1.673999999999993826e-01
1.178399999999999892e+00
3.311999999999998279e-01
2.650000000000000133e-01
2.973999999999998867e-01
1.383000000000002006e-01
2.938999999999996060e-01
4.219000000000001638e-01
3.398999999999999244e-01
2.604999999999998983e-01
1.914999999999998093e-01
6.765000000000001013e-01
1.004999999999999893e+00
3.720000000000002194e-01
6.049000000000003263e-01
3.666000000000003700e-01
5.539999999999999369e-01
4.757999999999999452e-01
1.104000000000000092e+00
2.092999999999999861e-01
1.898800000000000043e+00
1.564780000000000015e+01
1.485369999999999990e+01
1.981430000000000291e+01
1.997460000000000235e+01
2.257499999999999929e+01
1.467099999999999405e+00
1.206389999999999851e+01
1.064170000000000016e+01
1.749299999999999855e+00
4.834400000000002251e+00
8.723900000000000432e+00
1.141649999999999920e+01
4.035199999999999676e+00
1.071909999999999918e+01
1.036420000000000208e+01
1.078669999999999973e+01
8.090899999999999537e+00
2.443750000000000355e+01
1.525960000000000072e+01
3.401700000000000834e+00
7.132799999999999585e+00
6.003099999999998992e+00
1.755299999999999638e+00
7.254999999999989235e-01
1.231500000000000128e+01
2.623099999999999543e+00
1.553600000000000092e+00
2.260000000000000231e+00
2.373899999999999455e+00
2.807299999999999685e+00
5.362699999999999356e+00
1.224179999999999957e+01
4.708699999999999442e+00
4.275400000000001199e+00
1.778590000000000160e+01
1.423090000000000011e+01
2.119900000000000784e+00
5.370099999999999874e+00
2.883600000000000385e+00
2.947999999999999510e+00
3.304699999999999527e+00
3.779200000000000337e+00
2.615200000000000191e+00
9.720599999999999241e+00
2.874900000000000233e+00
1.479899999999999327e+00
6.066700000000000870e+00
7.535400000000000986e+00
3.402299999999999436e+00
1.327699999999999880e+00
2.554000000000009596e-01
1.766999999999992743e-01
2.402999999999997360e-01
1.595999999999999919e-01
2.346000000000001973e-01
5.040499999999998870e+00
2.605800000000001226e+00
