1.224000000000000088e-01
8.590000000000000413e-02
2.999999999999999889e-02
1.553999999999999826e-01
1.155999999999999805e-01
1.339999999999999802e-01
1.699999999999999845e-01
6.339999999999999802e-02
1.205000000000000099e-01
7.610000000000000098e-02
1.043000000000000038e-01
9.700000000000000289e-02
8.469999999999999751e-02
1.313000000000000278e-01
6.510000000000001896e-02
8.770000000000000018e-02
1.667000000000000148e-01
1.033999999999999919e-01
7.960000000000000409e-02
7.259999999999999787e-02
6.580000000000001126e-02
1.016999999999999849e-01
6.490000000000001323e-02
1.071000000000000008e-01
1.047000000000000153e-01
5.010000000000001258e-02
9.380000000000000837e-02
6.019999999999997575e-02
8.960000000000002685e-02
1.053999999999999937e-01
6.140000000000000319e-02
4.241000000000000325e-01
1.553000000000000214e-01
1.363000000000000045e-01
8.930000000000000437e-02
1.529000000000000081e-01
1.013000000000000012e-01
1.065000000000000113e-01
9.769999999999999518e-02
9.740000000000000047e-02
9.630000000000001059e-02
9.290000000000001035e-02
9.039999999999998037e-02
4.179999999999998300e-02
1.184000000000000052e-01
1.021999999999999853e-01
6.200999999999999845e-01
2.438999999999999779e-01
2.343999999999999972e-01
8.999999999999999667e-02
9.420000000000000595e-02
1.255000000000000004e-01
9.080000000000000571e-02
1.654000000000000192e-01
4.390000000000000152e-02
1.170999999999999958e-01
1.192000000000000004e-01
1.255999999999999894e-01
6.080000000000000682e-02
9.559999999999999054e-02
9.890000000000001568e-02
1.521000000000000130e-01
1.701000000000000012e-01
9.039999999999999425e-02
1.044999999999999957e-01
8.590000000000000413e-02
1.173000000000000015e-01
1.622000000000000108e-01
1.370000000000000107e-01
6.913000000000000256e-01
4.375000000000000555e-01
6.369999999999999274e-02
1.161999999999999977e-01
1.697000000000000175e-01
1.034000000000000197e-01
5.129999999999999838e-02
1.101000000000000034e-01
9.910000000000000753e-02
1.234999999999999709e-01
1.707999999999999796e-01
9.080000000000000571e-02
1.951999999999999846e-01
1.079999999999999988e-01
7.750000000000001332e-02
1.171999999999999986e-01
1.620000000000000051e-01
1.106999999999999929e-01
6.801999999999999158e-01
5.570000000000000506e-01
1.287999999999999978e-01
7.619999999999998996e-02
2.014999999999999847e-01
6.399999999999998745e-02
1.229999999999999843e-01
1.324000000000000177e-01
1.115000000000000158e-01
1.441999999999999948e-01
1.239000000000000101e-01
9.540000000000001257e-02
9.620000000000000773e-02
4.651999999999999469e-01
1.164999999999999925e-01
3.884000000000000230e-01
3.963999999999999746e-01
1.443999999999999728e-01
7.449999999999998290e-02
2.025000000000000133e-01
1.366999999999999882e-01
2.386000000000000343e-01
2.241999999999999826e-01
1.394999999999999851e-01
7.111000000000000654e-01
2.408000000000000140e-01
2.398000000000000131e-01
1.227999999999999925e-01
4.555000000000000715e-01
1.680999999999999994e-01
1.546000000000000152e-01
2.190999999999999892e-01
1.301000000000000489e-01
1.520999999999999575e-01
1.262999999999999678e-01
7.802999999999998826e-01
5.383999999999999897e-01
2.023999999999999688e-01
1.011999999999999983e-01
1.411000000000000032e-01
2.285999999999999976e-01
1.430999999999999495e-01
1.001999999999999974e-01
1.464999999999999913e-01
1.734999999999999598e-01
1.272999999999999687e-01
7.019999999999999574e-01
5.061999999999999833e-01
2.173000000000000209e-01
9.089999999999999469e-02
1.950000000000000067e-01
7.949999999999998734e-02
1.414999999999999591e-01
1.711999999999999911e-01
1.392999999999999516e-01
9.039999999999998037e-02
1.274999999999999467e-01
1.915999999999999925e-01
1.850000000000000255e-01
1.001000000000000639e-01
9.119999999999996165e-02
1.982999999999999485e-01
1.042000000000000148e-01
6.690000000000004277e-02
1.491999999999999993e-01
2.018999999999999684e-01
1.711999999999999911e-01
9.950000000000001898e-02
8.790000000000001978e-02
1.678000000000000325e-01
1.078000000000000347e-01
8.940000000000002112e-02
1.323000000000000287e-01
5.619999999999997914e-02
1.061999999999999750e-01
1.043000000000000038e-01
8.879999999999999005e-02
1.229000000000000092e-01
1.502999999999999892e-01
1.078999999999999959e-01
1.330000000000000071e-01
2.973999999999999977e-01
2.443999999999999229e-01
7.620000000000003160e-02
4.148000000000000576e-01
4.427999999999999714e-01
2.206999999999999518e-01
7.288999999999998813e-01
5.944000000000000394e-01
8.747000000000000330e-01
6.320999999999999952e-01
3.191000000000000503e-01
1.255000000000000004e-01
1.541999999999999760e-01
1.183000000000000024e-01
1.386999999999999900e-01
1.816999999999999726e-01
1.053000000000000047e-01
4.661999999999999478e-01
2.463999999999999801e-01
1.816000000000000114e-01
1.529999999999999971e-01
1.319000000000000172e-01
2.352999999999999814e-01
1.415000000000000424e-01
7.449999999999998290e-02
1.632000000000000395e-01
2.200000000000000566e-01
8.630000000000001559e-02
1.834999999999999964e-01
2.067000000000000226e-01
1.340000000000000080e-01
1.205999999999999295e-01
1.428999999999999992e-01
1.472000000000000253e-01
4.529999999999995142e-02
1.356999999999999873e-01
1.297999999999999710e-01
1.411999999999999922e-01
1.236999999999999766e-01
1.807000000000000273e-01
1.895999999999999908e-01
5.810000000000000581e-02
1.420999999999999763e-01
4.909999999999997700e-02
6.119999999999996970e-02
1.050000000000000100e-01
3.445000000000000284e-01
5.782999999999998142e-01
6.234000000000000652e-01
1.831999999999999462e-01
1.308000000000000274e-01
1.407999999999999807e-01
1.298999999999999599e-01
1.199999999999999956e-01
2.108000000000000429e-01
4.879999999999999338e-01
6.232999999999999652e-01
2.121999999999999997e-01
7.820000000000000562e-02
1.684999999999999831e-01
1.247000000000000053e-01
1.259000000000000119e-01
6.369999999999999274e-02
9.310000000000001608e-02
1.304000000000000437e-01
1.315000000000000058e-01
1.229999999999999705e-01
1.706999999999999629e-01
1.056900000000000173e+00
5.615999999999999881e-01
2.948999999999999955e-01
