7.040000000000000424e-02
6.030000000000000637e-02
3.930000000000000160e-02
4.320000000000000229e-02
7.159999999999999698e-02
1.355999999999999983e-01
1.120999999999999913e-01
7.330000000000000404e-02
6.809999999999999387e-02
6.259999999999998899e-02
5.459999999999999576e-02
4.261999999999999678e-01
1.256000000000000172e-01
1.909000000000000141e-01
1.895000000000000018e-01
1.018999999999999906e-01
1.149999999999999911e-01
8.560000000000000941e-02
8.289999999999998759e-02
2.207999999999999963e-01
2.132999999999999896e-01
1.105700000000000127e+00
5.909999999999999698e-01
6.611000000000000210e-01
3.343999999999999750e-01
9.920000000000001039e-02
8.309999999999997944e-02
9.789999999999997315e-02
1.000999999999999807e-01
5.484999999999999876e-01
2.827000000000000624e-01
1.473000000000000143e-01
7.409999999999998532e-02
4.930000000000001048e-02
4.270000000000001572e-02
3.729999999999999982e-02
5.900000000000000383e-02
4.939999999999999947e-02
6.229999999999998039e-02
9.589999999999998526e-02
9.110000000000001430e-02
1.054999999999999827e-01
7.330000000000000404e-02
1.018000000000000016e-01
6.729999999999999871e-02
6.900000000000000577e-02
6.620000000000000884e-02
6.430000000000002380e-02
7.960000000000001796e-02
2.596999999999999864e-01
3.316000000000000059e-01
3.661999999999999700e-01
8.239999999999998714e-02
3.082000000000000295e-01
3.204999999999999516e-01
1.066999999999999754e-01
9.009999999999998566e-02
7.499999999999998335e-02
4.429999999999998522e-02
5.680000000000001714e-02
7.911999999999999034e-01
3.150000000000000022e-01
3.597000000000001307e-01
4.738999999999999879e-01
7.840000000000000302e-01
4.415999999999999370e-01
1.381000000000000005e-01
2.121999999999999997e-01
3.091999999999999749e-01
1.146000000000000074e-01
7.710000000000000187e-02
8.820000000000004226e-02
9.320000000000001894e-02
1.043999999999999928e-01
2.370999999999999497e-01
1.626999999999999558e-01
2.105999999999999817e-01
2.629000000000000226e-01
5.027999999999999137e-01
4.121000000000000218e-01
3.079000000000000070e-01
1.204000000000000209e-01
3.310000000000001830e-02
1.400600000000000289e+00
4.682000000000000606e-01
5.778999999999999693e-01
1.116599999999999815e+00
6.119000000000001105e-01
7.023999999999999133e-01
8.790000000000000036e-01
1.599000000000000143e-01
1.467000000000000526e-01
1.514000000000000068e-01
1.443999999999999728e-01
6.235000000000000542e-01
1.350000000000000089e-01
7.699999999999999900e-02
1.647000000000000131e-01
1.414000000000000257e-01
5.890000000000000790e-02
7.220000000000002804e-02
6.050000000000001904e-02
9.289999999999998259e-02
1.034000000000000336e-01
5.179999999999996413e-02
6.844000000000000083e-01
7.590999999999999970e-01
5.360999999999999099e-01
1.421000000000000318e-01
7.849999999999995870e-02
5.479999999999995292e-02
4.830000000000005816e-02
1.086999999999999911e-01
1.227999999999999925e-01
1.835999999999999299e-01
1.027000000000000135e-01
2.796000000000000152e-01
1.001999999999999835e-01
1.542000000000000315e-01
7.849999999999998646e-02
4.740000000000002545e-02
5.840000000000000746e-02
5.610000000000001097e-02
9.269999999999999074e-02
5.750000000000000944e-02
2.399999999999999911e-01
4.314599999999999547e+00
1.348900000000000210e+00
3.115999999999998771e-01
6.359999999999975395e-02
2.674000000000003041e-01
1.684099999999999930e+00
7.800000000000002487e-01
4.986000000000001542e-01
6.281999999999998696e-01
8.153000000000000247e-01
5.602000000000000313e-01
2.041999999999999926e-01
1.397999999999998133e-01
1.706000000000000572e-01
5.811999999999998279e-01
2.347999999999998977e-01
1.446000000000000063e-01
1.059000000000000080e-01
1.308999999999999608e-01
5.320000000000003892e-02
1.070999999999999591e-01
5.910000000000002751e-02
7.049999999999992384e-02
6.909999999999988374e-02
7.310000000000008158e-02
7.620000000000008711e-02
9.310000000000009934e-02
1.129000000000000420e-01
1.609999999999999210e-01
6.520000000000006346e-02
6.689999999999994562e-02
1.433999999999999997e-01
6.939999999999996172e-02
6.749999999999994893e-02
7.520000000000004459e-02
6.410000000000007359e-02
2.650000000000014844e-02
7.450000000000008005e-02
8.179999999999995608e-02
1.040000000000000369e-01
4.363900000000000112e+00
3.422999999999994936e-01
1.271699999999999831e+00
7.426999999999996938e-01
2.879999999999997007e-01
4.827999999999999514e-01
1.868900000000000006e+00
6.540000000000000258e-01
4.072000000000000064e-01
4.871000000000000330e-01
3.364999999999999103e-01
1.745000000000002105e-01
4.388000000000001344e-01
1.034200000000000230e+00
1.027999999999999192e-01
2.733999999999999209e-01
1.336999999999999300e-01
2.138999999999998125e-01
1.877999999999998559e-01
1.997999999999998944e-01
1.006199999999999761e+00
1.130399999999999849e+00
3.190000000000000058e-01
4.721000000000001307e-01
3.100000000000000533e-01
1.955000000000000071e-01
5.522000000000000242e-01
4.704999999999999738e-01
2.939200000000000035e+00
5.447700000000000209e+00
2.133599999999999497e+00
1.247000000000000469e-01
2.020000000000000018e+00
7.150000000000003020e-01
1.307599999999999429e+00
1.021600000000000286e+00
6.318999999999995731e-01
1.792100000000000248e+00
1.649500000000000188e+00
4.245999999999999219e-01
1.554000000000000381e-01
6.890000000000008618e-02
1.009999999999999232e-01
5.499999999999994477e-02
4.210000000000046344e-02
9.919999999999967732e-02
8.329999999999963822e-02
7.890000000000005342e-02
9.389999999999999736e-02
7.349999999999975997e-02
7.799999999999987499e-02
5.959999999999995163e-02
6.979999999999983440e-02
3.555999999999999162e-01
1.230999999999997097e-01
6.870000000000014984e-02
5.393000000000002236e-01
6.187999999999997947e-01
5.940999999999998504e-01
5.573999999999996735e-01
2.363000000000004541e-01
4.858800000000000452e+00
1.517499999999999849e+00
8.783000000000000806e-01
8.087999999999999634e-01
5.131999999999999895e-01
1.727700000000000014e+00
3.223500000000000032e+00
1.002899999999999903e+00
2.313999999999999113e-01
1.761000000000000898e-01
4.420000000000013501e-02
1.107999999999998847e-01
