7.910000000000000364e-02
1.464000000000000024e-01
1.365000000000000102e-01
1.364000000000000212e-01
1.956999999999999851e-01
1.100999999999999895e-01
5.599999999999999423e-02
8.279999999999999860e-02
9.899999999999999079e-02
8.240000000000000102e-02
1.789999999999999925e-01
5.659999999999999060e-02
8.140000000000002789e-02
1.733999999999999986e-01
9.769999999999998130e-02
6.110000000000000153e-02
1.170000000000000207e-01
8.179999999999999771e-02
5.770000000000002210e-02
3.219999999999999946e-02
7.420000000000001594e-02
6.410000000000000420e-02
5.849999999999998951e-02
4.849999999999999450e-02
4.299999999999999656e-02
8.730000000000000260e-02
4.300000000000001044e-02
7.419999999999998819e-02
7.259999999999999787e-02
6.690000000000001501e-02
9.489999999999998437e-02
4.510000000000000814e-02
4.119999999999997969e-02
3.529999999999999805e-02
1.038000000000000173e-01
4.379999999999997784e-02
8.409999999999999420e-02
4.529999999999999305e-02
1.428999999999999715e-01
1.139999999999999902e-01
2.018999999999999684e-01
2.858000000000000540e-01
3.541000000000000258e-01
8.960000000000001297e-02
6.539999999999998592e-02
6.609999999999999210e-02
3.149999999999998634e-02
6.049999999999999822e-02
5.839999999999999358e-02
4.500000000000001221e-02
7.599999999999999811e-02
4.660000000000001641e-02
3.739999999999999575e-02
6.690000000000001501e-02
8.460000000000000853e-02
7.889999999999999791e-02
4.919999999999999374e-02
6.090000000000000274e-02
6.859999999999999432e-02
4.579999999999999349e-02
2.939999999999999905e-02
3.679999999999997162e-02
4.880000000000000310e-02
6.570000000000000839e-02
2.689999999999998642e-02
1.165000000000000063e-01
8.059999999999997722e-02
3.579999999999998461e-02
3.519999999999999518e-02
1.141999999999999960e-01
1.267000000000000348e-01
1.484999999999999931e-01
1.255000000000000004e-01
1.194000000000000061e-01
1.257000000000000062e-01
2.272999999999999743e-01
5.015000000000000568e-01
2.615000000000000102e-01
9.500000000000002887e-02
7.900000000000000078e-02
1.158000000000000002e-01
5.580000000000001625e-02
1.076000000000000290e-01
1.009000000000000036e-01
7.319999999999998730e-02
6.989999999999998992e-02
4.790000000000002589e-02
3.960000000000001019e-02
6.599999999999997535e-02
3.429999999999999022e-02
3.129999999999996674e-02
5.989999999999999492e-02
3.660000000000002834e-02
7.610000000000000098e-02
1.549999999999999989e-01
1.255999999999999894e-01
8.920000000000000151e-02
1.247999999999999943e-01
1.875000000000000000e-01
1.617999999999999994e-01
5.639999999999999181e-02
8.339999999999997415e-02
2.227999999999999980e-01
2.688000000000000389e-01
2.938000000000000056e-01
2.687999999999999834e-01
1.408999999999999975e-01
5.859999999999999931e-02
1.045000000000000095e-01
8.149999999999998912e-02
4.380000000000001947e-02
6.160000000000000892e-02
5.169999999999999596e-02
8.349999999999999090e-02
4.240000000000002101e-02
3.207999999999999741e-01
1.869999999999999996e-01
1.221000000000000141e-01
1.463999999999999746e-01
1.587999999999999967e-01
6.929999999999998661e-02
3.930000000000001548e-02
4.720000000000003360e-02
8.020000000000002127e-02
3.179999999999999494e-02
2.889999999999999861e-02
3.530000000000001192e-02
5.350000000000000588e-02
6.169999999999997708e-02
3.709999999999997328e-02
1.005999999999999672e-01
3.879999999999999422e-02
6.159999999999998116e-02
7.219999999999998641e-02
1.625000000000000056e-01
1.819000000000000339e-01
1.933999999999999886e-01
1.830999999999999850e-01
1.145999999999999935e-01
6.519999999999999407e-02
5.959999999999998632e-02
1.186000000000000387e-01
8.260000000000002063e-02
7.139999999999999125e-02
1.101000000000000173e-01
1.575000000000000011e-01
1.687000000000000166e-01
8.929999999999999050e-02
1.731999999999999929e-01
3.972999999999999865e-01
1.611999999999999544e-01
1.235999999999999877e-01
2.749999999999999667e-02
3.979999999999998817e-02
9.850000000000000422e-02
6.690000000000001501e-02
9.600000000000000200e-02
5.619999999999999996e-02
1.035000000000000087e-01
5.960000000000000020e-02
3.509999999999997844e-02
9.260000000000001563e-02
1.173000000000000015e-01
5.759999999999997761e-02
9.779999999999999805e-02
1.600000000000000033e-01
1.421999999999999931e-01
1.656000000000000250e-01
1.213000000000000189e-01
9.869999999999999607e-02
6.840000000000001634e-02
2.943000000000000616e-01
2.541999999999999815e-01
2.900999999999999690e-01
2.246000000000000218e-01
1.388000000000000067e-01
1.897999999999999965e-01
1.284000000000000141e-01
4.810000000000001080e-02
1.067999999999999783e-01
9.390000000000001124e-02
2.259999999999999509e-02
1.979999999999999469e-02
5.589999999999997055e-02
5.430000000000000104e-02
1.305999999999999939e-01
2.839999999999997735e-02
2.700000000000000178e-01
4.176999999999999602e-01
4.511999999999999900e-01
1.335999999999999688e-01
1.362999999999999767e-01
1.775000000000000189e-01
9.430000000000002269e-02
7.419999999999998819e-02
5.510000000000000314e-02
6.850000000000003308e-02
5.220000000000000334e-02
6.490000000000001323e-02
1.363000000000000045e-01
7.720000000000000473e-02
3.649999999999999772e-02
8.379999999999998561e-02
1.237000000000000044e-01
2.683999999999999719e-01
1.541999999999999482e-01
7.819999999999996398e-02
7.010000000000002340e-02
8.370000000000002438e-02
8.260000000000003451e-02
1.242000000000000048e-01
6.299999999999998657e-02
6.759999999999999343e-02
7.100000000000002143e-02
8.260000000000000675e-02
1.257000000000000339e-01
5.270000000000001072e-02
3.640000000000001568e-02
2.479999999999996790e-02
6.739999999999998770e-02
7.339999999999999303e-02
5.260000000000002174e-02
4.039999999999999147e-02
5.249999999999996336e-02
6.190000000000001057e-02
6.239999999999998326e-02
2.099999999999999784e-02
7.239999999999999214e-02
5.240000000000001601e-02
7.680000000000002103e-02
2.200000000000003689e-02
8.880000000000000393e-02
9.290000000000001035e-02
6.819999999999999674e-02
1.012999999999999734e-01
1.556999999999999773e-01
1.852000000000000035e-01
1.688999999999999946e-01
1.723000000000000087e-01
