5.798000000000000931e-01
6.273999999999999577e-01
5.117000000000000437e-01
5.463000000000000078e-01
5.443999999999999950e-01
5.893000000000000460e-01
4.577999999999999847e-01
3.851999999999999869e-01
3.800000000000000044e-01
3.236999999999999877e-01
6.152999999999999581e-01
5.499000000000000554e-01
3.401999999999999469e-01
3.045999999999999819e-01
2.812999999999999945e-01
2.009000000000000230e-01
2.559000000000000163e-01
3.332000000000000517e-01
3.473999999999999866e-01
2.999999999999999889e-01
4.942999999999999616e-01
3.966000000000000081e-01
1.984000000000000208e-01
3.363000000000000433e-01
4.986999999999999766e-01
4.419000000000000150e-01
3.575000000000000400e-01
1.803000000000000158e-01
3.447000000000000064e-01
3.976000000000000090e-01
4.004999999999999671e-01
3.115999999999999881e-01
3.227000000000000424e-01
1.554999999999999993e-01
8.649999999999997968e-02
1.784999999999999920e-01
2.384999999999999898e-01
1.832000000000000017e-01
2.794999999999999707e-01
2.929999999999999827e-01
1.791999999999999704e-01
4.307000000000000273e-01
2.867000000000000104e-01
1.997999999999999776e-01
3.034999999999999920e-01
2.019000000000000239e-01
2.114000000000000323e-01
3.034000000000000030e-01
2.674999999999999600e-01
4.700999999999999623e-01
5.171999999999999931e-01
3.578000000000000069e-01
3.303000000000000380e-01
4.744000000000000439e-01
5.446999999999999620e-01
3.131999999999999784e-01
1.549999999999999711e-01
1.570999999999999897e-01
1.140999999999999931e-01
2.402999999999999858e-01
2.915999999999999703e-01
4.025999999999999579e-01
3.656999999999999695e-01
3.820000000000000062e-01
3.215000000000000080e-01
3.110999999999999321e-01
2.395999999999999797e-01
1.779999999999999916e-01
2.303000000000000047e-01
2.675999999999999490e-01
4.776999999999999025e-01
5.226999999999999424e-01
1.034399999999999986e+00
2.701000000000000068e-01
1.374399999999999844e+00
1.176700000000000079e+00
4.928999999999999493e-01
3.810999999999999943e-01
1.869000000000000383e-01
3.722999999999999643e-01
2.926999999999999602e-01
5.113000000000000878e-01
4.694000000000000394e-01
1.529999999999999694e-01
3.772999999999999687e-01
9.790000000000000091e-02
4.177999999999999492e-01
3.306000000000000050e-01
2.419000000000000317e-01
1.581999999999999795e-01
4.174999999999999822e-01
4.734999999999999765e-01
4.564999999999999059e-01
2.525999999999999912e-01
1.992000000000000159e-01
1.357000000000000428e-01
2.985999999999999766e-01
3.084999999999999964e-01
2.902000000000000135e-01
2.076999999999999402e-01
1.811000000000000387e-01
2.785999999999999588e-01
1.722999999999999809e-01
1.048999999999999794e-01
2.651000000000000023e-01
1.712000000000000188e-01
1.808000000000000163e-01
2.761000000000000121e-01
1.838000000000000189e-01
2.817999999999999949e-01
4.077000000000000068e-01
3.610999999999999766e-01
4.956999999999999740e-01
4.018999999999999795e-01
3.519999999999999796e-01
4.466999999999999860e-01
4.331000000000000405e-01
2.605000000000000648e-01
1.700000000000000122e-01
2.575000000000000622e-01
2.771000000000000130e-01
3.964000000000000301e-01
4.419000000000000705e-01
4.167000000000000703e-01
2.026999999999999913e-01
1.723999999999999699e-01
3.296999999999999931e-01
2.557999999999999718e-01
1.331000000000000516e-01
2.521999999999999797e-01
3.114999999999999991e-01
1.115999999999999770e-01
2.333999999999999964e-01
3.556000000000000272e-01
3.160999999999999921e-01
1.931000000000000771e-01
7.699999999999998512e-02
2.391000000000000625e-01
2.135000000000000231e-01
1.387000000000000177e-01
1.052000000000000435e-01
1.864999999999999714e-01
1.302000000000000102e-01
1.833000000000000185e-01
2.914999999999999813e-01
3.477999999999999980e-01
2.778000000000000469e-01
2.281999999999999862e-01
1.809000000000000330e-01
1.264999999999999736e-01
2.271999999999999575e-01
3.001000000000000334e-01
3.265000000000000124e-01
4.069000000000000394e-01
3.964000000000000301e-01
2.764999999999999680e-01
2.346000000000000307e-01
1.514000000000000346e-01
3.191000000000000503e-01
4.006000000000000116e-01
2.711999999999999966e-01
7.056999999999999940e-01
7.481999999999999762e-01
5.377999999999999448e-01
5.453999999999998849e-01
2.895999999999999686e-01
2.805000000000000271e-01
1.803000000000000158e-01
1.163999999999999480e-01
1.788000000000000977e-01
1.675999999999999712e-01
2.162000000000000310e-01
4.186000000000000831e-01
4.727000000000000646e-01
3.640999999999999792e-01
2.134999999999999676e-01
2.530999999999999917e-01
1.373999999999999666e-01
3.017000000000000792e-01
5.008000000000000229e-01
4.327999999999999625e-01
3.135000000000000009e-01
1.515000000000000235e-01
2.793999999999999817e-01
3.348999999999999755e-01
2.875999999999999668e-01
1.028000000000000025e-01
2.938999999999999946e-01
2.335000000000000131e-01
2.542999999999999705e-01
5.211999999999999966e-01
5.821000000000000618e-01
4.409000000000000696e-01
2.822999999999999954e-01
2.111999999999999433e-01
2.056999999999999662e-01
1.674999999999999822e-01
2.105999999999999539e-01
3.494999999999999774e-01
3.973999999999999755e-01
4.232000000000000206e-01
3.644000000000000572e-01
2.170999999999999597e-01
1.950000000000000067e-01
1.508999999999999786e-01
1.562000000000000610e-01
3.378999999999999782e-01
3.166999999999999815e-01
6.045000000000000373e-01
2.440000000000000224e-01
1.598000000000000531e-01
2.064999999999999614e-01
2.269000000000000183e-01
2.195000000000000007e-01
1.602000000000000091e-01
3.726000000000000423e-01
4.452999999999999736e-01
4.113999999999999879e-01
2.253999999999999893e-01
1.140999999999999931e-01
1.456999999999999684e-01
3.544000000000000483e-01
3.424000000000000377e-01
3.447999999999999954e-01
7.957999999999999519e-01
4.248999999999999444e-01
4.959000000000000075e-01
1.589199999999999946e+00
1.331900000000000084e+00
5.591999999999999194e-01
4.334999999999999964e-01
1.496999999999999720e-01
2.217999999999999694e-01
2.041000000000000036e-01
9.039999999999992486e-02
1.511000000000000121e-01
3.514999999999999236e-01
2.084999999999999631e-01
1.360999999999999988e-01
