3.540999999999999703e-01
3.030999999999999805e-01
2.938000000000000056e-01
1.920000000000000040e-01
3.160000000000000586e-01
4.269000000000000017e-01
3.089999999999999414e-01
9.559999999999999054e-02
3.320000000000003504e-02
4.469999999999998974e-02
2.007999999999999785e-01
2.360999999999999766e-01
1.433000000000000107e-01
9.670000000000000817e-02
1.653000000000000025e-01
1.376000000000000001e-01
1.522000000000000020e-01
1.733000000000000096e-01
1.745999999999999774e-01
2.042999999999999816e-01
3.390000000000000235e-01
2.540999999999999925e-01
1.839999999999999969e-01
1.244000000000000106e-01
5.639999999999997793e-02
8.510000000000002285e-02
1.122000000000000219e-01
1.431000000000000050e-01
1.416000000000000036e-01
1.227999999999999925e-01
7.139999999999999125e-02
1.177999999999999881e-01
4.759999999999999648e-02
1.891999999999999793e-01
1.240999999999999881e-01
8.719999999999997198e-02
8.299999999999997657e-02
1.271999999999999797e-01
8.720000000000002749e-02
5.480000000000004312e-02
1.281000000000000472e-01
1.633000000000000562e-01
8.630000000000002947e-02
1.307000000000000106e-01
1.557000000000000051e-01
1.321999999999999842e-01
1.221000000000000141e-01
8.180000000000001159e-02
1.117000000000000076e-01
1.123999999999999860e-01
1.267999999999999960e-01
6.400000000000000133e-02
1.232999999999999929e-01
7.279999999999996196e-02
7.849999999999998646e-02
2.558000000000000274e-01
2.550000000000000044e-01
1.636999999999999567e-01
1.227000000000000035e-01
2.504000000000000670e-01
1.891000000000000458e-01
1.542999999999999927e-01
1.510999999999999566e-01
1.165000000000000618e-01
8.369999999999999662e-02
6.539999999999998592e-02
1.709000000000000241e-01
2.086000000000000354e-01
4.392000000000000348e-01
3.875999999999999446e-01
3.794999999999999485e-01
3.696000000000000396e-01
3.045000000000000484e-01
2.901000000000000245e-01
1.265999999999999903e-01
9.829999999999998461e-02
1.383000000000000063e-01
1.282000000000000084e-01
4.329999999999999127e-02
2.299999999999998573e-02
2.420000000000001317e-02
2.394000000000000017e-01
3.146999999999999797e-01
1.803000000000000158e-01
1.863999999999999824e-01
2.074999999999999900e-01
2.254999999999999782e-01
9.560000000000004605e-02
1.431999999999999940e-01
1.099000000000000254e-01
3.590000000000001523e-02
3.599999999999999034e-02
6.240000000000001101e-02
1.123000000000000387e-01
2.696999999999999953e-01
3.600999999999999757e-01
3.761999999999999789e-01
3.963999999999999746e-01
3.383000000000000451e-01
3.329999999999999627e-01
1.467000000000000248e-01
1.544000000000000650e-01
2.040999999999999481e-01
4.185999999999999721e-01
2.910999999999999144e-01
1.976999999999999591e-01
8.540000000000003144e-02
2.455000000000000238e-01
3.691999999999999726e-01
1.586999999999999800e-01
8.470000000000005302e-02
2.186000000000000165e-01
1.193999999999999784e-01
1.157999999999999863e-01
6.390000000000001235e-02
1.668000000000000038e-01
3.797000000000000375e-01
5.786000000000001142e-01
4.967000000000000304e-01
2.452000000000000013e-01
2.614000000000000212e-01
4.006999999999999451e-01
3.751000000000000445e-01
1.708000000000000074e-01
6.420000000000003482e-02
1.222000000000000031e-01
1.135000000000000175e-01
9.919999999999999651e-02
2.007999999999999508e-01
2.932000000000000162e-01
3.065999999999999837e-01
1.928000000000000547e-01
5.960000000000002796e-02
1.019000000000000322e-01
1.871000000000000441e-01
5.110000000000000653e-02
2.631000000000000005e-01
2.522999999999999687e-01
2.614999999999999547e-01
3.268999999999999684e-01
1.549999999999999989e-01
2.960999999999999743e-01
2.933000000000000052e-01
2.943000000000000060e-01
5.872999999999999332e-01
4.145999999999999686e-01
4.002999999999999892e-01
5.063999999999999613e-01
5.482000000000000206e-01
3.069999999999999951e-01
1.987999999999999767e-01
2.917000000000000148e-01
1.693999999999999950e-01
3.075999999999999845e-01
2.185999999999999610e-01
1.142999999999999711e-01
6.520000000000004958e-02
1.724000000000000532e-01
2.199999999999999734e-01
7.379999999999997673e-02
2.500999999999999890e-01
2.751000000000000667e-01
4.514000000000000234e-01
6.595999999999999641e-01
2.649999999999999578e-01
2.521999999999999797e-01
3.790000000000000036e-01
5.855000000000000204e-01
4.139000000000000457e-01
5.832999999999999297e-01
5.086999999999999300e-01
1.089999999999999303e-01
4.214999999999999858e-01
5.887999999999999901e-01
4.630000000000004251e-02
7.359999999999997100e-02
1.435999999999999499e-01
3.840999999999999415e-01
3.284000000000000252e-01
8.320000000000003781e-02
2.883000000000000007e-01
1.643999999999999628e-01
3.433000000000000496e-01
4.898000000000000131e-01
6.052000000000000712e-01
2.514000000000000123e-01
3.440999999999999615e-01
1.606000000000000205e-01
2.233000000000000540e-01
3.035000000000000475e-01
2.205000000000000293e-01
2.079000000000000015e-01
4.151999999999999580e-01
2.263000000000000012e-01
2.096000000000000085e-01
3.691999999999999726e-01
1.060999999999999999e-01
1.928000000000000269e-01
8.369999999999994111e-02
2.587999999999999190e-01
1.422000000000000208e-01
4.193000000000000060e-01
2.268000000000000294e-01
4.070000000000003476e-02
2.224000000000000143e-01
7.434000000000000608e-01
1.035300000000000109e+00
6.118000000000000105e-01
3.583999999999999964e-01
5.008000000000000229e-01
1.895999999999999630e-01
2.811000000000000165e-01
2.643000000000000349e-01
4.884000000000000563e-01
5.768999999999999684e-01
4.874000000000000554e-01
3.978000000000000425e-01
7.689999999999996838e-02
3.770000000000000018e-01
4.330999999999999850e-01
7.429999999999999105e-02
4.303999999999998938e-01
3.894999999999999574e-01
3.450000000000005840e-02
1.292000000000000370e-01
2.842999999999999972e-01
4.418999999999999595e-01
4.204999999999999849e-01
2.376999999999999669e-01
1.988000000000000322e-01
4.404000000000000137e-01
6.474000000000000865e-01
8.728000000000000203e-01
6.094999999999999307e-01
1.662000000000000144e-01
3.636999999999999122e-01
6.156000000000000361e-01
4.852000000000000757e-01
4.576999999999999957e-01
