2.701000000000000068e-01
4.515000000000000124e-01
2.566999999999999837e-01
7.698000000000000398e-01
1.901999999999999802e-01
4.973999999999999533e-01
1.616000000000000214e-01
2.324999999999999845e-01
3.513000000000000012e-01
3.549999999999999822e-01
1.704999999999999849e-01
1.325999999999999956e-01
3.006999999999999673e-01
3.305000000000000160e-01
3.988000000000000433e-01
3.322000000000000508e-01
1.772999999999999576e-01
2.433999999999999775e-01
1.897000000000000075e-01
1.502000000000000002e-01
4.448999999999999622e-01
6.010999999999999677e-01
3.740000000000000546e-01
5.020000000000000018e-01
1.462999999999999856e-01
4.460000000000000631e-01
2.629000000000000226e-01
3.245999999999999996e-01
4.087999999999999967e-01
2.282000000000000139e-01
1.216999999999999749e-01
2.233999999999999875e-01
3.785999999999999921e-01
3.497999999999999998e-01
1.688999999999999946e-01
8.809999999999998388e-02
1.134000000000000008e-01
3.424000000000000377e-01
2.191000000000000170e-01
2.252999999999999725e-01
2.345999999999999752e-01
2.340999999999999748e-01
2.231000000000000205e-01
2.249999999999999778e-01
2.286000000000000254e-01
3.525000000000000355e-01
1.345999999999999974e-01
6.788999999999999480e-01
4.157999999999999474e-01
1.178000000000000019e-01
2.305000000000000104e-01
3.384999999999999121e-01
5.978999999999999870e-01
2.319999999999999840e-01
4.205000000000000404e-01
5.474999999999998757e-01
5.040999999999999925e-01
2.799000000000000377e-01
1.190000000000000224e-01
2.240999999999999381e-01
3.334000000000000297e-01
4.630999999999999561e-01
5.119000000000000217e-01
4.161000000000000254e-01
1.681999999999999607e-01
3.110999999999999321e-01
4.825999999999999179e-01
3.363999999999999213e-01
4.479999999999999538e-01
1.824999999999999956e-01
7.155000000000000249e-01
7.740000000000000213e-01
5.614999999999999991e-01
5.883000000000000451e-01
4.395000000000000018e-01
3.950000000000000178e-01
6.198999999999998956e-01
1.631000000000000505e-01
4.722000000000000641e-01
3.177999999999999714e-01
2.208000000000000518e-01
1.803999999999999493e-01
4.929000000000000048e-01
4.280000000000000471e-01
1.106999999999999929e-01
3.335000000000000187e-01
2.803999999999999826e-01
2.076999999999999957e-01
3.350000000000007139e-02
1.861000000000001542e-01
2.061000000000000332e-01
1.827000000000000290e-01
2.101999999999999702e-01
2.326000000000000290e-01
2.544999999999999485e-01
5.257999999999999341e-01
6.115000000000000435e-01
5.366000000000000769e-01
3.060999999999999832e-01
1.028599999999999959e+00
2.318000000000000060e-01
3.592000000000000193e-01
1.565000000000000280e-01
2.874000000000000443e-01
1.757999999999999563e-01
1.317999999999999727e-01
2.925000000000000377e-01
3.180000000000000049e-01
8.510000000000006448e-02
4.226999999999999091e-01
4.409000000000000696e-01
2.960000000000000409e-01
2.569000000000000727e-01
4.080000000000000293e-01
3.345000000000000195e-01
3.040999999999999814e-01
2.517999999999999683e-01
2.483000000000001040e-01
3.319999999999999618e-01
4.221000000000000307e-01
3.611000000000000876e-01
1.525000000000000522e-01
5.078000000000000291e-01
3.050999999999999823e-01
7.288999999999998813e-01
7.942000000000000171e-01
6.276999999999999247e-01
4.119999999999999774e-01
1.560000000000000553e-01
1.691000000000000281e-01
2.863000000000000544e-01
4.449000000000000732e-01
4.297999999999999599e-01
4.091000000000000192e-01
3.452000000000000624e-01
1.719999999999999862e-01
1.749999999999999334e-01
1.062999999999999778e-01
2.632999999999999230e-01
4.841999999999999638e-01
3.876000000000000556e-01
2.958999999999999964e-01
8.939999999999995173e-02
3.246999999999999886e-01
8.747999999999999110e-01
7.290000000000000924e-01
4.187000000000000166e-01
3.287999999999999812e-01
1.211000000000000271e-01
1.607999999999999985e-01
3.942999999999999838e-01
6.103000000000000647e-01
4.027999999999999359e-01
2.680999999999999495e-01
3.637999999999999567e-01
4.889000000000000012e-01
4.286000000000000365e-01
5.385999999999998566e-01
1.785000000000000475e-01
2.181999999999999218e-01
3.986000000000000654e-01
4.117999999999999439e-01
1.898999999999999577e-01
6.678999999999999382e-01
5.841000000000000636e-01
6.482999999999999874e-01
8.248999999999999666e-01
4.813000000000000611e-01
2.822000000000000064e-01
2.139000000000000068e-01
1.637999999999999456e-01
4.234999999999999321e-01
3.145000000000000018e-01
2.176999999999999214e-01
3.704999999999999960e-01
3.673000000000000709e-01
4.186000000000000831e-01
2.494000000000001771e-01
5.715000000000001190e-01
3.356999999999999984e-01
3.155999999999999917e-01
2.479999999999999982e-01
2.935999999999999721e-01
3.115999999999999881e-01
3.191999999999999837e-01
3.451000000000001289e-01
2.038999999999998869e-01
4.412999999999999146e-01
5.577000000000000846e-01
6.062000000000000721e-01
3.837999999999999190e-01
5.207000000000001627e-01
2.245000000000000329e-01
5.423999999999999932e-01
5.674999999999998934e-01
2.780000000000000804e-01
5.403999999999999915e-01
2.283000000000001417e-01
1.995000000000000939e-01
3.353999999999999204e-01
6.935000000000000053e-01
1.073699999999999877e+00
1.064100000000000046e+00
8.237000000000000988e-01
1.185300000000000020e+00
7.776999999999999469e-01
3.463000000000000522e-01
2.956999999999999629e-01
6.036999999999999034e-01
5.314000000000000945e-01
2.529999999999998916e-01
2.164000000000001478e-01
5.725999999999998868e-01
6.183000000000000718e-01
1.996999999999999609e-01
5.900000000000000799e-01
3.407999999999999918e-01
1.580699999999999994e+00
6.339999999999997859e-01
4.012999999999999901e-01
4.870999999999999774e-01
5.226000000000000645e-01
6.188000000000000167e-01
3.463000000000001077e-01
9.323999999999998956e-01
3.506000000000000227e-01
4.850000000000000977e-01
1.473000000000000420e-01
4.347000000000000863e-01
1.963999999999999635e-01
1.469000000000000861e-01
6.310000000000001719e-02
2.041000000000000592e-01
2.119999999999999940e-01
2.452999999999999903e-01
2.601000000000001644e-01
4.236000000000000876e-01
3.341000000000000636e-01
4.037999999999999368e-01
