1.854000000000000092e-01
1.274000000000000132e-01
2.041999999999999926e-01
1.378999999999999948e-01
1.658000000000000029e-01
1.624000000000000166e-01
2.134000000000000064e-01
1.751999999999999946e-01
1.875999999999999890e-01
2.113999999999999768e-01
1.903000000000000247e-01
1.640999999999999681e-01
1.350999999999999979e-01
1.675999999999999712e-01
2.239000000000000434e-01
2.323000000000000065e-01
2.132999999999999896e-01
2.336999999999999633e-01
2.056999999999999940e-01
2.737999999999999878e-01
2.471999999999999753e-01
2.387000000000000233e-01
2.855000000000000315e-01
2.784999999999999698e-01
2.041000000000000036e-01
1.564000000000000112e-01
1.546000000000000152e-01
1.544000000000000372e-01
1.768000000000000127e-01
1.481999999999999984e-01
1.250999999999999890e-01
1.122999999999999832e-01
1.297000000000000097e-01
1.769000000000000017e-01
1.335000000000000075e-01
8.979999999999999094e-02
9.829999999999999849e-02
1.001999999999999974e-01
8.469999999999998364e-02
8.990000000000000768e-02
1.511000000000000121e-01
1.778000000000000136e-01
2.011999999999999900e-01
1.591000000000000192e-01
1.465000000000000191e-01
1.403999999999999693e-01
1.925000000000000044e-01
1.812000000000000000e-01
1.544999999999999984e-01
1.600999999999999923e-01
7.250000000000000888e-02
8.640000000000000457e-02
1.209999999999999964e-01
1.049999999999999822e-01
1.189999999999999808e-01
8.959999999999998521e-02
7.280000000000000360e-02
1.199999999999999956e-01
1.285999999999999921e-01
1.227000000000000174e-01
1.313000000000000278e-01
6.270000000000001961e-02
1.418999999999999984e-01
2.620999999999999996e-01
1.577000000000000068e-01
1.790999999999999814e-01
1.761999999999999955e-01
1.633000000000000007e-01
2.613999999999999657e-01
1.614999999999999769e-01
1.543999999999999817e-01
1.009000000000000175e-01
1.309000000000000163e-01
1.694999999999999840e-01
2.090000000000000191e-01
2.467000000000000304e-01
2.328000000000000069e-01
1.744999999999999885e-01
2.191000000000000170e-01
1.968999999999999917e-01
1.567999999999999949e-01
1.287000000000000088e-01
7.040000000000001812e-02
7.419999999999998819e-02
1.348999999999999921e-01
2.641999999999999904e-01
2.430000000000000215e-01
2.910000000000000364e-01
2.767000000000000015e-01
2.117999999999999883e-01
2.177000000000000046e-01
2.956000000000000294e-01
2.434000000000000052e-01
2.083999999999999742e-01
2.420999999999999819e-01
1.905000000000000027e-01
1.417999999999999816e-01
1.502000000000000002e-01
1.092999999999999944e-01
1.020999999999999824e-01
2.693999999999999728e-01
2.823999999999999844e-01
1.922999999999999987e-01
2.217999999999999972e-01
2.348000000000000087e-01
2.294999999999999818e-01
1.915000000000000036e-01
1.643000000000000016e-01
9.829999999999999849e-02
9.380000000000000837e-02
1.628000000000000003e-01
9.270000000000000462e-02
1.401000000000000023e-01
8.279999999999999860e-02
1.442999999999999838e-01
1.944000000000000172e-01
1.922000000000000375e-01
2.293999999999999651e-01
2.166000000000000147e-01
1.950999999999999956e-01
1.819000000000000061e-01
1.214000000000000079e-01
1.484999999999999931e-01
2.162999999999999923e-01
1.895000000000000018e-01
2.002999999999999781e-01
1.946999999999999842e-01
1.458000000000000407e-01
1.086000000000000021e-01
1.319000000000000172e-01
6.900000000000000577e-02
1.754000000000000004e-01
2.713999999999999746e-01
2.297000000000000153e-01
2.283000000000000029e-01
1.828000000000000180e-01
1.123000000000000109e-01
9.240000000000000990e-02
1.378999999999999670e-01
1.732999999999999818e-01
1.863999999999999824e-01
1.769000000000000017e-01
1.839999999999999969e-01
1.741999999999999937e-01
1.553999999999999826e-01
1.321999999999999842e-01
9.870000000000002383e-02
1.759999999999999898e-01
3.405000000000000249e-01
2.542999999999999705e-01
2.282000000000000139e-01
1.938000000000000000e-01
4.526760000000000161e+01
2.766799999999999038e+00
2.322999999999981746e-01
2.107000000000014417e-01
1.584999999999996412e-01
1.120000000000023199e-01
6.979489999999999839e+01
9.612319999999999709e+01
8.065200000000000102e+01
2.317999999999997285e-01
2.325999999999986412e-01
1.509999999999983578e-01
1.326000000000023271e-01
1.296000000000026575e-01
8.820000000000099982e-02
5.776480000000000814e+01
4.750000000000027117e-02
2.352000000000002700e-01
1.951999999999992075e-01
1.583999999999992636e-01
9.770000000000046703e-02
9.420000000000244844e-02
1.680000000000029803e-01
1.084999999999990139e-01
1.338000000000023615e-01
9.830000000000038707e-02
1.883000000000012997e-01
2.511000000000004895e-01
2.226000000000009638e-01
2.341999999999991589e-01
2.430999999999995942e-01
1.976000000000005530e-01
1.831000000000017891e-01
1.208000000000033491e-01
1.976999999999999591e-01
2.593999999999980766e-01
2.060999999999990340e-01
2.246999999999997333e-01
2.218999999999987649e-01
3.019999999999978813e-01
2.212999999999984702e-01
1.402000000000003521e-01
1.956000000000009953e-01
1.591999999999977877e-01
1.797999999999979059e-01
1.472000000000005526e-01
2.146000000000008456e-01
1.739000000000009150e-01
1.977999999999976166e-01
2.115000000000024083e-01
1.974000000000013522e-01
1.615999999999994940e-01
1.366999999999979898e-01
1.710999999999981980e-01
2.249999999999980349e-01
2.599999999999994538e-01
2.489999999999999991e-01
2.395999999999992025e-01
2.071000000000001173e-01
2.728000000000002645e-01
2.430999999999998717e-01
2.538000000000018574e-01
2.846000000000009078e-01
2.959999999999999298e-01
2.021000000000020835e-01
1.650000000000003686e-01
1.604000000000005144e-01
1.541000000000029846e-01
1.900999999999993251e-01
1.446999999999989406e-01
1.291999999999988158e-01
1.070999999999987795e-01
1.206000000000009842e-01
1.654000000000002968e-01
1.311999999999997890e-01
9.750000000000033640e-02
9.499999999999964029e-02
1.165000000000006586e-01
8.869999999999805818e-02
9.510000000000122522e-02
1.564000000000011215e-01
1.861999999999993383e-01
2.100999999999983714e-01
1.574000000000005395e-01
1.567000000000000892e-01
1.269000000000041206e-01
1.843000000000035166e-01
