5.408999999999999364e-01
3.130000000000000004e-01
2.142000000000000015e-01
5.153000000000000913e-01
5.319000000000000394e-01
3.318999999999999728e-01
2.772999999999999909e-01
5.148999999999999133e-01
3.979000000000000314e-01
1.362000000000000155e-01
4.517999999999999794e-01
5.772999999999999243e-01
4.676000000000000156e-01
1.008999999999999619e-01
4.750999999999999668e-01
6.239000000000000101e-01
1.874000000000000110e-01
5.423000000000000043e-01
4.998000000000000220e-01
1.275999999999999912e-01
1.799000000000000044e-01
4.173000000000000043e-01
6.008999999999999897e-01
4.935999999999999832e-01
1.244999999999999857e-01
3.674000000000000599e-01
5.362000000000000099e-01
2.998999999999999999e-01
2.752999999999999892e-01
5.400000000000000355e-01
3.970000000000000195e-01
2.035999999999999754e-01
6.754999999999999893e-01
6.471000000000000085e-01
3.395000000000000240e-01
2.555999999999999939e-01
4.912000000000000810e-01
6.017000000000001236e-01
2.792999999999999927e-01
2.165999999999999870e-01
5.565999999999999837e-01
3.859999999999999543e-01
1.853000000000000480e-01
5.851000000000000645e-01
6.449000000000000288e-01
2.863999999999999879e-01
1.808000000000000163e-01
1.006999999999999840e-01
2.266999999999999849e-01
3.064999999999999947e-01
2.474000000000000088e-01
2.133999999999999786e-01
1.174000000000000321e-01
2.429000000000000326e-01
3.179000000000000159e-01
2.519000000000000128e-01
1.884000000000000674e-01
1.616999999999999549e-01
2.882000000000000117e-01
3.682999999999999607e-01
4.846999999999999642e-01
4.657999999999999918e-01
3.878000000000000891e-01
1.441999999999999726e+00
6.896999999999999797e-01
2.427999999999999881e-01
4.255000000000000449e-01
5.445000000000002061e-01
6.136000000000001453e-01
5.366000000000000769e-01
3.092000000000001414e-01
2.998999999999999444e-01
6.674999999999999822e-01
6.166000000000000369e-01
2.898000000000000576e-01
1.729000000000000536e-01
3.946000000000000063e-01
5.408000000000001695e-01
6.794999999999999929e-01
3.002000000000000779e-01
4.315999999999999837e-01
6.175000000000001599e-01
3.794999999999999485e-01
3.743000000000000771e-01
6.867999999999998550e-01
3.273999999999999133e-01
2.750000000000000222e-01
5.875000000000000222e-01
3.457000000000000073e-01
1.685000000000000386e-01
6.646999999999999575e-01
4.867000000000001325e-01
1.828000000000000735e-01
1.187999999999998918e-01
2.127000000000000557e-01
1.823000000000000176e-01
2.083999999999999742e-01
1.531000000000000139e-01
1.667000000000000703e-01
2.042000000000000759e-01
1.922999999999999987e-01
2.733999999999999209e-01
2.097000000000000530e-01
1.732999999999999541e-01
2.529000000000000137e-01
1.856999999999999762e-01
8.269999999999996798e-02
3.446999999999999509e-01
3.625000000000001554e-01
2.597999999999999754e-01
1.819999999999999396e-01
1.490000000000001046e-01
1.752999999999999836e-01
2.412000000000000532e-01
3.129000000000000670e-01
2.994000000000001105e-01
2.463999999999999246e-01
1.825999999999999013e-01
2.497000000000000053e-01
2.566999999999998172e-01
2.210999999999998522e-01
1.655999999999999694e-01
3.478999999999998205e-01
4.404999999999998916e-01
3.336000000000000076e-01
2.414000000000000590e-01
1.273999999999999577e-01
1.859999999999999432e-01
2.141999999999999738e-01
1.615000000000000047e-01
2.234000000000000707e-01
3.242000000000000992e-01
2.136999999999999456e-01
2.226000000000000201e-01
2.944999999999999840e-01
4.091000000000000192e-01
3.314000000000000279e-01
2.154000000000000359e-01
1.644000000000000183e-01
2.865999999999999659e-01
3.294000000000000261e-01
2.896000000000000796e-01
2.895999999999999130e-01
1.639299999999999979e+00
1.042000000000000037e+00
1.802999999999999881e-01
2.863999999999999879e-01
2.079000000000000292e-01
4.653000000000000469e-01
4.635999999999999011e-01
5.392000000000000126e-01
5.363999999999999879e-01
5.712000000000000410e-01
5.360000000000000320e-01
4.072999999999999954e-01
3.635000000000000453e-01
3.737000000000000322e-01
3.719000000000000083e-01
4.536999999999998812e-01
4.518999999999999684e-01
3.048000000000000709e-01
3.054999999999999938e-01
2.872999999999998888e-01
1.185999999999999971e-01
1.603000000000000813e-01
1.354999999999999816e-01
9.020000000000001628e-02
1.086000000000000160e-01
1.925999999999999379e-01
3.133999999999999009e-01
3.121999999999999775e-01
2.101999999999999980e-01
1.570999999999999619e-01
4.369999999999999996e-01
3.634999999999999343e-01
2.721999999999999975e-01
2.783000000000001029e-01
1.835000000000001075e-01
1.900999999999999357e-01
3.177999999999999159e-01
5.301000000000000156e-01
6.385000000000000675e-01
2.934999999999999276e-01
3.355000000000001315e-01
4.508999999999999675e-01
3.985999999999999543e-01
3.181000000000000494e-01
3.594999999999999307e-01
2.344999999999999585e-01
2.662999999999998701e-01
2.755000000000000782e-01
1.142000000000000098e-01
1.739000000000000545e-01
2.480000000000000260e-01
3.898000000000000353e-01
3.644999999999999907e-01
3.033000000000000140e-01
1.810000000000000497e-01
1.418000000000001204e-01
1.230999999999999733e-01
2.343000000000001193e-01
2.902000000000000135e-01
3.948999999999999178e-01
3.364999999999999103e-01
3.309999999999999609e-01
3.989000000000000323e-01
5.584999999999999964e-01
9.233999999999999986e-01
7.220999999999999641e-01
1.040999999999999148e-01
1.236000000000000154e-01
3.064000000000000057e-01
4.159000000000001029e-01
3.359000000000000874e-01
2.706999999999999407e-01
1.878999999999999559e-01
1.941999999999999837e-01
4.469000000000000750e-01
2.711999999999999966e-01
2.262000000000000954e-01
1.681999999999999607e-01
2.845999999999999086e-01
3.211000000000000520e-01
3.564000000000000501e-01
2.567999999999999172e-01
1.405000000000000138e-01
1.198000000000000176e-01
1.692000000000000448e-01
3.325999999999998957e-01
3.076999999999999735e-01
2.422000000000000819e-01
1.323000000000000287e-01
3.667999999999999594e-01
3.529999999999999805e-01
2.761999999999998900e-01
3.454999999999999738e-01
2.648000000000000353e-01
1.484999999999999654e-01
3.069999999999999396e-01
