9.789999999999998703e-02
4.290000000000000063e-02
8.589999999999999025e-02
9.299999999999999933e-02
3.390000000000000652e-02
7.309999999999999831e-02
1.093999999999999972e-01
4.889999999999998515e-02
4.379999999999999172e-02
8.659999999999999643e-02
9.739999999999998659e-02
1.015999999999999959e-01
1.498999999999999777e-01
1.096999999999999920e-01
1.887000000000000066e-01
4.795999999999999708e-01
3.761999999999999789e-01
2.969000000000000528e-01
7.710000000000000187e-02
2.540999999999999925e-01
2.287999999999999756e-01
2.222999999999999976e-01
1.547999999999999932e-01
1.919000000000000150e-01
1.432999999999999829e-01
4.029999999999998861e-02
4.170000000000000789e-02
8.420000000000001095e-02
8.750000000000000833e-02
7.289999999999999258e-02
4.619999999999999107e-02
9.090000000000000857e-02
9.049999999999999711e-02
1.252000000000000057e-01
1.251000000000000167e-01
8.210000000000000631e-02
1.022999999999999882e-01
9.120000000000000329e-02
1.435000000000000164e-01
1.377000000000000168e-01
3.040000000000001035e-02
1.090000000000000135e-01
9.729999999999998372e-02
8.800000000000000877e-02
5.290000000000000258e-02
1.164000000000000312e-01
8.530000000000001470e-02
9.170000000000001761e-02
1.069999999999999979e-01
1.542999999999999927e-01
1.580000000000000016e-01
1.739000000000000268e-01
1.345000000000000084e-01
2.107999999999999874e-01
2.459999999999999964e-01
1.623999999999999888e-01
1.193999999999999923e-01
8.229999999999999816e-02
1.403999999999999693e-01
1.514000000000000068e-01
1.407000000000000195e-01
3.310999999999999499e-01
2.073999999999999733e-01
3.422999999999999932e-01
1.494999999999999662e-01
1.958000000000000018e-01
2.595000000000000084e-01
1.397999999999999798e-01
9.249999999999999889e-02
1.048000000000000043e-01
8.460000000000000853e-02
1.044999999999999818e-01
1.521000000000000130e-01
1.712000000000000188e-01
7.299999999999998157e-02
5.460000000000000964e-02
5.709999999999999104e-02
1.052000000000000018e-01
7.650000000000001243e-02
8.619999999999999885e-02
9.030000000000000526e-02
9.299999999999999933e-02
1.083000000000000212e-01
8.870000000000001494e-02
1.328000000000000291e-01
9.390000000000001124e-02
1.212000000000000299e-01
1.135000000000000175e-01
1.471999999999999975e-01
1.413000000000000089e-01
9.670000000000000817e-02
1.379999999999999838e-01
1.393999999999999684e-01
2.196000000000000174e-01
1.779000000000000026e-01
1.102999999999999953e-01
9.080000000000000571e-02
3.019999999999999768e-02
1.451000000000000068e-01
9.349999999999999978e-02
1.153000000000000136e-01
1.131000000000000061e-01
8.020000000000000739e-02
1.194999999999999951e-01
9.160000000000000087e-02
6.180000000000000770e-02
6.419999999999999318e-02
8.519999999999998408e-02
7.289999999999999258e-02
1.171999999999999986e-01
8.759999999999998344e-02
6.310000000000000331e-02
4.890000000000000596e-02
6.990000000000001767e-02
7.340000000000000691e-02
6.629999999999998395e-02
1.564999999999999725e-01
1.617999999999999994e-01
1.794999999999999929e-01
1.189000000000000057e-01
1.665000000000000091e-01
2.681999999999999940e-01
2.321999999999999897e-01
1.609000000000000152e-01
1.701999999999999902e-01
4.519999999999999019e-02
1.254000000000000115e-01
1.300999999999999934e-01
1.570999999999999619e-01
7.239999999999999214e-02
1.418999999999999984e-01
2.125000000000000222e-01
1.286000000000000199e-01
1.519000000000000072e-01
1.609000000000000152e-01
2.027999999999999803e-01
2.521999999999999797e-01
1.977999999999999758e-01
8.719999999999999973e-02
1.932999999999999996e-01
1.716999999999999915e-01
1.377000000000000446e-01
1.102000000000000340e-01
2.352999999999999536e-01
2.842999999999999972e-01
1.114000000000000129e-01
8.859999999999999820e-02
1.965000000000000635e-01
2.199999999999999734e-01
2.052000000000000213e-01
2.490000000000000269e-01
1.997999999999999776e-01
2.225000000000000033e-01
8.499999999999996447e-02
1.792000000000000537e-01
1.217000000000000026e-01
1.183000000000000024e-01
1.009000000000000175e-01
1.078999999999999959e-01
9.120000000000004492e-02
1.368000000000000327e-01
1.463000000000000134e-01
1.023000000000000298e-01
8.779999999999996141e-02
1.188000000000000028e-01
1.265000000000000291e-01
9.979999999999999982e-02
7.229999999999994764e-02
1.613999999999999879e-01
1.320999999999999952e-01
1.111999999999999517e-01
1.149000000000000160e-01
1.760000000000000453e-01
1.799000000000000599e-01
1.310999999999999943e-01
1.958999999999999908e-01
1.035999999999999976e-01
2.575000000000000067e-01
1.285000000000000031e-01
1.255999999999999894e-01
1.412999999999999812e-01
1.681000000000000272e-01
9.919999999999998264e-02
8.539999999999998981e-02
1.411999999999999922e-01
1.499000000000000055e-01
3.672000000000000264e-01
8.540000000000004532e-02
1.128999999999999448e-01
2.657000000000000473e-01
1.340000000000000357e-01
1.515000000000000235e-01
2.474999999999999700e-01
1.380000000000000115e-01
2.507000000000000339e-01
3.002000000000000224e-01
1.581000000000001016e-01
1.244000000000000106e-01
1.226000000000000423e-01
2.152000000000000302e-01
1.866999999999999771e-01
2.651999999999999913e-01
1.894000000000000128e-01
2.701999999999999957e-01
3.965999999999999526e-01
5.143999999999999684e-01
1.359699999999999687e+00
4.058999999999998165e-01
2.876999999999999558e-01
2.267999999999999183e-01
8.640000000000006009e-02
9.969999999999981655e-02
1.688999999999999391e-01
1.434000000000000552e-01
2.441999999999999171e-01
1.272000000000001740e-01
1.646000000000000796e-01
8.480000000000011140e-02
7.529999999999993643e-02
1.213000000000001716e-01
1.851000000000001811e-01
5.548999999999998378e-01
2.358999999999999431e-01
3.310999999999997279e-01
1.099999999999999173e-01
2.156000000000000694e-01
2.422000000000000819e-01
2.235999999999999099e-01
2.216000000000000747e-01
1.343000000000000027e-01
1.423000000000000931e-01
6.292000000000000925e-01
1.667999999999999483e-01
9.570000000000010443e-02
1.436000000000000054e-01
2.102000000000000535e-01
3.205000000000000626e-01
2.506999999999999784e-01
3.361000000000001209e-01
