8.976999999999999424e-01
1.696999999999999620e-01
1.189000000000000057e-01
2.452000000000000290e-01
1.151999999999999913e+00
2.839999999999999747e-01
1.930999999999999939e-01
8.970000000000000195e-02
1.194999999999999812e-01
3.822000000000000952e-01
3.000999999999999779e-01
1.842999999999999639e-01
1.613999999999999879e-01
2.270000000000000073e-01
8.399000000000000909e-01
2.204999999999999738e-01
1.525000000000000522e-01
1.277999999999999692e-01
1.625999999999999390e-01
1.128999999999999865e-01
8.099999999999994704e-02
8.420000000000003870e-02
2.631000000000000005e-01
2.515999999999999903e-01
1.974999999999999534e-01
1.774999999999999634e-01
5.365999999999999659e-01
3.623000000000000664e-01
1.409000000000000252e-01
3.760000000000002229e-02
9.439999999999994229e-02
1.700999999999999734e-01
9.680000000000005267e-02
7.769999999999990803e-02
7.060000000000010711e-02
1.512000000000001398e-01
1.403000000000000635e-01
4.732000000000001205e-01
3.870999999999999996e-01
5.791999999999999371e-01
5.268000000000000460e-01
2.134999999999999676e-01
6.993999999999999106e-01
4.852000000000000757e-01
4.243000000000000660e-01
7.387999999999999012e-01
2.231000000000000483e-01
3.504000000000000448e-01
1.192999999999999894e-01
1.376999999999999336e-01
9.830000000000004012e-02
1.305000000000000882e-01
1.653000000000000302e-01
1.788000000000000977e-01
1.163000000000000977e-01
1.423000000000000098e-01
5.699999999999997430e-02
1.313999999999999890e-01
7.350000000000009304e-02
4.843999999999999417e-01
5.375999999999999668e-01
3.074000000000000066e-01
1.162000000000000116e-01
8.243999999999999106e-01
1.565000000000000835e-01
4.630999999999999006e-01
1.036999999999999589e-01
3.095000000000000528e-01
1.706999999999999351e-01
4.949999999999999956e-01
1.659000000000000197e-01
2.072999999999999843e-01
5.695000000000000062e-01
5.092999999999999750e-01
1.940999999999999670e-01
1.306999999999999829e-01
1.908999999999999586e-01
1.086000000000000160e-01
3.790000000000007946e-02
6.219999999999997059e-02
2.593999999999999639e-01
2.909000000000001029e-01
3.052999999999997938e-01
5.152000000000001023e-01
5.965999999999999082e-01
2.852999999999999425e-01
1.549999999999999156e-01
2.137000000000000566e-01
2.914999999999999813e-01
2.366999999999998827e-01
4.429000000000000714e-01
4.968000000000000194e-01
3.007999999999999008e-01
2.709999999999999631e-01
1.921999999999999820e-01
1.796999999999999986e-01
1.568999999999999839e-01
1.567000000000000060e-01
1.899000000000000965e-01
4.359999999999990966e-02
2.490000000000000546e-01
3.031000000000000916e-01
5.276999999999999469e-01
1.902000000000000357e-01
9.899999999999996303e-02
1.118900000000000006e+00
4.937999999999999612e-01
6.099999999999999867e-01
2.170999999999999874e-01
1.925999999999999657e-01
5.010000000000007503e-02
4.254999999999999338e-01
4.444999999999998397e-01
3.620000000000007934e-02
9.020000000000004403e-02
2.429000000000000048e-01
1.166000000000000147e+00
1.308499999999999996e+00
3.756000000000000449e-01
2.206999999999999518e-01
3.205999999999999961e-01
8.341999999999998305e-01
1.944999999999998952e-01
4.166999999999999038e-01
3.382999999999999896e-01
2.608000000000000318e-01
2.643000000000000904e-01
