1.376999999999999891e-01
1.690000000000000113e-01
8.749999999999999445e-02
1.091000000000000025e-01
7.139999999999999125e-02
5.079999999999999793e-02
9.299999999999998546e-02
8.179999999999999771e-02
6.489999999999999936e-02
4.809999999999999692e-02
2.830000000000000293e-01
1.801000000000000378e-01
7.509999999999998621e-02
1.044000000000000344e-01
8.099999999999998868e-02
6.820000000000001061e-02
5.630000000000003058e-02
3.591000000000000303e-01
1.653999999999999637e-01
2.306000000000000272e-01
6.749999999999999056e-02
5.980000000000002675e-02
6.479999999999996874e-02
6.700000000000000400e-02
9.010000000000001341e-02
1.043000000000000177e-01
1.585000000000000298e-01
3.081000000000000405e-01
6.229999999999998039e-02
4.139999999999999930e-02
3.149999999999999328e-02
1.066000000000000419e-01
1.031000000000000250e-01
4.839999999999997776e-02
6.210000000000004405e-02
3.660000000000000753e-02
3.670000000000002427e-02
5.290000000000007196e-02
1.290000000000000036e-01
7.030000000000000138e-02
2.112000000000000266e-01
2.231000000000000205e-01
7.239999999999993663e-02
7.740000000000007985e-02
5.140000000000002206e-02
7.120000000000004103e-02
1.053999999999999937e-01
1.527000000000000579e-01
1.048999999999999516e-01
1.039999999999999675e-01
5.030000000000003912e-02
6.329999999999996740e-02
6.539999999999998592e-02
3.169999999999993656e-02
9.570000000000011831e-02
6.647000000000000686e-01
2.775000000000000244e-01
1.625000000000000056e-01
5.120000000000001633e-02
8.910000000000002640e-02
1.338000000000000300e-01
1.212999999999999912e-01
5.629999999999996119e-02
1.153000000000000552e-01
1.011000000000000093e-01
6.090000000000005825e-02
8.040000000000004088e-02
2.166000000000000147e-01
1.942999999999999172e-01
8.169999999999996709e-02
1.340999999999999692e-01
6.359999999999998987e-02
8.879999999999997617e-02
5.059999999999999915e-02
6.620000000000005047e-02
5.659999999999997672e-02
3.879999999999993870e-02
5.860000000000003401e-02
4.409999999999994480e-02
2.399999999999996234e-02
7.109999999999998266e-02
2.102999999999999314e-01
2.846999999999999531e-01
2.441999999999999171e-01
9.029999999999997751e-02
5.460000000000001658e-02
6.620000000000006435e-02
5.349999999999992262e-02
4.669999999999994988e-02
9.510000000000004561e-02
8.139999999999993074e-02
1.044000000000000206e-01
6.599999999999991984e-02
5.340000000000005853e-02
5.038000000000001366e-01
1.957000000000001239e-01
9.679999999999996940e-02
1.459000000000000852e-01
1.541000000000000147e-01
1.254999999999999449e-01
8.310000000000000719e-02
2.350000000000003475e-02
6.230000000000001509e-02
6.619999999999998108e-02
4.659999999999985681e-02
3.350000000000002282e-02
1.870000000000002216e-02
6.080000000000003457e-02
3.779999999999998639e-02
1.446000000000000341e-01
6.080000000000006233e-02
1.386000000000000565e-01
7.259999999999992848e-02
3.630000000000001975e-02
6.109999999999995296e-02
3.660000000000006304e-02
3.490000000000009761e-02
2.414999999999998814e-01
6.339999999999992863e-02
1.000000000000000333e-01
1.169999999999999513e-01
1.984000000000000485e-01
8.010000000000000453e-02
1.622999999999998888e-01
1.382000000000000450e-01
5.029999999999999055e-02
1.640000000000001179e-01
