1.037899999999999823e+00
6.523000000000001020e-01
4.272999999999999021e-01
2.306999999999999607e-01
1.344999999999999529e-01
1.184000000000000746e-01
1.667000000000000148e-01
5.122999999999999776e-01
2.185000000000000553e-01
5.766000000000000014e-01
5.423000000000000043e-01
2.558000000000000274e-01
1.523999999999999799e-01
2.431999999999999162e-01
5.058000000000000274e-01
5.303999999999999826e-01
8.261000000000000565e-01
1.467699999999999783e+00
7.198999999999999844e-01
1.061099999999999932e+00
4.018000000000000460e-01
3.878999999999999670e-01
1.756999999999999673e-01
5.338000000000000522e-01
5.161000000000000032e-01
1.905999999999999917e-01
1.479000000000000314e-01
6.243000000000000771e-01
1.839299999999999713e+00
1.404099999999999904e+00
1.571700000000000097e+00
4.886000000000002008e-01
1.067200000000000149e+00
1.820000000000001616e-01
1.771000000000000907e-01
7.914999999999999813e-01
4.162000000000005695e-01
4.813999999999998280e-01
2.231000000000004091e-01
9.227000000000005198e-01
7.551000000000001044e-01
1.612000000000003985e-01
2.604000000000000759e-01
1.080900000000000416e+00
7.122999999999999332e-01
6.321000000000003283e-01
7.081000000000003958e-01
3.102300000000000946e+00
4.404999999999999361e+00
4.737800000000000900e+00
4.567000000000002724e-01
5.207999999999999297e-01
4.896999999999998576e-01
5.484999999999997655e-01
1.232999999999996599e-01
1.142000000000001070e-01
3.239999999999996216e-01
2.328999999999999959e-01
1.193000000000001559e-01
3.842000000000004301e-01
1.523499999999999632e+00
1.033200000000000340e+00
3.467000000000001192e-01
1.115999999999999659e+00
6.244999999999997220e-01
4.697999999999998844e-01
4.952999999999996295e-01
1.032399999999999762e+00
1.769000000000003348e-01
3.025000000000001021e-01
3.766000000000003789e-01
1.441000000000002279e-01
1.454999999999999627e-01
3.144000000000001238e-01
2.203999999999999848e-01
1.884000000000000952e-01
2.828999999999998738e-01
1.483999999999995323e-01
1.730999999999998651e-01
1.749999999999999334e-01
1.665000000000000924e-01
1.152000000000000524e-01
6.672999999999997822e-01
4.461000000000000520e-01
5.717999999999999750e-01
2.598000000000000309e-01
3.123999999999996779e-01
1.870000000000003881e-01
6.109999999999994602e-02
1.587000000000002298e-01
1.903999999999999582e-01
4.545000000000002927e-01
6.917000000000002036e-01
5.462000000000000188e-01
4.839999999999999858e-01
2.977000000000001867e-01
9.075999999999996293e-01
4.497000000000001552e-01
1.053300000000000125e+00
1.610000000000004206e-01
8.741000000000002101e-01
1.825000000000003009e-01
1.470000000000004081e-01
5.100999999999997758e-01
9.908000000000002361e-01
7.001000000000002776e-01
1.508700000000000152e+00
3.440000000000000391e+00
3.010099999999999554e+00
2.164099999999999469e+00
4.780000000000006466e-01
9.783999999999997144e-01
2.099999999999994649e-01
3.007999999999995677e-01
1.354999999999997318e-01
5.599999999999982769e-02
8.950000000000010725e-02
4.160000000000026177e-02
1.987000000000003763e-01
1.826999999999998348e-01
1.575000000000001676e-01
1.726999999999999647e-01
7.895999999999996355e-01
3.324999999999995182e-01
1.134200000000000097e+00
6.310000000000001164e-01
4.167999999999995042e-01
