4.120999999999999663e-01
1.397999999999999521e-01
2.064000000000000001e-01
2.511999999999999789e-01
2.658999999999999697e-01
2.915999999999999703e-01
1.360000000000000098e-01
7.759000000000000341e-01
2.652999999999999803e-01
2.280999999999999972e-01
3.144999999999999463e-01
1.375000000000000111e-01
5.939999999999998753e-02
6.860000000000002207e-02
1.108000000000000096e-01
2.751000000000000112e-01
5.449999999999999289e-02
2.309999999999998860e-02
8.440000000000000280e-02
5.190000000000000169e-02
1.087999999999999801e-01
6.160000000000000198e-02
7.540000000000002256e-02
1.739999999999999880e-01
1.843999999999999528e-01
4.290000000000002839e-02
7.330000000000000404e-02
4.037999999999999368e-01
2.320999999999999730e-01
1.260000000000000009e-01
1.518000000000000183e-01
7.640000000000003733e-02
1.015999999999999959e-01
1.097999999999999948e-01
1.259000000000000119e-01
4.090000000000001967e-02
8.819999999999997287e-02
5.390000000000000346e-02
1.428999999999999715e-01
5.314999999999999725e-01
3.929000000000000270e-01
6.093000000000000638e-01
2.386000000000000343e-01
9.956000000000000405e-01
4.561600000000000321e+00
2.182799999999999851e+00
1.092299999999999827e+00
3.331399999999999473e+00
2.134200000000000319e+00
7.737000000000004984e-01
1.376300000000000079e+00
3.365800000000000125e+00
1.779500000000000304e+00
7.525000000000001688e-01
3.765999999999998793e-01
1.685000000000000386e-01
3.266000000000001124e-01
1.885000000000000009e-01
1.925000000000000600e-01
1.531000000000000139e-01
2.293999999999999928e-01
5.609000000000000652e-01
2.266599999999999948e+00
1.017800000000000260e+00
1.706999999999999074e-01
8.159999999999995035e-02
1.151000000000000772e-01
1.325999999999999401e-01
5.769999999999993190e-02
1.113000000000002598e-01
8.480000000000002813e-02
1.865999999999999326e-01
6.059999999999999415e-02
7.150000000000009126e-02
6.690000000000007052e-02
1.252999999999998559e-01
1.378999999999999670e-01
2.879000000000000448e-01
5.793999999999999151e-01
1.785999999999999810e-01
9.156999999999998474e-01
9.111999999999997879e-01
1.143999999999999462e-01
1.101999999999999091e-01
1.786000000000000087e-01
5.934000000000000385e-01
4.872999999999998444e-01
2.147999999999999632e-01
8.560000000000000941e-02
1.575999999999999346e-01
7.369999999999989060e-02
1.358000000000000596e-01
1.270999999999998797e-01
8.460000000000002240e-02
1.942000000000000670e-01
1.029000000000000470e-01
1.688000000000000611e-01
1.373000000000000331e-01
1.493000000000001826e-01
1.593999999999998196e-01
9.190000000000009273e-02
1.490000000000000491e-01
8.489999999999986446e-02
5.950000000000010836e-02
9.790000000000000091e-02
3.833999999999998520e-01
4.434000000000000163e-01
1.415999999999998371e-01
9.310000000000014098e-02
8.039999999999997149e-02
1.129000000000000281e-01
4.819999999999999840e-01
3.698000000000000176e-01
2.698999999999998622e-01
3.935999999999997834e-01
5.684000000000002384e-01
5.821000000000000618e-01
6.518999999999999240e-01
4.159999999999999254e-01
3.360999999999998433e-01
2.386999999999999122e-01
2.944999999999999285e-01
3.951999999999999957e-01
4.633000000000000451e-01
3.708999999999999519e-01
2.494000000000000661e-01
4.984999999999998321e-01
