2.309999999999999831e-01
4.567999999999999838e-01
1.971000000000000252e-01
1.324000000000000177e-01
5.860000000000001319e-02
9.059999999999999998e-02
1.878000000000000225e-01
2.535000000000000031e-01
2.146500000000000075e+00
1.197899999999999965e+00
4.661000000000000698e-01
1.869000000000001216e-01
1.024999999999999800e-01
9.090000000000005020e-02
1.426000000000000323e-01
8.839999999999993696e-02
3.719999999999989287e-02
3.329999999999989913e-02
3.184000000000000719e-01
3.019000000000000017e-01
3.184000000000000719e-01
3.524999999999998135e-01
1.180000000000001603e-01
6.119999999999983786e-02
1.050999999999999990e-01
1.311999999999999000e-01
3.771999999999999797e-01
1.832000000000001405e-01
1.177999999999999603e-01
1.578000000000002179e-01
1.152000000000001079e-01
1.481000000000000649e-01
3.887999999999998679e-01
1.487999999999999323e-01
7.709999999999991860e-02
8.140000000000001401e-02
1.457000000000000239e-01
1.491999999999999993e-01
7.900000000000001465e-02
3.156999999999999806e-01
3.927999999999999825e-01
2.508000000000000784e-01
1.983999999999998542e-01
2.058000000000002050e-01
1.852000000000001423e-01
2.637000000000001565e-01
2.928000000000001157e-01
3.901000000000001688e-01
2.613999999999999657e-01
2.086999999999998856e-01
1.814000000000000057e-01
6.599999999999999201e-01
1.643999999999999628e-01
3.261000000000000565e-01
3.847999999999995868e-01
4.933999999999995056e-01
4.687999999999997169e-01
1.514000000000001456e-01
1.464999999999999636e-01
8.422999999999998266e-01
5.710999999999997190e-01
1.676000000000000822e-01
9.339999999999981650e-02
8.869999999999987617e-02
4.939999999999990232e-02
1.432000000000003270e-01
1.151999999999999968e-01
4.742000000000000659e-01
4.595000000000000751e-01
6.316999999999999282e-01
1.613999999999999324e-01
1.275999999999997692e-01
7.109999999999996878e-02
6.700000000000019829e-02
7.290000000000020075e-02
3.519999999999999518e-02
4.800000000000012590e-02
9.700000000000015554e-02
2.609000000000001318e-01
2.754999999999998006e-01
6.239999999999996660e-01
7.634000000000000785e-01
2.223000000000001641e-01
5.030000000000010851e-02
2.536999999999999256e-01
7.049999999999982669e-02
1.308000000000000829e-01
4.339999999999997748e-01
3.948999999999999733e-01
2.187000000000003386e-01
2.151000000000001799e-01
4.550000000000000155e-01
2.958999999999998853e-01
9.929999999999988836e-02
7.960000000000015674e-02
7.709999999999997411e-02
1.196000000000001784e-01
2.440000000000014380e-02
8.260000000000024267e-02
1.133000000000003310e-01
5.030000000000026117e-02
1.678999999999999382e-01
1.374999999999999001e-01
7.799999999999993050e-02
5.620000000000006934e-02
3.959999999999966325e-02
1.337000000000000410e-01
2.377999999999997616e-01
3.794000000000000705e-01
1.827999999999998237e-01
1.150999999999997997e-01
2.154000000000000359e-01
1.269200000000000106e+00
5.278999999999998138e-01
3.761999999999999789e-01
3.516999999999999016e-01
1.968999999999996864e-01
3.486000000000002430e-01
2.964000000000001078e-01
4.323000000000002396e-01
2.526999999999995916e-01
7.175000000000001377e-01
4.182000000000000162e-01
2.402000000000000524e-01
5.018000000000000238e-01
2.082000000000003292e-01
1.514000000000000068e-01
1.143000000000000405e-01
3.189000000000001833e-01
2.817000000000000615e-01
1.190999999999997894e-01
7.289999999999977054e-02
8.689999999999986624e-02
1.225999999999999451e-01
1.866999999999999493e-01
8.270000000000006513e-02
6.020000000000001739e-02
5.590000000000001912e-02
5.149999999999976819e-02
6.690000000000004277e-02
4.689999999999978908e-02
1.026999999999998608e-01
4.511999999999999900e-01
1.283999999999996811e-01
2.081000000000002848e-01
1.297000000000000375e-01
2.359999999999978781e-02
9.969999999999966389e-02
1.212999999999999773e-01
1.489999999999999658e-01
2.738000000000001544e-01
1.144699999999999829e+00
2.107999999999997653e-01
2.368999999999998884e-01
3.646000000000001462e-01
