3.109000000000000097e-01
4.810000000000000386e-02
2.031999999999999917e-01
1.496999999999999997e-01
1.326999999999999846e-01
1.232999999999999929e-01
3.780000000000000027e-02
6.149999999999999217e-02
5.080000000000001181e-02
6.629999999999998395e-02
7.580000000000000626e-02
7.200000000000000844e-02
8.999999999999999667e-02
7.749999999999998557e-02
4.569999999999999063e-02
4.220000000000002222e-02
1.088000000000000078e-01
5.799999999999999600e-02
9.089999999999999469e-02
4.159999999999998421e-02
4.220000000000000140e-02
1.039999999999999813e-01
5.360000000000001569e-02
5.059999999999999915e-02
4.240000000000001407e-02
3.449999999999999595e-02
3.579999999999999849e-02
4.639999999999998292e-02
6.010000000000001452e-02
5.890000000000000790e-02
7.620000000000003160e-02
1.091999999999999915e-01
2.230999999999999650e-01
4.608999999999999764e-01
9.240999999999999215e-01
6.396000000000001684e-01
5.591000000000000414e-01
3.337000000000001076e-01
5.579999999999999544e-02
2.403000000000000136e-01
1.288999999999999868e-01
1.520000000000000517e-01
1.451999999999999402e-01
1.740000000000001268e-01
2.685000000000000164e-01
1.563000000000000222e-01
3.505000000000000338e-01
1.585000000000000298e-01
1.814000000000000612e-01
8.280000000000001248e-02
9.800000000000000377e-02
4.660000000000000253e-02
9.319999999999997731e-02
1.051000000000000129e-01
1.616000000000000214e-01
2.251999999999999835e-01
1.147999999999999576e-01
1.791999999999999982e-01
1.674000000000000488e-01
9.830000000000001237e-02
1.922000000000000930e-01
1.910000000000000586e-01
1.663000000000000034e-01
1.238000000000000211e-01
5.339999999999995445e-02
3.054999999999999938e-01
3.364000000000000323e-01
2.177999999999999936e-01
2.786000000000000143e-01
2.580999999999999961e-01
2.040999999999999759e-01
2.125000000000000222e-01
9.559999999999997666e-02
2.286999999999999866e-01
8.539999999999997593e-02
1.227000000000000590e-01
1.786000000000000087e-01
1.661000000000000254e-01
3.343999999999998640e-01
4.630999999999999006e-01
2.371000000000000607e-01
3.303000000000000380e-01
1.680999999999999717e-01
4.880000000000003779e-02
5.499999999999995864e-02
1.332000000000000406e-01
2.167999999999999095e-01
2.705999999999999517e-01
1.125000000000000028e-01
1.490999999999999548e-01
7.209999999999991416e-02
8.199999999999996181e-02
6.469999999999992424e-02
6.869999999999994167e-02
8.329999999999994353e-02
1.490999999999999548e-01
9.569999999999997953e-02
4.190000000000003444e-02
1.288999999999999591e-01
3.969999999999999918e-02
6.959999999999996745e-02
1.544999999999999984e-01
2.083999999999999742e-01
2.160999999999999310e-01
1.371999999999999609e-01
9.579999999999999627e-02
1.882000000000000339e-01
1.449000000000000010e-01
1.905000000000000304e-01
1.070000000000000950e-01
7.910000000000005915e-02
5.659999999999999060e-02
1.191000000000001086e-01
1.127999999999999559e-01
1.100000000000000561e-01
1.584000000000000685e-01
1.576999999999999791e-01
8.019999999999996576e-02
1.190000000000000224e-01
5.260000000000006337e-02
9.419999999999997820e-02
6.970000000000013685e-02
1.091000000000001136e-01
7.709999999999997411e-02
5.640000000000000568e-02
8.040000000000005476e-02
1.487000000000000544e-01
6.419999999999992379e-02
1.512999999999999623e-01
1.622999999999999721e-01
1.333000000000000573e-01
1.555000000000001104e-01
5.960000000000002796e-02
6.699999999999996236e-02
1.401000000000000023e-01
6.530000000000002469e-02
6.769999999999992690e-02
6.789999999999998814e-02
9.700000000000000289e-02
8.799999999999991163e-02
7.499999999999990008e-02
9.470000000000004803e-02
1.297999999999999710e-01
1.867000000000000326e-01
1.980000000000000371e-01
1.927999999999999992e-01
2.329999999999995616e-02
7.919999999999999263e-02
1.251000000000000445e-01
1.097000000000000197e-01
5.490000000000000435e-02
8.619999999999994333e-02
1.007999999999999452e-01
4.140000000000004787e-02
8.740000000000004710e-02
