3.479999999999999760e-01
1.197999999999999760e-01
4.199999999999999567e-02
1.812999999999999889e-01
9.609999999999997711e-02
1.806999999999999995e-01
9.109999999999998654e-02
4.889999999999999902e-02
3.519999999999999518e-02
1.762999999999999845e-01
5.280000000000000665e-02
5.139999999999999430e-02
8.559999999999999554e-02
1.161999999999999977e-01
6.580000000000002514e-02
1.786999999999999700e-01
6.350000000000000089e-02
1.030000000000000082e-01
7.500000000000002498e-02
6.989999999999998992e-02
9.519999999999999296e-02
1.124000000000000277e-01
1.573999999999999844e-01
1.398000000000000076e-01
8.780000000000003080e-02
1.436000000000000054e-01
9.900000000000000466e-02
1.007000000000000117e-01
8.759999999999998344e-02
3.970000000000001306e-02
9.440000000000003944e-02
1.696999999999999620e-01
4.959999999999998438e-02
1.119999999999999885e-01
9.809999999999999276e-02
8.600000000000002087e-02
4.790000000000002589e-02
9.139999999999999514e-02
6.550000000000001654e-02
7.090000000000000469e-02
4.028999999999999804e-01
2.999999999999999889e-01
2.224999999999999756e-01
2.370000000000000162e-01
8.719999999999999973e-02
2.480000000000000260e-01
1.263000000000000234e-01
3.646999999999999131e-01
1.090999999999999748e-01
1.076999999999999624e-01
2.411999999999999700e-01
2.672999999999999821e-01
3.823999999999999622e-01
2.155999999999999583e-01
2.514999999999999458e-01
2.014999999999999847e-01
2.034999999999999587e-01
2.192000000000000337e-01
4.716000000000000192e-01
1.501999999999999724e-01
3.543999999999999928e-01
1.240999999999999881e-01
1.165000000000000202e-01
3.110999999999999877e-01
1.629999999999999227e-01
7.520000000000001683e-02
1.120999999999999774e-01
1.419999999999999873e-01
2.804000000000000381e-01
1.464000000000000856e-01
1.876999999999999225e-01
2.136000000000000953e-01
1.153000000000000691e-01
1.515000000000000235e-01
4.577999999999999292e-01
2.667999999999999816e-01
1.249999999999999861e-01
2.323000000000001175e-01
1.101999999999999924e-01
7.490000000000000824e-02
7.559999999999994502e-02
4.479999999999997873e-02
4.260000000000001286e-02
6.680000000000003990e-02
7.930000000000000937e-02
5.949999999999995570e-02
7.630000000000003446e-02
9.940000000000004388e-02
5.430000000000000104e-02
7.100000000000003531e-02
8.669999999999991602e-02
9.920000000000006590e-02
1.817000000000000282e-01
2.585999999999999965e-01
2.074000000000000288e-01
1.154999999999999638e-01
6.190000000000002445e-02
1.234999999999999848e-01
5.950000000000004591e-02
1.554999999999999716e-01
7.997999999999999554e-01
5.896999999999998909e-01
2.382999999999999285e-01
1.399999999999999023e-01
2.056000000000000882e-01
1.383000000000000618e-01
2.008999999999999675e-01
2.581999999999999296e-01
2.446000000000001229e-01
1.218999999999999528e-01
1.225000000000000255e-01
9.249999999999999889e-02
1.121000000000000191e-01
1.545999999999999042e-01
8.530000000000000082e-02
5.300000000000006789e-02
8.890000000000000679e-02
2.006000000000000005e-01
1.924000000000000710e-01
1.764999999999999902e-01
2.443000000000000449e-01
1.058000000000000052e-01
1.233000000000000762e-01
1.220999999999999308e-01
1.327000000000000401e-01
4.573999999999999733e-01
1.948000000000000287e-01
8.989999999999995217e-02
1.212999999999999912e-01
5.619999999999999302e-02
7.980000000000006533e-02
9.960000000000000797e-02
1.424000000000000266e-01
2.605000000000000648e-01
2.476000000000000700e-01
5.659999999999997672e-02
1.637999999999999734e-01
2.226000000000001033e-01
1.987999999999999490e-01
1.113999999999999713e-01
5.009999999999991543e-02
1.057999999999999774e-01
1.986000000000000265e-01
2.056000000000000050e-01
2.255999999999999395e-01
7.409999999999988818e-02
6.000000000000005329e-02
2.422999999999999043e-01
1.148999999999998078e-01
1.299000000000001820e-01
3.079999999999995242e-02
1.131999999999999812e-01
4.860000000000000431e-02
5.889999999999994545e-02
4.749999999999993117e-02
