1.684999999999999831e-01
1.910000000000000309e-01
1.077000000000000041e-01
8.460000000000000853e-02
5.080000000000001181e-02
1.864999999999999991e-01
1.307999999999999718e-01
1.126999999999999946e-01
1.870999999999999885e-01
1.635999999999999677e-01
1.018999999999999906e-01
1.324999999999999789e-01
5.909999999999998588e-02
1.048000000000000043e-01
7.300000000000000933e-02
8.050000000000004374e-02
1.134000000000000147e-01
7.300000000000002320e-02
7.999999999999997391e-02
6.660000000000003417e-02
7.090000000000000469e-02
2.638999999999999679e-01
9.280000000000003524e-02
1.495000000000000218e-01
2.503000000000000780e-01
1.339000000000000745e-01
2.508000000000000229e-01
2.606000000000000538e-01
2.872999999999999998e-01
3.493000000000000549e-01
5.220000000000000195e-01
3.469999999999998641e-01
4.488000000000000878e-01
1.890000000000000013e-01
1.085000000000000686e-01
5.270000000000008011e-02
2.628999999999999670e-01
2.211000000000000187e-01
1.943999999999999340e-01
2.909000000000000474e-01
8.970000000000014073e-02
1.082999999999999796e-01
9.709999999999990861e-02
1.055999999999999994e-01
1.035000000000000087e-01
7.660000000000005693e-02
1.600000000000000311e-01
2.122999999999999610e-01
3.415000000000000258e-01
3.447999999999999954e-01
4.314000000000000057e-01
3.476999999999998980e-01
2.670000000000000151e-01
1.078999999999999959e-01
1.089999999999999858e-01
3.883999999999999120e-01
9.659999999999990816e-02
2.347999999999999254e-01
4.027999999999999359e-01
2.906000000000000250e-01
3.585999999999999743e-01
1.902000000000002577e-01
1.285000000000001141e-01
8.609999999999995435e-02
4.277000000000001911e-01
7.975000000000000977e-01
8.168000000000000815e-01
5.269000000000001460e-01
6.999999999999999556e-01
1.878200000000000092e+00
1.567399999999999682e+00
3.600999999999999757e-01
4.683000000000000496e-01
3.578000000000001180e-01
4.329999999999999405e-01
2.671000000000001151e-01
2.521000000000001018e-01
2.212999999999999134e-01
3.582000000000000184e-01
3.478999999999999870e-01
1.908000000000000251e-01
4.293000000000001259e-01
3.744999999999999996e-01
3.478999999999999870e-01
1.641000000000000236e-01
6.907999999999999696e-01
8.227999999999997538e-01
5.493999999999999995e-01
3.212999999999998635e-01
2.604999999999999538e-01
3.491999999999999549e-01
7.967000000000000748e-01
4.091700000000000337e+00
1.625299999999999967e+00
1.629900000000000126e+00
1.026499999999999968e+00
1.460000000000001019e-01
1.072000000000000036e-01
1.775000000000000466e-01
3.582999999999997853e-01
4.765999999999998016e-01
3.638000000000000123e-01
1.660999999999999976e-01
2.010000000000000120e-01
1.841999999999999749e-01
2.040999999999999204e-01
2.215999999999998804e-01
7.731999999999999984e-01
3.344999999999999640e-01
3.538999999999998813e-01
8.509999999999998677e-01
5.389999999999999236e-01
9.682000000000000606e-01
2.481700000000000017e+00
8.037000000000003030e-01
3.510999999999998566e-01
3.968999999999996975e-01
4.138000000000000012e-01
1.053200000000000358e+00
1.805299999999999905e+00
1.920000000000000595e-01
2.897000000000001241e-01
2.154999999999998028e-01
1.465000000000000746e-01
2.284000000000001029e-01
2.595999999999998864e-01
1.396999999999999909e-01
