6.120999999999999774e-01
4.467000000000000415e-01
5.544000000000000039e-01
5.010999999999999899e-01
1.489999999999999936e-01
3.610999999999999766e-01
4.478999999999999648e-01
3.101999999999999758e-01
5.323999999999999844e-01
5.859000000000000874e-01
2.953999999999999959e-01
7.903999999999999915e-01
5.215999999999999526e-01
4.495000000000000107e-01
3.479999999999999760e-01
7.298000000000000043e-01
8.903000000000000913e-01
8.096000000000000973e-01
4.194000000000000505e-01
3.369000000000000328e-01
3.113000000000000211e-01
8.111999999999999211e-01
6.169000000000000039e-01
2.282000000000000139e-01
5.193999999999999728e-01
4.503000000000000336e-01
6.690000000000000391e-01
3.256999999999999895e-01
3.790000000000000036e-01
6.566999999999999504e-01
2.937000000000000166e-01
3.860999999999999988e-01
3.524999999999999800e-01
4.525999999999999468e-01
7.079999999999999627e-01
7.913000000000001144e-01
4.212000000000000188e-01
2.639000000000000234e-01
3.002000000000000779e-01
6.316000000000000503e-01
6.697999999999999510e-01
2.665999999999999481e-01
6.466000000000000636e-01
5.695999999999999952e-01
9.335999999999999854e-01
2.534000000000000141e-01
6.305000000000000604e-01
7.038999999999999702e-01
4.768999999999999906e-01
1.824999999999999956e-01
5.970000000000000862e-01
9.134999999999998677e-01
5.780999999999999472e-01
7.277000000000000135e-01
1.586999999999999522e-01
3.050999999999999823e-01
3.933000000000000385e-01
1.054700000000000193e+00
4.243999999999999995e-01
3.137000000000000344e-01
5.025000000000000577e-01
4.021000000000000130e-01
5.515000000000001013e-01
3.528999999999999915e-01
2.676999999999999935e-01
3.488999999999999879e-01
5.275999999999999579e-01
3.699000000000001176e-01
2.728000000000000980e-01
9.316000000000000947e-01
4.531000000000000583e-01
3.104999999999999982e-01
2.491999999999999771e-01
1.139000000000000290e-01
2.740999999999999548e-01
2.422999999999999599e-01
6.781000000000000361e-01
1.111700000000000133e+00
4.612999999999999323e-01
3.927000000000000490e-01
4.793000000000001148e-01
2.827000000000000624e-01
2.496000000000000163e-01
3.038000000000000700e-01
2.099000000000000310e-01
2.054999999999999605e-01
2.778000000000000469e-01
1.793999999999999762e-01
4.631999999999999451e-01
2.767999999999999905e-01
2.087000000000000244e-01
4.471000000000000529e-01
5.320000000000000284e-01
5.765000000000000124e-01
8.144000000000000128e-01
6.569000000000000394e-01
2.578999999999999626e-01
2.226000000000000201e-01
1.035799999999999832e+00
9.980999999999999872e-01
7.555000000000000604e-01
7.663999999999999702e-01
1.153399999999999981e+00
1.249200000000000088e+00
5.299000000000000377e-01
3.562000000000000721e-01
1.173100000000000254e+00
7.894000000000001016e-01
3.385999999999999566e-01
7.978000000000000647e-01
6.428000000000000380e-01
6.558999999999999275e-01
5.640000000000000568e-01
1.968999999999999639e-01
8.716999999999999194e-01
3.391999999999999460e-01
5.498999999999999444e-01
4.930999999999999273e-01
2.558999999999999053e-01
1.337999999999999745e-01
2.672000000000000486e-01
2.654000000000000803e-01
8.680000000000004379e-02
2.389000000000000568e-01
1.654000000000000470e-01
1.329999999999999516e-01
1.385999999999999732e-01
9.732000000000000650e-01
7.410999999999999810e-01
1.154199999999999893e+00
5.704999999999998961e-01
1.600000000000000311e-01
1.887999999999999678e-01
4.415000000000001146e-01
2.603999999999999648e-01
1.084799999999999986e+00
4.437999999999999168e-01
3.775000000000000022e-01
1.489000000000000323e-01
1.677000000000000712e-01
2.846000000000000751e-01
3.275000000000000133e-01
3.356999999999999429e-01
3.121000000000000441e-01
1.218000000000000332e-01
2.897000000000001241e-01
5.289999999999999147e-01
4.547000000000001041e-01
3.720000000000000528e-01
3.784999999999998921e-01
5.909999999999999698e-01
2.457000000000000295e-01
3.131999999999999784e-01
4.641999999999999460e-01
7.256000000000000227e-01
3.678000000000000158e-01
2.366000000000000325e-01
1.597999999999999976e-01
2.860000000000002124e-02
1.501000000000000112e-01
2.912000000000000144e-01
