2.611999999999999877e-01
4.636000000000000121e-01
1.624999999999999778e-01
1.082000000000000184e-01
2.817000000000000060e-01
1.167999999999999872e-01
8.130000000000001115e-02
6.429999999999998217e-02
2.066999999999999948e-01
3.269999999999997908e-02
5.599999999999996647e-02
1.599000000000000143e-01
2.150000000000000244e-01
3.714999999999999414e-01
2.368000000000000105e-01
2.277000000000000413e-01
1.268000000000000238e-01
1.215999999999999859e-01
3.719999999999999973e-01
2.027999999999999803e-01
1.367000000000000437e-01
1.751000000000000334e-01
7.509999999999998621e-02
1.024000000000000327e-01
2.207000000000000628e-01
1.085000000000000131e-01
1.718000000000000083e-01
2.697999999999999843e-01
8.609999999999999598e-02
1.930000000000000049e-01
1.241000000000000159e-01
5.889999999999997321e-02
3.995999999999999552e-01
2.199999999999999734e-01
8.229999999999998428e-02
7.130000000000001614e-02
1.154999999999999361e-01
7.059999999999995446e-02
7.319999999999998730e-02
1.389999999999999569e-01
1.321000000000000507e-01
1.155999999999999805e-01
1.396000000000000296e-01
1.300999999999999934e-01
2.325000000000000400e-01
8.930000000000001825e-02
1.394999999999999574e-01
1.130999999999999367e-01
2.895999999999999686e-01
2.315000000000000113e-01
4.613000000000000433e-01
2.079999999999999627e-01
5.930000000000001936e-02
1.842999999999999916e-01
1.565000000000000280e-01
4.690000000000000419e-02
1.403000000000000080e-01
1.096000000000000307e-01
2.031000000000000305e-01
1.597000000000000086e-01
1.869000000000000383e-01
1.715999999999999470e-01
2.431999999999999718e-01
5.406999999999999584e-01
1.426000000000000045e-01
1.610000000000000597e-01
7.540000000000000868e-02
9.399999999999997247e-02
1.094999999999999862e-01
9.570000000000002116e-02
8.730000000000000260e-02
1.261999999999999789e-01
1.089000000000000107e-01
1.068000000000000477e-01
3.356999999999999429e-01
1.258999999999999009e-01
5.527999999999999581e-01
3.464999999999999747e-01
2.055999999999999772e-01
1.310999999999999943e-01
1.340000000000000080e-01
1.029000000000000192e-01
8.060000000000004661e-02
1.299000000000000155e-01
3.558999999999999941e-01
2.087999999999999579e-01
8.099999999999998868e-02
6.349999999999994538e-02
1.697999999999999787e-01
1.210999999999999854e-01
4.670000000000003315e-02
8.570000000000004003e-02
1.265999999999999903e-01
1.207000000000000017e-01
1.434999999999999054e-01
1.148999999999999744e-01
7.470000000000000251e-02
3.369999999999999662e-01
1.871000000000000163e-01
1.512999999999999623e-01
6.160000000000002973e-02
2.569000000000000172e-01
1.489000000000000046e-01
8.790000000000001978e-02
2.787999999999999368e-01
3.300000000000000711e-01
1.811999999999999722e-01
9.229999999999993765e-02
7.014000000000000234e-01
7.073000000000000398e-01
2.420999999999999819e-01
3.270999999999999464e-01
2.506000000000000449e-01
1.026000000000000245e-01
1.360000000000000098e-01
1.333000000000000296e-01
2.139999999999999958e-01
1.062999999999999223e-01
1.276999999999999524e-01
1.076999999999999208e-01
1.796999999999999709e-01
9.820000000000003726e-02
5.020000000000004320e-02
1.446000000000000341e-01
1.410000000000000697e-01
1.656000000000000250e-01
1.704999999999999294e-01
