3.943000000000000393e-01
3.548999999999999932e-01
1.965000000000000080e-01
1.728999999999999981e-01
1.297999999999999987e-01
1.333000000000000296e-01
2.577999999999999736e-01
1.797999999999999876e-01
7.550000000000001155e-02
2.305000000000000104e-01
1.472000000000000253e-01
8.800000000000000877e-02
8.759999999999999731e-02
1.260000000000000009e-01
1.315000000000000058e-01
4.630000000000000782e-02
1.358999999999999653e-01
1.104000000000000536e-01
1.508000000000000174e-01
1.686999999999999611e-01
1.778000000000000413e-01
9.040000000000002200e-02
1.617000000000000104e-01
5.999999999999997002e-02
2.169999999999999707e-01
2.586000000000000520e-01
1.770000000000000462e-01
5.789999999999999314e-02
1.612999999999999989e-01
2.653000000000000358e-01
4.096000000000000196e-01
1.252999999999999947e-01
2.914999999999999813e-01
9.260000000000004339e-02
1.846999999999999753e-01
1.113999999999999990e-01
1.071000000000000008e-01
1.386999999999999622e-01
2.711999999999999966e-01
1.673000000000000043e-01
4.360000000000003456e-02
1.591999999999999527e-01
1.801000000000000101e-01
4.696000000000000174e-01
4.206000000000000294e-01
2.312999999999999501e-01
1.491000000000000936e-01
6.038999999999999924e-01
2.278999999999999915e-01
5.439999999999999003e-02
6.869999999999998330e-02
3.989999999999997021e-02
1.189999999999999808e-01
1.162000000000000255e-01
1.706000000000000572e-01
2.134999999999999676e-01
2.296999999999999598e-01
2.508000000000000784e-01
2.001999999999999613e-01
1.276999999999999802e-01
2.727000000000000535e-01
8.100000000000001643e-02
1.767000000000000237e-01
8.809999999999998388e-02
7.199999999999992517e-02
9.960000000000002185e-02
1.238999999999999546e-01
9.110000000000004206e-02
8.150000000000012790e-02
1.700000000000000400e-01
1.392000000000000182e-01
9.900000000000007405e-02
1.361999999999999322e-01
1.072000000000000036e-01
1.082000000000000045e-01
6.799999999999997713e-02
6.340000000000001190e-02
6.230000000000000815e-02
7.400000000000001021e-02
6.449999999999990463e-02
1.328999999999999626e-01
4.022000000000000020e-01
4.159000000000000474e-01
1.550999999999999879e-01
1.944999999999999230e-01
1.113000000000000517e-01
1.364000000000000212e-01
5.910000000000000669e-02
6.350000000000009803e-02
1.253999999999999837e-01
1.148000000000000270e-01
8.140000000000009728e-02
4.660000000000000253e-02
6.179999999999993832e-02
8.240000000000000102e-02
1.318999999999999895e-01
7.260000000000012277e-02
1.194000000000000061e-01
4.149999999999989114e-02
4.230000000000007365e-02
1.111999999999999933e-01
1.367000000000000159e-01
1.124000000000001387e-01
3.380000000000000226e-01
7.170000000000004148e-02
1.530999999999999583e-01
5.289999999999993319e-02
8.590000000000008740e-02
4.729999999999987687e-02
1.002999999999999725e-01
1.030000000000000637e-01
4.930000000000003130e-02
8.230000000000003979e-02
1.600999999999999646e-01
3.070999999999999286e-01
1.980000000000000648e-01
3.781000000000000472e-01
1.827999999999999348e-01
2.122999999999999610e-01
1.424999999999999600e-01
1.376000000000000001e-01
9.910000000000002141e-02
7.780000000000017457e-02
4.619999999999993556e-02
9.230000000000003479e-02
1.740999999999999770e-01
2.748000000000000997e-01
