6.100000000000001255e-02
6.779999999999999916e-02
1.230000000000000121e-01
4.859999999999999043e-02
1.318000000000000005e-01
7.640000000000002345e-02
4.269999999999997409e-02
6.539999999999998592e-02
7.169999999999998597e-02
8.340000000000000191e-02
1.273000000000000242e-01
5.390000000000000346e-02
5.219999999999998946e-02
6.789999999999998814e-02
3.309999999999999748e-02
5.509999999999999620e-02
3.670000000000001039e-02
8.669999999999999929e-02
8.169999999999999485e-02
7.250000000000000888e-02
1.346999999999999587e-01
6.789999999999997427e-02
3.440000000000000696e-02
6.180000000000000077e-02
6.279999999999999472e-02
8.009999999999999065e-02
2.860000000000000736e-02
8.989999999999999380e-02
8.240000000000000102e-02
7.550000000000001155e-02
9.340000000000002467e-02
9.490000000000001212e-02
1.006000000000000227e-01
7.970000000000002083e-02
5.370000000000003243e-02
7.609999999999995934e-02
4.589999999999999636e-02
3.129999999999998062e-02
5.710000000000001880e-02
6.679999999999998439e-02
7.000000000000000666e-02
5.269999999999998297e-02
5.840000000000000746e-02
1.181999999999999995e-01
6.550000000000000266e-02
1.930999999999999661e-01
1.675999999999999990e-01
5.590000000000000524e-02
4.970000000000000112e-02
4.219999999999998752e-02
4.259999999999997122e-02
8.670000000000002705e-02
4.269999999999998797e-02
5.869999999999996748e-02
4.669999999999997070e-02
6.850000000000000533e-02
7.409999999999999920e-02
1.193000000000000171e-01
2.918000000000000038e-01
2.417000000000000259e-01
1.719000000000000250e-01
6.769999999999999629e-02
5.209999999999996578e-02
7.779999999999996640e-02
1.023400000000000087e+00
7.214000000000000412e-01
7.130000000000001614e-02
1.055999999999999717e-01
8.619999999999995721e-02
7.159999999999994147e-02
6.589999999999998637e-02
6.399999999999994582e-02
5.270000000000007317e-02
1.695000000000000118e-01
6.099999999999997785e-02
1.777000000000000801e-01
1.633000000000001117e-01
2.180000000000004157e-02
7.089999999999996305e-02
6.860000000000002207e-02
7.430000000000001881e-02
6.040000000000000924e-02
8.159999999999996423e-02
1.313000000000000278e-01
5.710000000000008125e-02
1.246999999999999220e-01
5.599999999999995259e-02
1.193000000000000865e-01
8.149999999999996136e-02
7.529999999999997806e-02
1.123999999999999722e-01
6.170000000000012280e-02
1.999999999999991715e-02
1.026999999999999857e-01
4.529999999999996529e-02
2.800000000000004569e-02
1.215000000000000108e-01
6.930000000000002824e-02
1.339999999999999802e-01
7.789999999999996927e-02
1.580999999999999628e-01
8.089999999999997193e-02
5.540000000000003255e-02
6.370000000000011764e-02
7.420000000000004370e-02
3.959999999999991999e-02
8.030000000000003801e-02
6.779999999999991589e-02
1.183000000000000579e-01
9.830000000000006788e-02
6.939999999999993396e-02
4.929999999999992721e-02
1.070000000000000395e-01
9.579999999999999627e-02
7.149999999999998024e-02
1.368000000000000049e-01
1.628999999999999893e-01
4.110000000000004622e-02
4.109999999999990050e-02
1.094000000000001360e-01
7.170000000000004148e-02
1.681000000000000272e-01
5.410000000000000919e-02
1.234000000000000374e-01
8.930000000000004601e-02
1.287000000000000088e-01
7.119999999999998552e-02
