3.528000000000000025e-01
2.687000000000000499e-01
4.502000000000000446e-01
6.089999999999998748e-01
3.143999999999999018e-01
2.885999999999999677e-01
4.076000000000000179e-01
1.143000000000000127e-01
1.013999999999999901e-01
5.590000000000000524e-02
7.070000000000001283e-02
4.010000000000001064e-02
1.489999999999998617e-02
5.510000000000001008e-02
5.709999999999999798e-02
2.970000000000000417e-01
9.760000000000002007e-02
7.061999999999999389e-01
2.679000000000000825e-01
1.639999999999999514e-01
1.591000000000000192e-01
2.014700000000000379e+00
4.698999999999999289e-01
1.615000000000000047e-01
1.021000000000000241e-01
5.489999999999995578e-02
2.834999999999999742e-01
1.099000000000000671e-01
5.539999999999994235e-02
9.959999999999996634e-02
4.026999999999999469e-01
1.060999999999999860e-01
1.504000000000000337e-01
1.325999999999999956e-01
1.181999999999999995e-01
1.499000000000000055e-01
1.460999999999999799e-01
2.260000000000000342e-01
1.181999999999999995e-01
1.073999999999999677e-01
1.243000000000000077e-01
1.507000000000000006e-01
1.232000000000000040e-01
1.766999999999999960e-01
1.445000000000000173e-01
1.552400000000000002e+00
1.396700000000000053e+00
4.387999999999999678e-01
3.074999999999998845e-01
2.509000000000000119e-01
1.888000000000000234e-01
9.539999999999998481e-02
7.709999999999996023e-02
5.680000000000003102e-02
2.938999999999999946e-01
3.543999999999999373e-01
1.668000000000000038e-01
1.907999999999999696e-01
4.486999999999999877e-01
1.976800000000000113e+00
5.798999999999999710e-01
9.490000000000001767e-01
1.046000000000000402e-01
4.808000000000000052e-01
3.290999999999999481e-01
2.047999999999999821e-01
7.977999999999998426e-01
3.576599999999999557e+00
5.768500000000000405e+00
1.404899999999999816e+00
6.790000000000000480e-01
8.852999999999999758e-01
3.836000000000001631e-01
5.265999999999999570e-01
8.438999999999998725e-01
6.417000000000001592e-01
7.513000000000000789e-01
1.167999999999999927e+00
8.558999999999998831e-01
5.160000000000001252e-01
2.678999999999998605e-01
3.573000000000000065e-01
2.497999999999999388e-01
1.406000000000000305e-01
1.278099999999999792e+00
2.111399999999999721e+00
6.252999999999999670e-01
7.169999999999998597e-01
7.774000000000000909e-01
2.950000000000000955e-01
4.759999999999999787e-01
5.022000000000002018e-01
2.250000000000000888e-01
1.106999999999998541e-01
7.618000000000000327e-01
2.863999999999999324e-01
1.145000000000000739e-01
2.404999999999997695e-01
3.937000000000001054e-01
4.315999999999999837e-01
1.569000000000000672e-01
7.900999999999999135e-01
4.820000000000000950e-01
1.501999999999998614e-01
3.413000000000000478e-01
1.586000000000000465e-01
3.048000000000001819e-01
4.853000000000001757e-01
1.514999999999999958e-01
8.589999999999990699e-02
1.057999999999998803e-01
4.070000000000005558e-02
1.857999999999999097e-01
1.286299999999999777e+00
3.514999999999999236e-01
5.030000000000001137e-01
1.127000000000001334e-01
4.379000000000000670e-01
1.534199999999999786e+00
1.493499999999999828e+00
1.897599999999999731e+00
1.692900000000000293e+00
3.274700000000000610e+00
6.717999999999999527e-01
7.726999999999999424e-01
5.725999999999999979e-01
3.732000000000001427e-01
