9.459999999999997577e-02
5.600000000000000810e-02
8.579999999999998739e-02
2.449999999999999747e-02
1.130000000000000032e-01
6.369999999999999274e-02
1.970999999999999697e-01
1.099999999999999867e-01
1.019999999999999934e-01
6.310000000000000331e-02
7.970000000000002083e-02
4.159999999999999115e-02
8.920000000000000151e-02
1.088000000000000217e-01
4.120000000000000051e-02
7.299999999999999545e-02
3.010000000000000175e-02
1.272999999999999687e-01
8.349999999999999090e-02
8.899999999999998190e-02
4.910000000000000475e-02
4.679999999999998050e-02
5.630000000000000282e-02
7.530000000000000582e-02
7.320000000000000118e-02
1.414000000000000257e-01
2.449999999999999956e-01
2.024999999999999856e-01
1.428999999999999715e-01
7.789999999999999702e-02
7.929999999999998161e-02
1.153999999999999748e-01
4.810000000000000386e-02
1.710000000000000756e-02
7.150000000000000799e-02
5.920000000000000956e-02
9.519999999999999296e-02
5.879999999999999116e-02
6.050000000000001210e-02
1.634000000000000175e-01
8.119999999999998053e-02
8.200000000000001732e-02
6.669999999999998153e-02
1.286999999999999533e-01
1.136000000000000065e-01
9.819999999999998175e-02
9.289999999999998259e-02
5.589999999999999830e-02
9.380000000000002225e-02
1.476999999999999980e-01
1.063999999999999807e-01
1.786000000000000087e-01
1.465000000000000191e-01
9.630000000000001059e-02
8.512999999999999456e-01
2.280000000000000637e-01
6.399999999999997358e-02
4.389999999999999458e-02
5.849999999999994094e-02
3.490000000000000047e-02
4.579999999999993798e-02
9.889999999999996017e-02
1.294000000000000150e-01
6.830000000000011062e-02
1.233999999999999403e-01
7.249999999999991174e-02
6.010000000000005616e-02
5.030000000000004606e-02
8.449999999999997791e-02
9.119999999999997553e-02
1.130000000000000726e-01
1.219000000000000361e-01
1.735000000000001263e-01
1.213000000000000050e-01
9.449999999999997291e-02
4.720000000000013074e-02
8.560000000000009268e-02
5.200000000000006006e-02
9.269999999999987972e-02
4.229999999999990712e-02
3.880000000000000809e-02
7.050000000000006262e-02
4.316000000000000392e-01
5.090999999999998860e-01
2.882999999999998897e-01
1.426999999999999935e-01
9.059999999999998610e-02
5.769999999999998741e-02
4.669999999999986662e-02
9.349999999999986100e-02
8.759999999999992792e-02
9.289999999999994096e-02
1.243999999999999828e-01
4.750000000000011852e-02
1.229000000000001480e-01
4.770000000000008261e-02
9.840000000000023728e-02
8.130000000000001115e-02
9.300000000000023526e-02
6.700000000000011502e-02
1.034999999999998699e-01
8.469999999999983098e-02
6.629999999999988680e-02
9.250000000000005440e-02
9.010000000000006892e-02
8.850000000000013411e-02
7.380000000000010163e-02
6.570000000000009166e-02
1.766999999999999404e-01
7.189999999999990843e-02
5.989999999999996022e-02
1.301999999999998714e-01
3.297000000000002151e-01
1.387999999999998124e-01
6.949999999999989519e-02
1.155000000000000193e-01
1.106000000000001010e-01
1.069999999999997342e-01
1.328999999999999071e-01
8.980000000000001870e-02
7.489999999999996660e-02
5.070000000000018936e-02
1.176999999999998464e-01
8.940000000000003499e-02
6.200000000000010364e-02
5.659999999999990039e-02
1.570000000000001672e-01
