7.690000000000001001e-02
1.202999999999999903e-01
7.560000000000000053e-02
1.979999999999999469e-02
9.819999999999999563e-02
4.449999999999999789e-02
1.299000000000000155e-01
9.130000000000002003e-02
6.300000000000000044e-02
4.680000000000000826e-02
3.379999999999999671e-02
2.809999999999999651e-02
2.549999999999999489e-02
3.480000000000001148e-02
3.389999999999999264e-02
5.120000000000000245e-02
1.013000000000000012e-01
7.259999999999999787e-02
2.561999999999999833e-01
1.103999999999999981e-01
1.199999999999999956e-01
8.440000000000000280e-02
8.529999999999998694e-02
4.670000000000000540e-02
2.040000000000000147e-02
5.959999999999999326e-02
2.099999999999999922e-01
5.199999999999999761e-02
6.659999999999997866e-02
6.799999999999997713e-02
6.369999999999997886e-02
8.059999999999997722e-02
1.960000000000000631e-02
4.090000000000001273e-02
1.438999999999999724e-01
2.253000000000000280e-01
1.505000000000000226e-01
6.249999999999999306e-02
2.869999999999999774e-01
8.179999999999996996e-02
3.299999999999998768e-02
6.250000000000001388e-02
2.559999999999999082e-02
3.280000000000000970e-02
7.310000000000003995e-02
8.769999999999997242e-02
5.519999999999998519e-02
5.129999999999999838e-02
1.116000000000000325e-01
2.690000000000003152e-02
7.570000000000001728e-02
5.939999999999997365e-02
4.250000000000000305e-02
2.750000000000002442e-02
1.723000000000000087e-01
1.495000000000000495e-01
9.040000000000002200e-02
5.809999999999998499e-02
5.220000000000003110e-02
2.289999999999997593e-02
3.509999999999998538e-02
7.029999999999998750e-02
1.130000000000000032e-01
9.579999999999999627e-02
1.122999999999999970e-01
4.719999999999993645e-02
5.480000000000000149e-02
4.810000000000001774e-02
2.140000000000000582e-02
5.419999999999994961e-02
3.839999999999999664e-02
8.719999999999998586e-02
7.310000000000006770e-02
1.919999999999998791e-02
1.272999999999999410e-01
5.810000000000000581e-02
7.589999999999996749e-02
5.230000000000001315e-02
7.429999999999997717e-02
6.879999999999998617e-02
4.879999999999998228e-02
5.679999999999993388e-02
4.780000000000002303e-02
1.334999999999999520e-01
2.816000000000000725e-01
4.387999999999999678e-01
1.310999999999999388e-01
4.940000000000004804e-02
4.020000000000007595e-02
3.030499999999999972e+00
9.271000000000001462e-01
1.341999999999999305e-01
5.209999999999994497e-02
2.929999999999989210e-02
7.550000000000012257e-02
4.695000000000000839e-01
1.189999999999999947e+00
6.669999999999991214e-02
1.132000000000000228e-01
4.949999999999991906e-02
1.756000000000000338e-01
5.699999999999994654e-02
3.349999999999993261e-02
4.580000000000000737e-02
4.349999999999999700e-02
3.089999999999978181e-02
3.130000000000014715e-02
8.949999999999985745e-02
7.720000000000004636e-02
2.040000000000002922e-02
9.490000000000008151e-02
3.630000000000004057e-02
5.200000000000013639e-02
8.460000000000010567e-02
7.139999999999993574e-02
1.114000000000000129e-01
8.160000000000003362e-02
9.110000000000000042e-02
6.390000000000010949e-02
3.903000000000000913e-01
5.389000000000000457e-01
7.189999999999996394e-02
1.171999999999999847e-01
8.759999999999992792e-02
3.440000000000001390e-02
3.560000000000004827e-02
3.710000000000008430e-02
