2.333999999999999964e-01
1.837999999999999912e-01
1.186000000000000110e-01
2.209999999999999742e-01
3.555000000000000382e-01
2.396999999999999964e-01
3.744999999999999440e-01
1.720999999999999752e-01
2.254000000000000170e-01
1.741000000000000048e-01
1.028999999999999915e-01
5.150000000000000411e-02
8.970000000000000195e-02
7.160000000000001086e-02
7.710000000000001574e-02
2.480000000000000954e-02
1.414999999999999869e-01
9.470000000000000639e-02
1.043000000000000038e-01
3.759999999999999454e-02
5.549999999999998684e-02
1.266999999999999793e-01
1.038000000000000034e-01
2.203000000000000236e-01
1.183000000000000163e-01
1.557999999999999940e-01
1.257999999999999952e-01
1.215999999999999998e-01
1.315999999999999948e-01
9.509999999999999010e-02
4.259999999999998510e-02
6.379999999999999560e-02
9.539999999999999869e-02
6.710000000000000686e-02
6.170000000000000484e-02
5.120000000000000939e-02
2.411000000000000365e-01
1.865000000000000269e-01
7.419999999999998819e-02
7.112999999999999323e-01
5.548999999999999488e-01
1.049999999999999545e-01
5.360000000000005038e-02
7.139999999999999125e-02
1.345999999999999974e-01
6.229999999999998039e-02
1.527000000000000024e-01
1.760999999999999788e-01
1.207999999999999630e-01
8.630000000000000171e-02
1.534999999999999976e-01
2.662999999999999812e-01
1.369999999999999829e-01
2.789999999999999425e-02
6.660000000000000642e-02
5.030000000000004606e-02
1.226999999999999619e-01
3.480000000000003924e-02
1.607000000000000095e-01
6.850000000000006084e-02
8.610000000000000986e-02
1.532000000000000028e-01
9.249999999999999889e-02
7.170000000000001372e-02
1.581000000000000183e-01
4.840000000000004021e-02
9.999999999999999167e-02
3.739999999999994024e-02
3.850000000000002032e-02
6.479999999999999649e-02
4.510000000000000120e-02
4.819999999999998591e-02
7.319999999999998730e-02
1.308999999999999608e-01
6.230000000000003590e-02
5.090000000000002162e-02
9.439999999999997005e-02
4.920000000000000762e-02
1.570999999999999619e-01
7.439999999999999392e-02
8.930999999999998940e-01
6.688999999999999391e-01
8.475999999999999091e-01
1.365000000000000102e-01
1.679999999999999827e-01
2.131000000000000116e-01
1.275000000000000022e-01
7.549999999999998379e-02
6.200000000000005507e-02
5.520000000000000601e-02
1.360999999999999710e-01
1.758000000000000118e-01
6.749999999999997669e-02
3.063000000000000167e-01
1.767000000000000237e-01
1.286000000000001031e-01
6.279999999999999472e-02
1.323999999999999622e-01
8.309999999999995168e-02
1.229000000000000647e-01
1.252000000000000612e-01
1.282000000000000084e-01
1.404999999999999860e-01
1.226000000000000978e-01
2.182000000000000606e-01
1.682000000000000717e-01
1.655999999999999972e-01
1.259000000000000397e-01
1.091000000000000025e-01
4.266000000000000347e-01
2.021000000000000019e-01
3.141300000000000203e+00
1.041099999999999914e+00
2.333999999999999964e-01
1.904999999999998639e-01
1.908999999999999586e-01
4.189999999999980546e-02
1.491999999999998050e-01
5.719999999999991064e-02
1.831000000000000960e-01
9.779999999999985927e-02
1.038999999999999924e-01
8.480000000000005589e-02
6.919999999999988660e-02
1.158000000000001112e-01
7.269999999999987583e-02
7.339999999999997915e-02
