1.706000000000000016e-01
5.950000000000001121e-02
2.185000000000000275e-01
1.931999999999999829e-01
1.703000000000000069e-01
2.326000000000000012e-01
4.165999999999999703e-01
3.382999999999999896e-01
1.995999999999999996e-01
2.061999999999999944e-01
5.609999999999999709e-02
2.883000000000000007e-01
2.536999999999999811e-01
1.832999999999999907e-01
1.904999999999999749e-01
2.204000000000000126e-01
2.731000000000000094e-01
1.056999999999999884e-01
4.354999999999999982e-01
3.096999999999999753e-01
4.392000000000000348e-01
6.629999999999998395e-02
1.387000000000000455e-01
1.633999999999999619e-01
7.487999999999999101e-01
4.941999999999999726e-01
9.024999999999999689e-01
7.117999999999999883e-01
4.674000000000000377e-01
9.990000000000005820e-02
1.727000000000000202e-01
1.188000000000000445e-01
1.897999999999999965e-01
3.286000000000000587e-01
1.014000000000000179e-01
1.768999999999999739e-01
1.091000000000000025e-01
1.565000000000000280e-01
6.550000000000003042e-02
2.067999999999998728e-01
1.399999999999999578e-01
1.237999999999999379e-01
5.389999999999998265e-02
1.253000000000000225e-01
1.918000000000000260e-01
1.792999999999999872e-01
1.353000000000000314e-01
4.209999999999996384e-02
1.814999999999999669e-01
2.176000000000000711e-01
9.034000000000000918e-01
4.895999999999999241e-01
1.529999999999999971e-01
9.209999999999983478e-02
7.110000000000007980e-02
9.540000000000006808e-02
9.520000000000004847e-02
1.745999999999999497e-01
1.378999999999999948e-01
1.367999999999999772e-01
1.069999999999999285e-01
1.693000000000001448e-01
2.787799999999999834e+00
1.008399999999999963e+00
1.919799999999999951e+00
8.213000000000000300e-01
1.242099999999999982e+00
1.516999999999999738e-01
1.373000000000001442e-01
2.177000000000001712e-01
1.817000000000001669e-01
8.654000000000000581e-01
4.247000000000000219e-01
2.442999999999999894e-01
7.301999999999998492e-01
3.690999999999999281e-01
2.105999999999998706e-01
1.388000000000001177e-01
1.253999999999999559e-01
2.043000000000001204e-01
2.286000000000000532e-01
6.630000000000001448e-01
1.102999999999999120e-01
3.661700000000000177e+00
1.122900000000000009e+00
6.578999999999998183e-01
2.746000000000000663e-01
3.463999999999998747e-01
4.062999999999997724e-01
2.056999999999997997e-01
3.309999999999999609e-01
1.436999999999999111e-01
1.362000000000000155e-01
2.061000000000001720e-01
1.699999999999999012e-01
5.130000000000006777e-02
1.289000000000002366e-01
1.240000000000001934e-01
1.804999999999997717e-01
1.095000000000001944e-01
9.900000000000003242e-02
2.472000000000000586e-01
4.723999999999999866e-01
1.416000000000001424e-01
2.305999999999998884e-01
3.472000000000000086e-01
3.053000000000000158e-01
3.734999999999999432e-01
4.826000000000001400e-01
1.359999999999998987e-01
1.376999999999998781e-01
1.923999999999999044e-01
1.618000000000001659e-01
9.790000000000005642e-02
2.238999999999999324e-01
1.280999999999998806e-01
8.860000000000027576e-02
1.727000000000001867e-01
1.291999999999998150e-01
1.521000000000001795e-01
2.751000000000001777e-01
7.020000000000023443e-02
1.864999999999999158e-01
4.840000000000017205e-02
1.503000000000001002e-01
9.219999999999986540e-02
9.379999999999996674e-02
