2.197999999999999954e-01
3.885999999999999455e-01
2.161999999999999755e-01
1.816000000000000114e-01
1.948000000000000009e-01
2.343999999999999972e-01
8.919999999999998763e-02
1.977000000000000146e-01
2.340000000000000135e-01
1.233999999999999819e-01
1.175999999999999823e-01
1.357999999999999763e-01
1.945000000000000062e-01
2.323000000000000065e-01
1.960999999999999965e-01
1.360999999999999988e-01
4.519999999999999574e-01
2.515000000000000013e-01
1.035000000000000087e-01
1.060000000000000248e-01
1.986999999999999322e-01
2.460999999999999854e-01
3.024999999999999911e-01
2.145999999999999575e-01
3.749000000000000110e-01
1.296000000000000207e-01
3.301000000000000600e-01
1.225999999999999313e-01
1.310999999999999388e-01
1.690999999999999726e-01
9.350000000000011080e-02
2.487999999999999379e-01
1.536999999999999755e-01
3.194999999999999507e-01
1.798999999999998933e-01
2.100999999999999535e-01
7.840000000000010849e-02
2.422999999999999876e-01
1.188999999999999779e-01
1.471600000000000019e+00
8.245000000000000107e-01
9.399999999999994471e-02
3.847000000000000419e-01
1.058899999999999952e+00
9.879000000000000004e-01
4.274999999999999911e-01
1.331999999999996520e-01
4.279000000000000026e-01
1.616000000000001324e-01
1.440000000000000446e-01
2.150000000000001910e-01
2.590999999999999970e-01
1.480000000000001315e-01
4.136000000000003007e-01
3.246999999999998221e-01
1.121899999999999897e+00
6.466999999999998305e-01
1.316000000000002168e-01
2.199000000000001509e-01
9.081000000000002403e-01
1.545499999999999652e+00
6.292999999999999705e-01
2.157000000000000028e-01
1.795000000000002149e-01
3.885000000000000120e-01
2.028999999999998305e-01
2.376999999999996338e-01
4.515999999999997794e-01
4.199000000000002730e-01
8.860000000000005371e-02
2.014999999999997904e-01
1.618000000000000549e-01
2.735000000000004095e-01
2.512999999999999678e-01
4.325999999999999845e-01
3.662999999999997369e-01
4.530999999999999472e-01
2.267000000000001236e-01
3.587999999999997858e-01
3.644999999999999352e-01
1.926000000000000489e-01
3.400999999999996803e-01
4.944000000000001727e-01
2.124999999999998279e-01
1.786000000000002585e-01
1.713000000000002854e-01
2.677400000000000002e+00
2.680200000000000582e+00
3.517999999999996130e-01
2.023000000000008680e-01
3.598000000000003973e-01
1.267000000000002846e-01
1.956999999999993189e-01
2.400999999999994250e-01
2.571999999999998732e-01
2.122999999999997667e-01
1.152000000000005658e-01
4.764999999999998681e-01
8.973999999999997534e-01
8.780000000000005578e-01
2.779999999999999138e-01
3.921999999999996045e-01
3.408000000000002694e-01
1.654000000000000470e-01
2.895000000000000351e-01
1.920000000000004203e-01
8.709000000000002295e-01
5.379000000000002668e-01
6.537999999999994927e-01
4.897999999999997356e-01
6.001000000000006329e-01
1.925999999999999379e-01
7.440000000000035474e-02
1.281000000000005745e-01
1.673999999999996047e-01
9.689999999999958369e-02
9.519999999999977092e-02
7.449999999999969147e-02
1.266000000000007397e-01
1.302000000000002877e-01
5.288999999999997037e-01
2.411999999999999422e-01
2.751999999999995006e-01
3.222000000000003750e-01
7.970000000000013185e-02
1.001000000000001888e-01
5.740000000000033964e-02
