1.830999999999999850e-01
2.919999999999999818e-01
1.222000000000000031e-01
3.359999999999999654e-01
4.729999999999999760e-01
6.708999999999999408e-01
6.922999999999999154e-01
5.480000000000000426e-01
2.786000000000000698e-01
2.851999999999999535e-01
1.819000000000000339e-01
7.491999999999998661e-01
6.579000000000000403e-01
7.689000000000000279e-01
5.210000000000000187e-01
3.578000000000001180e-01
2.332999999999999519e-01
2.283000000000000029e-01
3.927999999999999825e-01
1.123699999999999921e+00
4.017000000000000570e-01
2.915999999999999703e-01
4.502999999999999781e-01
1.927000000000000657e-01
2.249999999999994366e-02
8.059999999999994946e-02
2.246000000000001051e-01
1.170000000000000068e-01
3.650000000000002548e-02
9.279999999999997973e-02
1.300000000000001155e-01
1.210000000000000520e-01
1.160000000000000475e-01
2.112000000000000266e-01
2.655000000000000693e-01
1.784999999999998532e-01
1.982000000000000706e-01
2.446999999999999453e-01
1.491000000000000658e-01
1.671999999999999598e-01
1.843999999999999528e-01
9.949999999999993572e-02
5.120000000000000107e-01
6.496999999999999442e-01
4.523000000000000353e-01
5.071999999999999842e-01
8.200000000000004508e-02
1.755999999999999228e-01
8.669999999999999929e-02
2.257999999999999730e-01
1.814999999999999947e-01
1.538999999999999813e-01
5.774999999999999023e-01
6.679999999999999272e-01
1.006999999999999562e-01
2.836999999999999522e-01
4.043999999999999262e-01
2.679000000000001935e-01
4.128000000000000558e-01
3.056000000000000383e-01
4.959999999999999409e-01
4.943000000000000171e-01
4.259000000000000008e-01
2.445000000000000506e-01
1.742000000000000215e-01
4.549999999999997102e-02
1.051000000000000684e-01
1.563000000000000222e-01
3.113999999999999546e-01
8.869999999999997331e-02
8.390000000000000235e-02
5.670000000000006979e-02
7.310000000000003995e-02
9.159999999999998699e-02
1.668999999999999373e-01
1.411999999999999367e-01
1.441999999999999671e-01
1.331999999999999296e-01
1.384000000000000230e-01
8.029999999999995475e-02
4.180000000000004545e-02
1.136999999999999955e-01
1.304000000000000159e-01
1.321999999999999564e-01
2.012000000000000177e-01
1.245000000000000134e-01
1.591000000000000192e-01
3.152999999999999137e-01
2.242999999999999161e-01
1.537000000000000310e-01
2.748999999999999222e-01
5.680000000000006571e-02
1.175999999999999268e-01
2.557000000000000384e-01
1.346000000000001084e-01
2.864000000000000989e-01
4.251999999999999669e-01
6.234000000000001762e-01
2.970999999999999752e-01
7.009999999999996789e-02
1.677000000000000712e-01
1.810000000000000497e-01
2.687999999999999834e-01
1.467999999999999028e-01
3.998999999999999777e-01
2.094999999999999640e-01
1.603999999999999593e-01
4.014999999999999680e-01
1.724999999999999867e-01
8.299999999999997657e-02
3.822999999999999732e-01
2.138000000000000178e-01
3.634000000000001118e-01
2.714999999999999636e-01
2.527000000000000357e-01
2.117000000000000548e-01
7.852000000000000091e-01
7.033000000000000362e-01
3.383000000000000451e-01
5.684000000000000163e-01
2.014000000000000790e-01
2.163000000000000478e-01
1.279000000000000137e-01
3.173999999999999044e-01
1.623000000000000553e-01
2.821000000000000174e-01
1.718000000000000360e-01
