1.172000000000000125e-01
2.330000000000000127e-01
8.069999999999999396e-02
4.874999999999999334e-01
9.219999999999999030e-02
3.219999999999999529e-01
5.047000000000000375e-01
2.937999999999999501e-01
1.973000000000000309e-01
1.457000000000000239e-01
2.215000000000000024e-01
2.379000000000000004e-01
1.415999999999999759e-01
3.208000000000000296e-01
2.783999999999999808e-01
2.410000000000000475e-01
2.193000000000000504e-01
1.962999999999999745e-01
8.430000000000005544e-02
2.165999999999999592e-01
4.309999999999994391e-02
5.239999999999994662e-02
5.039999999999994484e-02
2.865999999999999659e-01
9.460000000000005904e-02
6.549999999999997491e-02
1.300000000000000044e-01
2.070000000000000728e-01
1.155999999999999944e-01
2.247999999999999998e-01
1.307999999999999996e-01
1.058000000000000190e-01
8.990000000000007707e-02
1.294999999999999762e-01
7.870000000000004770e-02
6.949999999999995071e-02
3.599999999999999034e-02
4.179999999999996912e-02
4.779999999999999527e-02
6.299999999999997269e-02
1.677000000000000990e-01
1.002000000000000390e-01
1.146000000000000074e-01
7.109999999999995490e-02
1.087000000000000466e-01
3.335000000000000187e-01
2.201999999999999791e-01
1.578000000000000236e-01
2.386999999999999955e-01
2.406000000000000083e-01
2.600000000000000089e-01
2.585000000000000631e-01
4.044000000000000372e-01
6.512999999999999901e-01
1.038400000000000212e+00
2.094000000000000861e-01
1.754000000000000004e-01
9.608999999999999764e-01
2.182000000000001716e-01
2.116999999999999993e-01
2.154999999999999138e-01
2.530000000000000582e-01
3.044000000000000594e-01
1.858999999999998709e-01
1.648000000000000853e-01
1.419000000000000261e-01
1.640000000000000346e-01
8.119999999999996665e-02
8.690000000000006053e-02
2.441000000000000392e-01
7.009999999999996789e-02
1.778999999999999471e-01
5.430000000000004268e-02
2.352999999999999536e-01
1.931000000000000771e-01
1.075999999999999041e-01
1.812999999999999334e-01
8.710000000000001075e-02
1.356000000000000816e-01
1.565999999999999337e-01
3.210000000000007292e-02
1.154999999999999083e-01
9.190000000000003721e-02
7.849999999999993094e-02
8.400000000000000522e-02
4.291999999999999704e-01
1.701999999999999624e-01
2.352999999999999814e-01
1.655999999999999972e-01
1.533999999999999808e-01
1.814000000000000612e-01
7.850000000000006972e-02
3.986999999999998323e-01
5.810000000000013765e-02
2.969999999999999307e-01
1.692000000000000448e-01
1.008999999999999481e-01
1.868000000000000216e-01
8.059999999999988007e-02
7.509999999999998621e-02
2.338000000000000078e-01
6.839999999999990532e-02
1.970000000000001195e-01
4.550000000000002653e-02
2.387000000000001343e-01
9.539999999999987379e-02
4.391000000000001013e-01
2.538000000000000256e-01
2.443000000000001282e-01
1.315000000000000613e-01
1.692000000000001281e-01
1.163000000000000284e-01
8.589999999999999025e-02
4.679999999999998050e-02
8.779999999999989202e-02
8.790000000000011693e-02
3.432999999999999940e-01
4.966999999999999749e-01
9.825999999999999179e-01
1.137999999999999901e+00
4.879999999999999893e-01
7.750000000000000222e-01
7.113999999999999213e-01
5.382000000000000117e-01
5.792999999999999261e-01
2.097399999999999931e+00
1.480399999999999716e+00
