1.010000000000000064e-01
1.116000000000000048e-01
1.121999999999999803e-01
8.440000000000000280e-02
8.160000000000000586e-02
2.182000000000000328e-01
1.212000000000000161e-01
4.479999999999999261e-02
1.026999999999999996e-01
9.500000000000000111e-02
1.258999999999999841e-01
1.113999999999999851e-01
1.131999999999999951e-01
9.069999999999998896e-02
1.187000000000000000e-01
8.809999999999999776e-02
8.470000000000001139e-02
1.873999999999999833e-01
4.970000000000000806e-02
6.739999999999997382e-02
1.033000000000000029e-01
1.023999999999999910e-01
7.430000000000000493e-02
1.065999999999999864e-01
7.989999999999999880e-02
8.669999999999995766e-02
4.969999999999995255e-02
3.240000000000003988e-02
4.050000000000000128e-02
4.289999999999999369e-02
4.769999999999996465e-02
5.250000000000001887e-02
8.939999999999999336e-02
5.769999999999999435e-02
3.569999999999994705e-02
4.839999999999997776e-02
7.679999999999995164e-02
5.740000000000000657e-02
5.869999999999998136e-02
8.869999999999995943e-02
1.189000000000000334e-01
6.300000000000001432e-02
8.739999999999996383e-02
9.649999999999996081e-02
7.339999999999999303e-02
1.093999999999999972e-01
9.770000000000002294e-02
6.629999999999999782e-02
1.548999999999999821e-01
1.050000000000000100e-01
1.563999999999999835e-01
3.320000000000004198e-02
7.059999999999996834e-02
8.050000000000001599e-02
9.960000000000002185e-02
1.297999999999999987e-01
6.659999999999999254e-02
1.070999999999999869e-01
3.082999999999999630e-01
1.882999999999999674e-01
2.133000000000000174e-01
1.582999999999999963e-01
4.269999999999996715e-02
7.491999999999999771e-01
2.903000000000000025e-01
1.576999999999999513e-01
8.690000000000004665e-02
3.230000000000001620e-02
1.749999999999999889e-01
1.416999999999999926e-01
1.292000000000000093e-01
1.156000000000000222e-01
7.619999999999996221e-02
1.337000000000000133e-01
1.201000000000000262e-01
8.310000000000000719e-02
1.382999999999999785e-01
9.420000000000004758e-02
7.509999999999994458e-02
1.991999999999999882e-01
2.201999999999999791e-01
1.137000000000000094e-01
5.730000000000000371e-02
9.370000000000006102e-02
6.550000000000000266e-02
1.226000000000000145e-01
1.085000000000000270e-01
1.567999999999999949e-01
7.729999999999997984e-02
1.306999999999999551e-01
4.829999999999994714e-02
7.719999999999999085e-02
1.341999999999999305e-01
3.229999999999996763e-02
6.709999999999999298e-02
2.710000000000001297e-02
9.679999999999992777e-02
7.839999999999998359e-02
6.270000000000001961e-02
9.389999999999998348e-02
7.880000000000002280e-02
8.940000000000000724e-02
9.269999999999997686e-02
5.419999999999997042e-02
5.279999999999998583e-02
3.550000000000005929e-02
7.730000000000000759e-02
4.609999999999998127e-02
6.890000000000005842e-02
5.079999999999997018e-02
3.760000000000002229e-02
5.209999999999998660e-02
9.210000000000001519e-02
4.160000000000001197e-02
2.829999999999993632e-02
1.542999999999999927e-01
1.798000000000000709e-01
9.380000000000002225e-02
9.650000000000001632e-02
7.830000000000003624e-02
4.650000000000004130e-02
1.298999999999999044e-01
9.850000000000004585e-02
6.649999999999992029e-02
7.779999999999996640e-02
1.180999999999999966e-01
1.067499999999999893e+00
