7.501999999999999780e-01
2.854999999999999760e-01
2.106999999999999984e-01
1.819999999999999951e-01
1.731999999999999096e-01
1.653000000000000580e-01
2.979999999999999316e-01
4.077999999999999403e-01
1.778999999999999748e-01
3.239999999999999547e-01
3.612000000000000766e-01
1.722999999999999532e-01
1.879999999999999172e-01
1.828999999999998960e-01
3.270000000000013174e-02
2.389000000000001400e-01
1.537000000000001421e-01
1.070999999999999869e-01
1.668000000000000593e-01
9.399999999999997247e-02
1.736000000000001708e-01
9.590000000000013791e-02
2.408999999999999475e-01
1.147999999999997772e-01
1.254000000000000947e-01
2.218000000000001082e-01
1.464000000000000856e-01
1.885999999999999344e-01
9.170000000000003149e-02
1.988000000000000322e-01
1.745000000000000162e-01
1.934000000000000441e-01
1.054000000000001047e-01
1.375000000000000666e-01
1.170000000000000484e-01
4.076000000000000179e-01
6.107000000000000206e-01
2.045000000000001816e-01
1.224000000000000921e-01
1.609999999999999487e-01
1.470000000000002416e-01
1.956999999999999018e-01
1.587000000000000632e-01
1.933999999999999331e-01
3.732000000000000317e-01
3.832999999999998630e-01
2.541999999999999815e-01
2.038999999999999979e-01
2.378000000000000391e-01
2.300999999999999157e-01
7.390000000000002123e-02
1.425999999999999768e-01
1.119999999999999052e-01
3.249999999999993172e-02
1.309999999999998943e-01
3.505000000000000893e-01
1.717000000000001303e-01
1.804699999999999971e+00
8.575000000000002620e-01
3.294000000000000261e-01
2.942999999999998950e-01
1.228000000000000064e-01
1.258000000000000229e-01
7.660000000000016795e-02
9.069999999999994733e-02
1.995999999999998331e-01
1.027999999999998360e-01
7.197000000000001174e-01
4.549999999999999045e-01
1.395000000000000129e-01
1.475000000000002975e-01
6.158000000000004581e-01
2.109999999999999654e-01
5.716000000000001080e-01
4.507299999999999862e+00
2.223199999999999843e+00
2.661000000000000587e-01
2.398999999999999466e-01
2.026000000000000578e-01
2.283000000000001972e-01
1.147000000000000935e-01
1.477999999999998759e-01
1.817999999999999894e-01
7.270000000000007012e-02
1.005000000000002142e-01
1.985000000000001763e-01
1.662999999999998646e-01
7.820000000000000562e-02
1.539999999999999147e-01
2.000000000000001221e-01
1.115000000000000019e-01
1.130000000000001420e-01
5.520000000000004070e-02
1.140000000000000735e-01
1.274999999999999467e-01
5.110000000000002041e-02
1.860999999999999877e-01
1.090999999999999331e-01
1.406999999999998807e-01
5.839999999999992419e-02
7.769999999999997742e-02
1.019000000000000183e-01
1.338000000000000300e-01
5.419999999999988716e-02
1.344999999999999529e-01
8.880000000000015659e-02
2.392999999999997907e-01
1.416000000000001147e-01
9.160000000000007025e-02
3.576000000000000290e-01
3.966999999999999416e-01
1.952000000000001512e-01
7.709999999999997411e-02
1.278999999999999859e-01
2.515000000000001679e-01
4.785000000000000364e-01
3.683000000000001273e-01
1.117000000000000492e-01
2.848999999999999311e-01
1.808000000000000718e-01
8.890000000000017333e-02
5.639999999999995017e-02
7.649999999999992917e-02
2.609999999999992881e-02
1.108000000000000651e-01
2.296999999999999598e-01
2.208000000000000795e-01
