2.190999999999999892e-01
3.351999999999999980e-01
2.878999999999999893e-01
7.919999999999999263e-02
1.436000000000000054e-01
1.210000000000000103e-01
1.716999999999999915e-01
1.027000000000000135e-01
8.180000000000001159e-02
1.892999999999999960e-01
8.640000000000000457e-02
5.230000000000000621e-02
6.920000000000001150e-02
5.919999999999998874e-02
2.421999999999999986e-01
1.645999999999999963e-01
1.511000000000000121e-01
1.021000000000000241e-01
2.571999999999999842e-01
1.678999999999999937e-01
2.765000000000000235e-01
1.995000000000000107e-01
8.079999999999999682e-02
2.364999999999999880e-01
1.270999999999999908e-01
1.980000000000000093e-01
7.520000000000000295e-02
1.273999999999999577e-01
2.358999999999999986e-01
1.688999999999999946e-01
8.519999999999999796e-02
1.882000000000000062e-01
1.795999999999999819e-01
1.410000000000000142e-01
3.608999999999999986e-01
1.411999999999999922e-01
2.684000000000000274e-01
1.549999999999999989e-01
9.730000000000001148e-02
1.769000000000000017e-01
1.235000000000000264e-01
6.300000000000002820e-02
1.697999999999999510e-01
1.734000000000000263e-01
2.978000000000000091e-01
1.734999999999999876e-01
1.702999999999999792e-01
2.550999999999999934e-01
2.533000000000000251e-01
1.585000000000000298e-01
8.959999999999999909e-02
1.626000000000000223e-01
1.359000000000000208e-01
1.358000000000000040e-01
6.480000000000001037e-02
5.679999999999997551e-02
9.210000000000001519e-02
2.209000000000000408e-01
1.463000000000000134e-01
2.918999999999999928e-01
1.850000000000000255e-01
2.016000000000000014e-01
1.284000000000000419e-01
2.310000000000000386e-01
1.172000000000000264e-01
1.589000000000000135e-01
9.799999999999997602e-02
1.744000000000000550e-01
1.523999999999999799e-01
4.586000000000000076e-01
2.146000000000000407e-01
2.733999999999999764e-01
1.537999999999999923e-01
1.625999999999999668e-01
1.648000000000000298e-01
5.025000000000000577e-01
3.195999999999999952e-01
2.711999999999999966e-01
2.188999999999999557e-01
1.599000000000000143e-01
1.806999999999999718e-01
1.474000000000000032e-01
1.797999999999999599e-01
2.705999999999999517e-01
1.804999999999999938e-01
1.416999999999999649e-01
3.183000000000000274e-01
2.371999999999999942e-01
2.211000000000000187e-01
1.735000000000000431e-01
1.097999999999999809e-01
2.336000000000000298e-01
7.060000000000002385e-02
9.550000000000000155e-02
7.269999999999998685e-02
1.958000000000000296e-01
1.067000000000000032e-01
2.384000000000000286e-01
1.120000000000000162e-01
1.803000000000000436e-01
2.147999999999999632e-01
2.382999999999999563e-01
1.338000000000000023e-01
1.344999999999999807e-01
2.200999999999999901e-01
1.100000000000000006e-01
2.610000000000000098e-01
7.640000000000002345e-02
3.097199999999999953e+00
3.300200000000000244e+00
3.275000000000000133e-01
2.501999999999999780e-01
2.245999999999999941e-01
1.746999999999999942e-01
1.325000000000000344e-01
2.440999999999999837e-01
1.840000000000000246e-01
3.165000000000000036e-01
1.116000000000000603e-01
2.579000000000000736e-01
2.953000000000000624e-01
1.071000000000000285e-01
2.651999999999999913e-01
1.022000000000000269e-01
1.591000000000000747e-01
2.023000000000000076e-01
1.223000000000000198e-01
