1.312000000000000111e-01
7.739999999999999658e-02
7.580000000000000626e-02
5.960000000000000020e-02
1.189000000000000057e-01
1.160000000000000059e-01
9.169999999999998985e-02
3.500000000000000333e-02
5.729999999999999677e-02
5.670000000000000040e-02
2.039999999999999453e-02
5.539999999999999092e-02
7.620000000000000384e-02
1.053999999999999937e-01
1.014000000000000179e-01
1.539999999999999980e-01
3.557999999999998941e-01
1.160999999999999949e-01
2.779999999999998445e-02
8.970000000000000195e-02
2.260000000000002979e-02
5.480000000000000149e-02
3.529999999999999805e-02
6.510000000000001896e-02
1.743000000000000382e-01
4.590000000000001024e-02
6.089999999999999580e-02
9.290000000000001035e-02
5.400000000000000633e-02
5.550000000000000766e-02
1.111000000000000043e-01
2.520999999999999908e-01
2.267000000000000126e-01
1.336999999999999855e-01
1.611000000000000210e-01
1.121999999999999803e-01
7.320000000000002893e-02
4.529999999999999305e-02
1.674000000000000488e-01
6.980000000000002869e-02
3.929999999999995997e-02
7.409999999999995757e-02
6.239999999999999714e-02
8.230000000000002591e-02
6.030000000000001331e-02
5.659999999999996978e-02
4.620000000000001883e-02
4.290000000000000757e-02
4.849999999999997369e-02
6.409999999999997644e-02
6.110000000000001541e-02
6.950000000000000622e-02
1.316399999999999793e+00
1.736599999999999921e+00
6.593999999999999861e-01
3.801999999999999269e-01
6.249999999999997224e-02
1.034999999999999809e-01
8.550000000000000655e-02
1.038000000000000589e-01
5.810000000000007520e-02
6.079999999999995131e-02
1.138000000000000678e-01
7.149999999999996636e-02
3.420000000000002205e-02
4.590000000000002411e-02
7.069999999999998508e-02
1.312000000000000388e-01
6.079999999999998600e-02
4.839999999999998470e-02
4.290000000000009084e-02
1.183000000000001689e-01
1.851999999999998925e-01
1.375000000000000111e-01
4.689999999999999031e-02
3.190000000000000474e-02
5.929999999999997773e-02
1.009000000000000452e-01
7.350000000000005140e-02
5.780000000000001803e-02
4.609999999999984943e-02
6.449999999999997402e-02
5.529999999999998112e-02
6.829999999999999960e-02
6.349999999999994538e-02
7.859999999999997544e-02
1.966000000000000525e-01
9.440000000000003944e-02
1.496000000000000107e-01
2.045999999999999763e-01
6.699999999999997624e-02
1.857999999999999374e-01
4.158000000000000029e-01
4.059999999999999026e-02
7.349999999999998201e-02
5.159999999999995840e-02
3.820000000000002560e-02
3.580000000000004706e-02
1.076999999999999902e-01
3.760000000000001535e-02
5.440000000000003860e-02
2.959999999999993192e-02
6.260000000000004450e-02
7.909999999999997589e-02
5.589999999999996361e-02
4.709999999999996134e-02
3.589999999999998748e-02
6.169999999999997708e-02
4.929999999999998272e-02
4.140000000000004787e-02
6.710000000000002074e-02
4.109999999999996989e-02
4.610000000000009923e-02
4.300000000000005207e-02
2.229999999999998650e-02
6.329999999999998128e-02
6.070000000000003171e-02
2.390000000000002539e-02
4.999999999999994033e-02
8.719999999999991647e-02
7.930000000000000937e-02
1.106000000000000039e-01
2.005999999999999450e-01
4.220000000000002222e-02
4.229999999999997651e-02
8.970000000000011298e-02
1.264000000000000123e-01
8.160000000000000586e-02
6.729999999999991545e-02
3.020000000000006013e-02
3.510000000000002007e-02
5.969999999999994755e-02
3.499999999999997558e-02
3.490000000000006292e-02
1.012000000000000122e-01
1.923999999999999599e-01
7.530000000000007521e-02
1.945999999999999952e-01
2.103999999999999204e-01
1.485000000000000209e-01
1.132999999999999563e-01
1.120999999999999497e-01
1.140999999999999376e-01
1.084999999999999853e-01
4.750000000000011158e-02
6.519999999999998019e-02
1.219000000000000916e-01
9.300000000000005485e-02
7.799999999999997213e-02
7.390000000000000735e-02
5.009999999999999870e-02
6.329999999999993965e-02
2.697000000000000508e-01
2.705000000000000737e-01
5.417999999999999483e-01
