1.690000000000000113e-01
2.474000000000000088e-01
2.532999999999999696e-01
1.740999999999999770e-01
1.753999999999999726e-01
1.052000000000000018e-01
1.153000000000000136e-01
2.062999999999999834e-01
4.909999999999999920e-01
5.941999999999999504e-01
5.070999999999999952e-01
2.480000000000000815e-01
1.926999999999999824e-01
1.147999999999999715e-01
1.955999999999999406e-01
1.866000000000000991e-01
1.261000000000001009e-01
3.107999999999999652e-01
5.878999999999999782e-01
5.139000000000000234e-01
1.869000000000000106e-01
2.247000000000000663e-01
1.087999999999999245e-01
3.618000000000000105e-01
4.879999999999993371e-02
3.155000000000000027e-01
1.713000000000000356e-01
1.595000000000000584e-01
2.656000000000000028e-01
2.075000000000001010e-01
1.920100000000000140e+00
1.125599999999999934e+00
3.471000000000000751e-01
1.209999999999999964e-01
1.180799999999999850e+00
3.711999999999999744e-01
1.285000000000000309e-01
3.267000000000000459e-01
3.086999999999999744e-01
1.878999999999999837e-01
6.719999999999995421e-02
1.028999999999998666e-01
9.839999999999993197e-02
2.311999999999999889e-01
1.743999999999999995e-01
2.993999999999999995e-01
6.395000000000000684e-01
2.662999999999999812e-01
1.721999999999999642e-01
6.440000000000005442e-02
1.094999999999999862e-01
1.004999999999999227e-01
2.153999999999999804e-01
1.806999999999999718e-01
2.342999999999999527e-01
2.109999999999999654e-01
2.704000000000001402e-01
8.600000000000000977e-01
6.565000000000001945e-01
9.887999999999997902e-01
3.168000000000000260e-01
2.037999999999999812e-01
7.823999999999999844e-01
2.523199999999999665e+00
2.907999999999998919e-01
3.022999999999999021e-01
2.525000000000000577e-01
1.637000000000000954e-01
1.654000000000000137e+00
1.875999999999999890e-01
2.868000000000001659e-01
2.734000000000000874e-01
2.046999999999997988e-01
6.630000000000002558e-02
3.534999999999998699e-01
1.989000000000000212e-01
1.791000000000000092e-01
9.150000000000008127e-02
1.231000000000000427e-01
7.170000000000006923e-02
9.499999999999991784e-02
9.240000000000012093e-02
3.978999999999999204e-01
3.945999999999999508e-01
2.127000000000000557e-01
1.819999999999999951e-01
2.286000000000001919e-01
1.706999999999998241e-01
1.273999999999999855e-01
8.850000000000016187e-02
1.696000000000000563e-01
2.142000000000001958e-01
3.288000000000000367e-01
4.768000000000002236e-01
3.422000000000000597e-01
2.139999999999999680e-01
4.310999999999997612e-01
4.718999999999998751e-01
2.342000000000000748e-01
1.697000000000000730e-01
1.759999999999999898e-01
4.299000000000001709e-01
5.764000000000000234e-01
7.411999999999998590e-01
3.689000000000000612e-01
2.914999999999999813e-01
7.660000000000026510e-02
1.631999999999997897e-01
4.825000000000000400e-01
3.437000000000001165e-01
4.626999999999997781e-01
1.502000000000001667e-01
2.146000000000000407e-01
1.718999999999998307e-01
2.517999999999999128e-01
1.684000000000001607e-01
2.727999999999998204e-01
2.554999999999997273e-01
4.130000000000002558e-01
4.108000000000001650e-01
7.593999999999995199e-01
4.383999999999996788e-01
4.650000000000000244e-01
2.791000000000004588e-01
1.780999999999999250e-01
1.187000000000003053e-01
2.716999999999998860e-01
2.749000000000000332e-01
6.000000000000023370e-02
1.020000000000001322e-01
2.692999999999996508e-01
2.171000000000000152e-01
3.016000000000000902e-01
3.836999999999999855e-01
1.673999999999998822e-01
2.848999999999997090e-01
3.819999999999998397e-01
9.899999999999974098e-02
1.982999999999997542e-01
2.867000000000003435e-01
2.027999999999999525e-01
1.684000000000002162e-01
1.451000000000003398e-01
1.090999999999998360e-01
8.660000000000009357e-02
1.081999999999999906e-01
1.398999999999999688e-01
1.123000000000000109e-01
1.843999999999995920e-01
9.820000000000009277e-02
1.047999999999999904e-01
6.510000000000004672e-02
2.173000000000000764e-01
4.614999999999997438e-01
2.926999999999998492e-01
