4.012999999999999901e-01
2.142000000000000015e-01
3.490999999999999659e-01
9.600000000000000200e-02
1.187999999999999751e-01
2.929000000000000492e-01
2.110999999999999821e-01
1.861000000000000154e-01
1.957999999999999463e-01
2.434999999999999942e-01
2.851000000000000201e-01
2.714999999999999636e-01
2.581999999999999851e-01
1.129000000000000142e-01
1.915000000000000036e-01
2.487000000000000322e-01
3.479999999999999760e-01
2.496999999999999775e-01
2.258000000000000285e-01
2.268999999999999906e-01
2.214999999999999747e-01
1.670999999999999430e-01
3.052000000000000268e-01
1.523999999999999799e-01
1.557999999999999940e-01
1.543999999999999817e-01
2.018999999999999684e-01
2.699000000000000288e-01
1.932000000000000106e-01
2.071999999999999953e-01
2.642999999999999794e-01
2.495000000000000551e-01
2.255000000000000060e-01
1.615000000000000047e-01
3.585000000000000409e-01
3.044000000000000039e-01
2.803999999999999826e-01
3.080000000000000515e-01
1.051999999999999880e-01
1.908000000000000806e-01
4.050000000000007760e-02
1.039999999999999813e-01
1.695000000000000118e-01
1.508000000000000174e-01
1.586000000000000465e-01
1.057000000000000023e-01
1.228000000000000480e-01
5.689999999999997837e-02
1.357999999999999485e-01
2.809000000000000385e-01
3.225000000000000089e-01
2.074000000000000288e-01
3.646000000000000352e-01
3.343000000000000416e-01
2.610000000000000098e-01
9.870000000000002383e-02
2.006000000000000005e-01
1.812999999999999612e-01
2.312999999999999778e-01
1.897999999999999687e-01
1.962000000000000410e-01
1.212000000000000299e-01
3.788000000000000256e-01
1.617000000000000104e-01
1.036000000000000254e-01
1.544999999999999984e-01
1.423999999999999710e-01
2.167000000000000037e-01
2.406999999999999973e-01
8.060000000000003273e-02
6.260000000000000286e-02
9.850000000000004585e-02
3.384000000000000341e-01
1.906000000000000194e-01
2.839999999999999747e-01
1.945000000000000062e-01
2.171000000000000429e-01
9.179999999999993721e-02
1.427000000000001323e-01
1.894999999999999463e-01
2.016999999999999904e-01
1.453999999999999737e-01
1.168999999999999900e-01
1.027000000000000135e-01
3.732999999999999652e-01
1.855000000000000537e-01
2.442999999999999894e-01
1.163000000000000422e-01
1.007999999999999174e-01
1.418000000000000371e-01
1.470000000000000195e-01
1.185999999999999416e-01
5.609999999999991382e-02
1.386999999999999900e-01
7.209999999999994191e-02
1.138999999999999735e-01
8.080000000000005234e-02
9.629999999999999671e-02
9.840000000000004299e-02
9.379999999999996674e-02
1.016999999999999987e-01
1.838999999999999246e-01
3.341999999999999971e-01
3.707000000000000295e-01
2.038000000000000644e-01
2.970999999999999197e-01
1.840000000000000524e-01
7.629999999999997895e-02
1.164999999999999786e-01
7.230000000000007254e-02
1.118000000000000382e-01
7.859999999999993381e-02
3.289000000000000812e-01
1.080000000000000127e-01
9.569999999999989626e-02
1.197000000000000286e-01
9.310000000000004383e-02
1.878999999999999837e-01
2.270999999999999963e-01
1.213999999999999940e-01
9.890000000000007119e-02
2.086000000000000354e-01
1.501000000000000667e-01
7.180000000000008598e-02
6.810000000000003550e-02
1.087999999999999801e-01
1.114999999999999741e-01
1.305999999999999661e-01
5.070000000000007834e-02
4.759999999999994791e-02
4.790000000000005365e-02
1.821999999999998343e-01
1.419999999999999041e-01
1.103000000000000091e-01
6.369999999999999274e-02
9.490000000000001212e-02
1.713000000000000633e-01
9.569999999999986851e-02
8.220000000000005080e-02
1.252000000000000335e-01
5.810000000000008907e-02
6.340000000000013680e-02
1.649999999999998412e-01
5.459999999999985698e-02
6.459999999999997689e-02
1.611000000000001320e-01
5.419999999999995655e-02
9.560000000000001830e-02
1.493999999999999495e-01
1.879000000000000947e-01
9.719999999999986984e-02
8.930000000000015703e-02
9.119999999999993390e-02
1.152999999999998748e-01
7.619999999999993445e-02
