1.442999999999999838e-01
1.103999999999999981e-01
5.559999999999999665e-02
1.009000000000000175e-01
1.517000000000000015e-01
4.139999999999998542e-02
1.704000000000000237e-01
1.439000000000000279e-01
1.209999999999999687e-01
1.672999999999999488e-01
2.473000000000000198e-01
7.799999999999995826e-02
1.881000000000000449e-01
1.227999999999999786e-01
8.719999999999995810e-02
1.259000000000000397e-01
5.830000000000001847e-02
1.071999999999999897e-01
1.058000000000000329e-01
7.069999999999997120e-02
9.540000000000001257e-02
6.049999999999999822e-02
1.950999999999999679e-01
2.515999999999999903e-01
1.533999999999999808e-01
1.477000000000000257e-01
6.640000000000001457e-02
6.900000000000001965e-02
1.404000000000000525e-01
1.794000000000000594e-01
3.360000000000000486e-02
5.410000000000001613e-02
2.880000000000001309e-02
3.339999999999998526e-02
8.009999999999996290e-02
6.990000000000000380e-02
9.570000000000002116e-02
5.709999999999999104e-02
5.660000000000001835e-02
7.929999999999996774e-02
9.100000000000002531e-02
4.230000000000002508e-02
6.389999999999999847e-02
7.849999999999995870e-02
8.070000000000002172e-02
7.079999999999997407e-02
6.960000000000005071e-02
3.813999999999999613e-01
2.504000000000000115e-01
1.970999999999999974e-01
1.884999999999999454e-01
5.640000000000000568e-02
1.906999999999999806e-01
1.418000000000000371e-01
7.379999999999994897e-02
7.169999999999997209e-02
1.864999999999999991e-01
1.712000000000000188e-01
1.011000000000000093e-01
6.880000000000001392e-02
4.730000000000006422e-02
1.104999999999999594e-01
1.300000000000000044e-01
1.315999999999999392e-01
6.010000000000003534e-02
1.143000000000000405e-01
9.909999999999995202e-02
1.623999999999999333e-01
8.280000000000002636e-02
2.207999999999999963e-01
1.681999999999999884e-01
1.222000000000000447e-01
9.639999999999997182e-02
8.539999999999998981e-02
4.800000000000002875e-02
6.990000000000004543e-02
8.400000000000001910e-02
9.540000000000001257e-02
1.993000000000000327e-01
1.190999999999999698e-01
1.188000000000000028e-01
9.519999999999999296e-02
8.709999999999999687e-02
1.021999999999999575e-01
8.699999999999996625e-02
1.082000000000000184e-01
1.899000000000000132e-01
6.510000000000001896e-02
1.700000000000002898e-02
4.700000000000002093e-02
8.710000000000003850e-02
1.246999999999999775e-01
2.050000000000000433e-01
8.800000000000000877e-02
1.295000000000000318e-01
7.370000000000007101e-02
1.078000000000000347e-01
5.179999999999998495e-02
7.639999999999996794e-02
1.820000000000000229e-01
1.404000000000000248e-01
1.081000000000000016e-01
1.537000000000000588e-01
2.607999999999999763e-01
3.411000000000000143e-01
7.030000000000004301e-02
3.362999999999998768e-01
1.616999999999998994e-01
2.237000000000000377e-01
2.992000000000000770e-01
2.136000000000000398e-01
2.472999999999999088e-01
1.449000000000000843e-01
2.116999999999998328e-01
1.473000000000000143e-01
7.800000000000004152e-02
1.926000000000001044e-01
5.939999999999996672e-02
1.686999999999998778e-01
9.099999999999992817e-02
1.955999999999999406e-01
1.159000000000000030e-01
1.523000000000000465e-01
6.790000000000001590e-01
2.289999999999998981e-01
1.583999999999999853e-01
7.564000000000000723e-01
2.379999999999999338e-01
6.650000000000003131e-02
7.840000000000005298e-02
7.899999999999993139e-02
8.260000000000000675e-02
7.230000000000000315e-02
7.109999999999991327e-02
1.317000000000000948e-01
3.360000000000018527e-02
9.810000000000015929e-02
5.610000000000012199e-02
2.099000000000000310e-01
1.188999999999999224e-01
8.730000000000008586e-02
2.251000000000000500e-01
2.193999999999999284e-01
3.989999999999999103e-02
1.271999999999999797e-01
3.590000000000004299e-02
4.122000000000001219e-01
1.279000000000000692e-01
1.630999999999999672e-01
4.029999999999999694e-01
1.722999999999999809e-01
1.780999999999998973e-01
4.779999999999999805e-01
2.557999999999999163e-01
3.573000000000000620e-01
