1.500000000000000222e-01
1.876000000000000167e-01
4.549999999999999878e-02
1.753000000000000114e-01
1.669999999999999818e-01
8.890000000000000679e-02
1.393999999999999961e-01
6.279999999999996696e-02
6.729999999999997096e-02
6.079999999999999294e-02
1.105000000000000149e-01
4.399999999999999745e-02
7.880000000000000893e-02
1.555000000000000271e-01
7.029999999999998750e-02
8.869999999999998719e-02
1.413000000000000089e-01
1.295999999999999930e-01
2.420000000000000484e-01
1.493000000000000438e-01
1.492999999999999883e-01
1.940999999999999948e-01
1.404999999999999860e-01
6.300000000000000044e-02
1.025999999999999968e-01
1.210000000000000103e-01
1.022999999999999882e-01
8.689999999999996338e-02
1.421999999999999931e-01
1.087000000000000050e-01
9.840000000000001523e-02
9.110000000000001430e-02
1.790000000000000480e-01
6.439999999999998503e-02
1.702999999999999514e-01
1.608000000000000262e-01
7.990000000000002656e-02
1.037000000000000421e-01
1.164999999999999647e-01
1.260999999999999621e-01
3.910000000000003056e-02
1.239999999999999991e-01
1.542999999999999927e-01
7.939999999999999836e-02
8.299999999999996270e-02
6.620000000000003659e-02
8.509999999999999509e-02
7.100000000000000755e-02
5.269999999999996909e-02
1.041999999999999871e-01
6.469999999999999363e-02
1.387000000000000177e-01
1.035000000000000364e-01
9.669999999999998042e-02
1.662000000000000144e-01
1.062999999999999778e-01
6.510000000000001896e-02
1.338999999999999635e-01
1.021999999999999437e-01
8.030000000000001026e-02
9.690000000000000002e-02
7.910000000000001752e-02
1.412000000000000199e-01
6.039999999999997454e-02
7.610000000000000098e-02
5.420000000000004675e-02
3.130000000000000143e-02
8.519999999999998408e-02
1.405999999999999472e-01
3.520000000000000906e-02
4.530000000000000693e-02
5.159999999999999309e-02
3.100000000000008651e-02
7.629999999999989568e-02
8.580000000000001514e-02
3.640000000000003649e-02
6.270000000000003348e-02
6.980000000000005644e-02
4.520000000000003182e-02
6.409999999999989317e-02
7.829999999999989746e-02
2.058000000000000940e-01
1.661999999999999589e-01
4.709999999999994053e-02
5.329999999999994464e-02
1.507999999999999896e-01
1.363999999999999935e-01
1.171000000000000096e-01
6.659999999999996478e-02
6.649999999999994804e-02
6.449999999999997402e-02
6.200000000000005507e-02
9.579999999999991300e-02
6.339999999999997027e-02
1.164000000000000035e-01
1.236000000000000154e-01
7.589999999999991198e-02
9.529999999999996807e-02
9.640000000000006897e-02
8.880000000000004556e-02
1.464000000000000024e-01
7.560000000000004217e-02
8.469999999999995588e-02
4.900000000000001577e-02
1.129000000000000559e-01
5.749999999999999556e-02
9.919999999999995488e-02
1.014000000000000318e-01
6.330000000000005067e-02
1.185000000000000220e-01
5.009999999999997788e-02
7.590000000000002300e-02
1.689000000000000501e-01
2.672999999999999821e-01
3.034000000000000585e-01
1.931000000000000771e-01
9.769999999999999518e-02
5.099999999999994815e-02
4.149999999999997441e-02
1.170999999999999541e-01
9.930000000000002713e-02
6.520000000000000795e-02
1.076999999999999902e-01
7.100000000000002143e-02
6.889999999999998903e-02
7.119999999999991613e-02
5.370000000000005325e-02
7.640000000000002345e-02
7.710000000000014064e-02
9.840000000000004299e-02
1.064000000000000085e-01
4.899999999999993944e-02
5.430000000000000798e-02
1.141000000000000070e-01
7.470000000000003026e-02
6.490000000000004099e-02
8.149999999999993361e-02
6.900000000000006128e-02
7.410000000000001308e-02
8.020000000000007678e-02
1.426000000000001433e-01
1.644000000000001016e-01
1.185999999999998999e-01
8.920000000000008478e-02
8.919999999999995988e-02
1.180000000000000077e-01
1.224999999999999561e-01
1.415999999999999759e-01
5.500000000000007661e-02
1.297999999999998599e-01
8.530000000000002858e-02
4.940000000000009661e-02
1.269999999999999740e-01
7.570000000000003115e-02
1.011999999999998734e-01
