3.072000000000000286e-01
1.463999999999999746e-01
2.184000000000000385e-01
1.184000000000000052e-01
2.166000000000000147e-01
2.058000000000000107e-01
1.197000000000000147e-01
9.420000000000001983e-02
1.971999999999999864e-01
1.707000000000000184e-01
1.036999999999999866e-01
1.186999999999999722e-01
9.990000000000001656e-02
2.162999999999999923e-01
1.325000000000000067e-01
2.183999999999999830e-01
7.929999999999995386e-02
6.759999999999996567e-02
1.327999999999999736e-01
2.713000000000000411e-01
1.623999999999999888e-01
7.579999999999996463e-02
9.040000000000002200e-02
1.660000000000000364e-01
1.111000000000000321e-01
2.682999999999999829e-01
1.288999999999999868e-01
2.006999999999999618e-01
2.002999999999999781e-01
9.883999999999999453e-01
3.663999999999999480e-01
3.321999999999999953e-01
2.064000000000000279e-01
1.556000000000000161e-01
2.616999999999999882e-01
1.830999999999999850e-01
1.169000000000000039e-01
1.213999999999999940e-01
9.669999999999999429e-02
1.945999999999999952e-01
2.055000000000000160e-01
7.090000000000000469e-02
2.002000000000000446e-01
1.927999999999999714e-01
1.338000000000000300e-01
9.049999999999999711e-02
5.259999999999999398e-02
2.140000000000000929e-02
1.388999999999999957e-01
3.284000000000000252e-01
1.360999999999999988e-01
2.996999999999999664e-01
1.859999999999999709e-01
8.000000000000001554e-02
1.511000000000000121e-01
1.602000000000000091e-01
1.410000000000000420e-01
1.086000000000000021e-01
1.079000000000000375e-01
1.352000000000000424e-01
8.219999999999993978e-02
4.240000000000000713e-02
1.352000000000000424e-01
8.789999999999997815e-02
2.626999999999999336e-01
1.189000000000000057e-01
2.115999999999999825e-01
1.534000000000000086e-01
2.745999999999999552e-01
1.335999999999999410e-01
5.580000000000000931e-02
1.148000000000000409e-01
1.781999999999999973e-01
8.217000000000000970e-01
3.023000000000000131e-01
1.592999999999999694e-01
1.667000000000000426e-01
1.414000000000000257e-01
3.012000000000000788e-01
9.139999999999995350e-02
1.609999999999999765e-01
1.403999999999999970e-01
1.258999999999999841e-01
3.523000000000000020e-01
1.111000000000000182e-01
7.519999999999996132e-02
2.137999999999999068e-01
1.490999999999999548e-01
7.319999999999993179e-02
2.280000000000007021e-02
1.721000000000000585e-01
1.219000000000000361e-01
1.156999999999999695e-01
8.879999999999997617e-02
8.849999999999999534e-02
1.633000000000000007e-01
3.220000000000001195e-01
1.598000000000001086e-01
1.993000000000000049e-01
3.095999999999999863e-01
1.052000000000000157e-01
1.788000000000000145e-01
1.149999999999999772e-01
1.593999999999999861e-01
1.014999999999999514e-01
1.031000000000000805e-01
2.610000000000000098e-01
1.394999999999999851e-01
7.069999999999990181e-02
1.462000000000000521e-01
1.399000000000000243e-01
5.170000000000005841e-02
1.541000000000000147e-01
1.586999999999999800e-01
1.396000000000000296e-01
2.124999999999999944e-01
1.044299999999999784e+00
4.927999999999999603e-01
2.952999999999999514e-01
1.573000000000000231e-01
1.041999999999999593e-01
1.847999999999999088e-01
4.992999999999999661e-01
1.861999999999999211e-01
1.990000000000000102e-01
2.946000000000000285e-01
3.984000000000000874e-01
4.756000000000000227e-01
8.190000000000000058e-02
8.650000000000000744e-02
1.615999999999999659e-01
1.675000000000000377e-01
1.386999999999999900e-01
2.489999999999999991e-01
1.380999999999999728e-01
2.634000000000000785e-01
9.239999999999995439e-02
2.471000000000000973e-01
2.203000000000000513e-01
5.568999999999999506e-01
3.490000000000001434e-01
1.386999999999999622e-01
2.620999999999999996e-01
2.124999999999999389e-01
1.762000000000000510e-01
1.551999999999999769e-01
5.459999999999997494e-02
1.359999999999999543e-01
1.394000000000000239e-01
1.864000000000000379e-01
1.809000000000000052e-01
1.970999999999999697e-01
1.490999999999999548e-01
3.328999999999999737e-01
2.195000000000001394e-01
