8.310000000000002107e-02
1.509000000000000064e-01
1.799000000000000044e-01
1.384000000000000230e-01
1.381999999999999895e-01
1.791999999999999982e-01
1.612999999999999989e-01
1.353999999999999926e-01
9.379999999999999449e-02
2.734000000000000319e-01
1.378999999999999948e-01
1.818000000000000171e-01
3.412999999999999923e-01
2.328999999999999959e-01
1.994999999999999829e-01
3.025000000000000466e-01
3.237999999999999767e-01
1.484000000000000041e-01
1.360999999999999988e-01
2.676999999999999935e-01
1.197999999999999898e-01
1.874000000000000110e-01
8.919999999999998763e-02
1.493999999999999773e-01
5.680000000000000326e-02
1.859999999999999987e-01
2.958000000000000074e-01
2.314999999999999836e-01
8.880000000000001781e-02
1.385999999999999732e-01
8.160000000000000586e-02
1.073999999999999955e-01
6.729999999999999871e-02
9.059999999999998610e-02
5.584000000000000075e-01
2.984000000000000541e-01
2.458999999999999797e-01
4.900999999999999801e-01
4.123999999999999888e-01
1.969999999999999807e-01
2.819000000000000394e-01
3.254999999999999560e-01
1.371999999999999886e-01
2.958000000000000629e-01
2.477000000000000035e-01
2.799000000000000377e-01
2.308000000000000607e-01
3.599999999999999728e-02
2.027000000000000468e-01
2.656999999999999917e-01
1.723000000000000087e-01
1.015999999999999959e-01
2.202999999999999958e-01
1.347000000000000419e-01
2.492000000000000048e-01
9.631999999999999451e-01
5.335999999999998522e-01
3.712000000000000299e-01
1.895000000000000018e-01
2.082000000000000517e-01
4.529000000000000248e-01
3.942999999999999283e-01
8.212000000000000410e-01
3.606999999999999651e-01
6.540000000000004143e-02
2.994000000000000550e-01
2.570999999999999952e-01
1.904999999999999472e-01
2.456000000000000405e-01
1.934000000000000441e-01
1.615999999999999936e-01
2.096000000000000085e-01
2.623000000000000331e-01
1.230999999999999872e-01
1.518999999999999517e-01
1.313000000000000278e-01
2.877000000000000113e-01
4.802999999999999492e-01
3.360999999999998433e-01
1.979000000000000203e-01
2.415000000000000757e-01
1.603000000000000258e-01
2.678000000000000935e-01
4.078999999999999293e-01
3.467000000000000082e-01
3.994000000000000328e-01
5.609999999999999432e-01
6.101000000000000867e-01
7.246999999999998998e-01
2.187000000000000610e-01
1.708000000000000074e-01
2.301000000000000822e-01
3.175000000000000600e-01
6.095999999999999197e-01
2.367000000000000215e-01
2.368999999999999162e-01
3.930999999999998940e-01
5.602999999999999092e-01
2.656000000000000583e-01
3.943999999999999728e-01
5.101999999999999869e-01
3.346999999999998310e-01
4.517999999999999239e-01
3.577999999999998959e-01
2.385000000000000731e-01
3.964999999999999081e-01
3.775999999999999357e-01
2.501999999999999780e-01
1.320000000000000617e-01
1.697000000000000175e-01
4.383999999999999009e-01
4.126999999999999558e-01
1.198000000000000176e-01
9.709999999999990861e-02
2.797999999999999376e-01
3.804000000000000714e-01
3.600000000000005973e-02
6.660000000000002029e-02
9.659999999999999143e-02
3.118999999999999551e-01
3.661999999999999700e-01
1.604999999999998372e-01
4.783999999999999919e-01
4.651000000000000689e-01
1.946000000000001617e-01
1.193999999999999645e-01
2.412999999999999312e-01
4.234999999999999321e-01
4.326999999999999180e-01
3.323000000000000398e-01
3.365000000000000213e-01
4.166000000000000814e-01
3.075000000000000511e-01
8.590000000000004576e-02
3.970000000000002693e-02
4.110000000000010867e-02
3.069999999999990445e-02
4.218000000000000638e-01
2.226000000000001311e-01
1.875000000000001665e-01
1.451000000000000345e-01
1.973000000000000032e-01
3.068999999999999506e-01
4.401999999999999802e-01
1.281999999999999806e-01
1.014999999999999653e-01
8.160000000000003362e-02
1.008299999999999974e+00
8.599999999999998757e-01
4.754000000000001558e-01
1.723999999999999977e-01
4.682000000000000051e-01
3.291999999999999371e-01
3.209000000000000186e-01
3.831999999999999296e-01
