2.821000000000000174e-01
2.913000000000000034e-01
2.012000000000000177e-01
5.949999999999999734e-02
7.000000000000000666e-02
8.410000000000002196e-02
8.659999999999998255e-02
3.516000000000000236e-01
1.715999999999999748e-01
2.007999999999999785e-01
1.387999999999999790e-01
3.497999999999999998e-01
2.546999999999999820e-01
3.013000000000000123e-01
1.545999999999999597e-01
2.320000000000000395e-01
1.793000000000000427e-01
1.387999999999999512e-01
6.400000000000000133e-02
6.149999999999998523e-02
5.359999999999995324e-02
1.800000000000000488e-01
6.049999999999996353e-02
1.355999999999999983e-01
1.751000000000000612e-01
7.869999999999995055e-02
1.094000000000000389e-01
2.075999999999999512e-01
1.742000000000000215e-01
1.664999999999999258e-01
8.739999999999997771e-02
1.535999999999999865e-01
6.210000000000000242e-02
5.449999999999998596e-02
1.137999999999999845e-01
1.348000000000000587e-01
1.196999999999999453e-01
1.049999999999999545e-01
7.139999999999996350e-02
6.159999999999999504e-02
2.043000000000000649e-01
1.147999999999999160e-01
7.870000000000000606e-02
8.380000000000002724e-02
1.210999999999999716e-01
1.219000000000000639e-01
1.112000000000000488e-01
6.860000000000003595e-02
1.696999999999999897e-01
1.172000000000000541e-01
4.659999999999996784e-02
1.811000000000001497e-01
1.333000000000000296e-01
1.286000000000001309e-01
1.762000000000000233e-01
5.389999999999992020e-02
7.440000000000006330e-02
9.649999999999993305e-02
5.500000000000003497e-02
2.025999999999998913e-01
1.498000000000000165e-01
7.609999999999993159e-02
1.064999999999999558e-01
4.760000000000001730e-02
1.068000000000000060e-01
8.139999999999993074e-02
1.681999999999999884e-01
1.018000000000000571e-01
7.530000000000006133e-02
2.236999999999999544e-01
1.341000000000000247e-01
2.165999999999999037e-01
1.253000000000000780e-01
1.598999999999998756e-01
1.320999999999999397e-01
2.369999999999983925e-02
9.330000000000004956e-02
9.530000000000000970e-02
1.032999999999999752e-01
1.775000000000001021e-01
8.620000000000017926e-02
1.069000000000000089e-01
8.129999999999996951e-02
1.643999999999999351e-01
1.169999999999999651e-01
1.212000000000000161e-01
1.078999999999999404e-01
4.240000000000001407e-02
6.319999999999995066e-02
2.198999999999999289e-01
1.431000000000000327e-01
1.168999999999999068e-01
8.500000000000010325e-02
1.319000000000000172e-01
9.579999999999982974e-02
1.783000000000002361e-01
9.949999999999999123e-02
4.169999999999997320e-02
1.807000000000000273e-01
1.144000000000000711e-01
6.760000000000004894e-02
1.018999999999999906e-01
1.182000000000000134e-01
1.007000000000000672e-01
1.104999999999999177e-01
1.699000000000000510e-01
3.425999999999999601e-01
4.130999999999998562e-01
2.452000000000000290e-01
3.651000000000000356e-01
3.364999999999999103e-01
2.827000000000000624e-01
1.845000000000002194e-01
2.116999999999999438e-01
1.370000000000000662e-01
9.910000000000003528e-02
8.959999999999995746e-02
1.942999999999999172e-01
2.148999999999999522e-01
3.376999999999998892e-01
1.015000000000000346e-01
1.820999999999999563e-01
8.990000000000009095e-02
1.313000000000000833e-01
1.583999999999999297e-01
1.641000000000001069e-01
1.049000000000000071e-01
5.809999999999998499e-02
1.475000000000000477e-01
6.979999999999997318e-02
8.899999999999982925e-02
1.359000000000000763e-01
7.830000000000024440e-02
1.292000000000002036e-01
2.526000000000000467e-01
1.273999999999998467e-01
7.579999999999988136e-02
1.827999999999999625e-01
1.201000000000000123e-01
2.230999999999999928e-01
1.774999999999999634e-01
1.829000000000000348e-01
1.766999999999999960e-01
1.294000000000001260e-01
4.780000000000018956e-02
8.850000000000006473e-02
3.780000000000013904e-02
4.609999999999986331e-02
1.315999999999999948e-01
5.330000000000001403e-02
1.471000000000000640e-01
1.098000000000002585e-01
1.039000000000000201e-01
7.730000000000000759e-02
5.989999999999998104e-02
