1.995999999999999996e-01
2.992000000000000215e-01
4.719999999999999196e-02
8.819999999999998674e-02
8.790000000000000591e-02
1.393999999999999961e-01
1.186999999999999722e-01
1.167999999999999872e-01
2.950000000000001232e-02
2.809999999999999304e-02
4.080000000000000293e-02
1.455000000000000182e-01
3.236999999999999877e-01
2.058000000000000107e-01
1.502999999999999892e-01
1.131000000000000061e-01
6.260000000000001674e-02
8.439999999999998892e-02
9.499999999999997335e-02
8.709999999999999687e-02
7.342000000000000748e-01
1.573000000000000231e-01
1.473000000000000143e-01
1.084999999999999576e-01
8.520000000000002571e-02
8.949999999999999623e-02
4.740000000000000463e-02
9.429999999999999494e-02
9.260000000000000175e-02
2.581999999999999296e-01
1.229999999999999982e-01
2.207000000000000073e-01
1.452999999999999847e-01
1.058000000000000190e-01
5.810000000000001275e-02
2.316999999999999615e-01
1.323999999999999622e-01
1.815999999999999837e-01
9.950000000000003286e-02
7.900000000000000078e-02
5.630000000000003058e-02
7.669999999999997653e-02
6.669999999999998153e-02
1.133999999999999730e-01
6.509999999999999121e-02
6.300000000000004208e-02
5.110000000000000653e-02
4.979999999999999011e-02
6.139999999999999625e-02
8.010000000000000453e-02
6.690000000000004277e-02
5.160000000000006248e-02
4.659999999999997478e-02
4.970000000000004275e-02
9.409999999999993370e-02
6.140000000000002400e-02
5.579999999999996768e-02
2.609999999999996698e-02
4.219999999999998752e-02
7.689999999999994063e-02
5.780000000000000415e-02
5.430000000000002880e-02
8.320000000000003781e-02
1.156999999999999973e-01
8.989999999999999380e-02
4.769999999999996465e-02
6.730000000000004035e-02
9.060000000000006937e-02
7.560000000000004217e-02
1.550999999999999879e-01
9.209999999999998743e-02
1.038999999999999785e-01
2.237000000000000099e-01
9.940000000000001612e-02
1.295999999999999930e-01
3.550000000000003153e-02
7.939999999999997060e-02
3.766999999999999238e-01
4.117999999999999439e-01
2.221999999999999531e-01
1.564000000000000112e-01
2.042999999999999261e-01
7.860000000000004483e-02
1.456999999999999684e-01
4.470000000000009382e-02
7.709999999999990472e-02
2.770000000000003015e-02
4.329999999999998433e-02
5.610000000000003872e-02
1.296999999999999265e-01
1.595000000000000029e-01
8.389999999999997460e-02
6.039999999999997454e-02
1.498000000000000997e-01
6.739999999999997382e-02
4.230000000000002508e-02
5.120000000000009960e-02
4.330000000000001209e-02
5.109999999999995796e-02
3.313000000000000389e-01
4.051000000000000156e-01
1.043999999999999095e-01
2.979999999999992377e-02
3.530000000000009519e-02
1.390000000000000679e-01
1.135999999999999927e-01
2.180999999999999883e-01
2.900000000000000355e-01
1.273999999999999577e-01
2.273999999999999078e-01
8.769999999999994467e-02
6.980000000000011195e-02
1.414000000000000257e-01
5.709999999999983145e-02
5.989999999999998104e-02
1.181999999999998191e-01
7.429999999999996330e-02
2.943000000000000616e-01
1.080999999999998629e-01
3.320000000000006973e-02
2.720000000000000195e-01
1.678999999999999937e-01
1.765000000000000180e-01
1.812999999999998224e-01
1.067999999999999783e-01
1.871999999999999775e-01
3.990000000000000491e-02
6.400000000000002909e-02
6.090000000000003744e-02
6.999999999999997891e-02
7.130000000000007165e-02
8.569999999999994289e-02
3.616999999999999660e-01
1.785000000000000198e-01
9.810000000000004827e-02
1.127999999999999281e-01
9.879999999999988791e-02
9.120000000000003104e-02
1.305000000000001714e-01
1.977000000000000979e-01
1.928999999999999604e-01
1.250000000000000555e-01
8.210000000000000631e-02
7.410000000000027676e-02
1.091999999999998944e-01
8.479999999999988936e-02
1.438000000000000111e-01
1.569999999999999729e-01
1.718000000000001748e-01
8.629999999999991844e-02
6.669999999999996765e-02
1.697999999999998955e-01
4.050000000000003597e-02
1.534000000000001196e-01
7.309999999999994280e-02
