1.542999999999999927e-01
9.529999999999999583e-02
9.179999999999999272e-02
3.530000000000001192e-02
7.659999999999998754e-02
9.149999999999999800e-02
1.038999999999999924e-01
1.195000000000000090e-01
1.618999999999999884e-01
2.467999999999999916e-01
1.266000000000000181e-01
1.325000000000000067e-01
1.658999999999999919e-01
5.070000000000005058e-02
1.803999999999999770e-01
5.810000000000003356e-02
7.950000000000001510e-02
6.499999999999997446e-02
1.272000000000000075e-01
9.699999999999996125e-02
7.070000000000001283e-02
5.859999999999999931e-02
1.291999999999999815e-01
1.148000000000001103e-01
5.860000000000008258e-02
9.840000000000009850e-02
1.365999999999999714e-01
9.390000000000006675e-02
1.281999999999999806e-01
4.579999999999996574e-02
1.227000000000000590e-01
1.086999999999999633e-01
2.939999999999994007e-02
9.060000000000009712e-02
1.229999999999999150e-01
2.228000000000000258e-01
4.130000000000007276e-02
5.679999999999999633e-02
1.843000000000000194e-01
5.688999999999999613e-01
3.760000000000000009e-01
3.760000000000001119e-01
2.321000000000000840e-01
3.185999999999999388e-01
1.735999999999999488e-01
1.133500000000000174e+00
8.030000000000020455e-02
2.130000000000000782e-01
1.263000000000000789e-01
8.354999999999999094e-01
5.792999999999999261e-01
3.330000000000000737e-01
1.056000000000000133e-01
1.606000000000000483e-01
1.449000000000000843e-01
1.459000000000000019e-01
7.449999999999985800e-02
1.042999999999999927e+00
4.901000000000000911e-01
8.659000000000001140e-01
1.345800000000000107e+00
5.532999999999999030e-01
1.374999999999999278e-01
1.860999999999998489e-01
9.049999999999988609e-02
2.882000000000000672e-01
1.563000000000001333e-01
1.483000000000001817e-01
3.941999999999998838e-01
4.486999999999999322e-01
3.627999999999998448e-01
2.678000000000000380e-01
3.366999999999996107e-01
1.135599999999999943e+00
1.009399999999999853e+00
5.577999999999998515e-01
3.567999999999998950e-01
1.177799999999999958e+00
9.259000000000000563e-01
6.491999999999999993e-01
4.445999999999998287e-01
3.994000000000000883e-01
2.499000000000000665e-01
3.940000000000001279e-01
2.744999999999995777e-01
4.103999999999998205e-01
2.695999999999999508e-01
2.481999999999998929e-01
5.545000000000002149e-01
4.548000000000000376e-01
3.096999999999997533e-01
3.762000000000003119e-01
3.472999999999997756e-01
3.740000000000003738e-02
2.179000000000000103e-01
1.116999999999998272e-01
3.612999999999999545e-01
1.636000000000003007e-01
1.647000000000002351e-01
7.450000000000019107e-02
3.050000000000001599e-01
2.755000000000000226e-01
6.859999999999996656e-02
2.068999999999997785e-01
6.909999999999978659e-02
6.869999999999981677e-02
4.379999999999959620e-02
7.920000000000021467e-02
6.169999999999979667e-02
1.417000000000004367e-01
1.379999999999999005e-01
1.778999999999999748e-01
9.119999999999986451e-02
1.255999999999999062e-01
8.069999999999971640e-02
1.224000000000000643e-01
3.456999999999998963e-01
1.482000000000001372e-01
2.626000000000001111e-01
5.848000000000000975e-01
3.266000000000001680e-01
2.143999999999999795e-01
4.520000000000001794e-01
5.092000000000000970e-01
3.729000000000002313e-01
5.337999999999998302e-01
2.040999999999999204e-01
2.212000000000001187e-01
4.315999999999999281e-01
8.390000000000004399e-02
2.045999999999997265e-01
1.017000000000002208e-01
1.585999999999999910e-01
7.290000000000046443e-02
2.163000000000000200e-01
3.699999999999987327e-02
1.650999999999999412e-01
1.311000000000003274e-01
1.215000000000002467e-01
1.618999999999999884e-01
4.301000000000002044e-01
1.883000000000001617e-01
1.244000000000000522e-01
2.205999999999999350e-01
8.219999999999993978e-02
1.384000000000000230e-01
4.670000000000026907e-02
1.293000000000000260e-01
1.996999999999996833e-01
1.194999999999996898e-01
4.344999999999998308e-01
1.928999999999998494e-01
1.539000000000003421e-01
2.351999999999994928e-01
1.174999999999999656e-01
