2.052999999999999825e-01
1.100000000000000006e-01
1.402999999999999803e-01
9.919999999999998264e-02
1.035999999999999976e-01
4.310999999999999277e-01
1.377999999999999781e-01
3.234000000000000208e-01
2.144000000000000350e-01
1.458000000000000129e-01
6.749999999999999056e-02
1.029999999999999943e-01
5.579999999999999544e-02
8.579999999999998739e-02
1.076000000000000012e-01
1.648000000000000020e-01
4.810000000000001774e-02
8.540000000000000369e-02
9.670000000000003593e-02
7.619999999999993445e-02
1.601999999999999813e-01
9.949999999999997735e-02
1.170999999999999958e-01
1.959000000000000463e-01
1.121999999999999803e-01
4.982999999999999097e-01
1.520000000000000240e-01
5.129999999999999144e-02
1.562999999999999667e-01
1.087999999999999523e-01
4.710000000000000298e-01
3.534000000000000474e-01
8.909999999999998477e-02
1.413000000000000367e-01
1.630999999999999950e-01
2.322999999999999510e-01
9.579999999999998239e-02
9.479999999999999538e-02
7.629999999999999283e-02
9.990000000000004432e-02
1.348999999999999644e-01
1.660000000000000364e-01
1.597999999999999976e-01
1.201999999999999735e-01
7.500000000000001110e-02
7.140000000000001901e-02
1.064999999999999281e-01
2.239000000000000434e-01
8.379999999999993010e-02
1.759000000000001118e-01
1.314000000000000723e-01
1.754000000000000004e-01
1.270999999999999353e-01
1.339999999999999525e-01
1.098000000000000087e-01
1.257999999999999119e-01
9.820000000000005114e-02
2.131000000000000394e-01
1.583999999999999853e-01
5.570000000000001339e-02
2.496000000000000163e-01
8.090000000000005520e-02
5.300999999999999046e-01
1.146400000000000086e+00
1.169000000000000594e-01
3.411000000000000143e-01
2.215999999999999914e-01
8.329999999999994353e-02
2.341999999999999638e-01
2.736000000000000654e-01
8.964000000000000856e-01
5.080000000000000071e-01
1.927999999999999992e-01
1.333000000000000296e-01
9.649999999999993305e-02
1.735000000000000431e-01
1.036999999999999728e-01
1.233000000000000485e-01
1.040999999999999981e-01
1.232000000000000178e-01
8.120000000000010543e-02
1.071999999999998371e-01
1.496999999999999442e-01
1.183000000000000024e-01
4.338000000000000189e-01
4.550999999999999490e-01
2.199999999999997791e-01
1.283000000000001084e-01
2.082000000000000517e-01
1.762000000000001065e-01
1.374999999999998446e-01
1.784000000000000585e-01
1.088999999999999690e-01
5.049999999999998934e-02
6.849999999999993594e-02
1.652999999999999470e-01
1.717000000000000193e-01
1.960999999999999133e-01
1.156999999999999695e-01
1.625999999999999945e-01
1.299999999999999767e-01
1.109999999999999737e-01
1.014000000000001012e-01
1.276000000000000467e-01
1.797999999999999321e-01
1.622000000000000941e-01
5.971000000000001862e-01
4.114000000000000434e-01
1.729000000000002202e-01
4.669999999999990131e-02
1.939999999999999780e-01
1.259000000000000119e-01
1.541000000000001258e-01
1.929000000000000159e-01
1.773999999999998356e-01
3.406999999999998918e-01
2.875000000000000888e-01
1.475999999999999535e-01
2.459000000000000907e-01
1.473000000000000087e+00
3.050999999999999823e-01
1.616000000000000214e-01
2.637000000000000455e-01
1.485300000000000065e+00
1.313999999999997947e-01
1.575000000000000289e-01
2.310999999999999721e-01
1.481999999999999984e-01
1.134000000000000286e-01
1.848000000000001031e-01
2.077000000000001623e-01
1.643000000000000294e-01
1.663000000000001144e-01
9.949999999999989408e-02
2.795000000000000817e-01
2.992000000000000770e-01
4.492000000000002102e-01
1.354000000000000759e-01
9.009999999999990239e-02
1.422000000000000763e-01
1.173000000000000431e-01
1.406000000000001415e-01
8.649999999999982703e-02
2.492000000000000604e-01
2.515999999999998793e-01
1.014000000000000873e-01
3.037999999999999035e-01
1.579000000000000958e-01
1.748999999999999722e-01
2.075999999999997569e-01
1.796999999999999709e-01
8.129999999999988625e-02
3.678999999999996717e-01
1.182000000000001938e-01
2.394999999999999352e-01
