1.706999999999999629e-01
1.034000000000000058e-01
2.659000000000000252e-01
2.306000000000000272e-01
2.983000000000000096e-01
1.741000000000000048e-01
1.116999999999999937e-01
1.679999999999999202e-02
1.097999999999999948e-01
1.370000000000000107e-01
1.226999999999999896e-01
1.242000000000000048e-01
8.219999999999999529e-02
1.809999999999999665e-01
1.621000000000000218e-01
1.363000000000000045e-01
1.029000000000000054e-01
5.879999999999999810e-02
5.770000000000002904e-02
1.146999999999999548e-01
1.694999999999999840e-01
2.844999999999999751e-01
9.240000000000000990e-02
1.772000000000000242e-01
8.470000000000002527e-02
8.530000000000001470e-02
1.702000000000000179e-01
3.777000000000000357e-01
1.846000000000000141e-01
1.283999999999999864e-01
1.220000000000000251e-01
5.830000000000003929e-02
1.745999999999999774e-01
1.435000000000000442e-01
1.581000000000000461e-01
4.570000000000002532e-02
1.597000000000000086e-01
6.159999999999996034e-02
9.300000000000001321e-02
1.657000000000000695e-01
7.800000000000004152e-02
1.735000000000000153e-01
8.740000000000000546e-02
1.294000000000000150e-01
1.544999999999999707e-01
4.930000000000002436e-02
6.040000000000000924e-02
6.459999999999993525e-02
6.199999999999998568e-02
1.063000000000000611e-01
7.870000000000001994e-02
6.309999999999998943e-02
7.440000000000002167e-02
9.009999999999998566e-02
6.449999999999998790e-02
3.019999999999999074e-02
1.037999999999999756e-01
5.920000000000005119e-02
7.370000000000005713e-02
9.389999999999994185e-02
1.061999999999999750e-01
5.869999999999994666e-02
1.209999999999999964e-01
7.740000000000006597e-02
1.670999999999999708e-01
1.383999999999999952e-01
8.680000000000001603e-02
1.024999999999999523e-01
5.140000000000003594e-02
9.659999999999994980e-02
4.870000000000002105e-02
4.829999999999996796e-02
1.127000000000000224e-01
7.090000000000003244e-02
3.889999999999996932e-02
8.419999999999999707e-02
1.014000000000000040e-01
6.419999999999996543e-02
8.290000000000005698e-02
6.189999999999999669e-02
6.710000000000002074e-02
5.500000000000002109e-02
5.289999999999994013e-02
1.228999999999999815e-01
1.654000000000000192e-01
9.480000000000000926e-02
5.860000000000002707e-02
1.334999999999999520e-01
6.600000000000003086e-02
9.450000000000000067e-02
6.990000000000010094e-02
5.999999999999992839e-02
1.469000000000000583e-01
1.126000000000000750e-01
7.890000000000005342e-02
4.810000000000004550e-02
1.130999999999999783e-01
5.089999999999990365e-02
1.239000000000000101e-01
6.249999999999997224e-02
7.179999999999990556e-02
1.104000000000000259e-01
1.092000000000000332e-01
1.443999999999999173e-01
1.050999999999999990e-01
8.000000000000001554e-02
1.295999999999999930e-01
9.809999999999995113e-02
2.399000000000000299e-01
5.870000000000000911e-02
7.819999999999993623e-02
7.090000000000006020e-02
6.600000000000004474e-02
5.920000000000000956e-02
3.349999999999993955e-02
8.800000000000006428e-02
1.010000000000001313e-01
7.790000000000002478e-02
7.830000000000000848e-02
1.116000000000000603e-01
1.023000000000000853e-01
8.369999999999991336e-02
9.029999999999996363e-02
8.890000000000003455e-02
6.325999999999999401e-01
9.210000000000007070e-02
2.172000000000000042e-01
1.295000000000000873e-01
1.057000000000000162e-01
5.439999999999999003e-02
8.189999999999988956e-02
7.819999999999990847e-02
1.161000000000000087e-01
1.049999999999999545e-01
1.179999999999999660e-01
9.120000000000003104e-02
8.180000000000003935e-02
3.789999999999989905e-02
8.540000000000014246e-02
2.217000000000000637e-01
8.579999999999986249e-02
7.900000000000009792e-02
6.010000000000009779e-02
1.783000000000001806e-01
1.308999999999999053e-01
8.130000000000013605e-02
1.210999999999999299e-01
5.459999999999994719e-02
4.859999999999999043e-02
8.890000000000009006e-02
4.309999999999986064e-02
6.340000000000008129e-02
8.299999999999989331e-02
1.037000000000000977e-01
7.249999999999999500e-02
