6.699000000000000510e-01
2.924999999999999822e-01
1.956999999999999851e-01
1.374000000000000776e-01
2.928999999999999937e-01
1.662999999999999479e-01
1.689999999999999836e-01
2.577999999999999736e-01
1.723999999999999422e-01
2.979000000000000536e-01
1.493999999999999218e-01
1.348000000000000309e-01
1.325000000000000067e-01
1.294000000000000150e-01
1.252000000000000335e-01
9.700000000000005840e-02
1.020000000000000073e-01
1.324999999999999512e-01
1.756000000000000338e-01
7.969999999999996532e-02
1.434000000000000274e-01
2.442999999999999894e-01
3.668000000000000149e-01
1.500000000000000222e-01
2.043999999999999984e-01
1.460000000000000464e-01
5.299999999999998462e-02
6.889999999999998903e-02
1.529999999999999694e-01
1.242000000000001020e-01
3.379999999999996896e-02
1.257999999999999674e-01
7.670000000000000429e-02
1.176999999999999574e-01
3.711999999999999744e-01
2.838999999999999857e-01
3.916999999999999371e-01
4.768000000000000016e-01
3.692999999999999616e-01
1.626999999999999558e-01
1.183000000000000856e-01
9.130000000000002003e-02
2.848999999999999311e-01
1.170999999999999541e-01
1.682999999999999219e-01
1.875000000000000555e-01
3.036999999999999700e-01
7.021000000000001684e-01
1.863999999999999824e-01
1.463000000000000411e-01
2.333000000000000074e-01
3.157999999999999696e-01
2.024000000000000798e-01
1.611999999999999822e-01
3.145999999999999908e-01
1.396000000000000296e-01
2.007999999999998675e-01
2.177000000000001156e-01
1.721000000000000862e-01
1.110000000000000708e-01
1.247000000000000192e-01
1.376999999999999891e-01
1.411000000000000587e-01
1.763000000000000123e-01
8.269999999999999574e-02
1.511999999999999456e-01
1.015000000000000624e-01
1.227999999999999786e-01
1.214999999999999136e-01
8.073000000000000176e-01
1.492000000000000548e-01
5.709999999999990083e-02
3.296999999999999376e-01
2.874000000000000443e-01
6.703000000000000069e-01
2.320000000000000673e-01
9.420000000000007534e-02
1.317999999999999172e-01
7.720000000000006024e-02
9.509999999999996234e-02
7.929999999999992610e-02
9.069999999999994733e-02
2.453999999999999237e-01
2.064999999999997948e-01
1.311999999999999278e-01
1.514000000000000901e-01
1.042999999999999483e-01
1.205999999999999850e-01
8.240000000000002878e-02
8.170000000000010587e-02
7.280000000000003135e-02
5.199999999999987965e-02
4.179999999999996219e-02
1.811999999999999722e-01
4.550000000000002653e-02
5.889999999999991076e-02
9.979999999999991656e-02
5.300000000000008177e-02
7.480000000000010252e-02
1.776000000000001466e-01
4.459999999999999520e-01
6.504999999999999671e-01
6.669000000000000483e-01
9.173000000000001153e-01
2.565999999999998837e-01
3.793000000000000260e-01
4.300000000000007289e-02
6.104999999999999316e-01
1.445000000000000451e-01
2.904999999999998694e-01
4.829999999999998184e-02
1.883999999999998454e-01
1.000000000000001860e-01
1.177000000000000129e-01
1.592999999999999972e-01
9.070000000000012774e-02
9.510000000000001785e-02
9.050000000000001099e-02
3.447999999999998844e-01
8.643999999999998352e-01
1.703999999999999959e-01
1.312100000000000044e+00
2.122000000000000552e-01
2.071999999999999953e-01
2.494999999999999718e-01
7.334999999999999298e-01
1.024800000000000155e+00
3.417000000000000037e-01
3.944000000000001949e-01
2.773000000000001020e-01
1.146000000000000074e-01
1.907999999999999141e-01
1.768000000000000682e-01
1.098000000000000642e-01
1.088999999999998858e-01
1.743999999999998884e-01
3.853000000000000869e-01
2.326000000000000012e-01
4.340999999999999304e-01
1.524999999999999134e-01
6.709999999999998188e-01
3.021000000000000352e-01
3.307000000000001605e-01
3.060000000000000497e-01
1.791999999999999149e-01
3.671000000000000374e-01
3.035999999999999255e-01
4.442999999999999727e-01
3.714999999999999969e-01
1.404999999999999305e-01
4.154000000000001580e-01
7.800999999999999046e-01
7.385000000000001563e-01
1.511000000000001509e-01
2.483000000000000762e-01
