1.365000000000000102e-01
8.029999999999999638e-02
1.332999999999999741e-01
5.109999999999997877e-02
1.242000000000000048e-01
8.320000000000001006e-02
9.779999999999999805e-02
8.110000000000003317e-02
6.709999999999999298e-02
8.009999999999999065e-02
6.500000000000000222e-02
2.120000000000000009e-02
8.770000000000000018e-02
8.690000000000000502e-02
7.230000000000000315e-02
1.020000000000000073e-01
1.057999999999999913e-01
7.300000000000000933e-02
4.840000000000002633e-02
9.399999999999997247e-02
8.999999999999999667e-02
2.273000000000000020e-01
2.766000000000000125e-01
6.909999999999999476e-02
9.099999999999999756e-02
1.841999999999999749e-01
1.100999999999999895e-01
1.199999999999999956e-01
5.079999999999999100e-02
1.397999999999999798e-01
7.140000000000001901e-02
6.909999999999998088e-02
1.365000000000000102e-01
1.262000000000000066e-01
1.034999999999999809e-01
6.440000000000001279e-02
7.200000000000003619e-02
7.690000000000002389e-02
1.189000000000000196e-01
9.559999999999999054e-02
6.229999999999998039e-02
7.869999999999999218e-02
1.130999999999999922e-01
1.006000000000000505e-01
9.670000000000000817e-02
6.710000000000000686e-02
1.308999999999999886e-01
9.900000000000000466e-02
1.290000000000000036e-01
2.130000000000001337e-02
6.530000000000002469e-02
8.449999999999997791e-02
1.698999999999999955e-01
6.170000000000000484e-02
5.119999999999999551e-02
8.569999999999999840e-02
8.440000000000000280e-02
1.141999999999999960e-01
5.969999999999998919e-02
6.149999999999998523e-02
1.890000000000000291e-01
7.669999999999999041e-02
1.168000000000000288e-01
1.752999999999999559e-01
1.021000000000000241e-01
7.139999999999996350e-02
5.296000000000000707e-01
6.752000000000000224e-01
1.596999999999999809e-01
1.962000000000000133e-01
1.376000000000000001e-01
1.628999999999998782e-01
1.296000000000000485e-01
1.966999999999999860e-01
1.932999999999999718e-01
7.849999999999993094e-02
1.248999999999999277e-01
9.550000000000005707e-02
7.600000000000005362e-02
7.630000000000000671e-02
5.369999999999994916e-02
1.563999999999999557e-01
6.689999999999989011e-02
7.309999999999991505e-02
6.390000000000002622e-02
7.209999999999996967e-02
1.045000000000000512e-01
7.430000000000006044e-02
9.319999999999997731e-02
4.990000000000002767e-02
2.184999999999999720e-01
1.190999999999999698e-01
9.320000000000000506e-02
2.835999999999999632e-01
4.320000000000005780e-02
1.839999999999999414e-01
2.070999999999999786e-01
1.929000000000000437e-01
8.360000000000003539e-02
8.410000000000006359e-02
1.783999999999999475e-01
1.221000000000000557e-01
9.710000000000003351e-02
8.520000000000001183e-02
7.640000000000002345e-02
6.579999999999991411e-02
7.029999999999990423e-02
5.530000000000011295e-02
1.553999999999998993e-01
1.263000000000000789e-01
1.333999999999999631e-01
4.890000000000002678e-02
9.699999999999993350e-02
1.827999999999999070e-01
5.610000000000001097e-02
4.620000000000001883e-02
7.820000000000000562e-02
1.971999999999999864e-01
7.849999999999990319e-02
2.500000000000002220e-02
1.275999999999999912e-01
2.237999999999999989e-01
8.940000000000004887e-02
1.224999999999999978e-01
1.122000000000000636e-01
8.949999999999995459e-02
5.189999999999998781e-02
1.599999999999999478e-01
9.970000000000012186e-02
7.980000000000000981e-02
1.008999999999998787e-01
5.220000000000001722e-02
8.500000000000015876e-02
8.739999999999985281e-02
1.510000000000000508e-01
1.004000000000000448e-01
5.369999999999999774e-02
1.650999999999998857e-01
9.660000000000001918e-02
8.159999999999997811e-02
1.558999999999999553e-01
4.800000000000011202e-02
1.030999999999999001e-01
9.390000000000002511e-02
1.251000000000001278e-01
8.219999999999991203e-02
1.136999999999999955e-01
1.029999999999999111e-01
6.000000000000003941e-02
1.198999999999999233e-01
1.382000000000000173e-01
1.135000000000001008e-01
5.209999999999996578e-02
5.600000000000003586e-02
1.267999999999998850e-01
