5.179999999999999882e-02
6.579000000000000403e-01
6.943000000000000282e-01
2.205000000000000293e-01
4.223000000000000087e-01
2.440999999999999837e-01
1.157000000000000250e-01
2.102999999999999869e-01
2.376999999999999669e-01
3.598999999999999977e-01
2.537000000000000366e-01
4.793999999999999928e-01
1.456999999999999962e-01
7.570000000000000340e-02
2.752999999999999892e-01
1.859999999999999432e-01
1.608999999999999875e-01
2.310000000000000109e-01
2.857000000000000095e-01
3.955000000000000182e-01
3.715999999999999304e-01
3.840999999999999970e-01
1.395799999999999708e+00
3.743999999999998995e-01
3.017999999999999017e-01
6.899999999999997802e-02
4.267999999999999572e-01
2.505000000000001670e-01
5.952000000000000624e-01
2.509999999999999454e-01
5.554999999999999938e-01
4.819999999999999285e-01
2.414999999999999647e-01
1.732999999999999818e-01
2.701000000000000068e-01
2.503000000000000225e-01
1.693999999999999395e-01
3.570000000000000395e-01
3.159999999999999476e-01
3.389999999999999680e-01
1.776999999999999691e-01
3.998999999999999777e-01
4.796999999999999598e-01
6.347000000000000419e-01
1.570000000000000284e-01
3.758000000000000229e-01
3.770000000000001128e-01
2.337999999999999523e-01
5.835000000000000187e-01
1.990999999999999992e-01
5.018000000000000238e-01
2.620000000000001217e-01
2.994999999999999885e-01
3.058000000000000163e-01
2.255999999999999672e-01
2.328000000000000069e-01
1.240999999999999187e-01
2.332999999999999241e-01
8.356000000000001204e-01
3.473999999999999311e-01
2.440000000000000502e-01
5.792999999999999261e-01
1.051999999999998353e-01
4.136999999999999567e-01
5.269999999999998019e-01
6.527999999999999359e-01
4.990000000000001101e-01
3.792999999999998595e-01
4.742999999999999994e-01
4.262999999999997902e-01
2.159000000000001196e-01
3.427999999999999936e-01
3.188000000000000833e-01
4.225999999999999757e-01
4.058999999999999275e-01
2.980999999999999761e-01
9.109999999999984777e-02
9.046999999999998376e-01
2.761000000000000121e-01
2.694000000000000838e-01
1.050999999999998463e-01
1.914000000000000146e-01
2.437000000000000277e-01
4.346999999999999198e-01
2.214000000000000690e-01
3.414000000000000923e-01
2.829000000000000958e-01
5.314000000000000945e-01
1.160000000000000753e-01
2.084000000000003350e-01
2.367000000000000770e-01
1.207999999999999630e-01
1.135000000000001424e-01
2.163000000000000755e-01
1.051999999999999602e-01
2.121999999999999442e-01
1.597000000000000086e-01
1.956999999999999573e-01
1.406999999999998807e-01
6.290000000000013636e-02
3.392000000000000570e-01
2.313000000000001721e-01
8.769999999999973650e-02
1.380000000000001226e-01
2.156000000000001804e-01
5.979999999999960347e-02
1.306999999999997608e-01
1.289999999999999203e-01
1.231000000000001954e-01
1.744000000000001660e-01
1.367999999999999772e-01
8.919999999999973783e-02
1.274999999999999467e-01
1.362000000000004318e-01
9.260000000000014053e-02
6.310000000000004494e-02
3.177000000000001489e-01
3.646999999999999686e-01
7.565999999999998282e-01
2.883000000000000007e-01
2.561999999999996502e-01
1.927000000000000379e-01
3.727000000000000868e-01
4.768000000000000571e-01
6.894999999999997797e-01
8.688000000000001277e-01
3.084999999999998854e-01
3.927000000000001600e-01
1.125000000000001554e-01
2.317000000000000726e-01
2.547000000000001485e-01
3.531000000000000250e-01
3.293000000000000371e-01
3.349999999999999645e-01
3.446999999999999509e-01
1.691999999999999615e-01
3.130000000000004445e-01
7.230000000000003091e-01
2.282000000000001250e-01
3.306999999999996609e-01
4.593000000000003746e-01
4.421999999999997599e-01
4.285000000000002141e-01
4.592999999999997085e-01
5.351000000000000201e-01
5.093999999999998529e-01
1.996999999999996278e-01
1.460999999999995913e-01
2.530000000000002802e-01
1.215000000000001218e-01
1.182999999999998220e-01
1.397000000000001851e-01
4.850000000000032063e-02
9.820000000000034257e-02
8.049999999999954414e-02
