3.150000000000000022e-02
1.315999999999999948e-01
7.789999999999998315e-02
8.259999999999999287e-02
3.017000000000000237e-01
3.529999999999999805e-01
2.048999999999999988e-01
6.641000000000000236e-01
3.274000000000000243e-01
2.686000000000000054e-01
1.167000000000000121e-01
8.610000000000000986e-02
4.128000000000000558e-01
4.516999999999999904e-01
3.540000000000000369e-01
2.714000000000000856e-01
1.653999999999999637e-01
1.424000000000000266e-01
2.529000000000000137e-01
1.260000000000000009e-01
1.659000000000000197e-01
1.987000000000000155e-01
1.703000000000000069e-01
9.660000000000001918e-02
4.689999999999999725e-02
1.664999999999999536e-01
1.528999999999999526e-01
1.016999999999999710e-01
6.789999999999997427e-02
9.139999999999996738e-02
1.211000000000000132e-01
8.359999999999996600e-02
5.139999999999998737e-02
1.129000000000000142e-01
1.179999999999999660e-01
7.900000000000001465e-02
1.852999999999999925e-01
3.499999999999996864e-02
2.558999999999999608e-01
1.299000000000000155e-01
1.172999999999999737e-01
7.770000000000003293e-02
4.564000000000000279e-01
1.848999999999999533e-01
2.060999999999999777e-01
1.634000000000000452e-01
7.209999999999996967e-02
6.139999999999995461e-02
1.435000000000000164e-01
8.829999999999997573e-02
1.967000000000000415e-01
2.780000000000000804e-01
1.118000000000000521e-01
5.360000000000000875e-02
3.488000000000000544e-01
1.712999999999999801e-01
2.044000000000000816e-01
2.239999999999999769e-01
6.289999999999992819e-02
1.942000000000000115e-01
1.147999999999999854e-01
1.733000000000000096e-01
2.824000000000000954e-01
1.753999999999999448e-01
1.398999999999999688e-01
1.335999999999999965e-01
7.099999999999999367e-02
5.859999999999997156e-02
1.144999999999999629e-01
2.016999999999999904e-01
3.926999999999999935e-01
5.477000000000000757e-01
3.639000000000001123e-01
1.267000000000000348e-01
4.590000000000008656e-02
7.810000000000011378e-02
7.079999999999991855e-02
9.609999999999993547e-02
5.609999999999996240e-02
5.150000000000015676e-02
3.166999999999999815e-01
1.856000000000000427e-01
9.560000000000007381e-02
2.139999999999999958e-01
2.389000000000000845e-01
1.109999999999998488e-01
1.392000000000000459e-01
3.096000000000000973e-01
1.277000000000000912e-01
9.629999999999980242e-02
1.577999999999999958e-01
6.270000000000006124e-02
1.614000000000000712e-01
1.375000000000000944e-01
7.139999999999994962e-02
1.453000000000000402e-01
2.027000000000000191e-01
1.781999999999998863e-01
1.052999999999999908e-01
1.318000000000000560e-01
6.336999999999999300e-01
1.669999999999998708e-01
2.092999999999999861e-01
1.143000000000000266e-01
1.562999999999999945e-01
1.089999999999999580e-01
9.589999999999981872e-02
5.443999999999999950e-01
3.174000000000001265e-01
4.286000000000000365e-01
1.285000000000001141e-01
1.768000000000000960e-01
1.028999999999998111e-01
1.019999999999999657e-01
1.285999999999999921e-01
1.103999999999999426e-01
1.423999999999997768e-01
1.313999999999998503e-01
4.249999999999983652e-02
7.850000000000004197e-02
1.365999999999999437e-01
1.445000000000000451e-01
1.095000000000000140e-01
5.860999999999999543e-01
2.390999999999999237e-01
5.850999999999999535e-01
4.847000000000000419e+00
1.267299999999999649e+00
5.330799999999999983e+00
2.790999999999997372e-01
5.286000000000000698e-01
1.528999999999999526e-01
1.417999999999999261e-01
9.460000000000012843e-02
2.829000000000001513e-01
1.311999999999999278e-01
1.847999999999999921e-01
1.001799999999999802e+00
9.784999999999998144e-01
5.159999999999997922e-01
2.558999999999999053e-01
1.404999999999999860e-01
7.660000000000008469e-02
1.655000000000000360e-01
1.630999999999999672e-01
1.803000000000001268e-01
7.609999999999991771e-02
1.972000000000000142e-01
1.397999999999999521e-01
2.264000000000001289e-01
1.715000000000001246e-01
1.073999999999999677e-01
1.230000000000000260e-01
5.200000000000010170e-02
9.850000000000003197e-02
