3.390999999999999570e-01
1.589700000000000113e+00
7.547999999999999154e-01
4.501000000000000001e-01
4.437000000000000388e-01
6.296000000000000485e-01
2.608999999999999098e-01
1.082699999999999996e+00
3.486000000000000210e-01
1.734000000000000263e-01
4.745000000000000329e-01
2.641000000000000014e-01
1.390900000000000025e+00
3.528000000000001135e-01
1.443999999999999728e-01
1.644999999999999796e-01
6.561000000000000165e-01
1.696000000000000008e-01
9.071000000000000174e-01
5.349000000000001531e-01
3.619999999999999885e-01
9.763000000000000567e-01
3.820000000000000617e-01
2.683999999999999719e-01
4.415999999999999925e-01
1.555999999999999606e-01
1.854999999999999982e-01
3.064999999999999392e-01
2.031999999999999362e-01
9.549999999999991829e-02
1.835999999999998744e-01
1.736000000000000321e-01
6.508000000000001561e-01
4.455000000000000626e-01
3.173999999999999599e-01
2.959000000000000519e-01
3.325199999999999712e+00
1.891099999999999781e+00
9.118000000000001659e-01
8.247000000000002107e-01
4.976000000000000423e-01
2.111999999999999156e-01
1.216999999999999887e-01
2.384000000000000008e-01
1.722999999999999809e-01
8.480000000000009752e-02
8.619999999999994333e-02
2.422999999999999876e-01
2.006299999999999972e+00
1.173500000000000210e+00
2.391999999999999682e-01
2.567000000000000393e-01
4.162999999999999479e-01
8.308999999999999719e-01
9.011000000000000121e-01
8.006999999999999673e-01
4.240999999999999770e-01
3.846000000000000529e-01
3.337000000000001076e-01
1.232000000000000040e-01
2.522999999999999687e-01
2.223999999999999588e-01
2.214999999999999469e-01
1.190999999999998726e-01
1.639000000000001289e-01
1.870999999999998498e-01
2.361999999999998545e-01
3.929999999999999050e-01
1.111399999999999944e+00
1.916999999999999815e-01
9.579999999999994076e-02
3.141999999999999793e-01
3.694000000000000616e-01
2.345000000000000140e-01
8.600999999999999757e-01
3.737999999999999101e-01
2.662999999999999812e-01
1.255999999999999894e-01
1.444099999999999939e+00
2.762799999999999923e+00
1.934099999999999708e+00
9.301000000000000378e-01
1.651000000000000245e+00
3.199999999999999512e-01
8.114999999999998881e-01
6.887999999999999678e-01
1.948000000000000009e-01
3.347999999999999310e-01
6.210999999999998744e-01
4.631000000000000116e-01
9.467999999999999750e-01
4.851000000000000312e-01
1.623699999999999921e+00
3.092000000000000859e-01
2.185999999999999055e-01
2.463999999999998691e-01
2.142000000000000570e-01
2.884000000000001007e-01
2.985000000000000986e-01
2.567000000000000393e-01
2.689999999999999614e-01
9.439999999999992841e-02
7.049999999999995159e-02
1.087999999999999384e-01
1.751999999999999946e-01
7.310999999999999721e-01
6.608000000000000540e-01
7.287000000000001254e-01
5.529000000000001691e-01
1.738000000000000655e-01
8.154000000000001247e-01
7.935000000000000941e-01
7.167000000000000037e-01
4.504000000000000226e-01
7.541999999999999815e-01
3.892000000000001014e-01
8.313000000000001499e-01
5.447000000000000730e-01
9.246000000000001995e-01
2.727999999999999869e-01
3.443999999999998729e-01
2.839000000000000412e-01
7.559999999999994502e-02
1.358999999999999930e-01
5.429999999999989696e-02
5.999999999999987982e-02
1.902999999999999692e-01
1.720000000000000417e-01
1.083999999999998437e-01
1.441999999999999948e-01
1.019999999999999241e-01
3.034999999999999920e-01
3.746999999999999775e-01
1.612000000000000655e-01
4.075000000000000289e-01
2.805000000000000271e-01
2.409999999999999365e-01
2.923999999999998822e-01
2.926999999999998492e-01
2.789999999999999147e-01
2.062999999999999001e-01
7.568999999999999062e-01
8.287000000000001032e-01
3.880999999999999450e-01
2.461000000000000965e-01
5.679999999999998384e-01
1.552800000000000180e+00
4.560000000000000164e-01
8.402000000000000579e-01
6.038000000000002254e-01
4.046000000000001262e-01
7.110000000000002429e-02
2.658000000000000917e-01
3.101000000000000423e-01
2.634000000000001340e-01
