2.138000000000000178e-01
1.932999999999999996e-01
8.020000000000002127e-02
5.859999999999999931e-02
1.686999999999999889e-01
6.779999999999998528e-02
8.800000000000000877e-02
1.426000000000000323e-01
5.600000000000000810e-02
1.944999999999999785e-01
3.075999999999999845e-01
2.857999999999999985e-01
1.380000000000000115e-01
5.629999999999999588e-02
6.909999999999999476e-02
8.530000000000001470e-02
1.812000000000000000e-01
3.789999999999999480e-01
3.919000000000000261e-01
1.643000000000000294e-01
5.083999999999999631e-01
1.845100000000000184e+00
7.941000000000000281e-01
2.613000000000000878e-01
4.319000000000000061e-01
2.798999999999999821e-01
1.509999999999999676e-01
5.585000000000001075e-01
2.378000000000000391e-01
1.935000000000000053e-01
9.680000000000002491e-02
1.814000000000000057e-01
1.051999999999999602e-01
1.241000000000000575e-01
5.524000000000000021e-01
3.213000000000000300e-01
2.258999999999999897e-01
2.490999999999999326e-01
2.323000000000000065e-01
4.566999999999999948e-01
3.282999999999999252e-01
7.879999999999992566e-02
9.819999999999996787e-02
9.940000000000012714e-02
1.865999999999999603e-01
9.819999999999999563e-02
1.489999999999999658e-01
3.549999999999993439e-02
8.619999999999987395e-02
7.310000000000001219e-02
2.235000000000000042e-01
2.388000000000000123e-01
1.025000000000001327e-01
6.989999999999990665e-02
1.020999999999999408e-01
4.890000000000001290e-02
6.590000000000000024e-02
1.788000000000000422e-01
3.619999999999988505e-02
5.880000000000006055e-02
5.590000000000004687e-02
1.360999999999999710e-01
6.669999999999998153e-02
1.378999999999999115e-01
1.025999999999998996e-01
6.999999999999990952e-02
6.340000000000001190e-02
9.820000000000003726e-02
7.489999999999993885e-02
1.655999999999999139e-01
8.677000000000001378e-01
5.733000000000000318e-01
5.633999999999999009e-01
2.030999999999999472e-01
1.011000000000002175e-01
8.999999999999989952e-02
5.640000000000008895e-02
8.390000000000003011e-02
6.199999999999999956e-02
8.820000000000008389e-02
2.456000000000001515e-01
1.594000000000001249e-01
9.540000000000006808e-02
6.329999999999980087e-02
6.390000000000006786e-02
7.860000000000016973e-02
2.379999999999982130e-02
6.039999999999987046e-02
5.850000000000007971e-02
2.869999999999992002e-02
3.879999999999994564e-02
8.340000000000025171e-02
1.069000000000001060e-01
2.771000000000001240e-01
3.187000000000002053e-01
8.329999999999981863e-02
1.041000000000002479e-01
7.080000000000000182e-02
3.899999999999992362e-02
6.760000000000002118e-02
6.320000000000008944e-02
3.009999999999999343e-01
3.331000000000000072e-01
5.808000000000000940e-01
1.409100000000000019e+00
8.172000000000001485e-01
1.349100000000000410e+00
1.195999999999999008e-01
6.593999999999999861e-01
1.944999999999998674e-01
1.147999999999999299e-01
9.909999999999999365e-02
3.379999999999994120e-02
7.709999999999997411e-02
2.352800000000000225e+00
1.735100000000000087e+00
1.289600000000000080e+00
1.004499999999999948e+00
1.081900000000000084e+00
1.216000000000000192e+00
4.130000000000000338e-01
3.740999999999999326e-01
4.497000000000000441e-01
6.169999999999997708e-01
1.115499999999999936e+00
6.129000000000000004e-01
2.238999999999999047e-01
4.800999999999998602e-01
1.522000000000001685e-01
1.901999999999997581e-01
2.439000000000000334e-01
1.933999999999999053e-01
2.123800000000000132e+00
1.388199999999999656e+00
7.960000000000019837e-02
6.139999999999984359e-02
5.039999999999966729e-02
1.313499999999999890e+00
3.650999999999999246e-01
7.401999999999998581e-01
3.219000000000000750e-01
2.470000000000001639e-01
1.243999999999998579e-01
3.532000000000000695e-01
1.723000000000002307e-01
8.430000000000012483e-02
1.041000000000000258e-01
8.490000000000014202e-02
2.940000000000015865e-02
2.316999999999997950e-01
2.252000000000002056e-01
1.656199999999999672e+00
1.403200000000000003e+00
4.063999999999997614e-01
6.661000000000000254e-01
