4.889999999999999902e-01
3.280000000000000138e-01
4.238000000000000100e-01
2.272000000000000131e-01
1.946000000000000230e-01
2.464999999999999691e-01
1.230000000000000260e-01
1.278999999999999859e-01
1.258000000000000229e-01
1.590000000000000024e-01
2.087000000000000244e-01
8.010000000000004616e-02
1.237999999999999934e-01
1.424999999999999878e-01
1.099000000000000810e-01
1.333999999999999075e-01
6.969999999999995643e-02
1.427000000000000490e-01
1.551000000000000989e-01
7.809999999999997500e-02
1.458999999999999742e-01
1.225999999999998757e-01
2.135999999999999011e-01
1.275000000000000022e-01
4.850000000000001532e-02
1.329000000000000181e-01
1.386999999999999345e-01
1.744999999999999607e-01
1.049999999999999267e-01
1.131999999999999812e-01
2.540999999999998815e-01
3.145000000000000018e-01
1.533999999999999808e-01
2.293000000000001426e-01
1.953000000000000846e-01
8.139999999999997238e-02
3.979999999999994653e-02
9.830000000000001237e-02
1.137000000000000094e-01
2.170000000000000262e-01
2.136999999999999733e-01
1.458999999999999464e-01
1.826000000000000401e-01
1.332999999999999741e-01
1.192000000000000004e-01
1.528999999999999526e-01
1.645999999999999963e-01
3.212000000000000410e-01
1.177999999999999603e-01
1.301000000000000489e-01
9.540000000000002645e-02
6.890000000000001679e-02
6.509999999999993570e-02
1.150999999999999662e-01
1.811000000000001220e-01
1.260000000000000009e-01
1.486999999999998601e-01
1.135000000000000592e-01
1.333999999999998520e-01
1.218999999999999528e-01
3.423000000000000487e-01
2.431999999999999440e-01
4.308000000000001828e-01
1.173999999999998933e-01
4.959999999999996356e-02
1.150000000000001021e-01
4.069999999999979190e-02
1.799999999999998546e-01
6.108000000000000096e-01
1.853000000000000480e-01
2.696999999999998843e-01
9.869999999999992668e-02
1.323000000000001952e-01
1.744999999999999329e-01
9.249999999999997113e-02
8.429999999999984728e-02
7.159999999999994147e-02
1.396000000000000296e-01
1.055999999999999439e-01
8.229999999999998428e-02
1.033000000000000723e-01
1.573000000000002174e-01
1.494000000000000883e-01
1.296999999999999820e-01
1.209000000000001185e-01
1.833999999999998964e-01
9.589999999999986036e-02
1.081999999999999074e-01
6.764999999999999902e-01
3.750999999999998780e-01
3.508999999999998787e-01
1.498000000000000165e-01
6.359999999999996212e-02
1.333999999999999353e-01
1.637000000000000677e-01
1.556999999999998385e-01
6.860000000000016085e-02
1.211000000000002075e-01
1.042999999999999206e-01
1.636999999999999011e-01
6.479999999999999649e-02
3.570000000000001644e-02
7.169999999999995821e-02
1.115000000000000296e-01
1.765000000000001845e-01
7.899999999999990363e-02
8.020000000000002127e-02
1.201999999999998764e-01
7.409999999999992981e-02
6.340000000000009517e-02
1.435999999999999777e-01
5.769999999999988333e-02
1.093000000000001887e-01
6.829999999999988858e-02
7.590000000000012015e-02
1.092000000000000193e-01
7.389999999999986857e-02
8.030000000000006577e-02
1.136999999999997457e-01
1.187000000000003747e-01
1.099999999999997924e-01
8.140000000000009728e-02
1.557999999999999385e-01
5.019999999999978646e-02
3.289999999999991542e-02
1.040000000000000091e-01
1.719000000000001360e-01
9.949999999999993572e-02
9.009999999999983300e-02
1.357999999999999208e-01
7.149999999999991085e-02
1.345999999999999974e-01
1.574000000000001231e-01
3.897000000000001574e-01
1.319999999999997287e-01
2.161999999999999478e-01
1.618000000000000271e-01
9.090000000000009184e-02
1.174999999999999517e-01
5.619999999999977097e-02
4.969999999999999418e-02
8.020000000000017393e-02
9.239999999999978786e-02
7.039999999999996261e-02
7.090000000000026836e-02
5.560000000000013543e-02
5.029999999999987259e-02
7.320000000000000118e-02
8.660000000000001030e-02
2.146000000000001517e-01
2.122000000000000552e-01
5.470000000000008189e-02
8.059999999999979681e-02
1.183000000000000163e-01
4.049999999999991107e-02
