1.993000000000000049e-01
1.527000000000000024e-01
1.222999999999999643e-01
1.389999999999999847e-01
1.688999999999999946e-01
1.655999999999999972e-01
1.508000000000000174e-01
1.196000000000000119e-01
1.052000000000000157e-01
2.628000000000000336e-01
8.019999999999997964e-02
1.101000000000000034e-01
1.361999999999999600e-01
5.209999999999999354e-02
3.168999999999999040e-01
1.976999999999999869e-01
1.780000000000000193e-01
1.412000000000000199e-01
1.189999999999999947e-01
4.444000000000000172e-01
2.247999999999999443e-01
1.109999999999999459e-01
1.034000000000000336e-01
1.678000000000000047e-01
2.221000000000000196e-01
4.147000000000000686e-01
2.117000000000000270e-01
1.205000000000000376e-01
2.362999999999999823e-01
1.411999999999999367e-01
1.652000000000000135e-01
1.158999999999999891e-01
1.283000000000000806e-01
1.293000000000000815e-01
1.055000000000000521e-01
1.144999999999999629e-01
1.132999999999999841e-01
1.981999999999999595e-01
3.339999999999999636e-01
2.155999999999999583e-01
1.400000000000000133e-01
2.822000000000000619e-01
1.640000000000000624e-01
1.946000000000000230e-01
9.479999999999996763e-02
6.550000000000000266e-02
2.079999999999999905e-01
9.480000000000002314e-02
1.684000000000000219e-01
8.429999999999994442e-02
2.097999999999999310e-01
1.858999999999999542e-01
1.232000000000000040e-01
2.025999999999999468e-01
1.001999999999999974e-01
9.840000000000004299e-02
7.640000000000005120e-02
1.862999999999998268e-01
5.730000000000001065e-02
8.769999999999981977e-02
7.049999999999995159e-02
1.216000000000000830e-01
2.077000000000000512e-01
1.858000000000001317e-01
9.709999999999989473e-02
1.056000000000001243e-01
1.456000000000001737e-01
1.647000000000000963e-01
1.609000000000001263e-01
1.525000000000000244e-01
1.034000000000000336e-01
4.800000000000015365e-02
9.100000000000002531e-02
1.740999999999999492e-01
2.601999999999999869e-01
1.797000000000000541e-01
1.210000000000000936e-01
1.822000000000001674e-01
2.101999999999998314e-01
2.297999999999998932e-01
2.194999999999998619e-01
1.224000000000000365e-01
1.627999999999999448e-01
9.540000000000009583e-02
1.580999999999998518e-01
1.605000000000000315e-01
6.860000000000017473e-02
1.153999999999999471e-01
1.300000000000000877e-01
1.146999999999999270e-01
2.643000000000000349e-01
9.620000000000003548e-02
8.929999999999994886e-02
1.239999999999999158e-01
2.164000000000001200e-01
6.177999999999999048e-01
1.909999999999998643e-01
3.488999999999999324e-01
9.530000000000006521e-02
9.570000000000003504e-02
6.730000000000001259e-02
6.790000000000000202e-02
1.792099999999999804e+00
5.970999999999999641e-01
2.332000000000000184e-01
1.205000000000002042e-01
2.131999999999998063e-01
1.550000000000000822e-01
2.476999999999997537e-01
9.530000000000019011e-02
7.450000000000006617e-02
1.222999999999998810e-01
1.071999999999999065e-01
1.810000000000001052e-01
2.416000000000000092e-01
2.494999999999999440e-01
1.980999999999998318e-01
5.291000000000001258e-01
1.258000000000002172e-01
2.561000000000001053e-01
2.021999999999998521e-01
1.162999999999998896e-01
1.683000000000001162e-01
1.763000000000000123e-01
2.016000000000001124e-01
2.047000000000001041e-01
1.480000000000001315e-01
4.470000000000008689e-02
1.292999999999999705e-01
1.552999999999999936e-01
1.298000000000001652e-01
1.727000000000001312e-01
1.110999999999999210e-01
1.207999999999998936e-01
6.539999999999999980e-02
1.727999999999999536e-01
1.323999999999998789e-01
1.243000000000001742e-01
1.897000000000000908e-01
1.093000000000001470e-01
5.419999999999998430e-02
5.799999999999998906e-02
1.180999999999997607e-01
1.434999999999999054e-01
1.850999999999998757e-01
1.660999999999999144e-01
9.219999999999989315e-02
1.176000000000001766e-01
8.560000000000014819e-02
7.829999999999984195e-02
1.595000000000000306e-01
1.869000000000002326e-01
1.521000000000000130e-01
1.700999999999999179e-01
2.834999999999998632e-01
