2.001999999999999891e-01
3.593000000000000083e-01
5.083999999999999631e-01
5.878000000000001002e-01
1.041500000000000092e+00
1.449599999999999778e+00
8.169999999999999485e-01
2.798999999999999821e-01
1.341699999999999893e+00
1.372699999999999809e+00
7.153000000000000469e-01
4.135999999999999677e-01
1.014000000000000040e-01
4.400999999999999357e-01
7.387000000000000233e-01
2.794000000000000372e-01
3.264999999999999569e-01
4.637999999999999345e-01
2.578000000000000291e-01
5.080000000000000071e-01
6.104000000000001647e-01
6.322000000000000952e-01
5.773000000000000353e-01
9.585999999999998966e-01
1.036399999999999988e+00
3.033000000000000140e-01
2.645999999999999464e-01
3.074000000000000621e-01
1.973000000000000309e-01
2.394000000000000017e-01
1.993999999999999662e-01
1.590999999999999914e-01
2.832999999999999963e-01
3.766000000000000458e-01
4.368000000000000216e-01
7.912000000000000144e-01
9.575000000000000178e-01
2.299999999999999267e-01
3.279000000000000248e-01
3.712000000000000854e-01
3.124000000000000110e-01
3.814999999999999503e-01
4.367000000000000326e-01
7.830999999999999073e-01
3.224000000000000199e-01
2.290000000000000091e-01
1.094000000000000250e-01
3.568999999999999950e-01
7.381999999999999673e-01
9.942000000000000837e-01
5.388999999999999346e-01
4.190000000000000391e-01
1.854999999999999705e-01
5.714999999999998970e-01
1.329999999999999516e-01
3.948999999999999733e-01
3.741000000000000436e-01
3.396999999999999464e-01
3.793000000000000260e-01
1.769999999999999352e-01
3.624999999999999889e-01
3.304999999999999605e-01
8.956999999999999407e-01
4.105000000000000315e-01
1.054300000000000015e+00
1.030499999999999972e+00
2.074999999999999623e-01
6.939999999999999503e-01
7.800000000000000266e-01
4.790999999999999703e-01
5.202999999999999847e-01
1.915000000000000036e-01
8.801999999999998714e-01
1.346699999999999786e+00
3.803999999999999604e-01
2.968999999999998862e-01
2.370999999999998942e-01
3.840999999999999415e-01
2.835999999999998522e-01
1.505200000000000315e+00
6.835999999999999854e-01
9.122000000000000108e-01
6.379000000000000226e-01
9.639999999999999680e-01
2.052900000000000169e+00
4.795999999999999153e-01
1.865000000000001656e-01
5.609000000000001762e-01
6.763999999999998902e-01
2.186000000000000443e-01
6.490999999999998993e-01
6.513999999999999790e-01
5.143000000000000904e-01
1.030500000000000194e+00
8.409000000000002029e-01
1.159000000000000030e-01
5.852999999999999314e-01
6.001000000000000778e-01
8.659999999999998810e-01
5.916999999999998927e-01
7.758000000000000451e-01
7.347000000000001307e-01
1.191999999999999726e-01
4.695999999999999619e-01
2.192000000000000615e-01
2.897000000000000686e-01
2.714000000000000301e-01
1.962999999999999745e-01
6.405000000000000693e-01
3.437000000000001165e-01
2.601999999999999869e-01
1.712999999999998968e-01
3.518999999999999906e-01
1.674999999999998990e-01
4.504999999999999005e-01
6.000000000000001998e-01
4.762000000000002342e-01
3.891000000000000569e-01
4.831000000000001404e-01
1.531999999999998918e-01
2.553999999999998494e-01
2.542000000000002036e-01
1.751000000000001722e-01
5.308000000000000496e-01
6.448999999999999178e-01
6.176000000000001489e-01
4.671000000000000707e-01
2.324999999999999845e-01
2.382999999999997620e-01
2.566999999999999282e-01
8.555000000000000382e-01
7.229999999999998650e-01
1.404999999999996252e-01
2.232999999999998875e-01
4.243999999999998884e-01
8.185999999999997723e-01
6.380999999999998895e-01
3.890000000000001235e-01
4.753999999999999337e-01
1.319000000000000727e-01
1.865999999999999326e-01
1.444000000000001394e-01
1.498999999999999777e-01
1.982999999999999208e-01
2.141999999999999460e-01
8.670000000000020746e-02
4.829999999999999849e-01
3.792999999999999705e-01
3.745000000000001106e-01
3.442999999999998839e-01
3.687999999999998502e-01
1.584000000000000130e-01
3.979999999999999649e-01
2.084000000000000574e-01
2.328000000000001735e-01
