1.236000000000000015e-01
3.039999999999999925e-01
2.250000000000000056e-01
4.300000000000000350e-02
6.790000000000000202e-02
6.500000000000000222e-02
5.279999999999999971e-02
1.040000000000000091e-01
7.079999999999997407e-02
1.471999999999999975e-01
4.067000000000000060e-01
2.283000000000000029e-01
3.491999999999999549e-01
4.385999999999999899e-01
3.453000000000000513e-01
1.079000000000000237e-01
1.194999999999999951e-01
8.169999999999998097e-02
5.780000000000001803e-02
1.667000000000000148e-01
1.708000000000000074e-01
7.819999999999997786e-02
6.469999999999997975e-02
8.210000000000000631e-02
1.143000000000000127e-01
4.430000000000000604e-02
1.552000000000000601e-01
3.333999999999999742e-01
4.470000000000000362e-02
7.349999999999999589e-02
8.829999999999998961e-02
1.488000000000000156e-01
1.197000000000000008e-01
1.293999999999999873e-01
8.859999999999999820e-02
9.629999999999999671e-02
1.018000000000000016e-01
3.568999999999999950e-01
1.941999999999999560e-01
3.406000000000000139e-01
7.939999999999999836e-02
2.872000000000000108e-01
1.620000000000000051e-01
3.412000000000000033e-01
6.262000000000000899e-01
3.689999999999999947e-01
2.968000000000000083e-01
7.373000000000000664e-01
6.219000000000000083e-01
4.149000000000000465e-01
3.563999999999999946e-01
1.919999999999999485e-01
1.103000000000000230e-01
4.465000000000000635e-01
3.651000000000000356e-01
3.427000000000000046e-01
1.489999999999999658e-01
1.723000000000000642e-01
6.089999999999998886e-02
7.309999999999997056e-02
6.509999999999996345e-02
1.028000000000000302e-01
7.290000000000002034e-02
7.080000000000001570e-02
1.315999999999999948e-01
7.970000000000002083e-02
3.530000000000001192e-02
1.529999999999999694e-01
9.779999999999997029e-02
8.320000000000005169e-02
4.620000000000005352e-02
6.289999999999999758e-02
7.939999999999999836e-02
6.179999999999997301e-02
1.242000000000000187e-01
1.057000000000000300e-01
2.748000000000000442e-01
1.101000000000000451e-01
2.634000000000000230e-01
6.369999999999996498e-02
1.930000000000000812e-02
3.090000000000000038e-02
6.090000000000004438e-02
7.469999999999997475e-02
5.630000000000000282e-02
8.480000000000001426e-02
1.930000000000000326e-01
1.118000000000000382e-01
9.169999999999992046e-02
1.131999999999999673e-01
2.522999999999999687e-01
3.475999999999999091e-01
1.520000000000000795e-01
3.489999999999998659e-01
2.395999999999999519e-01
1.553000000000000214e-01
6.210000000000007875e-02
1.151000000000000495e-01
1.356000000000000538e-01
9.829999999999999849e-02
9.150000000000002576e-02
1.060999999999999721e-01
5.060000000000001996e-02
1.380999999999999450e-01
2.097000000000000530e-01
5.499999999999993783e-02
7.620000000000001772e-02
1.935000000000000053e-01
1.265999999999999903e-01
9.090000000000000857e-02
8.149999999999996136e-02
7.560000000000005604e-02
6.929999999999997273e-02
1.082999999999999519e-01
9.809999999999988174e-02
1.434999999999999332e-01
1.233400000000000052e+00
8.820999999999999952e-01
7.917999999999999483e-01
9.433999999999999053e-01
5.268000000000000460e-01
4.350999999999999868e-01
5.209000000000000297e-01
6.066000000000000281e-01
2.203999999999999848e-01
2.426000000000000933e-01
1.284000000000000141e-01
1.621000000000000774e-01
1.499000000000000332e-01
2.234000000000001540e-01
2.787999999999999923e-01
1.476999999999999424e-01
1.461999999999998301e-01
1.494999999999997997e-01
7.369999999999991835e-02
9.680000000000006655e-02
6.130000000000007665e-02
8.409999999999998033e-02
3.769999999999998352e-02
2.276999999999999025e-01
2.213999999999999302e-01
6.119999999999996276e-02
1.199000000000001037e-01
9.629999999999995508e-02
1.089000000000000801e-01
3.405999999999998473e-01
5.181000000000001160e-01
3.609000000000001096e-01
1.982000000000000151e-01
2.861999999999998989e-01
6.540000000000011082e-02
6.559999999999995002e-02
5.630000000000015548e-02
3.759999999999993903e-02
6.939999999999996172e-02
