2.394999999999999907e-01
2.190999999999999892e-01
1.681999999999999884e-01
2.873999999999999888e-01
1.162999999999999867e-01
3.590999999999999748e-01
2.027000000000000191e-01
2.100999999999999535e-01
2.432999999999999885e-01
7.020000000000000684e-01
4.207999999999999519e-01
6.603000000000001091e-01
4.362999999999999656e-01
2.251999999999998447e-01
3.481000000000001315e-01
2.527999999999999692e-01
2.781000000000001804e-01
1.923999999999999599e-01
1.930999999999999661e-01
1.436000000000000054e-01
1.671000000000000263e-01
9.890000000000001568e-02
1.214999999999998581e-01
2.461000000000002630e-01
1.605000000000000315e-01
5.838000000000003187e-01
2.303000000000001435e-01
2.296999999999999598e-01
9.510000000000029541e-02
3.869999999999962359e-02
8.029999999999992699e-02
7.569999999999996176e-02
5.289999999999961400e-02
4.029999999999966942e-02
3.819999999999990070e-02
1.759000000000001673e-01
3.212000000000000410e-01
1.571000000000000174e-01
5.580000000000001625e-02
9.200000000000010947e-02
1.153999999999999193e-01
4.370000000000023865e-02
1.798000000000001264e-01
6.579999999999980309e-02
7.020000000000006790e-02
1.921000000000000763e-01
5.910000000000001363e-02
8.899999999999988476e-02
1.390000000000000124e-01
1.358999999999999098e-01
4.600000000000015188e-02
1.365999999999998882e-01
3.678999999999998938e-01
1.846000000000000696e-01
1.237999999999999656e-01
1.088000000000000911e-01
1.349999999999998701e-01
7.310999999999998611e-01
4.869999999999997109e-01
2.370000000000001827e-01
2.763000000000001011e-01
1.773999999999997246e-01
1.265000000000000013e-01
6.429999999999996829e-02
6.250000000000022204e-02
7.580000000000003402e-02
1.554000000000003712e-01
1.779999999999998805e-01
1.440999999999996728e-01
9.980000000000022187e-02
1.295000000000000040e-01
4.090000000000043601e-02
1.119000000000001105e-01
1.014999999999998126e-01
6.310000000000037801e-02
7.179999999999980842e-02
7.850000000000012523e-02
3.799999999999997824e-02
1.301000000000000489e-01
7.089999999999999081e-02
7.770000000000007456e-02
8.260000000000000675e-02
5.679999999999976734e-02
3.297999999999999821e-01
2.821999999999996733e-01
6.520000000000003570e-02
1.085000000000002074e-01
9.900000000000008793e-02
8.579999999999962657e-02
2.704999999999997407e-01
1.317000000000001780e-01
9.850000000000025402e-02
4.507000000000003226e-01
3.941999999999999948e-01
2.451000000000002066e-01
3.065999999999999281e-01
1.166000000000002312e-01
4.799999999999998712e-02
5.459999999999995413e-02
1.224999999999994982e-01
9.789999999999995928e-02
4.329999999999983862e-02
8.010000000000000453e-02
9.609999999999987996e-02
4.830000000000013449e-02
1.474999999999998535e-01
1.328000000000002512e-01
1.383999999999998010e-01
1.989999999999993163e-02
7.270000000000013951e-02
4.179999999999974014e-02
5.410000000000012715e-02
5.749999999999996086e-02
2.192000000000002002e-01
3.344999999999999085e-01
2.344999999999997642e-01
5.029999999999998916e-01
2.493999999999999551e-01
1.141999999999999266e-01
1.211999999999999328e-01
3.985000000000001874e-01
2.472999999999996867e-01
1.296999999999997044e-01
1.063000000000003803e-01
1.442000000000001614e-01
9.750000000000003109e-02
1.473999999999998367e-01
1.433000000000000662e-01
1.150999999999998691e-01
4.109999999999987275e-02
5.670000000000005591e-02
1.001999999999998309e-01
5.629999999999983629e-02
4.440000000000003666e-02
1.732000000000003537e-01
3.407000000000001139e-01
8.020000000000025719e-02
7.259999999999985909e-02
1.470999999999999253e-01
9.869999999999996831e-02
6.529999999999992755e-02
8.199999999999973976e-02
3.659999999999988263e-02
1.058000000000001162e-01
1.509000000000003117e-01
3.559999999999989562e-02
3.530000000000021315e-02
4.880000000000009330e-02
5.850000000000024625e-02
4.009999999999978165e-02
2.009999999999995957e-01
4.939000000000000612e-01
2.334999999999996523e-01
1.519999999999996076e-01
7.760000000000041864e-02
