1.175999999999999962e-01
6.289999999999999758e-02
1.292999999999999983e-01
2.679999999999999605e-01
1.903000000000000247e-01
6.219999999999998447e-02
2.940999999999999726e-01
1.649999999999999800e-01
2.112999999999999878e-01
5.200000000000000455e-02
1.535000000000000253e-01
1.707999999999999796e-01
4.017000000000000015e-01
2.712999999999999856e-01
4.430000000000000049e-01
4.133000000000000007e-01
1.071000000000000008e-01
2.390000000000000735e-01
1.634000000000000175e-01
1.050999999999999296e-01
1.155999999999999944e-01
2.711999999999999411e-01
3.059000000000000052e-01
2.843999999999999861e-01
1.357999999999999763e-01
5.642000000000000348e-01
8.810000000000005327e-02
1.413999999999999702e-01
1.888999999999999846e-01
1.673000000000000043e-01
1.418000000000000094e-01
6.852999999999999092e-01
6.930000000000000604e-01
4.409000000000000141e-01
3.844999999999999529e-01
1.246999999999999359e-01
1.582999999999999963e-01
1.919999999999999762e-01
1.891000000000000181e-01
2.852999999999999980e-01
3.038000000000000700e-01
1.459999999999999631e-01
1.673999999999999655e-01
2.004999999999999838e-01
2.103000000000000147e-01
1.034000000000000197e-01
1.241999999999999771e-01
1.698000000000000342e-01
1.323000000000000287e-01
1.418999999999999706e-01
1.215999999999999581e-01
5.940000000000006386e-02
7.509999999999994458e-02
1.503000000000000169e-01
3.609999999999999321e-01
1.514000000000000068e-01
5.821000000000001728e-01
1.025400000000000089e+00
5.129000000000001336e-01
6.589999999999999192e-01
8.770000000000000018e-02
1.892999999999999683e-01
7.360000000000005427e-02
1.801999999999999991e-01
1.713999999999999690e-01
8.580000000000000127e-02
2.842999999999999972e-01
1.994000000000000217e-01
1.182999999999999330e-01
1.034000000000000058e-01
5.245000000000000773e-01
2.431999999999999718e-01
4.543999999999999706e-01
5.863000000000000433e-01
5.246000000000000663e-01
1.207999999999999075e-01
1.325999999999999679e-01
1.008000000000000007e-01
1.033999999999999225e-01
7.170000000000006923e-02
1.539000000000000090e-01
2.378000000000000114e-01
1.822999999999999898e-01
2.100000000000000477e-01
2.184999999999999720e-01
4.705999999999999628e-01
1.035599999999999854e+00
4.435999999999999943e-01
6.328999999999999071e-01
2.747999999999999332e-01
1.063000000000000195e-01
2.336000000000000298e-01
3.538000000000000034e-01
1.229000000000000370e-01
1.949000000000001009e-01
1.881000000000000172e-01
1.985000000000000653e-01
2.293999999999999928e-01
2.118000000000000715e-01
3.963000000000000966e-01
4.529000000000000248e-01
1.952999999999999736e-01
2.929000000000000492e-01
4.868000000000001215e-01
1.996000000000001107e-01
1.938000000000000278e-01
1.210999999999998744e-01
1.064000000000000778e-01
5.849999999999995481e-02
1.307000000000000106e-01
1.011000000000000093e-01
3.680000000000005489e-02
1.054000000000000214e-01
2.937000000000000166e-01
1.446000000000000618e-01
1.392999999999999794e-01
1.239999999999999991e-01
8.860000000000002596e-02
1.391000000000000014e-01
2.140999999999999570e-01
1.769999999999999074e-01
1.449999999999999067e-01
2.104000000000000037e-01
3.209000000000000186e-01
1.744999999999999885e-01
1.799999999999999933e-01
6.119999999999999885e-01
2.425000000000000211e-01
4.690000000000000835e-01
3.406000000000000139e-01
3.554000000000000492e-01
6.098999999999998867e-01
3.455000000000000848e-01
2.703999999999999737e-01
1.752000000000000779e-01
3.089999999999999414e-01
3.106000000000000982e-01
1.797999999999999599e-01
2.691999999999999393e-01
1.905000000000000582e-01
1.525999999999999579e-01
1.573000000000000509e-01
6.155000000000000471e-01
5.438000000000000611e-01
1.516999999999999738e-01
1.413999999999999702e-01
2.530999999999999917e-01
1.712000000000000188e-01
1.177999999999999881e-01
1.937999999999999445e-01
4.135999999999999677e-01
4.225999999999999757e-01
1.161000000000000087e-01
2.154999999999999971e-01
2.027000000000000746e-01
