1.465000000000000191e-01
1.063999999999999946e-01
1.625000000000000333e-01
5.260000000000000786e-02
1.348999999999999921e-01
5.960000000000000020e-02
9.470000000000000639e-02
2.582000000000000406e-01
1.055999999999999994e-01
5.930000000000001936e-02
2.063999999999999724e-01
1.648000000000000020e-01
1.498999999999999777e-01
1.239000000000000101e-01
6.399000000000000243e-01
6.915000000000000036e-01
3.526999999999999025e-01
2.838999999999999857e-01
2.322999999999999787e-01
1.444999999999999618e-01
3.161000000000000476e-01
1.622999999999999998e-01
1.474999999999999645e-01
8.519999999999999796e-02
1.254000000000000115e-01
4.276999999999999136e-01
4.781000000000000250e-01
8.114000000000000101e-01
3.789000000000000146e-01
1.320999999999999952e-01
1.929999999999999771e-01
2.706000000000000072e-01
1.172999999999999599e-01
2.056999999999999384e-01
2.257999999999999452e-01
2.982000000000000206e-01
9.360000000000001652e-02
2.757999999999999896e-01
3.022999999999999576e-01
6.409999999999999032e-02
1.310999999999999388e-01
1.243999999999999551e-01
5.689999999999997837e-02
1.201000000000000123e-01
2.633999999999999675e-01
1.660000000000000364e-01
2.002999999999999226e-01
1.054999999999999827e-01
1.307999999999999718e-01
1.103000000000000091e-01
9.519999999999993745e-02
2.956999999999999629e-01
1.824999999999999956e-01
1.233999999999999958e-01
1.515000000000000235e-01
8.189999999999998670e-02
2.320999999999999730e-01
4.134999999999999787e-01
2.569000000000000172e-01
3.248000000000000331e-01
3.088000000000001299e-01
1.276000000000000190e-01
9.219999999999999030e-02
3.088999999999999524e-01
1.428999999999999715e-01
1.346600000000000241e+00
7.856999999999999540e-01
1.838000000000000189e-01
1.105000000000000010e-01
1.233000000000000068e-01
1.093999999999999834e-01
5.017000000000000348e-01
2.789999999999999702e-01
4.893999999999999462e-01
1.640000000000000346e-01
9.329999999999993854e-02
1.398999999999999966e-01
2.639999999999999569e-01
1.642000000000000681e-01
1.202000000000000429e-01
2.367000000000000215e-01
2.154999999999999971e-01
6.609999999999999210e-02
2.225999999999999368e-01
3.300000000000000155e-01
5.059000000000001274e-01
3.866999999999999327e-01
1.401999999999999358e-01
1.361000000000001098e-01
8.680000000000001603e-02
4.350000000000006639e-02
7.382999999999999563e-01
1.442999999999999838e-01
1.232000000000000040e-01
8.209999999999995079e-02
4.400000000000003908e-02
1.192000000000000837e-01
1.821000000000000119e-01
1.705999999999999184e-01
1.295999999999999930e-01
1.422999999999999543e-01
1.844000000000000639e-01
1.354000000000000203e-01
6.781000000000000361e-01
6.246000000000000441e-01
4.588000000000000966e-01
1.417999999999999816e-01
1.017999999999999877e-01
1.231999999999999762e-01
9.019999999999998852e-02
1.171999999999999292e-01
1.985000000000000098e-01
4.663999999999999257e-01
6.465999999999998415e-01
4.261999999999998012e-01
2.466000000000000969e-01
1.615000000000000324e-01
1.779999999999999638e-01
1.524000000000000354e-01
1.662999999999999479e-01
2.618999999999999662e-01
1.600000000000000588e-01
3.498999999999999888e-01
2.736000000000000654e-01
4.399000000000000687e-01
1.864000000000000379e-01
5.109999999999992326e-02
5.405999999999999694e-01
5.327999999999999403e-01
1.660000000000000919e-01
1.531000000000000416e-01
9.420000000000003371e-02
1.502000000000000002e-01
1.509999999999999676e-01
1.542000000000000037e-01
1.013000000000000567e-01
1.329999999999999793e-01
3.425999999999999046e-01
2.747999999999999887e-01
1.902000000000000079e-01
8.570000000000005391e-02
6.239999999999992775e-02
1.345000000000000362e-01
1.826000000000000678e-01
9.890000000000001568e-02
2.421999999999998598e-01
3.081000000000000960e-01
2.600000000000001199e-01
5.270000000000005236e-02
1.538999999999999813e-01
8.412999999999999368e-01
7.813000000000001055e-01
3.934000000000001385e-01
1.244999999999998747e-01
2.226000000000000478e-01
