6.659999999999997866e-02
6.240000000000000407e-02
1.189999999999999947e+00
1.479600000000000026e+00
3.216999999999999860e-01
9.240000000000000990e-02
5.689999999999999225e-02
1.204000000000000348e-01
8.770000000000000018e-02
1.203999999999999793e-01
7.069999999999997120e-02
2.180000000000000271e-01
1.006999999999999562e-01
7.180000000000000271e-02
9.439999999999997005e-02
1.910000000000000031e-01
1.505000000000000226e-01
1.424999999999999878e-01
8.519999999999995632e-02
1.018999999999999351e-01
1.893999999999999573e-01
1.218999999999999806e-01
1.914999999999999480e-01
1.018999999999999906e-01
3.011999999999999678e-01
6.630000000000002558e-02
5.249999999999996336e-02
1.843999999999999806e-01
7.152999999999999359e-01
1.509999999999999787e+00
1.005900000000000016e+00
6.514000000000002011e-01
1.319999999999998952e-01
7.739999999999999658e-02
5.285999999999999588e-01
1.385999999999998622e-01
5.040000000000005587e-02
5.580000000000009258e-02
1.855999999999999039e-01
1.135999999999999510e-01
5.840000000000003522e-02
1.320000000000000062e-01
2.022000000000000464e-01
1.126999999999998281e-01
1.189000000000000334e-01
1.192000000000000282e-01
4.810000000000011489e-02
7.870000000000003382e-02
1.600000000000002809e-02
7.800000000000001377e-02
4.379999999999997090e-02
8.310000000000004883e-02
6.550000000000011369e-02
4.990000000000002767e-02
3.250000000000000111e-02
2.657999999999999252e-01
3.490000000000001434e-02
7.330000000000004567e-02
1.583000000000000518e-01
2.110000000000002152e-02
2.381999999999999951e-01
3.213999999999999080e-01
8.613999999999999435e-01
1.407900000000000151e+00
2.527099999999999902e+00
9.452000000000000401e-01
1.892000000000000903e-01
4.350000000000011496e-02
9.239999999999995439e-02
1.717999999999998972e-01
3.313000000000000389e-01
2.053999999999999437e-01
1.396999999999998243e-01
1.600999999999999091e-01
1.108999999999999569e-01
5.289999999999989849e-02
6.590000000000008351e-02
8.179999999999996996e-02
9.140000000000000902e-02
7.820000000000006113e-02
1.007999999999999730e-01
6.080000000000011090e-02
6.219999999999992202e-02
4.529999999999980570e-02
5.930000000000004712e-02
9.849999999999993483e-02
8.600000000000010414e-02
1.202999999999999070e-01
7.030000000000014015e-02
9.439999999999998392e-02
4.929999999999984395e-02
1.053999999999999659e-01
2.023000000000002019e-01
1.386000000000000287e-01
4.056000000000001271e-01
4.670000000000005397e-02
4.329999999999997740e-02
5.670000000000004203e-02
2.699999999999994071e-02
5.210000000000013926e-02
4.840000000000005409e-02
9.678000000000001046e-01
1.587000000000001187e-01
2.256000000000000505e-01
3.164999999999999480e-01
3.396000000000000130e-01
1.294000000000000150e-01
2.134999999999998288e-01
5.949999999999996958e-02
1.983000000000001428e-01
1.578000000000000513e-01
1.536999999999997812e-01
1.267999999999999683e-01
5.409999999999996756e-02
3.040000000000005198e-02
5.540000000000006031e-02
4.810000000000003162e-02
3.239999999999988722e-02
1.458999999999998631e-01
1.300999999999998269e-01
1.152999999999998748e-01
1.693000000000000616e-01
1.701600000000000446e+00
6.258999999999999009e-01
2.429000000000000048e-01
3.323000000000000953e-01
1.436999999999998834e-01
1.006100000000000216e+00
9.366999999999998661e-01
1.847900000000000098e+00
1.730300000000000171e+00
5.997999999999998888e-01
3.474000000000000976e-01
6.775000000000003242e-01
6.661000000000001364e-01
1.709100000000000286e+00
6.318000000000001393e-01
1.226399999999999935e+00
2.286000000000001919e-01
1.457999999999998741e-01
8.000000000000020983e-02
6.523999999999998689e-01
6.119999999999999052e-02
8.129999999999988625e-02
2.214999999999999747e-01
1.433999999999999719e-01
3.924999999999997935e-01
5.200000000000015721e-02
4.410000000000001419e-02
1.094000000000000389e-01
4.329999999999992188e-02
2.670000000000002233e-02
1.205000000000000238e-01
4.159999999999992176e-02
4.529999999999993060e-02
