1.720000000000000140e-01
1.396999999999999909e-01
8.880000000000000393e-02
2.027999999999999803e-01
1.794999999999999929e-01
1.269000000000000128e-01
8.490000000000001712e-02
1.031999999999999862e-01
2.303999999999999659e-01
2.833999999999999853e-01
1.134000000000000286e-01
1.195999999999999980e-01
5.169000000000000261e-01
2.752000000000000002e-01
1.114000000000000129e-01
9.119999999999997553e-02
1.063999999999999946e-01
2.828999999999999848e-01
1.449999999999999900e-01
2.863000000000000544e-01
8.910000000000001252e-02
9.709999999999999187e-02
1.358999999999999930e-01
2.339999999999999858e-01
2.227999999999999980e-01
3.849999999999999950e-02
1.688999999999999668e-01
1.824000000000000343e-01
2.530999999999999917e-01
9.500000000000000111e-02
2.467000000000000026e-01
2.460000000000000242e-01
2.643999999999999684e-01
2.381999999999999951e-01
9.420000000000000595e-02
1.030999999999999972e-01
1.700999999999999734e-01
7.409999999999999920e-02
9.769999999999998130e-02
1.177000000000000129e-01
1.371999999999999886e-01
8.300000000000000433e-02
2.542999999999999705e-01
5.537000000000000810e-01
3.237999999999999767e-01
1.061000000000000137e-01
1.390000000000000124e-01
1.145000000000000184e-01
5.420000000000002593e-02
9.989999999999996105e-02
2.322999999999999510e-01
1.840000000000000246e-01
1.900999999999999635e-01
1.861000000000000154e-01
2.457999999999999907e-01
1.187999999999999889e-01
1.626000000000000223e-01
7.789999999999999702e-02
3.734999999999999987e-01
2.535000000000000031e-01
1.184000000000000608e-01
2.545000000000000040e-01
3.184899999999999842e+00
1.640900000000000025e+00
5.570000000000000506e-01
5.247999999999999332e-01
2.102999999999999314e-01
3.631999999999998008e-01
7.419999999999986329e-02
2.266000000000000236e-01
2.438000000000000167e-01
5.986000000000001320e-01
7.805000000000000826e-01
4.366000000000000991e-01
1.638999999999999901e-01
1.090000000000000080e+00
5.149000000000001354e-01
3.321000000000000063e-01
1.538000000000000200e-01
2.568000000000000282e-01
1.225000000000000117e-01
1.724999999999999589e-01
1.447999999999999843e-01
9.400000000000004186e-02
1.149999999999999911e-01
1.155999999999999667e-01
6.200000000000002731e-02
1.760999999999999510e-01
3.834999999999999520e-01
1.018999999999999906e-01
2.740000000000000213e-01
9.110000000000001430e-02
9.909999999999996589e-02
8.249999999999999001e-02
1.216299999999999937e+00
2.201400000000000023e+00
4.278999999999999471e-01
6.799999999999999378e-01
7.588999999999999080e-01
1.839999999999998581e-01
3.773000000000000798e-01
4.988000000000001322e-01
4.069999999999998619e-01
2.589000000000001300e-01
2.741000000000000103e-01
5.423999999999999932e-01
1.330999999999999961e-01
1.750000000000000722e-01
1.386999999999999345e-01
9.509999999999993459e-02
1.228000000000001035e-01
8.539999999999992042e-02
8.320000000000002394e-02
7.140000000000001901e-02
4.319999999999990514e-02
1.245000000000000273e-01
6.709999999999993747e-02
1.360999999999999988e-01
4.130000000000000338e-02
6.989999999999993441e-02
1.187999999999999751e-01
1.328000000000000014e-01
1.503000000000000447e-01
2.294999999999999540e-01
6.749999999999992117e-02
9.609999999999999098e-02
8.860000000000001208e-02
6.950000000000000622e-02
1.773000000000000687e-01
4.520000000000004570e-02
6.409999999999996256e-02
7.749999999999998557e-02
1.336999999999999855e-01
9.089999999999992530e-02
8.839999999999995084e-02
2.921999999999999598e-01
2.197000000000000619e-01
1.270000000000000573e-01
1.694999999999999840e-01
5.219999999999996865e-02
1.658000000000000029e-01
1.815999999999999837e-01
5.015999999999999348e-01
9.900000000000006017e-02
1.184999999999999942e-01
2.711999999999999966e-01
2.616999999999998772e-01
9.449999999999988964e-02
1.110999999999999766e-01
1.695000000000000673e-01
2.273999999999999078e-01
2.128000000000000447e-01
1.421000000000000318e-01
2.044000000000001094e-01
3.097000000000000863e-01
