2.379999999999999893e-01
2.137999999999999623e-01
9.589999999999998526e-02
1.317000000000000115e-01
2.017199999999999882e+00
1.752000000000000779e-01
1.279999999999999749e-01
8.755000000000001670e-01
1.728000000000000091e-01
2.097999999999999865e-01
1.629999999999999505e-01
1.515999999999999848e-01
1.729000000000001092e-01
1.451999999999999957e-01
1.754000000000000004e-01
2.382700000000000262e+00
6.905999999999999917e-01
2.756000000000000116e-01
2.170999999999999597e-01
8.630000000000001559e-02
2.741000000000000103e-01
1.003800000000000026e+00
1.312799999999999967e+00
6.451000000000000068e-01
3.194999999999998952e-01
2.100000000000000755e-01
2.975999999999997536e-01
3.831999999999998741e-01
5.486999999999999655e-01
4.153999999999999915e-01
4.027000000000000024e-01
1.598000000000000531e-01
7.050000000000009037e-02
1.755000000000000726e-01
1.280999999999999917e-01
1.976000000000000534e-01
1.543000000000000482e-01
3.313000000000000389e-01
1.974000000000000754e-01
1.759000000000000563e-01
2.347000000000000752e-01
3.568999999999999395e-01
1.331999999999999851e-01
1.998000000000000331e-01
2.819999999999999729e-01
4.125999999999999668e-01
7.200000000000007783e-02
5.685999999999999943e-01
5.259999999999998010e-01
3.104999999999998317e-01
1.763999999999999735e-01
3.112999999999999656e-01
2.922000000000001263e-01
1.387999999999999790e-01
1.783999999999998920e-01
1.911999999999999256e-01
1.036999999999998756e-01
2.091000000000000081e-01
1.476999999999999980e-01
1.754999999999999338e-01
5.610999999999999321e-01
5.472999999999998977e-01
2.077999999999999847e-01
9.060000000000004161e-02
1.653000000000001135e-01
2.368999999999999995e-01
9.760000000000000620e-02
1.525000000000000244e-01
1.134000000000001535e-01
2.839999999999999747e-01
2.510999999999999899e-01
3.604999999999999316e-01
8.401999999999998359e-01
1.974000000000000477e-01
3.464000000000001522e-01
2.080000000000000737e-01
4.455000000000000071e-01
1.161000000000000920e-01
3.629000000000000559e-01
1.615000000000000047e-01
1.660000000000000364e-01
1.639999999999999791e-01
1.730999999999999484e-01
1.884999999999999731e-01
2.799000000000000377e-01
3.679000000000000048e-01
1.966000000000000802e-01
8.820000000000007001e-02
1.730000000000000149e-01
1.548999999999999821e-01
1.595999999999999919e-01
5.790000000000010416e-02
3.409999999999999143e-01
2.067000000000000226e-01
3.679000000000000048e-01
2.483999999999999264e-01
3.920000000000001261e-01
1.988999999999999657e-01
9.200000000000008171e-02
3.000999999999999779e-01
8.490000000000008651e-02
1.211999999999999189e-01
1.853000000000000480e-01
3.441000000000001835e-01
8.499999999999999223e-02
1.373000000000000054e-01
2.188999999999999835e-01
3.289000000000000812e-01
3.362000000000000544e-01
3.396000000000001240e-01
5.540000000000003255e-02
2.690000000000000169e-01
1.474999999999998535e-01
1.559999999999999720e-01
1.087999999999999801e-01
1.610999999999999932e-01
1.472999999999999587e-01
8.670000000000019358e-02
1.220000000000000251e-01
1.099499999999999922e+00
1.044000000000001177e-01
4.495000000000000107e-01
3.016999999999999682e-01
9.589999999999992975e-02
2.581000000000000516e-01
1.860999999999999877e-01
3.261000000000000565e-01
1.291000000000000203e-01
3.000999999999999224e-01
2.559000000000001829e-01
9.539999999999997093e-02
9.339999999999984426e-02
2.010999999999998067e-01
1.122000000000002023e-01
8.060000000000003273e-02
3.780000000000013904e-02
9.889999999999983527e-02
1.875000000000003886e-01
1.153000000000002356e-01
1.777999999999999858e-01
1.206000000000002070e-01
2.418000000000000149e-01
1.267999999999999683e-01
1.718999999999999695e-01
1.576999999999998403e-01
8.000000000000008493e-02
2.227999999999999980e-01
2.824999999999998623e-01
1.131999999999999396e-01
2.051999999999999935e-01
2.414999999999999925e-01
1.600000000000000033e-01
5.650000000000018896e-02
3.998000000000002663e-01
2.502000000000000890e-01
