1.031000000000000111e-01
1.244000000000000106e-01
8.119999999999999440e-02
1.222999999999999921e-01
6.789999999999998814e-02
1.260000000000000009e-01
1.451999999999999957e-01
1.129999999999999893e-01
1.551000000000000156e-01
1.272999999999999965e-01
2.473000000000000198e-01
6.360000000000000375e-02
4.750000000000000056e-02
8.720000000000001361e-02
3.636000000000000565e+00
3.861999999999994881e-01
5.613999999999996771e-01
4.255000000000000449e-01
6.149999999999997136e-02
7.329999999999996241e-02
2.095999999999999530e-01
1.280000000000000304e-01
1.333999999999999075e-01
1.740000000000002101e-01
5.554000000000001158e-01
2.902999999999999470e-01
5.918999999999999817e-01
3.142999999999999683e-01
9.620000000000011875e-02
1.335999999999998300e-01
1.382299999999999862e+00
2.630999999999997230e-01
4.085999999999999632e-01
1.558999999999999553e-01
9.029999999999999138e-02
8.030000000000001026e-02
6.279999999999999472e-02
1.668999999999997985e-01
2.251999999999998725e-01
5.417000000000001814e-01
1.283399999999999874e+00
1.148400000000000087e+00
2.615999999999998882e-01
1.602000000000000091e-01
1.297000000000000097e-01
5.769999999999999435e-02
8.139999999999991687e-02
8.029999999999988536e-02
9.760000000000006171e-02
2.687000000000000499e-01
2.055900000000000283e+00
5.715999999999998860e-01
4.792999999999998373e-01
1.939000000000003221e-01
1.307999999999999718e-01
1.292999999999997762e-01
6.279999999999999472e-02
2.226999999999999258e-01
6.349999999999977884e-02
2.394000000000000850e-01
9.889999999999990465e-02
1.707999999999999519e-01
2.284000000000001307e-01
7.473000000000001863e-01
5.421000000000002483e-01
3.108999999999998987e-01
7.075000000000000178e-01
3.437999999999998835e-01
3.130999999999999339e-01
1.809999999999997722e-01
2.244999999999999218e-01
1.543999999999999817e-01
1.722000000000001307e-01
6.530000000000006632e-02
4.110000000000004622e-02
7.709999999999980758e-02
5.589999999999999136e-02
2.611000000000001098e-01
4.164999999999998703e-01
9.469999999999982598e-02
1.011999999999997069e-01
1.268000000000001348e-01
1.161999999999999145e-01
2.236999999999999822e-01
7.890000000000005342e-02
1.742999999999998995e-01
9.330000000000024385e-02
5.209999999999996578e-02
2.486800000000000122e+00
1.104999999999999982e+00
6.658999999999999364e-01
2.606000000000003869e-01
1.174000000000003374e-01
9.469999999999999252e-02
1.389000000000001622e-01
2.680999999999998940e-01
3.115999999999995995e-01
5.719999999999975104e-02
1.571999999999998954e-01
1.023999999999997412e-01
2.657999999999999252e-01
2.364000000000003321e-01
2.440999999999997616e-01
1.787000000000000255e-01
8.250000000000007327e-02
5.500000000000029865e-02
8.910000000000012355e-02
5.750000000000010658e-02
8.750000000000014710e-02
1.010000000000003395e-01
5.049999999999968403e-02
9.529999999999985705e-02
6.820000000000008000e-02
4.079999999999982252e-02
1.265999999999997683e-01
9.609999999999986608e-02
7.059999999999988507e-02
8.750000000000002220e-02
1.346999999999998476e-01
3.004000000000002224e-01
1.033100000000000351e+00
7.778000000000001579e-01
2.913999999999996593e-01
1.438000000000000944e-01
6.959999999999971765e-02
1.461000000000000354e-01
9.500000000000008438e-02
1.480000000000000482e-01
7.370000000000001550e-02
8.529999999999998694e-02
1.789999999999997427e-01
1.039999999999999675e-01
3.500000000000036415e-02
7.869999999999993667e-02
1.691999999999997395e-01
6.050000000000001210e-02
8.120000000000006379e-02
3.750000000000007494e-02
8.460000000000039710e-02
9.023999999999996469e-01
4.582999999999994856e-01
1.266000000000000458e-01
8.070000000000021600e-02
6.899999999999981148e-02
4.880000000000023902e-02
5.089999999999997304e-02
2.202000000000000901e-01
2.210999999999999632e-01
3.130000000000004445e-01
1.399999999999999578e-01
1.161000000000000365e-01
1.117999999999998578e-01
7.188000000000003276e-01
3.410000000000007470e-01
3.241999999999997661e-01
