3.660000000000000059e-02
2.425000000000000211e-01
7.619999999999998996e-02
2.836999999999999522e-01
1.370999999999999996e-01
1.199000000000000066e-01
4.669999999999999846e-02
1.880000000000000004e-01
3.678999999999999493e-01
1.266000000000000181e-01
3.730999999999999872e-01
1.318000000000000005e-01
4.700000000000000011e-02
1.023000000000000020e-01
2.231000000000000205e-01
4.220999999999999752e-01
3.263000000000000345e-01
2.046999999999999931e-01
9.800000000000003153e-02
9.780000000000001192e-02
3.413999999999999257e-01
2.842000000000000082e-01
7.210000000000006681e-02
7.579999999999996463e-02
1.543999999999999817e-01
7.172000000000002817e-01
4.040000000000000813e-01
1.731999999999999929e-01
5.938999999999999835e-01
9.270999999999998131e-01
6.645000000000000906e-01
1.164999999999999647e-01
9.799999999999992051e-02
1.693000000000000616e-01
5.989999999999985614e-02
8.799999999999996714e-02
2.327999999999998959e-01
1.199000000000000343e-01
1.265999999999999903e-01
7.290000000000007585e-02
7.262000000000001787e-01
5.046999999999999265e-01
2.372999999999999554e-01
1.275999999999998247e-01
8.749999999999989730e-02
1.347999999999998644e-01
2.162000000000001143e-01
1.784000000000000585e-01
1.045999999999998598e-01
2.914999999999999813e-01
3.183000000000001384e-01
1.220000000000000806e-01
4.909999999999994924e-02
2.215000000000001412e-01
4.711000000000000187e-01
2.847000000000000641e-01
1.611000000000001320e-01
1.742999999999999550e-01
1.233000000000001040e-01
2.027999999999998970e-01
2.636000000000000565e-01
1.806000000000000660e-01
2.131999999999999729e-01
1.441999999999999671e-01
5.675000000000000044e-01
1.802000000000001656e-01
2.029000000000000248e-01
2.051000000000000878e-01
4.730999999999998540e-01
7.581999999999998741e-01
1.700999999999999457e-01
2.195999999999999064e-01
7.970000000000015961e-02
3.220999999999998309e-01
1.628000000000001390e-01
1.698999999999999400e-01
3.601999999999999647e-01
2.705999999999999517e-01
3.988999999999999213e-01
3.573000000000000065e-01
2.943999999999998840e-01
1.939000000000000723e-01
9.623000000000002663e-01
9.053999999999998716e-01
3.156999999999999251e-01
1.257999999999998009e-01
1.739000000000000823e-01
4.329999999999990107e-02
1.716000000000000858e-01
7.969999999999971552e-02
2.278000000000002523e-01
1.744000000000002770e-01
6.539999999999973612e-02
1.812999999999999889e-01
6.911000000000001586e-01
1.768000000000000127e-01
1.339000000000000190e-01
1.234999999999998599e-01
1.282000000000003692e-01
4.375000000000000000e-01
8.170000000000010587e-02
3.614999999999997660e-01
2.249999999999999778e-01
1.278999999999998471e-01
2.837999999999999412e-01
2.836999999999997857e-01
3.123000000000002996e-01
2.540999999999999925e-01
1.769999999999995466e-01
3.157999999999998031e-01
2.870999999999999663e-01
2.104000000000000314e-01
3.435999999999994614e-01
3.276999999999998248e-01
3.854999999999995097e-01
2.434999999999999942e-01
1.254000000000000670e-01
6.629000000000001558e-01
3.563999999999998836e-01
6.424000000000001931e-01
7.848999999999997090e-01
7.413999999999999480e-01
4.241000000000000325e-01
1.533000000000002416e-01
2.140999999999999015e-01
1.633000000000000562e-01
5.020000000000000018e-01
5.710999999999999410e-01
4.338999999999998414e-01
3.501000000000001888e-01
9.869999999999999607e-02
1.875999999999998225e-01
2.332999999999997298e-01
3.289999999999998481e-01
2.977000000000000202e-01
2.708999999999996966e-01
3.046999999999996378e-01
3.928000000000000935e-01
1.120000000000002105e-01
2.127999999999994896e-01
1.211200000000000276e+00
9.231999999999997986e-01
1.664000000000003254e-01
6.299999999999958411e-02
4.019999999999998019e-01
2.374999999999998501e-01
7.741999999999998883e-01
2.921000000000004149e-01
1.010000000000003395e-01
2.976999999999997981e-01
6.082999999999998408e-01
1.567000000000001170e-01
3.255000000000001226e-01
3.716000000000002634e-01
6.970000000000000639e-01
