9.220000000000000417e-02
7.510000000000000009e-02
4.786000000000000809e-01
6.343999999999999639e-01
3.901999999999999913e-01
7.368999999999999995e-01
1.096300000000000052e+00
9.080000000000000293e-01
2.719000000000000306e-01
1.855999999999999872e-01
9.129999999999999227e-02
4.772999999999999465e-01
4.127999999999999448e-01
2.100999999999999535e-01
4.703000000000001068e-01
6.948000000000000842e-01
7.598000000000000309e-01
5.715000000000000080e-01
1.130500000000000060e+00
8.151000000000000467e-01
1.631000000000000505e-01
1.158999999999999475e-01
1.023000000000000020e-01
1.814999999999997726e-01
9.580000000000003790e-02
5.429999999999988308e-02
4.920000000000014639e-02
1.112999999999999268e-01
1.496000000000000663e-01
7.039999999999993485e-02
1.060999999999999582e-01
7.670000000000003204e-02
5.060000000000000608e-02
6.189999999999996200e-02
1.909999999999999476e-01
1.242000000000000465e-01
1.185000000000000497e-01
2.293000000000000038e-01
1.774000000000000021e-01
1.396000000000000574e-01
9.769999999999971763e-02
7.929000000000000492e-01
1.337200000000000166e+00
3.595999999999998642e-01
1.639000000000001012e-01
2.417999999999998761e-01
3.516000000000001346e-01
2.974999999999999867e-01
3.488000000000001655e-01
2.865000000000000879e-01
1.077999999999998681e-01
8.310000000000009046e-02
8.529999999999984817e-02
9.339999999999995528e-02
3.134000000000000119e-01
2.024300000000000210e+00
8.224000000000002419e-01
8.369999999999989948e-02
1.691999999999999615e-01
1.678000000000001157e-01
4.990000000000004154e-02
1.933999999999997943e-01
2.879999999999988819e-02
1.908000000000002472e-01
1.014000000000002538e-01
1.175999999999998435e-01
3.008999999999997232e-01
3.019999999999994911e-02
5.489999999999997660e-02
6.159999999999990483e-02
4.099999999999962702e-02
6.579999999999965044e-02
3.639999999999975200e-02
5.450000000000003453e-02
4.619999999999998413e-02
5.169999999999978779e-02
5.679999999999995469e-02
9.309999999999987730e-02
7.820000000000001950e-02
1.313000000000000278e-01
2.349999999999964617e-02
6.349999999999997313e-02
4.680000000000004989e-02
5.540000000000019909e-02
6.939999999999996172e-02
6.559999999999993614e-02
5.869999999999961360e-02
9.510000000000025377e-02
9.109999999999988940e-02
2.297999999999998100e-01
2.432999999999998775e-01
2.057999999999996221e-01
1.563999999999999557e-01
1.184000000000001024e-01
3.080000000000000793e-02
8.369999999999995499e-02
6.479999999999995486e-02
1.008000000000001811e-01
5.349999999999997119e-02
1.180000000000001326e-01
5.740000000000047842e-02
5.359999999999964793e-02
3.229999999999984966e-02
6.380000000000013438e-02
2.469999999999994075e-02
1.059000000000000080e-01
5.570000000000025625e-02
5.900000000000001077e-02
3.329999999999987137e-02
3.369999999999998691e-02
2.580999999999997740e-01
1.308399999999999785e+00
2.070899999999999963e+00
9.048000000000000487e-01
1.019000000000000128e+00
6.448999999999999178e-01
3.930999999999998940e-01
2.440999999999997616e-01
1.404999999999997362e-01
1.255000000000001670e-01
3.376000000000001222e-01
1.036200000000000010e+00
5.808999999999997499e-01
1.648999999999999910e-01
8.259999999999999287e-02
2.304999999999999272e-01
1.170000000000000345e-01
1.542000000000000592e-01
1.451000000000001733e-01
7.139999999999974145e-02
1.875999999999999890e-01
7.719999999999985207e-02
1.491999999999999993e-01
1.352000000000001534e-01
3.824999999999999512e-01
2.488999999999999546e-01
2.711000000000002297e-01
2.201000000000001011e-01
1.779999999999996585e-01
8.979999999999972726e-02
6.950000000000022826e-02
1.652999999999998915e-01
8.469999999999981710e-02
5.380000000000005611e-02
3.359999999999992853e-02
5.450000000000018718e-02
7.579999999999996463e-02
3.019999999999970625e-02
4.740000000000042790e-02
6.810000000000002163e-02
7.960000000000008735e-02
1.490000000000002434e-02
8.830000000000032268e-02
5.980000000000033206e-02
5.730000000000012861e-02
