7.919999999999999263e-02
1.705000000000000127e-01
1.593999999999999861e-01
7.589999999999996749e-02
5.010000000000001952e-02
4.149999999999999523e-02
5.550000000000000766e-02
1.018000000000000294e-01
8.109999999999997766e-02
5.980000000000001287e-02
5.510000000000001008e-02
2.057000000000000217e-01
8.960000000000004072e-02
7.650000000000004019e-02
3.759999999999999454e-02
8.919999999999998763e-02
4.740000000000000463e-02
1.612999999999999989e-01
1.190999999999999559e-01
8.249999999999996225e-02
4.189999999999998587e-02
4.540000000000003061e-02
6.670000000000000928e-02
6.890000000000001679e-02
1.222999999999999921e-01
8.390000000000001623e-02
3.439999999999997921e-02
4.899999999999996719e-02
6.329999999999996740e-02
2.970000000000000417e-02
4.660000000000000253e-02
5.379999999999991733e-02
5.560000000000007991e-02
6.039999999999998148e-02
1.147999999999999854e-01
3.590000000000001523e-02
7.059999999999999609e-02
8.819999999999998674e-02
4.629999999999998006e-02
1.011000000000000371e-01
1.308000000000000274e-01
8.150000000000000300e-02
1.417999999999999816e-01
9.189999999999992619e-02
3.519999999999995355e-02
1.388000000000000067e-01
7.480000000000000537e-02
1.119000000000000272e-01
9.670000000000006368e-02
9.639999999999998570e-02
3.820000000000001172e-02
4.100000000000002254e-02
4.649999999999997191e-02
3.649999999999996997e-02
3.600000000000004585e-02
5.380000000000009774e-02
5.850000000000004502e-02
9.229999999999995153e-02
4.159999999999995646e-02
6.070000000000001783e-02
6.410000000000001807e-02
7.280000000000000360e-02
7.989999999999994329e-02
3.580000000000005400e-02
6.899999999999995026e-02
5.120000000000007184e-02
4.900000000000000883e-02
7.200000000000006395e-02
5.220000000000003804e-02
5.880000000000002586e-02
1.679999999999993304e-02
4.789999999999998426e-02
2.769999999999996770e-02
3.709999999999995246e-02
8.049999999999996048e-02
7.279999999999986482e-02
6.669999999999999540e-02
1.519999999999992191e-02
1.384999999999999287e-01
1.908999999999999586e-01
6.430000000000007931e-02
3.629999999999999893e-02
4.610000000000011311e-02
6.379999999999996785e-02
4.909999999999987985e-02
5.420000000000002593e-02
5.370000000000007406e-02
4.729999999999998095e-02
4.370000000000005824e-02
9.739999999999998659e-02
5.689999999999992286e-02
5.859999999999986053e-02
5.020000000000010565e-02
7.519999999999990581e-02
3.209999999999997577e-02
4.309999999999997861e-02
2.739999999999989666e-02
4.950000000000003009e-02
4.560000000000008491e-02
5.810000000000002662e-02
6.810000000000002163e-02
2.900000000000002576e-02
2.629999999999994842e-02
3.549999999999991357e-02
2.999999999999996420e-02
4.890000000000001290e-02
6.580000000000009452e-02
5.249999999999986622e-02
3.170000000000008922e-02
2.730000000000000482e-02
4.699999999999998623e-02
2.879999999999994023e-02
8.820000000000008389e-02
5.169999999999999596e-02
5.840000000000007685e-02
8.510000000000003673e-02
1.869999999999991114e-02
7.140000000000004676e-02
3.639999999999998792e-02
6.750000000000010159e-02
8.809999999999992837e-02
7.339999999999985425e-02
2.687999999999999279e-01
3.520000000000001461e-01
4.820000000000008306e-02
1.070999999999999730e-01
7.140000000000001901e-02
2.970000000000007356e-02
6.509999999999994957e-02
1.056999999999999884e-01
1.012999999999999734e-01
5.449999999999997902e-02
1.379000000000000226e-01
6.359999999999997600e-02
8.270000000000000961e-02
7.400000000000005185e-02
1.269999999999998908e-01
7.019999999999995688e-02
1.990000000000009123e-02
3.019999999999987278e-02
3.510000000000008252e-02
6.290000000000006697e-02
3.549999999999997602e-02
3.229999999999996763e-02
3.800000000000007538e-02
1.125000000000000167e-01
8.490000000000000324e-02
2.389999999999999070e-02
2.609999999999991493e-02
4.160000000000013687e-02
5.330000000000013893e-02
3.000000000000000236e-02
7.549999999999994216e-02
7.049999999999997935e-02
4.000000000000007022e-02
