8.520000000000001183e-02
8.660000000000001030e-02
1.270000000000000018e-01
9.899999999999999079e-02
1.087999999999999801e-01
9.700000000000000289e-02
1.099799999999999889e+00
7.784000000000002029e-01
4.149999999999999245e-01
3.348000000000000420e-01
4.546000000000000041e-01
4.278000000000000691e-01
8.473999999999998201e-01
4.301000000000000378e-01
1.754000000000000559e-01
2.599999999999998979e-01
1.100999999999999979e+00
4.123999999999999333e-01
8.558000000000000052e-01
1.738999999999999990e-01
1.949300000000000033e+00
1.323999999999999844e+00
7.520999999999998797e-01
5.646999999999999797e-01
4.020999999999999575e-01
5.567999999999999616e-01
5.302999999999999936e-01
5.089000000000000190e-01
5.287999999999999368e-01
9.651000000000000689e-01
6.895000000000001128e-01
1.966999999999999860e-01
7.297000000000000153e-01
5.722000000000000419e-01
5.904000000000001469e-01
1.145999999999999797e-01
2.646999999999999353e-01
1.471999999999999420e-01
6.470000000000003526e-02
4.384000000000000119e-01
2.136000000000000121e-01
2.202999999999999958e-01
1.997000000000000164e-01
1.339000000000000190e-01
1.554000000000000936e-01
4.993000000000000216e-01
1.120999999999999497e-01
1.512999999999999345e-01
2.285000000000000364e-01
2.851000000000000756e-01
2.837000000000000077e-01
3.802000000000000934e-01
1.564000000000000112e-01
1.268000000000000238e-01
2.377999999999999559e-01
1.920999999999999930e-01
8.760000000000003895e-02
7.584999999999999520e-01
6.219999999999998863e-01
2.095999999999999530e-01
1.974000000000001309e-01
1.054000000000000214e-01
1.451999999999999957e-01
3.490999999999999659e-01
3.614000000000000545e-01
1.905999999999999639e-01
2.016000000000000014e-01
1.242000000000000881e-01
5.050000000000001155e-01
2.470000000000000251e-01
5.459999999999992637e-02
1.111000000000000321e-01
1.301000000000000767e-01
2.914000000000001034e-01
1.299999999999999489e-01
1.168000000000000149e-01
1.255999999999999339e-01
6.520000000000003570e-02
3.165000000000000591e-01
3.358999999999999764e-01
1.387000000000000455e-01
1.315000000000000058e-01
3.070000000000000506e-01
1.474599999999999911e+00
5.761999999999999345e-01
4.458999999999999075e-01
3.517000000000001236e-01
6.435999999999999499e-01
3.561999999999999611e-01
1.838000000000001022e-01
2.081599999999999895e+00
2.009900000000000020e+00
1.520199999999999996e+00
1.108600000000000030e+00
1.112400000000000055e+00
3.736999999999999766e-01
7.295000000000000373e-01
5.282000000000000028e-01
5.342000000000000082e-01
4.265999999999999792e-01
4.652000000000000024e-01
7.240999999999999659e-01
8.736399999999999721e+00
5.126199999999999868e+00
1.836600000000000232e+00
2.933100000000000041e+00
1.629000000000000226e+00
3.486300000000000399e+00
4.456100000000000172e+00
2.060200000000000031e+00
9.083000000000001073e-01
9.489999999999999547e-01
1.252299999999999969e+00
5.534999999999998810e-01
5.372999999999998888e-01
3.335999999999999521e-01
2.720999999999999530e-01
3.779000000000001802e-01
4.093000000000000527e-01
2.371999999999999664e-01
3.156000000000001027e-01
2.986000000000000876e-01
1.043000000000001704e-01
7.699999999999973532e-02
1.583000000000001073e-01
1.833000000000001295e-01
4.595000000000000195e-01
1.552999999999997160e-01
3.189999999999992841e-02
1.804999999999998828e-01
1.577300000000000146e+00
9.576999999999999957e-01
4.797000000000000708e-01
2.105100000000000193e+00
1.036299999999999999e+00
1.064300000000000246e+00
8.359999999999998543e-01
1.317400000000000126e+00
8.298999999999998600e-01
1.016999999999999904e+00
3.297999999999998155e-01
7.903000000000000025e-01
4.753000000000000003e-01
9.795999999999998042e-01
1.822199999999999820e+00
8.752999999999996339e-01
4.965000000000001079e-01
2.231000000000000760e-01
4.794000000000001038e-01
2.865999999999999659e-01
4.042999999999999927e-01
3.199199999999999378e+00
2.154099999999999682e+00
4.994899999999999451e+00
2.993300000000000072e+00
