1.698000000000000065e-01
1.424999999999999878e-01
2.583000000000000296e-01
4.641000000000000680e-01
2.156000000000000139e-01
4.739999999999999769e-02
2.511999999999999789e-01
1.250999999999999890e-01
1.878000000000000225e-01
1.502000000000000279e-01
1.382000000000000173e-01
9.279999999999999361e-02
2.460000000000000520e-01
1.471999999999999975e-01
1.937999999999999723e-01
1.034899999999999931e+00
5.609000000000000652e-01
4.830999999999999739e-01
1.521000000000000130e-01
2.188000000000000500e-01
1.277999999999999969e-01
9.370000000000000551e-02
5.280000000000001359e-02
1.491999999999999993e-01
1.182000000000000134e-01
7.450000000000002454e-02
9.130000000000003391e-02
2.540000000000000591e-02
1.732999999999999818e-01
1.663999999999999924e-01
8.389999999999998848e-02
6.149999999999999911e-02
3.069000000000000616e-01
1.126000000000000334e-01
1.375000000000000111e-01
7.139999999999999125e-02
1.025999999999999968e-01
1.924999999999999767e-01
1.440000000000000169e-01
1.971999999999999864e-01
1.306000000000000494e-01
4.038999999999999813e-01
1.370000000000000107e-01
2.481999999999999762e-01
2.217000000000000637e-01
2.143999999999999795e-01
1.107999999999999818e-01
4.069999999999997231e-02
2.287999999999999756e-01
8.800000000000002265e-02
4.810000000000000386e-02
2.352000000000000202e-01
1.582999999999999685e-01
2.933000000000000052e-01
9.679999999999998328e-02
1.002999999999999725e-01
1.038000000000000034e-01
1.038000000000000034e-01
2.115999999999999825e-01
2.742999999999999883e-01
1.723999999999999699e-01
1.658999999999999919e-01
9.790000000000001479e-02
3.847999999999999754e-01
8.269999999999996798e-02
1.157000000000000112e-01
8.800000000000000877e-02
8.579999999999997351e-02
1.738000000000000100e-01
3.132999999999999119e-01
4.378000000000000780e-01
4.224999999999999312e-01
5.100000000000000089e-01
9.690000000000005553e-02
2.038999999999999979e-01
1.035999999999999560e-01
5.399999999999997857e-02
9.869999999999998219e-02
1.958000000000000018e-01
1.865000000000000269e-01
7.459999999999999964e-02
3.296999999999999931e-01
2.883000000000000007e-01
6.799999999999997713e-02
5.510000000000000314e-02
2.068000000000000116e-01
2.442000000000000004e-01
3.161000000000000476e-01
6.789999999999998814e-02
2.353000000000000091e-01
1.062999999999999778e-01
1.273000000000000520e-01
8.340000000000004354e-02
1.815999999999999837e-01
1.272999999999999687e-01
1.832000000000000295e-01
2.651999999999999913e-01
1.527000000000000579e-01
2.255000000000000060e-01
1.775000000000000466e-01
7.949999999999997347e-02
1.313000000000000556e-01
1.081000000000000155e-01
1.451999999999999957e-01
1.711999999999999356e-01
3.141000000000000458e-01
2.646999999999999909e-01
3.482999999999999985e-01
1.639000000000000179e-01
2.154999999999999694e-01
2.190000000000000557e-01
2.746999999999999997e-01
3.569999999999999840e-01
1.325000000000000067e-01
8.000000000000001554e-02
2.822000000000000064e-01
1.120000000000000717e-01
2.839000000000000412e-01
1.418000000000000094e-01
9.420000000000001983e-02
1.324000000000000177e-01
1.275000000000000577e-01
6.720000000000002360e-02
1.032000000000000139e-01
1.661000000000000254e-01
6.930000000000000049e-02
9.249999999999999889e-02
4.420000000000002399e-02
2.948000000000000065e-01
3.455000000000000293e-01
1.195999999999999841e-01
1.130999999999999922e-01
2.883999999999999897e-01
3.422999999999999376e-01
1.461000000000000076e-01
1.597999999999999976e-01
1.866999999999999493e-01
2.247999999999999998e-01
7.030000000000000138e-02
8.050000000000004374e-02
8.069999999999996620e-02
2.435999999999999832e-01
1.975999999999999701e-01
1.041400000000000103e+00
7.705000000000000737e-01
2.656000000000000028e-01
5.595999999999999863e-01
9.249999999999999889e-02
2.545000000000000595e-01
2.900000000000000355e-01
2.221999999999999253e-01
1.152999999999999997e-01
1.163000000000000145e-01
1.037000000000000005e-01
3.083999999999998964e-01
