1.118999999999999995e-01
1.228999999999999815e-01
1.138999999999999874e-01
1.222000000000000031e-01
1.017000000000000126e-01
8.949999999999999623e-02
1.164999999999999925e-01
1.735000000000000431e-01
7.279999999999997584e-02
1.401999999999999913e-01
5.689999999999999225e-02
1.070999999999999869e-01
9.290000000000001035e-02
1.517999999999999905e-01
8.709999999999998299e-02
6.920000000000002538e-02
8.169999999999998097e-02
6.460000000000006015e-02
1.457000000000000517e-01
6.550000000000000266e-02
1.001999999999999835e-01
3.350000000000001588e-02
2.333999999999999964e-01
1.509999999999999676e-01
1.271999999999999797e-01
7.459999999999999964e-02
6.960000000000000908e-02
3.629999999999998506e-02
2.099999999999999090e-02
8.239999999999998714e-02
5.920000000000003038e-02
8.330000000000001292e-02
5.250000000000002581e-02
4.089999999999998498e-02
8.630000000000000171e-02
3.899999999999997219e-02
1.268999999999999573e-01
8.230000000000003979e-02
4.869999999999997248e-02
1.633999999999999897e-01
1.859999999999999987e-01
7.589999999999999525e-02
8.969999999999998808e-02
8.759999999999994180e-02
4.769999999999998547e-02
9.000000000000002442e-02
7.189999999999995006e-02
1.000999999999999945e-01
8.440000000000000280e-02
5.799999999999996825e-02
5.709999999999998410e-02
2.070000000000003781e-02
1.041999999999999871e-01
4.070000000000001394e-02
6.369999999999996498e-02
1.055000000000000382e-01
6.280000000000002247e-02
1.035999999999999699e-01
1.254000000000000115e-01
4.349999999999999700e-02
6.219999999999997753e-02
1.151999999999999830e-01
6.140000000000003788e-02
1.260999999999999899e-01
4.399999999999995581e-02
5.960000000000004877e-02
1.407999999999999807e-01
6.690000000000001501e-02
1.617999999999999994e-01
1.749999999999999889e-01
5.430000000000000104e-02
7.989999999999994329e-02
8.550000000000003431e-02
3.850000000000004113e-02
8.619999999999998497e-02
1.567999999999999394e-01
1.302999999999999992e-01
7.150000000000004963e-02
8.610000000000002374e-02
6.080000000000005539e-02
5.700000000000010614e-02
6.309999999999998943e-02
1.298000000000000265e-01
8.119999999999996665e-02
3.579999999999995686e-02
4.950000000000001621e-02
9.789999999999997315e-02
1.405000000000000693e-01
1.182000000000000273e-01
6.789999999999997427e-02
3.315999999999998948e-01
2.311000000000000831e-01
2.533999999999999586e-01
1.830999999999999850e-01
1.037999999999999756e-01
1.102000000000000479e-01
3.719999999999996920e-02
6.999999999999995115e-02
5.309999999999997361e-02
6.199999999999988159e-02
6.270000000000007512e-02
9.449999999999988964e-02
5.540000000000008806e-02
8.510000000000000897e-02
8.379999999999999949e-02
7.270000000000001461e-02
7.259999999999997011e-02
1.116000000000000048e-01
1.676000000000000267e-01
5.270000000000001766e-02
1.462999999999999023e-01
6.209999999999997466e-02
1.243000000000000771e-01
1.080000000000000682e-01
7.840000000000002522e-02
1.285999999999999643e-01
1.007000000000000256e-01
1.023999999999998939e-01
2.338000000000000633e-01
1.554000000000000381e-01
7.590000000000002300e-02
4.329999999999996352e-02
2.032999999999998697e-01
2.178000000000000214e-01
6.590000000000011127e-02
1.565000000000001112e-01
2.447999999999999898e-01
1.734999999999998765e-01
1.180000000000000770e-01
5.820000000000005724e-02
7.739999999999988556e-02
8.229999999999985938e-02
8.470000000000012241e-02
1.073000000000000065e-01
7.699999999999998512e-02
7.309999999999998443e-02
4.050000000000011924e-02
1.374000000000000221e-01
7.659999999999982101e-02
7.770000000000017171e-02
3.449999999999989186e-02
7.900000000000020894e-02
8.029999999999992699e-02
4.580000000000009064e-02
1.584999999999999187e-01
8.469999999999998364e-02
1.338000000000000855e-01
8.220000000000003693e-02
7.479999999999994986e-02
5.400000000000014511e-02
6.080000000000000682e-02
4.010000000000017717e-02
5.070000000000002283e-02
3.390000000000007591e-02
5.609999999999994158e-02
