9.389999999999999736e-02
3.039999999999999994e-02
6.890000000000000291e-02
5.480000000000000843e-02
3.999999999999999389e-02
6.529999999999999694e-02
1.760000000000000800e-02
4.720000000000000584e-02
2.439999999999999808e-02
5.739999999999999963e-02
4.669999999999999152e-02
1.699999999999999775e-02
5.269999999999998991e-02
7.309999999999999831e-02
4.620000000000000495e-02
5.670000000000000040e-02
6.140000000000000319e-02
6.279999999999999472e-02
1.369999999999999829e-01
1.262000000000000066e-01
6.279999999999999472e-02
2.600000000000000228e-02
6.429999999999999605e-02
8.049999999999998823e-02
2.099999999999999090e-02
1.329000000000000181e-01
4.410000000000000586e-01
5.326999999999999513e-01
1.898999999999999855e-01
7.359999999999998488e-02
8.870000000000004270e-02
3.410000000000003306e-02
2.363999999999999990e-01
1.229999999999999982e-01
4.680000000000002908e-02
3.579999999999997073e-02
3.419999999999998042e-02
5.240000000000001601e-02
1.219000000000000083e-01
1.190000000000000363e-01
1.844000000000000639e-01
2.513000000000000234e-01
1.855999999999999872e-01
7.309999999999998443e-02
1.554000000000000103e-01
6.440000000000001279e-02
7.979999999999995430e-02
3.779999999999998639e-02
7.339999999999996527e-02
8.930000000000001825e-02
6.980000000000002869e-02
5.859999999999999237e-02
3.000000000000003358e-02
2.164000000000000368e-01
1.368000000000000604e-01
6.459999999999999076e-02
2.310000000000000248e-02
6.200000000000002731e-02
4.190000000000001362e-02
7.320000000000002893e-02
1.108999999999999847e-01
6.389999999999998459e-02
5.169999999999998902e-02
6.179999999999996607e-02
7.389999999999995184e-02
7.089999999999999081e-02
2.650000000000001313e-02
8.610000000000003761e-02
6.420000000000003482e-02
8.639999999999996294e-02
7.660000000000000142e-02
7.030000000000005689e-02
5.980000000000006838e-02
4.970000000000000806e-02
3.769999999999992801e-02
5.430000000000007043e-02
4.799999999999990385e-02
5.349999999999993650e-02
5.279999999999995808e-02
4.780000000000006466e-02
4.339999999999997332e-02
3.290000000000009583e-02
8.290000000000008473e-02
5.210000000000001436e-02
5.019999999999995299e-02
5.590000000000001218e-02
5.370000000000006019e-02
9.750000000000010048e-02
5.769999999999999435e-02
2.350000000000009720e-02
3.210000000000001741e-02
5.290000000000001645e-02
4.999999999999991951e-02
6.690000000000001501e-02
1.034999999999999809e-01
5.139999999999997349e-02
4.429999999999997135e-02
8.549999999999992328e-02
6.120000000000003215e-02
2.600000000000004738e-02
4.500000000000000527e-02
9.210000000000002907e-02
9.609999999999999098e-02
8.590000000000001801e-02
9.579999999999994076e-02
3.009999999999996012e-02
3.120000000000001245e-02
5.750000000000009964e-02
6.000000000000001860e-02
5.599999999999989708e-02
5.260000000000006337e-02
4.999999999999991951e-02
4.830000000000000959e-02
4.820000000000000673e-02
3.050000000000000627e-02
3.599999999999999728e-02
4.700000000000013889e-02
1.051000000000000267e-01
9.540000000000006808e-02
5.329999999999993771e-02
5.990000000000002961e-02
6.890000000000010005e-02
2.660000000000001946e-02
7.200000000000003619e-02
4.499999999999995670e-02
5.070000000000003670e-02
5.389999999999997571e-02
4.709999999999993359e-02
5.440000000000018432e-02
3.430000000000009430e-02
5.779999999999999027e-02
7.579999999999997851e-02
5.780000000000004579e-02
6.279999999999995308e-02
3.970000000000002693e-02
3.690000000000003000e-02
6.199999999999993017e-02
4.709999999999998910e-02
1.052000000000000851e-01
9.860000000000006259e-02
4.069999999999995843e-02
3.809999999999999498e-02
2.499999999999992506e-02
2.660000000000006803e-02
2.930000000000003435e-02
3.410000000000000531e-02
4.669999999999993601e-02
6.799999999999999101e-02
4.290000000000009084e-02
5.510000000000019049e-02
3.110000000000001652e-02
5.789999999999992375e-02
1.117000000000001603e-01
8.320000000000002394e-02
1.410000000000001807e-01
