1.254699999999999926e+00
1.544000000000000261e+00
4.390000000000001679e-01
3.686999999999999167e-01
9.824999999999999289e-01
9.293999999999998929e-01
8.994000000000000883e-01
2.977000000000000202e-01
4.241999999999997994e-01
2.902999999999998915e-01
1.685000000000000109e-01
6.410000000000001807e-02
9.740000000000000879e-01
6.849000000000000643e-01
1.120999999999999774e-01
3.599999999999992095e-02
7.430000000000004656e-02
6.930000000000000049e-02
6.890000000000000291e-02
6.489999999999995772e-02
7.039999999999992097e-02
6.520000000000003570e-02
8.010000000000004616e-02
2.609999999999992881e-02
5.290000000000007196e-02
8.989999999999997993e-02
2.754000000000000337e-01
1.272000000000000075e-01
2.272000000000000131e-01
5.335000000000000853e-01
3.197999999999999177e-01
1.261999999999999234e-01
2.404999999999999638e-01
1.717999999999999527e-01
1.143000000000000960e-01
1.130999999999999783e-01
4.649999999999999689e-01
2.355999999999999761e-01
2.752999999999999892e-01
3.757999999999999674e-01
1.111599999999999921e+00
6.549999999999999156e-01
3.376000000000000112e-01
1.057999999999999774e-01
8.809000000000000163e-01
6.355999999999999428e-01
1.173999999999999211e-01
1.528000000000000191e-01
1.179000000000000464e-01
1.085999999999999605e-01
1.606000000000000760e-01
1.191000000000000114e-01
6.060000000000004966e-02
9.450000000000002842e-02
1.015999999999999820e-01
1.767999999999999849e-01
1.592000000000000359e-01
6.693999999999999950e-01
3.831999999999999851e-01
1.538000000000000478e-01
3.420000000000000817e-01
1.078999999999999126e-01
1.060999999999999999e-01
1.325000000000000067e-01
2.836000000000000187e-01
1.484999999999999654e-01
4.970000000000003582e-02
1.802999999999999881e-01
1.565999999999999615e-01
1.468000000000000416e-01
1.430000000000000715e-01
1.854999999999999150e-01
1.224999999999999978e-01
7.400000000000002409e-02
6.860000000000002207e-02
5.079999999999995630e-02
1.214000000000000079e-01
1.766000000000000347e-01
1.859000000000000652e-01
1.856999999999999762e-01
1.000000000000000194e-01
2.277000000000000135e-01
8.370000000000002438e-02
1.307999999999999996e-01
4.113999999999999879e-01
2.681999999999998829e-01
7.538000000000000256e-01
2.921999999999999598e-01
1.520999999999999852e-01
3.308000000000000385e-01
3.902999999999999803e-01
1.564999999999998892e-01
9.679999999999995552e-02
1.532000000000000028e-01
1.002999999999999170e-01
2.419999999999999651e-01
1.046999999999999875e-01
8.730000000000004423e-02
7.639999999999995406e-02
5.719999999999999390e-02
7.569999999999997564e-02
8.859999999999997045e-02
6.880000000000008331e-02
1.003999999999999337e-01
3.099999999999996855e-02
1.701999999999999902e-01
2.566000000000001058e-01
1.602000000000000368e-01
1.318000000000000005e-01
1.915999999999999925e-01
1.400300000000000100e+00
5.245999999999999552e-01
4.028000000000001024e-01
1.372000000000000164e-01
7.170000000000001372e-02
7.790000000000003866e-02
7.850000000000008360e-02
7.450000000000002454e-02
6.229999999999995958e-02
1.096999999999998809e-01
1.334000000000000741e-01
8.070000000000003559e-02
9.941999999999999726e-01
7.585999999999999410e-01
8.532000000000000695e-01
3.941099999999999604e+00
5.856299999999999173e+00
1.960599999999999454e+00
2.602999999999999758e-01
9.082000000000000073e-01
5.258999999999999231e-01
1.310000000000001164e-01
1.802000000000003044e-01
5.000999999999996559e-01
2.206999999999999795e-01
2.333999999999998576e-01
1.496999999999999442e-01
1.065800000000000303e+00
9.254999999999999893e-01
5.129999999999999005e-01
1.049000000000002153e-01
1.820999999999998453e-01
9.840000000000007074e-02
8.430000000000004157e-02
1.108000000000001484e-01
2.181000000000002936e-01
1.560000000000003606e-01
9.999999999999978351e-02
6.759999999999996567e-02
1.577999999999998570e-01
4.290000000000024349e-02
1.183999999999999497e-01
1.186000000000000110e-01
8.869999999999980678e-02
6.500000000000011324e-02
