4.380000000000000560e-01
2.488000000000000211e-01
8.070000000000002172e-02
2.904999999999999805e-01
2.802000000000000046e-01
1.143999999999999878e-01
1.625000000000000056e-01
8.399999999999999134e-02
1.506000000000000116e-01
1.620000000000000329e-01
8.959999999999999909e-02
1.154999999999999916e-01
6.733000000000001206e-01
4.584999999999999076e-01
2.285000000000000087e-01
1.358999999999999653e-01
8.980000000000001870e-02
6.629999999999998395e-02
1.431000000000000050e-01
3.053999999999999493e-01
2.202000000000000068e-01
9.299999999999998546e-02
4.270999999999999797e-01
5.936000000000000165e-01
9.339999999999998304e-02
3.349999999999999506e-02
7.560000000000001441e-02
1.758000000000000118e-01
7.980000000000000981e-02
1.612999999999999712e-01
4.301000000000000378e-01
2.207999999999999963e-01
3.215999999999999415e-01
1.084000000000000102e-01
1.684999999999999831e-01
6.790000000000000202e-02
1.020999999999999963e-01
1.339000000000000190e-01
8.829999999999998961e-02
8.049999999999998823e-02
5.760000000000002618e-02
9.320000000000000506e-02
1.184000000000000191e-01
5.809999999999997111e-02
1.042000000000000010e-01
1.023000000000000020e-01
8.369999999999999662e-02
1.094000000000000250e-01
3.467999999999999972e-01
8.970000000000000195e-02
5.582999999999999075e-01
2.005000000000000115e-01
4.213000000000000078e-01
1.265999999999999903e-01
1.605999999999999928e-01
6.600000000000000311e-02
9.130000000000000615e-02
7.309999999999998443e-02
9.640000000000001346e-02
1.013000000000000289e-01
9.449999999999993128e-02
6.930000000000004212e-02
5.170000000000003065e-02
4.470000000000005219e-02
1.042000000000000148e-01
1.673000000000000598e-01
8.719999999999998586e-02
4.700000000000000011e-02
6.949999999999999234e-02
1.016000000000000097e-01
6.584000000000000963e-01
9.399000000000001798e-01
2.852999999999999980e-01
1.198999999999999649e-01
9.489999999999997049e-02
1.122000000000000358e-01
1.295999999999999652e-01
5.109999999999997877e-02
1.143999999999999878e-01
3.860000000000003706e-02
1.137999999999999845e-01
1.154000000000000303e-01
7.969999999999995144e-02
5.319999999999995566e-02
1.350999999999999979e-01
1.512999999999999623e-01
1.592999999999999694e-01
7.729999999999997984e-02
5.130000000000004001e-02
5.740000000000003433e-02
5.940000000000007774e-02
9.329999999999998017e-02
5.149999999999999023e-02
1.088999999999999968e-01
6.259999999999990572e-02
8.520000000000002571e-02
1.965000000000000357e-01
1.110000000000000014e-01
5.970000000000000306e-02
4.550000000000009592e-02
7.680000000000000715e-02
8.140000000000002789e-02
9.129999999999997840e-02
1.294999999999999485e-01
9.969999999999995532e-02
7.310000000000005382e-02
4.260000000000002673e-02
6.350000000000005640e-02
3.120000000000003326e-02
1.709999999999994857e-02
8.020000000000004903e-02
4.229999999999987936e-02
7.960000000000001796e-02
8.118000000000000771e-01
2.115000000000000768e-01
3.602000000000000202e-01
8.260000000000002063e-02
1.132999999999999841e-01
1.000000000000000472e-01
1.015000000000000208e-01
1.172999999999999043e-01
5.509999999999999620e-02
1.130999999999999645e-01
8.849999999999998146e-02
1.484000000000000319e-01
1.704999999999999294e-01
1.079999999999999571e-01
1.084000000000001490e-01
8.539999999999997593e-02
6.490000000000001323e-01
5.653000000000001357e-01
1.038899999999999935e+00
9.521999999999999353e-01
2.250999999999999668e-01
6.500000000000002998e-02
1.895999999999999908e-01
1.060000000000000525e-01
1.173000000000000986e-01
1.038000000000000173e-01
4.750000000000004913e-02
7.519999999999998908e-02
8.669999999999991602e-02
5.229999999999990906e-02
6.200000000000008282e-02
8.800000000000000877e-02
1.541999999999999482e-01
7.029999999999997362e-02
6.820000000000002449e-02
5.570999999999999286e-01
3.322999999999998733e-01
7.835999999999999632e-01
6.180000000000001048e-01
2.080999999999998962e-01
1.435999999999999777e-01
1.060999999999999166e-01
