1.370000000000000107e-01
1.580999999999999905e-01
1.557000000000000051e-01
7.780000000000002192e-02
9.910000000000000753e-02
1.237000000000000044e-01
2.642999999999999794e-01
1.143999999999999739e-01
6.550000000000003042e-02
9.469999999999997864e-02
4.409999999999998643e-02
9.160000000000001474e-02
1.713999999999999690e-01
5.770000000000000129e-02
8.399999999999999134e-02
6.110000000000002929e-02
9.440000000000002556e-02
6.459999999999999076e-02
6.850000000000004696e-02
6.640000000000000069e-02
1.076000000000000290e-01
9.500000000000000111e-02
5.980000000000000593e-02
7.870000000000004770e-02
6.859999999999993880e-02
8.329999999999997129e-02
8.449999999999996403e-02
7.420000000000004370e-02
4.590000000000001024e-02
1.776000000000000911e-01
1.066000000000000419e-01
1.760000000000002535e-02
7.739999999999996882e-02
3.690000000000003000e-02
3.909999999999998199e-02
7.180000000000000271e-02
5.889999999999990382e-02
9.990000000000003044e-02
1.207000000000000156e-01
9.510000000000000397e-02
1.305000000000000326e-01
3.050000000000006178e-02
6.280000000000002247e-02
1.909999999999999198e-02
8.989999999999996605e-02
7.700000000000002676e-02
3.140000000000005287e-02
5.609999999999997627e-02
4.190000000000009689e-02
5.919999999999991935e-02
8.120000000000007767e-02
7.560000000000004217e-02
1.640999999999999681e-01
1.143000000000000543e-01
6.639999999999986191e-02
6.040000000000010638e-02
8.419999999999996931e-02
4.950000000000009948e-02
7.289999999999997871e-02
7.410000000000013798e-02
9.900000000000007405e-02
9.909999999999999365e-02
5.360000000000005732e-02
5.440000000000003166e-02
6.650000000000008682e-02
9.249999999999994338e-02
5.289999999999991931e-02
1.446000000000000618e-01
8.700000000000007727e-02
1.008000000000000285e-01
8.779999999999998916e-02
9.540000000000006808e-02
5.960000000000001408e-02
5.000000000000004441e-02
8.340000000000005742e-02
6.010000000000000064e-02
7.959999999999996245e-02
6.070000000000002477e-02
1.029000000000000331e-01
8.910000000000004028e-02
6.260000000000001674e-02
8.290000000000002922e-02
6.999999999999999278e-02
3.939999999999993507e-02
4.179999999999995525e-02
3.530000000000003968e-02
5.749999999999999556e-02
3.410000000000006082e-02
7.449999999999989964e-02
8.529999999999998694e-02
1.021999999999999437e-01
9.080000000000003346e-02
7.180000000000005822e-02
7.029999999999998750e-02
1.108999999999999153e-01
7.499999999999985845e-02
3.939999999999999059e-02
7.630000000000000671e-02
1.277000000000000357e-01
6.740000000000012648e-02
6.579999999999988636e-02
7.339999999999993752e-02
2.130000000000016949e-02
1.065000000000001501e-01
6.099999999999997091e-02
1.518000000000001293e-01
1.882000000000000617e-01
1.321000000000001340e-01
9.870000000000002383e-02
9.410000000000003084e-02
6.600000000000000311e-02
7.259999999999999787e-02
1.364000000000000490e-01
2.544999999999998930e-01
6.139999999999997543e-02
9.200000000000002620e-02
5.029999999999999055e-02
8.210000000000004794e-02
1.097000000000000336e-01
1.058999999999999941e-01
1.163000000000000422e-01
1.259000000000001229e-01
6.890000000000004454e-02
1.755999999999999783e-01
7.040000000000007363e-02
6.760000000000002118e-02
9.740000000000004210e-02
7.099999999999995204e-02
8.649999999999999356e-02
3.480000000000003924e-02
1.301000000000000489e-01
6.389999999999992908e-02
7.879999999999991178e-02
5.240000000000015479e-02
1.388999999999999679e-01
8.620000000000010987e-02
8.990000000000009095e-02
1.234000000000000374e-01
2.050000000000000086e-02
8.479999999999995874e-02
1.571000000000001007e-01
7.369999999999987672e-02
6.370000000000000662e-02
6.760000000000015996e-02
2.680000000000011887e-02
1.336999999999999023e-01
1.586999999999999245e-01
4.850000000000003614e-02
4.170000000000006340e-02
1.218000000000001581e-01
2.045000000000001261e-01
2.900000000000007086e-02
1.544000000000001205e-01
1.354999999999998983e-01
4.670000000000001927e-02
