1.622999999999999721e-01
1.452000000000000235e-01
4.670000000000000540e-02
1.967999999999999750e-01
7.950000000000001510e-02
1.073999999999999677e-01
1.698000000000000342e-01
8.250000000000000389e-02
2.494000000000000106e-01
1.482999999999999874e-01
1.235000000000000125e-01
1.704000000000000237e-01
1.463000000000000134e-01
9.630000000000001059e-02
2.884000000000000452e-01
9.799999999999997602e-02
9.979999999999999982e-02
1.703000000000000069e-01
3.094000000000000639e-01
1.064000000000000362e-01
1.682000000000000162e-01
1.247999999999999943e-01
5.589999999999998442e-02
2.328000000000000069e-01
3.090000000000000524e-01
1.413000000000000089e-01
1.998000000000000054e-01
1.405999999999999750e-01
9.040000000000006364e-02
2.012999999999999234e-01
2.471999999999999753e-01
2.138999999999999235e-01
2.056999999999999384e-01
1.234999999999999570e-01
8.880000000000000393e-02
4.039000000000000368e-01
1.321000000000001340e-01
1.819999999999999674e-01
2.038000000000000089e-01
2.017000000000001847e-01
2.631999999999999895e-01
1.489000000000001711e-01
8.679999999999979399e-02
1.413000000000000644e-01
1.394000000000000794e-01
1.593999999999999306e-01
5.790000000000006253e-02
1.332000000000000406e-01
5.690000000000003388e-02
9.140000000000000902e-02
8.649999999999999356e-02
2.850000000000001421e-01
4.549999999999998490e-02
1.090999999999999470e-01
9.760000000000010334e-02
7.140000000000010227e-02
1.706999999999998241e-01
1.685999999999999999e-01
9.709999999999999187e-02
1.796000000000001207e-01
1.065000000000000668e-01
9.009999999999988851e-02
1.069999999999999285e-01
6.841999999999999194e-01
1.109800000000000120e+00
1.958000000000000573e-01
1.259000000000000119e-01
9.479999999999993987e-02
2.302999999999999770e-01
1.378999999999998838e-01
2.586000000000000520e-01
3.544999999999999263e-01
1.359999999999998432e-01
4.067000000000000615e-01
2.234999999999999210e-01
1.214000000000000218e-01
2.395999999999999797e-01
4.320000000000001061e-01
3.774000000000000687e-01
4.837999999999999523e-01
1.556400000000000006e+00
5.763000000000000345e-01
1.599000000000000421e-01
6.220000000000004692e-02
1.355000000000000648e-01
1.716000000000000303e-01
1.708000000000000351e-01
2.208999999999999575e-01
1.404999999999999583e-01
1.646999999999999575e-01
8.919999999999997375e-02
1.795000000000000484e-01
2.426999999999999991e-01
4.171999999999999598e-01
2.208999999999999853e-01
1.440000000000001001e-01
4.249999999999996836e-02
1.091000000000000025e-01
1.953999999999999904e-01
2.378000000000000114e-01
9.820000000000000950e-02
1.563000000000000778e-01
4.940000000000001334e-02
4.092000000000000637e-01
2.001999999999999891e-01
5.369999999999997692e-02
2.206999999999998963e-01
4.579999999999993798e-02
1.049999999999999545e-01
6.890000000000015556e-02
1.175999999999998991e-01
2.104999999999998261e-01
1.232000000000001289e-01
2.051000000000000600e-01
6.870000000000001106e-02
1.525999999999999579e-01
1.175000000000001182e-01
1.614999999999998659e-01
1.053000000000000880e-01
1.223999999999999672e-01
1.717000000000001303e-01
2.548000000000000265e-01
8.649999999999979927e-02
1.158000000000000418e-01
1.596000000000000196e-01
6.250000000000005551e-02
1.162999999999999590e-01
9.640000000000009672e-02
1.457999999999999019e-01
3.179999999999994637e-02
2.015000000000000957e-01
1.037999999999999340e-01
8.950000000000003786e-02
1.206999999999999879e-01
3.075000000000001066e-01
8.777000000000000357e-01
4.933999999999999497e-01
2.618000000000000327e-01
6.275000000000000577e-01
3.102100000000000080e+00
1.119800000000000351e+00
2.671999999999999931e-01
2.485999999999999321e-01
2.617999999999999772e-01
1.653000000000000580e-01
3.408999999999998698e-01
2.139999999999999125e-01
6.220000000000026896e-02
2.211999999999998967e-01
5.711999999999998190e-01
3.361000000000000654e-01
1.806000000000000660e-01
1.328100000000000058e+00
9.875999999999998114e-01
9.354999999999999982e-01
