1.899999999999999745e-01
1.778999999999999748e-01
9.270000000000000462e-02
1.293000000000000260e-01
7.059999999999998221e-02
5.933000000000000496e-01
1.658999999999999808e+00
3.328999999999999737e-01
2.792999999999998817e-01
2.504999999999998894e-01
2.033000000000000640e-01
4.070000000000000284e-01
1.228000000000000896e-01
2.850999999999998535e-01
2.787999999999998257e-01
1.097999999999999254e-01
6.629999999999998395e-02
1.895999999999999630e-01
3.131000000000001005e-01
7.282999999999998364e-01
2.874999999999999778e-01
3.235999999999999988e-01
8.819999999999997287e-02
6.510999999999999011e-01
2.947000000000000175e-01
2.245000000000000329e-01
2.077999999999999292e-01
1.945000000000000062e-01
3.483999999999999320e-01
1.879999999999999449e-01
2.783999999999999808e-01
1.680000000000000382e-01
1.710000000000000131e-01
1.943999999999999617e-01
2.938000000000000056e-01
2.104000000000000314e-01
1.776000000000000356e-01
4.639000000000000346e-01
1.542999999999999927e-01
2.250999999999999945e-01
1.860000000000000264e-01
2.299999999999999822e-01
2.514000000000000123e-01
3.361999999999999988e-01
2.112999999999999878e-01
2.497999999999999665e-01
1.556000000000000438e-01
1.510000000000000231e-01
1.245000000000000273e-01
1.121999999999999942e-01
2.683999999999999719e-01
3.321999999999999953e-01
2.208999999999999853e-01
1.759000000000000008e-01
2.650000000000000133e-01
2.950000000000000400e-01
2.188999999999999557e-01
6.067000000000000171e-01
1.607000000000000095e-01
1.141000000000000070e-01
2.222000000000000641e-01
9.030000000000004690e-02
3.538999999999999924e-01
3.760999999999999344e-01
3.093000000000000194e-01
3.136000000000000454e-01
5.324000000000000954e-01
3.098000000000000753e-01
7.651999999999999913e-01
1.029000000000000192e-01
3.261000000000000565e-01
1.868000000000000216e-01
9.072000000000000064e-01
3.920999999999999486e-01
3.000000000000000444e-01
3.282000000000001028e-01
2.434000000000001163e-01
2.281999999999999584e-01
5.051999999999999824e-01
2.388999999999999735e-01
2.878000000000001668e-01
3.115000000000001101e-01
1.297000000000000097e-01
3.188999999999999058e-01
2.200999999999999346e-01
1.919000000000000150e-01
2.314999999999998170e-01
1.672999999999999488e-01
2.007999999999999508e-01
1.022999999999999604e-01
2.338000000000000078e-01
3.363000000000000433e-01
2.745000000000000773e-01
1.637000000000000677e-01
1.371000000000000552e-01
2.496000000000000441e-01
9.759999999999997844e-02
2.595000000000000639e-01
6.191999999999999726e-01
4.442000000000000393e-01
1.533999999999999253e-01
2.388999999999999457e-01
2.263999999999998791e-01
5.196999999999999398e-01
3.394000000000000905e-01
4.057000000000000051e-01
1.355999999999999983e-01
2.738999999999999213e-01
2.214000000000000135e-01
2.575000000000000622e-01
3.000000000000000444e-01
2.860000000000000320e-01
4.621999999999999997e-01
9.579999999999996851e-02
3.867000000000000437e-01
4.120000000000000884e-01
1.030999999999999694e-01
2.929999999999999827e-01
2.202000000000000901e-01
1.030999999999999694e-01
2.961999999999999078e-01
7.044000000000000261e-01
4.410999999999999366e-01
3.502999999999999448e-01
6.034999999999999254e-01
8.387999999999999901e-01
6.267000000000000348e-01
2.494999999999999996e-01
1.588000000000000522e-01
2.281999999999999584e-01
4.600000000000004086e-02
1.570000000000000562e-01
1.912000000000000366e-01
1.604999999999998928e-01
1.401000000000000578e-01
2.129999999999999116e-01
9.110000000000006981e-02
3.135000000000000564e-01
1.467999999999999861e-01
4.083999999999999853e-01
1.299999999999999767e-01
1.960999999999999688e-01
2.460000000000000797e-01
1.224000000000001476e-01
2.301999999999999602e-01
5.319000000000000394e-01
1.870999999999999608e-01
3.914999999999999591e-01
2.499999999999999445e-01
2.848000000000001086e-01
3.961999999999999411e-01
1.296000000000000485e-01
1.961999999999999023e-01
9.779999999999987315e-02
1.800000000000001044e-01
