1.091000000000000025e-01
2.946000000000000285e-01
1.364000000000000212e-01
1.753000000000000114e-01
7.900000000000001465e-02
2.415999999999999814e-01
1.273000000000000242e-01
7.839999999999996971e-02
2.621000000000000552e-01
1.272999999999999132e-01
1.700000000000000677e-01
1.176999999999999852e-01
1.969000000000000195e-01
1.584999999999999187e-01
1.127000000000000085e-01
1.092999999999999527e-01
2.419999999999999235e-02
1.191000000000000669e-01
2.853000000000000536e-01
1.340000000000000635e-01
8.711000000000000965e-01
3.671999999999999709e-01
4.553000000000000935e-01
1.650000000000000633e-01
3.829999999999986887e-02
1.798000000000000709e-01
2.408000000000002083e-01
5.659999999999996284e-02
1.357999999999999763e-01
6.820000000000001061e-02
6.249999999999989592e-02
1.354000000000000481e-01
9.139999999999998126e-02
5.850000000000007971e-02
1.922999999999999154e-01
2.818999999999999284e-01
1.052000000000000990e-01
1.062000000000000582e-01
6.719000000000000528e-01
4.679999999999999716e-01
1.603999999999999870e-01
2.998000000000000664e-01
1.907999999999999974e-01
5.870000000000002993e-02
6.060000000000002190e-02
4.270000000000006429e-02
1.452999999999998737e-01
4.308000000000001273e-01
2.025000000000000688e-01
8.809999999999999776e-02
1.337000000000000133e-01
9.259999999999990461e-02
1.386000000000003896e-01
6.969999999999994256e-02
1.210000000000001630e-01
7.130000000000014104e-02
8.109999999999956133e-02
1.439000000000000556e-01
1.241000000000000297e-01
1.522000000000000020e-01
1.191000000000000947e-01
2.797000000000000597e-01
7.846999999999999531e-01
9.983999999999998431e-01
6.685000000000000941e-01
5.404999999999997584e-01
4.814999999999999281e-01
3.372999999999999332e-01
1.623500000000000165e+00
2.492300000000000182e+00
1.258600000000000163e+00
5.371999999999998998e-01
1.531999999999998918e-01
1.613000000000000544e-01
6.665000000000000924e-01
7.918000000000001704e-01
4.490000000000000657e-01
1.853000000000000480e-01
1.729000000000001647e-01
1.758000000000000396e-01
2.806000000000002381e-01
9.879999999999983240e-02
5.289999999999983604e-02
5.490000000000019864e-02
8.980000000000007421e-02
3.012000000000000233e-01
9.579999999999994076e-02
5.609999999999981668e-02
1.218999999999998141e-01
8.869999999999997331e-02
9.940000000000021041e-02
6.930000000000008376e-02
1.161000000000003141e-01
5.700000000000024492e-02
3.365999999999997883e-01
1.375700000000000145e+00
7.053000000000000380e-01
2.848999999999999311e-01
1.992000000000003213e-01
3.064999999999999947e-01
3.437999999999999945e-01
8.289999999999984881e-02
5.996999999999998998e-01
2.003000000000001724e-01
3.081000000000001515e-01
4.814000000000001611e-01
1.466999999999997195e-01
1.193999999999999090e-01
1.502999999999998781e-01
3.059999999999999387e-01
9.843000000000000638e-01
2.522700000000000387e+00
1.064799999999999969e+00
1.605000000000000038e-01
1.785099999999999909e+00
3.892999999999998684e-01
7.630000000000000115e-01
1.738000000000000378e-01
2.058999999999999719e-01
2.050000000000000988e-01
1.441999999999999116e-01
1.063999999999999529e-01
1.940999999999998837e-01
1.154000000000001414e-01
9.250000000000008216e-02
1.016999999999999710e-01
7.479999999999983884e-02
3.390000000000005509e-02
5.470000000000012352e-02
7.929999999999993998e-02
8.679999999999993276e-02
8.309999999999995168e-02
8.680000000000022420e-02
2.135000000000001064e-01
7.980000000000014859e-02
6.679999999999985949e-02
5.310000000000010545e-02
1.513999999999996460e-01
2.150000000000018216e-02
1.710999999999998633e-01
1.116999999999998688e-01
8.370000000000003826e-02
1.048000000000001986e-01
5.310000000000004994e-02
1.142000000000000653e-01
8.380000000000006888e-02
6.940000000000004499e-02
3.580000000000011645e-02
6.839999999999990532e-02
1.312000000000000666e-01
3.983999999999998654e-01
5.698000000000000842e-01
9.391999999999998128e-01
6.901000000000003798e-01
5.507999999999999563e-01
