2.391000000000000070e-01
2.581999999999999851e-01
1.001000000000000223e-01
6.629999999999999782e-02
1.175999999999999823e-01
1.079000000000000237e-01
8.770000000000002793e-02
5.309999999999999443e-02
1.548000000000000209e-01
3.666000000000000369e-01
1.664000000000000201e-01
9.400000000000000022e-02
1.195000000000000229e-01
1.810999999999999832e-01
1.443000000000000116e-01
2.064999999999999614e-01
1.666999999999999871e-01
7.279000000000001025e-01
1.063000000000000056e-01
1.932000000000000106e-01
3.006999999999999673e-01
8.749000000000000110e-01
1.941999999999998727e-01
1.042000000000000287e-01
2.062000000000000222e-01
1.075000000000000816e-01
1.859000000000000929e-01
1.086999999999998801e-01
2.309999999999999831e-01
6.989999999999998992e-02
4.079000000000000403e-01
1.696999999999999620e-01
1.716000000000000025e-01
8.910000000000001252e-02
1.450999999999999790e-01
6.017000000000000126e-01
2.477000000000000313e-01
1.081999999999999629e-01
1.792000000000000259e-01
1.612000000000000377e-01
4.283000000000000140e-01
2.110000000000000209e-01
1.410999999999998922e-01
2.812000000000000055e-01
1.679400000000000004e+00
6.627000000000002888e-01
2.343999999999998307e-01
1.395000000000003459e-01
1.622000000000002884e-01
1.257999999999997454e-01
2.052999999999996772e-01
1.132999999999999424e-01
1.506000000000001782e-01
1.450000000000001288e-01
1.379999999999999005e-01
1.171000000000001345e-01
1.683999999999999941e-01
4.139999999999999791e-01
1.091000000000000997e-01
3.286999999999997701e-01
1.606999999999997875e-01
1.754999999999998783e-01
3.659000000000000030e-01
4.770999999999999130e-01
1.902000000000001467e-01
3.262999999999999234e-01
2.115000000000001878e-01
2.798000000000001042e-01
2.658999999999999697e-01
2.141999999999997240e-01
1.637999999999998069e-01
1.800999999999999823e-01
1.720000000000000140e-01
1.596000000000001862e-01
1.476000000000001477e-01
3.665999999999999259e-01
2.838999999999998747e-01
1.771000000000000907e-01
9.579999999999963545e-02
1.195999999999997621e-01
1.379000000000002168e-01
2.282000000000000139e-01
1.335999999999999688e-01
1.035999999999997201e-01
7.860000000000033626e-02
1.810999999999998444e-01
1.092999999999998834e-01
1.314699999999999758e+00
1.901399999999999757e+00
2.235999999999998822e-01
4.678000000000002156e-01
3.828999999999996851e-01
9.200000000000022049e-02
1.168999999999999206e-01
1.501000000000002332e-01
1.776000000000002577e-01
1.136999999999998012e-01
2.429999999999999660e-01
1.534000000000000641e-01
1.459000000000000574e-01
1.080000000000000959e-01
2.137000000000004729e-01
2.794999999999999707e-01
4.494000000000000772e-01
2.180999999999998773e-01
3.268000000000001459e-01
1.345999999999999697e-01
2.780000000000003579e-01
1.141000000000001319e-01
1.058999999999998137e-01
4.407999999999998586e-01
3.371000000000003438e-01
3.148000000000000798e-01
3.678000000000000158e-01
7.079999999999975202e-02
1.848999999999997867e-01
7.790000000000016356e-02
5.164999999999999591e-01
3.551999999999998492e-01
2.303999999999999382e-01
2.297000000000002373e-01
6.759999999999993792e-02
1.870000000000000551e-01
8.103000000000001313e-01
2.582999999999997520e-01
5.584999999999999964e-01
8.457000000000001183e-01
4.727999999999998315e-01
4.233000000000000651e-01
4.937000000000001942e-01
1.036000000000001642e-01
1.471000000000000363e-01
1.333000000000001684e-01
2.930999999999999717e-01
2.459999999999998299e-01
6.431000000000000050e-01
1.719000000000002748e-01
2.504999999999997229e-01
1.021000000000002184e-01
4.499999999999999001e-01
4.775999999999998580e-01
3.945000000000001839e-01
2.060999999999998666e-01
1.820000000000002449e-01
2.353000000000000091e-01
1.986000000000004706e-01
1.022999999999996412e-01
1.458999999999998909e-01
1.524000000000003130e-01
1.749000000000001109e-01
1.149000000000003074e-01
6.700000000000033706e-02
6.539999999999995817e-02
1.506000000000002059e-01
1.197999999999999898e-01
