1.732999999999999818e-01
3.640000000000000180e-02
6.859999999999999432e-02
1.207999999999999768e-01
1.755000000000000171e-01
8.310000000000000719e-02
8.339999999999998803e-02
1.386999999999999900e-01
6.950000000000000622e-02
1.102000000000000063e-01
3.477000000000000091e-01
2.549000000000000155e-01
2.048999999999999988e-01
2.298999999999999932e-01
1.753000000000000114e-01
2.549000000000000155e-01
2.008000000000000340e-01
1.680000000000000104e-01
4.020000000000001350e-02
7.799999999999999989e-02
7.999999999999998779e-02
3.239999999999999131e-02
9.489999999999999825e-02
1.093000000000000083e-01
9.719999999999999474e-02
1.386000000000000010e-01
7.270000000000000073e-02
1.235999999999999877e-01
4.840000000000001940e-02
1.629999999999999782e-01
7.680000000000000715e-02
2.308000000000000052e-01
2.446999999999999731e-01
2.058999999999999997e-01
1.444000000000000006e-01
1.633999999999999897e-01
1.066999999999999893e-01
1.147999999999999854e-01
6.589999999999998637e-02
7.200000000000000844e-02
1.262000000000000066e-01
1.729999999999999871e-01
1.447999999999999843e-01
1.105999999999999900e-01
5.970000000000000306e-02
1.014999999999999930e-01
6.599999999999998923e-02
4.559999999999998083e-02
4.790000000000002589e-02
5.897999999999999909e-01
5.372999999999999998e-01
2.514000000000000123e-01
8.129999999999999727e-02
1.386000000000000010e-01
9.529999999999999583e-02
1.675999999999999990e-01
1.245999999999999747e-01
6.970000000000002582e-02
1.170999999999999958e-01
2.242999999999999994e-01
4.240000000000000019e-02
5.060000000000001302e-02
1.851999999999999758e-01
7.879999999999998117e-02
1.079999999999999849e-01
6.989999999999998992e-02
1.142000000000000237e-01
1.341999999999999860e-01
9.060000000000002773e-02
9.710000000000001963e-02
1.552000000000000324e-01
2.540000000000000036e-01
7.760000000000000231e-02
1.277000000000000079e-01
1.328000000000000014e-01
1.768000000000000127e-01
8.340000000000000191e-02
4.385999999999999899e-01
3.088000000000000189e-01
1.205999999999999850e-01
1.064000000000000501e-01
1.385000000000000120e-01
2.027999999999999803e-01
1.279000000000000137e-01
3.919999999999997098e-02
8.069999999999996620e-02
1.304999999999999494e-01
1.274999999999999745e-01
6.140000000000000319e-02
1.800000000000000211e-01
4.650000000000000661e-02
9.429999999999996718e-02
9.559999999999992115e-02
1.938999999999999613e-01
2.572000000000000397e-01
1.124000000000000415e-01
5.649999999999998773e-02
4.039999999999998453e-02
1.592999999999999694e-01
3.190000000000000058e-01
2.977999999999999536e-01
6.168999999999998929e-01
3.754999999999999449e-01
5.038000000000000256e-01
2.130000000000000226e-01
1.470999999999999530e-01
8.249999999999996225e-02
1.056000000000000133e-01
1.944000000000001005e-01
8.298999999999998600e-01
8.008999999999999453e-01
2.528999999999999582e-01
8.790000000000003366e-02
4.017999999999999350e-01
2.004999999999999838e-01
4.140000000000000624e-02
4.999999999999998890e-02
6.809999999999999387e-02
2.680000000000001825e-02
1.899999999999999467e-01
3.055000000000000493e-01
3.000000000000000444e-01
1.658999999999999919e-01
1.744000000000000550e-01
1.357000000000000428e-01
2.858000000000000540e-01
1.874000000000000110e-01
6.357999999999999208e-01
3.611999999999999655e-01
9.630000000000003835e-02
2.032999999999999807e-01
2.183600000000000207e+00
4.536999999999999922e-01
5.849999999999999645e-01
3.801999999999999269e-01
1.160999999999999810e-01
2.497000000000000053e-01
2.334000000000000519e-01
4.229999999999999871e-01
2.338000000000000356e-01
1.695000000000000395e-01
9.919999999999999651e-02
2.181999999999999496e-01
2.367999999999999550e-01
3.136000000000000454e-01
1.669000000000000206e-01
1.499999999999999944e-01
7.769999999999994966e-02
7.980000000000002369e-02
3.709999999999999409e-02
6.519999999999998019e-02
1.063999999999999946e-01
5.799999999999997519e-02
9.290000000000001035e-02
3.821000000000000507e-01
