3.230999999999999983e-01
6.589999999999998637e-02
2.489999999999999991e-01
2.389000000000000012e-01
9.120000000000000329e-02
9.220000000000000417e-02
4.559999999999999470e-02
1.175000000000000211e-01
1.304000000000000159e-01
1.243999999999999967e-01
1.401000000000000023e-01
1.749000000000000277e-01
5.770000000000000129e-02
4.510000000000000814e-02
3.909999999999999587e-02
1.804999999999999938e-01
7.830000000000000848e-02
4.020000000000000656e-02
8.619999999999999885e-02
7.319999999999998730e-02
4.710000000000000298e-02
9.979999999999999982e-02
1.066000000000000142e-01
1.238999999999999962e-01
5.790000000000000702e-02
2.989999999999999256e-02
8.960000000000001297e-02
3.239999999999999825e-02
5.309999999999999443e-02
3.480000000000000454e-02
1.250999999999999890e-01
2.288000000000000311e-01
1.718999999999999972e-01
1.253999999999999837e-01
6.360000000000000375e-02
5.909999999999999976e-02
6.120000000000001134e-02
7.300000000000000933e-02
5.070000000000000201e-02
1.042000000000000148e-01
4.970000000000000112e-02
4.690000000000000419e-02
6.080000000000001376e-02
4.679999999999999438e-02
1.074999999999999845e-01
5.529999999999999499e-02
1.260999999999999899e-01
7.650000000000001243e-02
6.279999999999999472e-02
2.469999999999999626e-02
6.750000000000000444e-02
1.061000000000000137e-01
6.530000000000001081e-02
6.939999999999998948e-02
4.379999999999999866e-02
3.569999999999999563e-02
5.430000000000000104e-02
4.950000000000000233e-02
6.679999999999999827e-02
2.830000000000000571e-02
1.313000000000000000e-01
5.410000000000000225e-02
9.489999999999998437e-02
3.650000000000000466e-02
8.719999999999999973e-02
2.819999999999999243e-02
1.111999999999999933e-01
4.699999999999998623e-02
1.887000000000000066e-01
1.166000000000000092e-01
7.430000000000000493e-02
7.699999999999998512e-02
4.089999999999998498e-02
2.480000000000000260e-02
2.409999999999999989e-02
1.879999999999999727e-02
7.019999999999999851e-02
5.710000000000001186e-02
4.450000000000000483e-02
5.659999999999999754e-02
6.759999999999999343e-02
6.850000000000000533e-02
6.069999999999999701e-02
5.799999999999999600e-02
1.414999999999999869e-01
3.054000000000000048e-01
9.790000000000001479e-02
1.407000000000000195e-01
1.275000000000000022e-01
1.019999999999999796e-01
1.169999999999999929e-01
1.809999999999999942e-01
8.680000000000000215e-02
2.480000000000000954e-02
1.372999999999999776e-01
4.610000000000003678e-02
1.270399999999999752e+00
8.120999999999999330e-01
1.139000000000000012e-01
6.300000000000000044e-02
1.194000000000000061e-01
1.390000000000000124e-01
7.269999999999998685e-02
3.460000000000000575e-02
1.633000000000000562e-01
1.353999999999999648e-01
7.380000000000000449e-02
3.356999999999999984e-01
2.619999999999999551e-01
3.929999999999997384e-02
1.111999999999999655e-01
1.279000000000000414e-01
1.520000000000000240e-01
7.090000000000000469e-02
1.129999999999999893e-01
3.739999999999998881e-02
2.679999999999996968e-02
1.243999999999999551e-01
8.179999999999996996e-02
6.359999999999998987e-02
4.419999999999997542e-02
2.559999999999994572e-02
5.759999999999999842e-02
5.759999999999995679e-02
6.099999999999998479e-02
5.470000000000002638e-02
5.939999999999999447e-02
4.740000000000005320e-02
5.790000000000002089e-02
6.969999999999997031e-02
3.639999999999993935e-02
4.769999999999996465e-02
4.719999999999999890e-02
4.200000000000000955e-02
1.180000000000000354e-01
8.079999999999998295e-02
9.180000000000000659e-02
8.970000000000000195e-02
5.410000000000003001e-02
2.919999999999997944e-02
4.789999999999997732e-02
8.409999999999999420e-02
1.814000000000000057e-01
1.031999999999999584e-01
2.449999999999996625e-02
4.420000000000001705e-02
4.979999999999996929e-02
5.209999999999996578e-02
4.640000000000001762e-02
6.170000000000006035e-02
3.599999999999997646e-02
4.780000000000002996e-02
6.790000000000002978e-02
6.610000000000001985e-02
5.162000000000001032e-01
