3.040000000000000341e-02
3.119999999999999857e-02
1.435000000000000164e-01
1.378000000000000058e-01
1.208000000000000046e-01
1.668000000000000316e-01
1.739999999999999880e-01
1.907999999999999974e-01
4.580999999999999517e-01
4.992000000000000326e-01
1.915000000000000036e-01
1.234999999999999709e-01
1.552999999999999936e-01
2.131000000000000116e-01
1.292000000000000370e-01
3.484000000000000430e-01
8.659999999999994091e-02
8.599999999999997924e-02
8.780000000000001692e-02
8.133999999999999009e-01
1.690000000000000113e-01
1.177000000000000268e-01
1.087000000000000050e-01
2.202999999999999958e-01
5.299999999999998462e-02
9.829999999999997073e-02
1.376999999999999613e-01
1.739000000000000268e-01
1.676000000000000267e-01
1.424000000000000266e-01
8.759999999999999731e-02
1.726000000000000312e-01
5.090000000000008407e-02
1.347000000000000419e-01
1.460999999999999521e-01
1.690999999999999170e-01
6.420000000000000706e-02
6.580000000000002514e-02
1.835999999999999854e-01
8.260000000000002063e-02
1.246000000000000163e-01
6.109999999999995296e-02
1.051999999999999880e-01
9.229999999999999316e-02
1.287999999999999423e-01
2.750000000000006606e-02
3.359999999999996323e-02
6.629999999999992844e-02
8.559999999999998166e-02
4.919999999999999374e-02
3.589999999999998054e-02
7.899999999999998690e-02
8.869999999999995943e-02
2.746000000000000107e-01
4.238999999999999990e-01
2.690000000000000169e-01
5.846000000000000085e-01
2.732999999999999874e-01
4.169000000000000483e-01
1.658000000000000029e-01
1.289000000000000146e-01
1.044000000000000761e-01
2.041999999999999371e-01
1.767999999999999849e-01
1.353000000000000591e-01
1.682999999999999774e-01
9.670000000000000817e-02
6.239999999999999020e-02
2.373000000000000387e-01
2.249000000000000443e-01
1.646000000000000241e-01
1.511999999999999456e-01
1.016999999999999571e-01
4.929999999999998272e-02
5.519999999999999907e-02
1.680000000000000104e-01
1.726999999999999924e-01
6.469999999999995199e-02
8.970000000000005747e-02
1.936000000000000221e-01
5.070000000000000062e-01
1.093299999999999939e+00
1.875000000000000000e-01
8.740000000000003322e-02
1.070999999999999869e-01
7.380000000000000449e-02
8.599999999999995148e-02
6.339999999999995639e-02
9.400000000000001410e-02
1.538000000000000478e-01
1.393000000000000071e-01
6.699999999999999012e-02
1.285999999999999921e-01
1.689999999999999281e-01
4.200000000000003730e-02
2.919999999999999818e-01
1.034999999999999531e-01
1.200000000000000233e-01
1.017999999999999738e-01
4.709999999999995440e-02
1.361000000000000265e-01
2.702999999999999847e-01
1.083999999999999270e-01
6.830000000000004123e-02
1.180000000000000354e-01
1.282000000000000084e-01
3.141999999999999793e-01
2.173099999999999810e+00
3.134999999999999454e-01
5.360000000000000320e-01
2.512999999999998568e-01
2.366999999999999660e-01
1.646000000000001351e-01
7.799999999999997213e-02
1.485999999999998433e-01
2.488000000000001322e-01
1.483000000000002094e-01
2.220999999999998809e-01
4.411000000000000476e-01
2.762999999999999345e-01
6.797999999999999599e-01
7.250000000000003109e-01
9.559999999999998499e-01
4.759999999999994791e-01
7.825000000000000844e-01
8.135999999999998789e-01
1.524000000000000909e-01
5.864999999999996882e-01
4.686999999999998390e-01
7.999000000000000554e-01
4.677000000000002267e-01
1.010299999999999976e+00
1.488099999999999978e+00
9.392999999999998018e-01
7.601999999999999869e-01
3.507000000000000117e-01
4.432999999999998608e-01
9.294000000000005590e-01
8.252000000000001556e-01
3.936000000000000609e-01
7.114999999999995772e-01
3.620000000000002660e-01
3.205000000000002847e-01
3.496999999999995667e-01
1.062000000000002664e-01
3.480999999999998540e-01
1.634000000000002950e-01
1.720000000000000140e-01
1.540000000000001923e-01
1.761000000000001176e-01
1.863000000000001044e-01
2.151999999999997804e-01
2.543000000000001926e-01
6.899999999999989475e-02
2.979999999999985438e-02
