1.950999999999999956e-01
9.299999999999999933e-02
8.209999999999999243e-02
8.579999999999998739e-02
7.279999999999998972e-02
1.470000000000000195e-01
3.930000000000000160e-02
6.520000000000000795e-02
8.130000000000002502e-02
9.349999999999998590e-02
1.222000000000000031e-01
1.170999999999999958e-01
6.389999999999998459e-02
1.071000000000000008e-01
1.025999999999999829e-01
9.500000000000000111e-02
9.630000000000001059e-02
9.329999999999999405e-02
9.069999999999998896e-02
4.939999999999999947e-02
3.239999999999999825e-02
3.740000000000001656e-02
5.980000000000001287e-02
3.590000000000000135e-02
1.038000000000000173e-01
1.220000000000000112e-01
5.010000000000000564e-02
4.270000000000002266e-02
9.970000000000001084e-02
1.027999999999999747e-01
1.893999999999999850e-01
1.844999999999999973e-01
1.620000000000000606e-01
8.469999999999998364e-02
5.819999999999998785e-02
5.280000000000002747e-02
2.649000000000000243e-01
2.144000000000000072e-01
2.058000000000000107e-01
9.259999999999996012e-02
1.151999999999999968e-01
7.230000000000001703e-02
7.010000000000000953e-02
7.049999999999999323e-02
7.630000000000000671e-02
3.069999999999999118e-02
1.115000000000000019e-01
6.930000000000001437e-02
1.027000000000000135e-01
5.689999999999999225e-02
8.319999999999999618e-02
9.640000000000001346e-02
7.660000000000002918e-02
4.289999999999997982e-02
6.790000000000002978e-02
1.048999999999999794e-01
1.307000000000000106e-01
1.142999999999999572e-01
1.875000000000000278e-01
9.719999999999996698e-02
9.080000000000003346e-02
9.850000000000000422e-02
7.449999999999998290e-02
8.580000000000002902e-02
1.386000000000000565e-01
2.692999999999999838e-01
3.570000000000002338e-02
9.740000000000000047e-02
6.329999999999999516e-02
4.880000000000001698e-02
1.067000000000000171e-01
6.789999999999998814e-02
3.529999999999995641e-02
9.049999999999999711e-02
3.820000000000000479e-02
4.799999999999995937e-02
9.139999999999996738e-02
1.033999999999999503e-01
1.466999999999999971e-01
2.829999999999997101e-02
7.810000000000000275e-02
1.383999999999999675e-01
6.379999999999998173e-02
1.909000000000000141e-01
1.210999999999999716e-01
1.443000000000000116e-01
8.639999999999997682e-02
4.400000000000003908e-02
9.710000000000000575e-02
7.539999999999996705e-02
6.560000000000001941e-02
1.610000000000000042e-01
1.807999999999999607e-01
9.800000000000000377e-02
1.191000000000000114e-01
6.809999999999999387e-02
1.365000000000000102e-01
1.524999999999999967e-01
8.919999999999997375e-02
1.018999999999999906e-01
8.979999999999997706e-02
1.993000000000000049e-01
1.946999999999999842e-01
5.839999999999999358e-02
5.280000000000001359e-02
1.544000000000000372e-01
7.920000000000004814e-02
5.409999999999999531e-02
5.030000000000003219e-02
4.450000000000002565e-02
3.309999999999999748e-02
1.379999999999999838e-01
2.496999999999999775e-01
2.001999999999999613e-01
1.318999999999999895e-01
2.306000000000000549e-01
1.037000000000000144e-01
7.130000000000000226e-02
1.667000000000000148e-01
1.084000000000000519e-01
5.099999999999997591e-02
8.490000000000007263e-02
3.140000000000000568e-01
1.010000000000000064e-01
1.998999999999999666e-01
1.860999999999999877e-01
1.993000000000000327e-01
1.152999999999999858e-01
7.009999999999998177e-02
2.928000000000000602e-01
2.463999999999999524e-01
6.560000000000001941e-02
4.514000000000000234e-01
2.358999999999999153e-01
1.422999999999999821e-01
1.889999999999997238e-02
1.307999999999999163e-01
6.739999999999997382e-02
2.440999999999999837e-01
1.873000000000000220e-01
5.129999999999992205e-02
1.348000000000000309e-01
3.755000000000001115e-01
1.668999999999999928e-01
7.197000000000000064e-01
1.573000000000000231e-01
4.120999999999999663e-01
3.339000000000000856e-01
3.245000000000000107e-01
4.344999999999999973e-01
3.511000000000000787e-01
1.977000000000000424e-01
5.300000000000003320e-02
1.292999999999999705e-01
1.217000000000000165e-01
