9.140000000000000902e-02
1.082999999999999935e-01
8.659999999999999643e-02
8.410000000000000808e-02
4.730000000000000177e-02
7.039999999999999036e-02
6.420000000000000706e-02
5.439999999999999697e-02
7.309999999999999831e-02
1.990000000000000449e-02
4.509999999999998732e-02
9.670000000000000817e-02
6.289999999999999758e-02
7.389999999999999347e-02
5.660000000000001141e-02
8.530000000000001470e-02
6.750000000000000444e-02
8.620000000000001272e-02
4.929999999999998272e-02
7.110000000000002429e-02
9.540000000000001257e-02
1.613000000000000267e-01
9.209999999999997355e-02
7.399999999999996858e-02
5.109999999999997877e-02
6.880000000000001392e-02
6.729999999999998483e-02
4.190000000000002056e-02
5.330000000000002097e-02
2.179999999999997565e-02
1.040999999999999565e-01
1.058000000000000468e-01
9.850000000000001810e-02
9.729999999999999760e-02
5.949999999999998346e-02
1.287999999999999701e-01
8.359999999999999376e-02
8.190000000000002833e-02
5.369999999999996304e-02
4.740000000000005320e-02
1.603999999999999593e-01
8.499999999999997835e-02
6.939999999999998948e-02
4.640000000000001068e-02
7.089999999999993530e-02
1.025000000000000078e-01
5.720000000000009799e-02
4.859999999999990716e-02
9.320000000000001894e-02
9.850000000000005973e-02
4.359999999999992354e-02
6.350000000000002864e-02
6.700000000000008726e-02
4.749999999999991729e-02
6.690000000000001501e-02
9.299999999999999933e-02
6.630000000000002558e-02
9.129999999999996452e-02
1.576000000000000179e-01
1.167000000000000676e-01
6.609999999999997822e-02
4.409999999999993092e-02
1.175999999999999962e-01
8.300000000000008760e-02
7.039999999999999036e-02
1.274000000000000687e-01
8.460000000000003628e-02
1.090999999999999470e-01
4.339999999999994557e-02
1.231000000000000150e-01
1.108999999999999847e-01
1.329999999999999793e-01
1.452999999999999847e-01
1.431999999999999940e-01
1.545000000000000817e-01
1.111000000000000321e-01
1.079999999999999710e-01
3.229999999999998150e-02
6.090000000000002356e-02
3.870000000000001217e-02
1.076000000000000151e-01
9.689999999999991676e-02
1.746000000000000607e-01
3.328999999999999737e-01
1.343000000000000305e-01
1.016999999999999987e-01
9.639999999999997182e-02
1.444999999999999618e-01
8.460000000000005016e-02
1.439999999999999614e-01
6.549999999999996103e-02
1.050000000000000933e-01
5.739999999999993718e-02
8.000000000000001554e-02
9.049999999999996936e-02
4.390000000000016112e-02
7.229999999999994764e-02
1.535999999999999588e-01
7.819999999999995011e-02
6.260000000000001674e-02
1.053000000000000602e-01
9.209999999999989029e-02
4.720000000000014462e-02
7.929999999999998161e-02
4.910000000000003251e-02
3.629999999999990873e-02
1.050999999999999990e-01
4.370000000000007906e-02
2.810000000000001386e-02
6.000000000000003247e-02
4.509999999999988324e-02
1.207000000000000850e-01
2.969999999999999030e-02
8.069999999999985518e-02
1.253000000000000225e-01
1.535000000000001641e-01
8.050000000000007150e-02
1.008999999999997815e-01
5.320000000000012219e-02
5.069999999999999507e-02
8.040000000000001312e-02
9.430000000000016147e-02
1.307000000000000384e-01
7.239999999999996438e-02
1.096000000000000307e-01
3.259999999999999010e-02
6.100000000000009581e-02
1.222999999999998533e-01
9.739999999999995883e-02
1.061999999999999889e-01
8.429999999999995830e-02
1.004999999999999921e-01
1.309000000000000719e-01
3.629999999999981852e-02
4.419999999999996154e-02
7.220000000000016682e-02
7.350000000000006528e-02
1.131999999999999257e-01
7.330000000000011506e-02
4.360000000000023579e-02
7.169999999999980556e-02
1.042000000000000426e-01
5.889999999999993852e-02
8.439999999999998892e-02
8.840000000000007574e-02
3.740000000000015534e-02
6.109999999999998765e-02
8.270000000000003737e-02
5.660000000000005305e-02
1.347000000000000419e-01
4.159999999999992870e-02
9.030000000000010241e-02
1.182999999999999469e-01
2.740000000000010483e-02
4.919999999999989659e-02
