1.504199999999999982e+00
1.159100000000000019e+00
1.102700000000000014e+00
1.820999999999999841e-01
2.721000000000000085e-01
4.727999999999999980e-01
1.584000000000000130e-01
2.215000000000000302e-01
1.093000000000000221e-01
4.839999999999998470e-02
8.899999999999998190e-02
8.159999999999997811e-02
1.140000000000000041e-01
9.740000000000002822e-02
7.309999999999994280e-02
8.599999999999999312e-02
1.096000000000000169e-01
1.128999999999999587e-01
6.990000000000001767e-02
9.710000000000001963e-02
1.078000000000000208e-01
7.839999999999996971e-02
5.100000000000001754e-02
8.679999999999998828e-02
1.108999999999999847e-01
8.000000000000001554e-02
4.219999999999995283e-02
6.480000000000001037e-02
6.340000000000002578e-02
4.469999999999994811e-02
4.830000000000001653e-02
4.440000000000000890e-02
6.499999999999996059e-02
1.055000000000000104e-01
7.609999999999998710e-02
8.830000000000001736e-02
5.629999999999996119e-02
9.349999999999999978e-02
1.092999999999999805e-01
7.479999999999999150e-02
6.149999999999997136e-02
1.162999999999999590e-01
5.329999999999998628e-02
6.550000000000003042e-02
5.489999999999997660e-02
3.920000000000001261e-02
1.102999999999999953e-01
4.370000000000000273e-02
9.529999999999996807e-02
7.729999999999999372e-02
1.145000000000000323e-01
6.509999999999999121e-02
4.739999999999999075e-02
3.579999999999995686e-02
4.860000000000007370e-02
1.278999999999999915e+00
1.976899999999999880e+00
4.194999999999999840e-01
3.660000000000004916e-02
7.680000000000002103e-02
9.039999999999996649e-02
9.130000000000002003e-02
7.010000000000002340e-02
5.290000000000002339e-02
1.969999999999998835e-02
9.480000000000006477e-02
5.100000000000001754e-02
4.849999999999996675e-02
1.125000000000000167e-01
6.829999999999999960e-02
1.153000000000000136e-01
7.219999999999995866e-02
8.520000000000002571e-02
2.954999999999999849e-01
5.207999999999999297e-01
1.653999999999999915e-01
9.299999999999998546e-02
5.459999999999996800e-02
2.649999999999994027e-02
7.599999999999995648e-02
5.419999999999995655e-02
4.599999999999997147e-02
3.189999999999998392e-02
4.530000000000003468e-02
2.049999999999999045e-02
5.079999999999999793e-02
4.269999999999998797e-02
2.060000000000003148e-02
4.409999999999998643e-02
1.431000000000000327e-01
1.066999999999999893e-01
3.283000000000000917e-01
4.423000000000000265e-01
1.269999999999999740e-01
8.872999999999999776e-01
1.361100000000000199e+00
3.217000000000000415e-01
1.986000000000001375e-01
8.879999999999993454e-02
5.879999999999994953e-02
9.539999999999998481e-02
1.160999999999999810e-01
5.809999999999990172e-02
1.178000000000001268e-01
1.608999999999999875e-01
7.139999999999996350e-02
7.449999999999987188e-02
6.799999999999992162e-02
7.489999999999999436e-02
6.659999999999999254e-02
3.640000000000002955e-02
2.346999999999999087e-01
1.290999999999999370e-01
1.002999999999999448e-01
1.194000000000000339e-01
1.113999999999999990e-01
9.210000000000005682e-02
8.530000000000012572e-02
1.401000000000000578e-01
6.010000000000000758e-02
1.273999999999999022e-01
8.319999999999985740e-02
6.749999999999999056e-02
7.740000000000019087e-02
2.740000000000017422e-02
5.839999999999979929e-02
3.280000000000026644e-02
4.779999999999978710e-02
7.170000000000011087e-02
5.679999999999986449e-02
5.950000000000006672e-02
5.249999999999976213e-02
3.779999999999982679e-02
9.460000000000022558e-02
4.879999999999996146e-02
4.260000000000015857e-02
3.229999999999978721e-02
4.699999999999988909e-02
6.939999999999982294e-02
2.740000000000016034e-02
7.330000000000005955e-02
4.189999999999992342e-02
5.129999999999998450e-02
3.509999999999986742e-02
5.929999999999988058e-02
6.630000000000003946e-02
4.679999999999977234e-02
2.839999999999975877e-02
1.103999999999999704e-01
7.060000000000017650e-02
6.569999999999999452e-02
5.739999999999999269e-02
3.630000000000005445e-02
5.750000000000002331e-02
8.679999999999989113e-02
