6.579999999999999738e-02
4.870000000000000023e-02
6.279999999999999472e-02
6.669999999999999540e-02
7.050000000000000711e-02
1.007000000000000117e-01
2.299999999999999961e-02
4.859999999999999737e-02
6.089999999999999580e-02
2.230000000000000038e-02
6.459999999999999076e-02
1.185999999999999832e-01
6.029999999999999943e-02
5.079999999999999793e-02
2.950000000000000538e-02
3.629999999999999893e-02
4.120000000000000745e-02
4.979999999999999011e-02
2.419999999999999929e-02
4.640000000000000374e-02
3.720000000000000390e-02
3.969999999999999918e-02
3.720000000000000390e-02
2.129999999999999949e-02
5.040000000000000729e-02
7.049999999999999323e-02
7.489999999999999436e-02
5.659999999999999754e-02
4.359999999999999987e-02
6.389999999999998459e-02
7.150000000000000799e-02
5.109999999999999959e-02
4.479999999999999261e-02
3.519999999999999518e-02
6.800000000000000488e-02
4.840000000000000552e-02
5.280000000000000665e-02
5.829999999999999766e-02
5.350000000000001976e-02
4.359999999999999987e-02
1.140000000000001082e-02
4.490000000000000935e-02
5.040000000000000729e-02
4.349999999999999700e-02
6.960000000000002296e-02
4.870000000000001411e-02
6.400000000000000133e-02
5.310000000000002218e-02
7.479999999999997762e-02
6.740000000000001545e-02
6.390000000000001235e-02
3.749999999999999167e-02
3.989999999999999103e-02
3.720000000000001777e-02
1.880000000000000768e-02
4.689999999999999725e-02
4.329999999999999821e-02
6.139999999999999625e-02
4.930000000000001048e-02
4.610000000000000209e-02
1.144000000000000156e-01
7.449999999999998290e-02
5.009999999999999870e-02
3.649999999999998385e-02
6.619999999999998108e-02
5.369999999999999080e-02
8.990000000000000768e-02
4.650000000000000661e-02
3.610000000000002790e-02
6.190000000000001751e-02
3.290000000000004032e-02
5.670000000000002122e-02
5.209999999999995191e-02
3.799999999999995742e-02
6.779999999999997140e-02
3.190000000000001168e-02
2.879999999999997493e-02
4.100000000000002254e-02
5.399999999999995082e-02
4.900000000000002964e-02
3.110000000000000958e-02
4.500000000000001221e-02
4.160000000000001197e-02
9.639999999999999958e-02
2.620000000000001841e-02
6.309999999999998943e-02
6.675999999999999712e-01
1.182700000000000085e+00
4.867000000000001880e-01
7.469999999999999973e-01
3.351999999999999980e-01
1.389999999999999569e-01
6.219999999999999141e-02
6.470000000000002138e-02
2.400000000000009071e-02
5.759999999999990128e-02
7.350000000000000977e-02
4.809999999999995529e-02
4.099999999999993233e-02
1.173000000000000154e-01
3.229999999999991211e-02
4.809999999999998999e-02
7.239999999999992275e-02
7.020000000000006790e-02
1.081000000000000710e-01
7.629999999999999283e-02
5.460000000000003739e-02
6.040000000000003699e-02
5.949999999999992795e-02
2.659999999999999865e-02
1.520000000000007456e-02
7.490000000000006375e-02
2.909999999999998699e-02
5.060000000000000608e-02
4.879999999999998922e-02
1.246999999999999775e-01
7.579999999999992299e-02
5.890000000000004954e-02
4.520000000000001794e-02
9.879999999999995730e-02
6.439999999999995728e-02
9.810000000000002052e-02
9.249999999999992950e-02
3.170000000000002677e-02
3.559999999999993725e-02
7.449999999999991351e-02
5.170000000000003065e-02
1.479999999999995208e-02
4.240000000000004876e-02
3.089999999999996222e-02
3.379999999999996896e-02
5.080000000000007426e-02
3.109999999999990550e-02
4.719999999999997808e-02
1.288999999999999868e-01
8.940000000000006275e-02
1.494999999999999662e-01
1.505000000000000782e-01
6.430000000000007931e-02
6.869999999999998330e-02
6.359999999999996212e-02
4.240000000000000019e-02
2.859999999999995185e-02
2.489999999999994995e-02
3.459999999999997800e-02
6.750000000000003220e-02
4.250000000000002387e-02
3.819999999999999785e-02
8.940000000000006275e-02
8.089999999999997193e-02
4.050000000000019557e-02
6.260000000000007225e-02
6.250000000000012490e-02
5.599999999999982075e-02
6.779999999999997140e-02
