1.401000000000000023e-01
1.150000000000000189e-01
7.799999999999999989e-02
9.789999999999998703e-02
1.362999999999999767e-01
7.819999999999999174e-02
4.789999999999999813e-02
5.210000000000000048e-02
5.899999999999999689e-02
1.178999999999999770e-01
2.736000000000000099e-01
2.242000000000000104e-01
2.632999999999999785e-01
9.320000000000000506e-02
5.619999999999998608e-02
1.272000000000000075e-01
1.573000000000000231e-01
1.299000000000000155e-01
2.389000000000000012e-01
8.790000000000000591e-02
6.310000000000004494e-02
6.710000000000000686e-02
9.940000000000000224e-02
1.674999999999999822e-01
2.120999999999999552e-01
4.490000000000001629e-02
1.161000000000000226e-01
5.890000000000001484e-02
1.045999999999999985e-01
1.703000000000000069e-01
1.053000000000000047e-01
1.109000000000000263e-01
2.459999999999998299e-02
9.419999999999997820e-02
1.022000000000000131e-01
6.670000000000000928e-02
2.231000000000000205e-01
3.471000000000000751e-01
1.026000000000000106e-01
1.365000000000000657e-01
8.679999999999994664e-02
1.289999999999999480e-01
7.770000000000004681e-02
4.749999999999990341e-02
1.667999999999998928e-01
1.388999999999999679e-01
2.109999999999994519e-02
5.100000000000001060e-02
5.429999999999994553e-02
5.260000000000002868e-02
6.210000000000006487e-02
1.115999999999999492e-01
1.005000000000000060e-01
3.859999999999994685e-02
1.106999999999999929e-01
6.330000000000007843e-02
3.120000000000004020e-02
4.919999999999994517e-02
7.769999999999999130e-02
5.050000000000003791e-02
8.300000000000007372e-02
1.111999999999998545e-01
2.253999999999999337e-01
1.048000000000000043e-01
3.499999999999994782e-02
6.819999999999989959e-02
2.098000000000000143e-01
2.942000000000000171e-01
9.779999999999988702e-02
2.404999999999998805e-01
1.024000000000001021e-01
9.749999999999983680e-02
7.280000000000007299e-02
6.417000000000000481e-01
3.252999999999999781e-01
1.362999999999999212e-01
1.516000000000000125e-01
1.547000000000000597e-01
7.450000000000003841e-02
6.760000000000000731e-02
2.248000000000001664e-01
2.393000000000001237e-01
7.160000000000012188e-02
1.023000000000001269e-01
1.075000000000000261e-01
3.419999999999995266e-02
3.360000000000004650e-02
4.639999999999995517e-02
1.646999999999999575e-01
3.397999999999999354e-01
1.713000000000001188e-01
7.480000000000000537e-02
5.060000000000006160e-02
6.710000000000003462e-02
5.720000000000007023e-02
6.470000000000000751e-02
5.410000000000006470e-02
2.679999999999978233e-02
3.950000000000007672e-02
3.112000000000001432e-01
1.688999999999999113e-01
2.674000000000000821e-01
6.399999999999990419e-02
1.554000000000002046e-01
6.310000000000000331e-02
4.090000000000010294e-02
2.646000000000000019e-01
3.279000000000000803e-01
5.960000000000004183e-02
3.859999999999996767e-02
4.919999999999997986e-02
1.409999999999999587e-01
5.669999999999997264e-02
8.440000000000003055e-02
5.490000000000001823e-02
6.540000000000011082e-02
1.100000000000000422e-01
1.681999999999999607e-01
1.637000000000000954e-01
2.317000000000000448e-01
6.639999999999991742e-02
9.139999999999991187e-02
4.940000000000008273e-02
1.187999999999999473e-01
1.490000000000000213e-01
8.100000000000001643e-02
4.540000000000002367e-02
5.679999999999998939e-02
1.946000000000001340e-01
3.021999999999998021e-01
3.049999999999999378e-01
7.700000000000001288e-02
1.621000000000000218e-01
3.923999999999998045e-01
3.007999999999998453e-01
2.064999999999999891e-01
1.882999999999999952e-01
1.890000000000019442e-02
1.027000000000002355e-01
2.082000000000002182e-01
1.814999999999999392e-01
3.272999999999999798e-01
2.900000000000001465e-01
1.867999999999999383e-01
8.909999999999995701e-02
7.760000000000011333e-02
1.777000000000001356e-01
1.574000000000000399e-01
3.340000000000006852e-02
1.241000000000000159e-01
9.730000000000024740e-02
5.919999999999997486e-02
6.500000000000011324e-02
9.569999999999999341e-02
7.549999999999999767e-02
