1.648999999999999910e-01
7.390000000000000735e-02
1.701999999999999902e-01
9.410000000000001696e-02
8.109999999999999154e-02
6.833000000000000185e-01
5.126000000000000556e-01
2.757999999999999896e-01
1.726000000000000034e-01
8.389999999999997460e-02
9.579999999999994076e-02
8.460000000000003628e-02
4.250000000000003081e-02
1.459000000000000297e-01
8.670000000000008256e-02
1.528999999999999804e-01
1.324000000000000177e-01
4.740000000000001157e-02
6.970000000000001195e-02
6.749999999999999056e-02
1.066999999999999893e-01
8.500000000000001998e-02
8.429999999999999993e-02
9.519999999999996521e-02
1.182000000000000411e-01
2.460000000000000520e-01
2.981000000000000316e-01
2.110000000000000209e-01
1.713000000000000078e-01
2.144999999999999962e-01
7.780000000000000804e-02
2.021000000000000019e-01
1.022999999999999188e-01
5.879999999999998422e-02
1.877000000000000335e-01
9.649999999999997469e-02
6.709999999999999298e-02
5.930000000000005406e-02
2.829999999999999183e-02
8.099999999999996092e-02
9.629999999999999671e-02
1.027999999999999886e-01
5.989999999999996716e-02
8.960000000000001297e-02
6.889999999999998903e-02
8.349999999999997702e-02
8.130000000000001115e-02
6.420000000000002094e-02
5.070000000000005752e-02
1.411999999999999922e-01
4.079999999999996130e-02
1.521000000000000407e-01
1.123999999999999583e-01
3.259000000000000785e-01
1.618999999999999329e-01
6.200000000000004119e-02
1.089000000000000523e-01
7.070000000000006835e-02
1.508999999999999786e-01
1.066000000000000281e-01
6.719999999999996809e-02
1.925000000000000044e-01
2.084999999999999076e-01
2.414999999999999925e-01
4.030000000000005800e-02
5.729999999999996901e-02
1.210999999999999716e-01
7.100000000000000755e-02
2.245999999999999108e-01
8.759999999999991405e-02
1.910000000000000309e-01
4.870000000000013207e-02
1.716000000000000025e-01
1.105000000000000426e-01
1.224000000000000365e-01
7.829999999999999460e-02
6.419999999999997931e-02
1.436999999999998834e-01
8.269999999999996798e-02
2.551000000000000489e-01
1.764000000000000568e-01
1.187000000000000138e-01
9.569999999999996565e-02
1.115999999999999076e-01
1.501999999999999724e-01
6.103000000000000647e-01
9.408000000000000806e-01
1.004599999999999937e+00
8.909000000000000252e-01
5.845000000000000195e-01
6.821000000000000396e-01
1.330000000000000904e-01
4.987000000000000322e-01
7.530999999999998806e-01
4.370000000000000551e-01
3.075999999999999290e-01
1.082000000000000739e-01
1.645000000000001461e-01
8.900000000000007905e-02
1.476999999999999980e-01
9.729999999999994209e-02
1.103999999999999843e-01
1.081999999999999212e-01
1.591000000000001580e-01
5.790000000000000702e-02
6.390000000000010949e-02
8.090000000000011071e-02
1.311999999999999278e-01
8.250000000000008715e-02
7.330000000000014282e-02
3.579999999999980420e-02
1.010999999999998844e-01
2.217999999999999139e-01
7.049999999999986833e-02
1.611999999999998434e-01
1.194999999999999118e-01
5.640000000000003344e-02
9.729999999999984495e-02
5.160000000000000697e-02
4.764000000000000457e-01
1.744999999999998219e-01
2.739999999999999103e-01
1.498999999999998944e-01
3.959000000000002517e-01
1.463999999999999191e-01
4.079999999999998905e-02
1.554999999999999161e-01
1.599999999999998646e-01
5.710000000000002573e-02
5.839999999999982705e-02
1.364000000000000212e-01
8.199999999999989242e-02
5.949999999999996958e-02
1.770999999999998686e-01
9.630000000000009386e-02
7.370000000000023754e-02
2.649999999999985700e-02
1.559000000000000941e-01
1.042000000000002508e-01
1.062999999999998946e-01
8.659999999999980214e-02
5.939999999999978630e-02
7.120000000000008267e-02
3.160000000000025289e-02
4.969999999999985540e-02
7.989999999999987390e-02
4.530000000000002081e-02
1.035999999999998034e-01
6.690000000000005664e-02
5.109999999999963183e-02
2.147000000000000575e-01
6.645000000000002016e-01
5.311999999999997835e-01
1.349299999999999944e+00
1.036000000000000032e+00
