6.769999999999999629e-02
7.149999999999999412e-02
2.009999999999999634e-02
4.869999999999999329e-02
1.919999999999999832e-02
2.659999999999999865e-02
3.569999999999999563e-02
1.020999999999999963e-01
6.429999999999998217e-02
9.229999999999999316e-02
6.300000000000000044e-02
5.319999999999998341e-02
7.930000000000000937e-02
7.259999999999999787e-02
6.180000000000000770e-02
5.032999999999999696e-01
1.956999999999999851e-01
1.370999999999999441e-01
3.954000000000000292e-01
9.280000000000000748e-02
5.595999999999998753e-01
1.171999999999999709e-01
1.991000000000000270e-01
7.639999999999999569e-02
5.880000000000000504e-02
4.270000000000000184e-02
4.099999999999999478e-02
4.269999999999999490e-02
7.359999999999999876e-02
5.759999999999999842e-02
5.490000000000000435e-02
1.944000000000000172e-01
5.998999999999999888e-01
1.519000000000000350e-01
1.131000000000000200e-01
6.880000000000000004e-02
9.589999999999999913e-02
1.007000000000000117e-01
6.130000000000000726e-02
6.650000000000000355e-02
3.980000000000000204e-02
7.090000000000000469e-02
1.305000000000000049e-01
9.110000000000001430e-02
5.170000000000000290e-02
2.165999999999999870e-01
3.855999999999999983e-01
4.191999999999999615e-01
3.795000000000000040e-01
5.648999999999999577e-01
1.712499999999999911e+00
1.970999999999999863e+00
4.289900000000000269e+00
2.567600000000000104e+00
9.869000000000001105e-01
3.487000000000000099e-01
1.886000000000001009e-01
2.980000000000000981e-01
1.631999999999999562e-01
1.450000000000000455e-01
2.453499999999999570e+00
1.606100000000000083e+00
3.110000000000000542e-01
1.981999999999999873e-01
9.590000000000004077e-02
3.331000000000000627e-01
1.326000000000000512e-01
3.661999999999999145e-01
2.122999999999999887e-01
5.055000000000001714e-01
1.860999999999999321e-01
1.013000000000000012e-01
7.259999999999994236e-02
2.771000000000000130e-01
2.309000000000000219e-01
7.147999999999999909e-01
6.169000000000000039e-01
3.067999999999999616e-01
2.119000000000000328e-01
2.591000000000000525e-01
1.307999999999999996e-01
1.430000000000000160e-01
1.759999999999999065e-01
1.337999999999999190e-01
4.120000000000001439e-02
6.339999999999998415e-02
7.720000000000001861e-02
4.409999999999996562e-02
1.543000000000000205e-01
2.856999999999999540e-01
7.235000000000000320e-01
5.709000000000000741e-01
1.050000000000000794e-01
7.069999999999997120e-02
1.292000000000000925e-01
7.329999999999997629e-02
1.629999999999999782e-01
6.390000000000001235e-02
6.340000000000016456e-02
2.197000000000000619e-01
1.493000000000000438e-01
1.091999999999999360e-01
2.250000000000000056e-01
2.019999999999999019e-01
9.549999999999986278e-02
1.433999999999999997e-01
1.065999999999999726e-01
1.582000000000000073e-01
1.256000000000000449e-01
1.143000000000000266e-01
1.113999999999999435e-01
2.171000000000000429e-01
1.179000000000001158e-01
1.869000000000000383e-01
1.209999999999999964e-01
9.880000000000005445e-02
6.890000000000004454e-02
8.760000000000003895e-02
2.243000000000000549e-01
6.889999999999997515e-02
2.584999999999999520e-01
9.680000000000008042e-02
2.303999999999999659e-01
1.138000000000000400e-01
2.215000000000000857e-01
2.246999999999999553e-01
2.876999999999999558e-01
2.486000000000000432e-01
3.027000000000000801e-01
2.601999999999999869e-01
2.200999999999999346e-01
4.572999999999999843e-01
9.708000000000001073e-01
6.179000000000000048e-01
1.181000000000000105e-01
5.049999999999993383e-02
1.067999999999999922e-01
1.258999999999999564e-01
1.364999999999999269e-01
2.253999999999999060e-01
1.131000000000000894e-01
1.517000000000000293e-01
3.089000000000000634e-01
1.906000000000000472e-01
1.978000000000000314e-01
1.072999999999999787e-01
1.294000000000002093e-01
2.936000000000000831e-01
2.378000000000000391e-01
2.109999999999999098e-01
2.086000000000001464e-01
1.424000000000000821e-01
1.788000000000000145e-01
1.230999999999999595e-01
1.085000000000001102e-01
