1.405000000000000138e-01
1.858000000000000207e-01
9.239999999999999603e-02
2.021000000000000019e-01
1.193999999999999923e-01
3.119000000000000106e-01
1.685999999999999721e-01
1.872000000000000330e-01
6.829999999999999960e-02
7.730000000000000759e-02
3.440000000000000002e-02
1.112999999999999962e-01
7.210000000000002518e-02
1.306000000000000216e-01
8.670000000000002705e-02
1.480000000000000204e-01
1.295999999999999930e-01
1.665000000000000091e-01
1.388999999999999957e-01
1.137999999999999984e-01
1.340999999999999970e-01
8.060000000000000497e-02
1.046999999999999875e-01
1.145999999999999935e-01
1.449000000000000010e-01
8.680000000000000215e-02
9.579999999999999627e-02
1.295999999999999930e-01
5.029000000000000137e-01
6.900000000000000577e-01
1.923999999999999599e-01
8.698999999999998956e-01
1.919999999999999485e-01
1.381999999999999895e-01
1.862999999999999379e-01
1.083999999999999131e-01
1.330999999999999683e-01
1.066000000000000419e-01
1.796999999999999431e-01
9.010000000000001341e-02
8.150000000000004463e-02
1.129999999999999616e-01
1.385999999999999732e-01
1.127999999999999697e-01
5.390000000000003122e-02
1.644000000000000461e-01
4.319999999999994678e-02
1.472000000000000530e-01
1.035999999999999560e-01
9.509999999999997622e-02
1.124999999999999889e-01
1.398999999999999411e-01
1.326999999999998736e-01
1.563000000000001055e-01
1.330000000000000349e-01
5.650000000000003630e-02
6.399999999999995970e-02
1.549000000000000654e-01
2.585000000000000075e-01
1.471999999999999975e-01
1.594000000000000417e-01
1.834999999999999964e-01
1.644000000000000183e-01
1.823000000000000453e-01
2.149000000000000077e-01
1.748000000000001219e-01
1.103999999999999426e-01
1.571000000000000174e-01
3.698000000000000731e-01
1.426000000000000600e-01
1.700999999999999179e-01
1.802999999999999048e-01
7.339999999999995139e-02
2.120999999999998997e-01
1.680000000000000382e-01
2.248999999999999333e-01
1.461000000000000076e-01
1.526000000000000134e-01
1.665000000000000924e-01
1.089999999999999303e-01
1.760000000000001286e-01
3.425000000000000266e-01
1.740000000000000435e-01
3.434000000000000941e-01
3.497000000000000108e-01
1.631000000000000782e-01
1.643000000000000294e-01
1.447000000000000786e-01
1.458999999999999742e-01
2.594000000000000750e-01
1.109999999999999321e-01
3.211999999999999855e-01
9.550000000000000155e-02
2.612999999999999212e-01
7.119999999999994389e-02
2.117000000000000826e-01
3.006000000000000894e-01
3.102000000000000313e-01
1.979999999999999538e-01
1.954999999999999793e-01
6.900000000000000577e-02
5.750000000000000944e-02
1.828000000000000180e-01
2.044999999999999873e-01
1.276999999999998969e-01
2.049000000000000266e-01
1.214999999999999969e-01
1.028999999999999498e-01
1.083000000000000351e-01
2.423999999999999211e-01
1.875999999999999890e-01
1.750000000000000444e-01
2.031000000000000583e-01
1.460000000000000742e-01
1.267000000000000903e-01
1.006000000000000644e-01
8.380000000000008276e-02
1.806999999999999162e-01
1.276000000000000745e-01
1.332999999999999741e-01
1.633999999999999897e-01
8.780000000000001692e-02
2.119999999999999940e-01
1.731999999999999373e-01
2.179999999999999161e-01
1.496999999999999997e-01
1.553000000000000214e-01
3.260000000000000675e-01
2.052000000000001045e-01
4.519999999999999574e-01
8.169999999999999485e-01
6.269999999999998908e-01
4.567000000000001614e-01
3.524999999999999245e-01
4.377000000000000335e-01
5.671000000000000485e-01
5.742000000000000437e-01
3.583000000000001739e-01
2.250000000000000611e-01
1.137000000000000510e-01
1.106000000000000594e-01
1.448999999999998067e-01
1.329999999999998961e-01
1.590000000000000302e-01
6.169999999999999096e-02
9.309999999999998832e-02
1.753000000000000391e-01
1.393000000000000627e-01
1.484999999999998821e-01
1.274999999999998912e-01
3.881999999999999340e-01
3.160999999999998811e-01
3.545000000000000928e-01
4.526999999999999358e-01
2.197999999999999676e-01
