6.049999999999999822e-02
4.320000000000000229e-02
8.859999999999999820e-02
5.840000000000000052e-02
7.310000000000001219e-02
5.399999999999999245e-02
8.159999999999999198e-02
8.540000000000000369e-02
7.059999999999999609e-02
2.959999999999999090e-02
4.719999999999998502e-02
7.760000000000000231e-02
4.379999999999999172e-02
1.088000000000000078e-01
6.479999999999996874e-02
8.179999999999996996e-02
8.069999999999999396e-02
8.070000000000000784e-02
1.117999999999999966e-01
9.230000000000000704e-02
1.321999999999999842e-01
1.055999999999999994e-01
1.216000000000000136e-01
1.318000000000000282e-01
9.050000000000001099e-02
1.028999999999999915e-01
1.219999999999999557e-01
2.119000000000000050e-01
1.503999999999999782e-01
2.141000000000000403e-01
1.380000000000000393e-01
1.663000000000000311e-01
1.383999999999999952e-01
1.562999999999999667e-01
5.540000000000000480e-02
1.115000000000000574e-01
1.491999999999999438e-01
8.819999999999998674e-02
7.589999999999999525e-02
2.033999999999999697e-01
1.029999999999999666e-01
1.459999999999999631e-01
1.894999999999999185e-01
2.697999999999999288e-01
1.439999999999999614e-01
1.549000000000000099e-01
2.798000000000000487e-01
1.337000000000000410e-01
7.259999999999997011e-02
2.447000000000000008e-01
1.150000000000000328e-01
4.068000000000000504e-01
2.200999999999999068e-01
1.738000000000000655e-01
1.520999999999999575e-01
2.873999999999999888e-01
1.439999999999999614e-01
3.262999999999999790e-01
2.019999999999999296e-01
1.605000000000000315e-01
9.256999999999999673e-01
9.533000000000000362e-01
1.334999999999999520e-01
2.309000000000000496e-01
1.534999999999999143e-01
3.622000000000000219e-01
3.541999999999999593e-01
3.478999999999999870e-01
2.339000000000000246e-01
3.857000000000000983e-01
4.069000000000002060e-01
8.119999999999993889e-02
3.284999999999999587e-01
2.401999999999999691e-01
5.343999999999999861e-01
3.891000000000001124e-01
5.669000000000000705e-01
4.981000000000000427e-01
5.540000000000000480e-01
5.017000000000001458e-01
5.110000000000000098e-01
2.858000000000000540e-01
3.758000000000000784e-01
4.154999999999999805e-01
2.559999999999998943e-01
3.034999999999998255e-01
1.955000000000000071e-01
2.123000000000001553e-01
3.540999999999999703e-01
2.873999999999998223e-01
1.750999999999998669e-01
3.063000000000001277e-01
3.061000000000000387e-01
2.873999999999999888e-01
1.969999999999999252e-01
3.054999999999999383e-01
5.803999999999999160e-01
4.890999999999997572e-01
4.670999999999999597e-01
3.743000000000000771e-01
2.490000000000001656e-01
2.589999999999998970e-01
1.237999999999997991e-01
1.356399999999999828e+00
2.912000000000000699e-01
2.528000000000000247e-01
2.860000000000000320e-01
1.153000000000000413e-01
9.225000000000000977e-01
3.485000000000001430e-01
4.354000000000000092e-01
3.953000000000000957e-01
3.332999999999999297e-01
4.210999999999998633e-01
5.927999999999999936e-01
8.270000000000000684e-01
2.339999999999998748e-01
5.418999999999998263e-01
3.541999999999998483e-01
2.939999999999999836e-01
1.517000000000001125e-01
3.195000000000000062e-01
3.630999999999999228e-01
4.208999999999999408e-01
5.019000000000002348e-01
6.150000000000002132e-01
5.263000000000002121e-01
5.400000000000000355e-01
4.811999999999999611e-01
2.521000000000001018e-01
3.649999999999999356e-01
3.482999999999997764e-01
2.822999999999997733e-01
1.919000000000002093e-01
3.115999999999998216e-01
4.821000000000000840e-01
3.847000000000001529e-01
7.045999999999998931e-01
6.165999999999997039e-01
6.605999999999999650e-01
4.935999999999998167e-01
5.665000000000000036e-01
4.865000000000000435e-01
4.796999999999999043e-01
6.173000000000000709e-01
4.091000000000001302e-01
8.249999999999987899e-02
4.811000000000001386e-01
2.457999999999998797e-01
4.246999999999998554e-01
2.778999999999997583e-01
4.209999999999999853e-01
4.891000000000000347e-01
4.205000000000000959e-01
2.525000000000000577e-01
