6.518000000000001570e-01
4.843000000000000638e-01
3.539000000000000479e-01
5.569999999999999396e-01
6.049999999999999822e-01
4.044999999999999707e-01
2.594000000000000195e-01
1.604999999999999760e-01
5.559000000000000608e-01
3.356700000000000017e+00
1.600899999999999768e+00
6.326999999999999291e-01
5.211000000000000076e-01
6.215000000000000524e-01
5.091999999999999860e-01
7.932000000000000162e-01
1.448999999999999733e-01
2.225699999999999790e+00
2.107600000000000584e+00
4.253499999999999837e+00
2.871599999999999930e+00
1.028900000000000148e+00
5.932000000000000606e-01
1.291100000000000136e+00
7.973999999999998867e-01
2.980999999999999761e-01
2.216000000000001580e-01
3.621000000000000885e-01
5.400999999999999135e-01
2.885000000000001452e-01
1.606000000000001038e-01
1.614999999999998659e-01
1.532999999999998808e-01
2.397999999999997911e-01
7.679999999999997939e-02
1.148999999999999605e-01
1.918999999999999595e-01
1.601999999999999535e-01
2.559000000000000719e-01
7.758000000000002672e-01
7.251999999999999558e-01
4.132000000000001227e-01
2.024999999999999856e-01
1.689999999999999558e-01
2.653000000000000913e-01
2.211999999999999522e-01
1.044999999999998846e-01
1.401000000000000578e-01
2.588999999999996304e-01
2.840000000000000857e-01
1.549999999999996936e-01
1.209000000000002156e-01
1.346000000000002750e-01
1.480999999999999539e-01
7.289999999999978442e-02
9.279999999999972993e-02
1.735999999999999766e-01
2.907000000000001250e-01
1.290999999999999093e-01
1.681699999999999751e+00
2.881799999999999695e+00
2.097500000000000142e+00
3.149999999999996136e-01
2.566000000000001058e-01
6.299999999999998934e-01
6.001999999999998447e-01
3.929999999999997384e-01
3.904000000000003578e-01
1.732999999999997875e-01
1.231999999999999207e-01
1.016999999999994020e-01
8.954099999999998616e+00
5.760799999999999699e+00
5.671000000000001595e-01
1.160000000000003806e-01
1.726999999999997981e-01
1.597000000000000364e-01
1.089999999999999442e-01
9.259999999999969644e-02
3.746999999999998110e-01
5.074999999999999512e-01
8.338999999999998636e-01
1.560999999999997112e-01
2.405999999999996197e-01
1.302400000000000002e+00
6.696000000000000840e-01
1.050499999999999989e+00
8.246000000000003327e-01
6.789000000000002810e-01
6.852000000000001423e-01
3.518999999999997685e-01
2.923999999999998822e-01
1.272200000000000220e+00
2.975000000000000977e-01
2.176899999999999391e+00
6.320999999999996621e-01
2.425000000000003819e-01
3.140999999999998238e-01
2.371000000000001440e-01
2.304000000000000492e-01
1.402000000000001578e-01
8.219999999999982876e-02
1.312999999999995282e-01
8.540000000000042002e-02
3.290599999999999525e+00
4.545999999999999375e+00
1.232599999999999918e+00
2.956299999999999706e+00
1.664099999999999913e+00
1.267199999999999882e+00
7.260999999999998566e-01
1.494200000000000195e+00
7.905000000000000915e-01
1.607799999999999674e+00
4.949000000000000066e-01
1.886200000000000099e+00
5.649000000000001798e-01
4.314999999999998281e-01
2.300699999999999523e+00
9.754999999999999227e-01
7.700999999999995627e-01
5.219000000000002526e-01
2.941999999999997395e-01
1.425000000000000711e-01
2.501000000000002110e-01
3.513999999999999346e-01
1.900999999999999357e-01
3.318000000000000949e-01
7.989999999999988778e-02
3.058000000000001828e-01
2.936000000000000831e-01
1.154400000000000315e+00
4.685999999999999055e-01
1.847999999999996590e-01
2.158999999999997588e-01
1.440999999999995340e-01
2.172999999999996046e-01
9.254999999999998783e-01
3.741000000000000991e-01
1.087999999999997025e-01
9.069999999999978080e-02
2.990000000000000435e-01
7.760000000000000231e-02
6.590000000000018066e-02
5.410000000000012021e-02
4.839999999999999858e-02
1.900999999999996581e-01
6.260000000000040532e-02
6.369999999999995111e-02
2.153000000000000747e-01
7.810999999999997945e-01
6.742999999999998995e-01
5.431000000000002492e-01
4.998999999999999555e-01
5.111999999999999877e-01
