1.566000000000000170e-01
1.360000000000000098e-01
1.617999999999999994e-01
1.457999999999999852e-01
2.207000000000000073e-01
1.518999999999999795e-01
1.495999999999999830e-01
1.527999999999999914e-01
3.009999999999999898e-01
2.312000000000000166e-01
1.960999999999999965e-01
2.340000000000000135e-01
1.676999999999999880e-01
2.551999999999999824e-01
6.211999999999999744e-01
3.881999999999999895e-01
1.680000000000000104e-01
2.182999999999999940e-01
3.199999999999999512e-01
1.779999999999999916e-01
1.738999999999999990e-01
3.024000000000000021e-01
2.008000000000000340e-01
4.354999999999999982e-01
2.810000000000000275e-01
1.677999999999999770e-01
2.449000000000000066e-01
2.150000000000000244e-01
3.367999999999999883e-01
2.822000000000000064e-01
2.673999999999999710e-01
4.289999999999999925e-01
2.470999999999999863e-01
3.077000000000000846e-01
4.441999999999999837e-01
3.119000000000000106e-01
3.015000000000000457e-01
2.487999999999999656e-01
1.408000000000000362e-01
1.361999999999999877e-01
1.556000000000000161e-01
1.059000000000000219e-01
1.030999999999999972e-01
2.302000000000000157e-01
1.769000000000000017e-01
1.199000000000000066e-01
1.926000000000000767e-01
1.898000000000000242e-01
2.246999999999999831e-01
2.159999999999999976e-01
1.984999999999999820e-01
2.114999999999999936e-01
2.026999999999999913e-01
1.595999999999999919e-01
2.351999999999999647e-01
2.891999999999999016e-01
2.152999999999999636e-01
9.459999999999997577e-02
1.614000000000000157e-01
2.583000000000000296e-01
1.340999999999999970e-01
3.125999999999999890e-01
2.715999999999999526e-01
1.616999999999999549e-01
3.314000000000000279e-01
4.800000000000000377e-01
3.363999999999999768e-01
5.260000000000000231e-01
2.861000000000000210e-01
2.201999999999999236e-01
3.357000000000001094e-01
4.381999999999999784e-01
4.020000000000000240e-01
5.540000000000000480e-01
3.651000000000001466e-01
1.571000000000000729e-01
4.343000000000000194e-01
3.951999999999999957e-01
3.574000000000000510e-01
4.268000000000000682e-01
2.333000000000000074e-01
3.292999999999999816e-01
3.351000000000000645e-01
1.938000000000000000e-01
2.647000000000000464e-01
3.172000000000000375e-01
1.279000000000000692e-01
2.422000000000000541e-01
3.008000000000000118e-01
1.243999999999999689e-01
1.442999999999999838e-01
1.043999999999999928e-01
1.380999999999999728e-01
1.543000000000000482e-01
2.450999999999999845e-01
1.298999999999999599e-01
2.207000000000000628e-01
1.299000000000000155e-01
1.468999999999999750e-01
1.127999999999999975e-01
6.610000000000001985e-02
4.081999999999998963e-01
2.614000000000000212e-01
4.196999999999999065e-01
2.548999999999999044e-01
7.329999999999992077e-02
2.347000000000000197e-01
2.478000000000000203e-01
4.615999999999998993e-01
2.850000000000000311e-01
3.642999999999999572e-01
8.466999999999998971e-01
3.218000000000000860e-01
2.963999999999998303e-01
2.203999999999999293e-01
4.243000000000000105e-01
2.890999999999999681e-01
2.186000000000000165e-01
3.002999999999999559e-01
3.259000000000000785e-01
2.672999999999999821e-01
2.560000000000000053e-01
2.013000000000000345e-01
2.315999999999998615e-01
1.735000000000000153e-01
2.019999999999999019e-01
6.008999999999999897e-01
9.494000000000000217e-01
7.649000000000001354e-01
3.597000000000000197e-01
7.002999999999999226e-01
5.955999999999999073e-01
1.901999999999999802e-01
2.763000000000001011e-01
3.013000000000000123e-01
3.778000000000000802e-01
2.454999999999999405e-01
3.516000000000001346e-01
4.646999999999999464e-01
1.481000000000000094e-01
2.735000000000000764e-01
4.931000000000000938e-01
4.176999999999999602e-01
1.126999999999999669e-01
