2.101999999999999980e-01
2.315000000000000113e-01
1.421000000000000041e-01
1.003999999999999893e-01
5.130000000000000532e-02
6.500000000000000222e-02
1.111000000000000043e-01
1.856999999999999762e-01
7.200000000000000844e-02
1.375000000000000111e-01
8.849999999999999534e-02
5.360000000000000181e-02
8.870000000000000107e-02
7.230000000000000315e-02
8.710000000000001075e-02
5.809999999999999887e-02
9.550000000000000155e-02
3.080000000000000099e-02
5.000000000000000278e-02
5.360000000000000875e-02
6.049999999999999822e-02
1.071000000000000008e-01
1.524999999999999967e-01
1.078999999999999959e-01
1.139000000000000012e-01
1.078999999999999959e-01
4.599999999999999922e-02
8.079999999999999682e-02
4.839999999999999858e-02
3.769999999999999740e-02
2.599999999999999534e-02
4.489999999999999547e-02
5.040000000000000729e-02
1.126999999999999946e-01
6.579999999999999738e-02
3.780000000000000027e-02
1.038999999999999924e-01
1.048999999999999794e-01
3.790000000000000313e-02
1.068000000000000060e-01
1.170999999999999958e-01
3.119999999999999857e-02
1.854999999999999982e-01
1.462000000000000244e-01
8.690000000000000502e-02
2.819999999999999937e-02
3.490000000000001434e-02
8.110000000000000542e-02
1.809999999999999110e-02
1.028000000000000025e-01
3.039999999999999994e-02
4.839999999999999858e-02
1.011999999999999844e-01
1.638000000000000012e-01
1.887000000000000066e-01
1.168999999999999762e-01
1.875000000000000000e-01
1.512000000000000011e-01
1.245999999999999885e-01
1.459000000000000019e-01
7.689999999999999614e-02
4.380000000000000560e-02
3.360000000000001874e-02
4.639999999999999680e-02
4.210000000000000547e-02
1.209000000000000075e-01
6.119999999999997664e-02
4.149999999999999523e-02
7.209999999999999742e-02
7.650000000000001243e-02
2.659999999999998824e-02
9.099999999999999756e-02
3.510000000000002007e-02
2.500000000000000833e-02
3.610000000000001402e-02
4.429999999999998522e-02
3.290000000000000563e-02
5.560000000000001052e-02
4.970000000000000112e-02
6.779999999999997140e-02
4.270000000000002266e-02
3.060000000000002301e-02
6.489999999999999936e-02
4.090000000000001273e-02
3.949999999999999345e-02
4.350000000000000394e-02
6.830000000000002736e-02
1.334000000000000186e-01
1.257999999999999952e-01
9.019999999999998852e-02
7.520000000000000295e-02
6.240000000000000407e-02
8.390000000000001623e-02
1.225999999999999868e-01
9.999999999999997780e-02
4.340000000000000802e-02
7.689999999999998226e-02
5.859999999999999237e-02
3.999999999999999389e-02
6.409999999999999032e-02
4.809999999999998999e-02
1.098999999999999977e-01
6.129999999999996563e-02
5.339999999999999608e-02
5.120000000000000939e-02
2.730000000000000482e-02
4.209999999999998466e-02
4.879999999999996840e-02
5.410000000000000225e-02
3.500000000000002415e-02
5.480000000000000149e-02
9.280000000000000748e-02
2.089999999999998803e-02
7.560000000000001441e-02
9.620000000000002160e-02
8.029999999999998250e-02
5.270000000000000379e-02
4.749999999999998668e-02
8.559999999999996778e-02
1.699999999999999845e-01
2.524000000000000132e-01
1.900000000000000300e-01
1.339000000000000190e-01
1.167999999999999872e-01
3.439999999999998614e-02
7.000000000000004829e-02
1.309000000000000163e-01
9.179999999999999272e-02
1.099000000000000254e-01
1.171000000000000096e-01
7.639999999999999569e-02
6.389999999999998459e-02
7.759999999999997455e-02
3.089999999999999691e-02
3.120000000000000551e-02
3.520000000000000212e-02
6.350000000000001477e-02
9.649999999999997469e-02
6.460000000000000464e-02
5.210000000000000742e-02
8.160000000000000586e-02
5.989999999999999492e-02
5.330000000000001403e-02
1.096999999999999642e-01
