9.559999999999999054e-02
7.159999999999999698e-02
6.999999999999999278e-02
1.018000000000000016e-01
8.930000000000000437e-02
9.449999999999998679e-02
5.639999999999999181e-02
4.870000000000000023e-02
6.020000000000000351e-02
6.520000000000000795e-02
8.099999999999998868e-02
5.250000000000000500e-02
5.990000000000000185e-02
9.009999999999998566e-02
3.310000000000001136e-02
4.389999999999999458e-02
2.880000000000000962e-02
2.430000000000000909e-02
9.420000000000000595e-02
9.320000000000000506e-02
1.296000000000000485e-01
1.228000000000000064e-01
7.330000000000000404e-02
6.160000000000000892e-02
6.249999999999999306e-02
1.059000000000000219e-01
6.040000000000000230e-02
9.489999999999999825e-02
1.049000000000000071e-01
6.650000000000000355e-02
5.969999999999998919e-02
2.969999999999999724e-02
4.159999999999999809e-02
6.339999999999998415e-02
6.809999999999999387e-02
1.365000000000000102e-01
9.710000000000000575e-02
1.037000000000000144e-01
9.320000000000001894e-02
1.244999999999999996e-01
1.120999999999999913e-01
7.560000000000000053e-02
3.490000000000000741e-02
4.699999999999998623e-02
7.409999999999998532e-02
6.289999999999998370e-02
6.299999999999998657e-02
6.260000000000000286e-02
6.609999999999999210e-02
1.542999999999999927e-01
1.236000000000000154e-01
1.670000000000000095e-01
9.410000000000000309e-02
1.680000000000000104e-01
3.099999999999999978e-02
9.979999999999997207e-02
9.309999999999998832e-02
7.009999999999996789e-02
5.819999999999999479e-02
9.629999999999998284e-02
1.231000000000000150e-01
1.268000000000000238e-01
1.470999999999999808e-01
1.024000000000000049e-01
1.187000000000000138e-01
1.420000000000000151e-01
1.142000000000000098e-01
1.134000000000000147e-01
1.319000000000000172e-01
1.074999999999999983e-01
1.349000000000000199e-01
1.306000000000000216e-01
1.107000000000000206e-01
1.052000000000000018e-01
7.050000000000000711e-02
7.649999999999999856e-02
8.260000000000000675e-02
5.729999999999998983e-02
5.920000000000001650e-02
7.140000000000000513e-02
6.959999999999999520e-02
1.111999999999999933e-01
7.270000000000000073e-02
2.349999999999998618e-02
6.280000000000000859e-02
1.103000000000000091e-01
1.068000000000000199e-01
1.454000000000000015e-01
1.265000000000000013e-01
1.046999999999999875e-01
7.449999999999999678e-02
6.189999999999999669e-02
4.820000000000000673e-02
6.300000000000000044e-02
1.365999999999999992e-01
1.617000000000000104e-01
1.408999999999999975e-01
1.732999999999999818e-01
1.869000000000000106e-01
1.209999999999999964e-01
9.509999999999997622e-02
1.418999999999999706e-01
1.064999999999999836e-01
1.366999999999999882e-01
1.753000000000000114e-01
1.672000000000000153e-01
5.920000000000000956e-02
1.165000000000000063e-01
7.419999999999997431e-02
7.209999999999999742e-02
1.458000000000000129e-01
8.909999999999999865e-02
7.830000000000000848e-02
1.640999999999999959e-01
1.331999999999999851e-01
1.368999999999999662e-01
9.929999999999999938e-02
7.200000000000000844e-02
4.610000000000002290e-02
3.920000000000001261e-02
4.729999999999998789e-02
6.339999999999999802e-02
7.289999999999999258e-02
6.290000000000001146e-02
7.190000000000001945e-02
7.910000000000000364e-02
8.389999999999996072e-02
3.780000000000000027e-02
5.990000000000002267e-02
9.710000000000001963e-02
9.210000000000004294e-02
1.193000000000000171e-01
8.559999999999999554e-02
5.809999999999999887e-02
5.949999999999997652e-02
7.389999999999999347e-02
6.950000000000000622e-02
3.349999999999998812e-02
2.497000000000000053e-01
2.482999999999999929e-01
1.550999999999999879e-01
8.149999999999998912e-02
1.683999999999999941e-01
1.084999999999999853e-01
1.670999999999999985e-01
1.632000000000000117e-01
1.654999999999999805e-01
2.705000000000000182e-01
1.147999999999999854e-01
1.399999999999999578e-01
