1.542000000000000037e-01
1.265000000000000013e-01
7.669999999999999041e-02
6.520000000000000795e-02
1.633999999999999897e-01
3.239999999999999547e-01
1.212000000000000022e-01
1.583000000000000240e-01
2.535000000000000031e-01
1.678000000000000047e-01
1.862999999999999934e-01
1.287000000000000088e-01
2.180000000000000271e-01
1.044999999999999818e-01
3.395999999999999575e-01
1.656999999999999862e-01
3.268000000000000349e-01
1.481000000000000094e-01
3.121999999999999775e-01
3.176999999999999824e-01
1.174999999999999656e-01
2.111000000000000099e-01
7.260000000000002562e-02
4.097999999999999976e-01
1.975000000000000089e-01
2.684999999999999609e-01
1.320999999999999952e-01
1.324000000000000177e-01
1.290000000000000313e-01
1.445000000000000173e-01
1.738999999999999713e-01
2.149999999999999967e-01
1.140000000000000041e-01
1.175999999999999823e-01
1.129000000000000281e-01
1.247999999999999943e-01
1.264999999999999736e-01
2.144000000000000072e-01
2.711000000000000076e-01
1.743000000000000105e-01
8.710000000000001075e-02
6.359999999999996212e-02
1.521999999999998909e-01
1.816999999999999449e-01
1.695000000000000118e-01
1.205000000000000238e-01
2.171999999999999764e-01
1.237999999999999795e-01
1.738999999999998880e-01
1.539000000000000090e-01
1.015000000000000624e-01
9.309999999999996056e-02
8.070000000000003559e-02
1.043999999999999512e-01
1.199000000000000621e-01
1.050999999999999990e-01
1.427999999999998715e-01
1.714000000000000246e-01
1.411000000000000587e-01
2.366999999999999937e-01
1.988999999999999935e-01
1.374999999999999001e-01
1.511000000000000953e-01
1.864000000000001489e-01
1.640000000000000902e-01
1.591000000000000747e-01
2.894999999999999796e-01
5.009000000000000119e-01
2.348000000000000087e-01
2.438000000000000167e-01
3.783999999999999586e-01
1.287000000000000366e-01
3.503999999999999893e-01
1.995999999999999996e-01
7.889999999999994240e-02
7.190000000000011660e-02
1.036000000000000670e-01
1.061999999999999195e-01
4.569999999999992818e-02
1.334999999999999243e-01
1.114999999999999603e-01
1.322000000000000119e-01
1.284000000000000141e-01
1.077000000000000735e-01
1.383000000000001173e-01
1.907000000000000084e-01
1.823999999999999788e-01
1.263999999999999846e-01
2.117000000000000270e-01
1.694999999999999285e-01
1.913999999999999035e-01
1.945999999999999397e-01
1.866999999999999493e-01
1.386000000000000287e-01
1.567999999999999394e-01
1.240000000000000546e-01
2.084000000000000852e-01
8.299999999999993494e-02
1.343000000000000860e-01
7.300000000000006484e-02
1.556000000000000161e-01
1.708000000000001184e-01
1.193000000000000449e-01
1.839000000000000634e-01
1.249000000000000110e+00
3.439999999999999725e-01
3.020999999999999241e-01
2.579000000000000181e-01
2.132000000000000839e-01
7.797000000000000597e-01
5.736999999999999877e-01
1.577000000000000624e-01
1.660000000000000087e-01
2.099999999999999090e-01
3.063999999999998947e-01
1.739999999999999880e-01
1.807000000000000273e-01
2.309999999999999831e-01
1.542000000000000592e-01
1.567999999999999949e-01
1.303000000000000269e-01
2.347000000000000475e-01
2.132999999999999896e-01
1.035999999999999976e-01
6.800000000000001876e-02
1.125999999999999779e-01
1.058999999999999525e-01
1.206000000000001099e-01
1.569000000000000394e-01
1.956999999999999573e-01
9.250000000000004052e-02
1.532000000000000306e-01
1.345999999999999974e-01
5.685000000000000053e-01
4.825000000000000400e-01
4.519999999999999574e-01
2.902000000000000135e-01
1.627999999999999448e-01
2.405999999999999805e-01
1.880000000000000560e-01
3.692999999999999061e-01
4.483999999999999098e-01
1.804000000000000603e-01
1.567000000000000060e-01
9.085999999999998522e-01
9.059000000000001496e-01
1.380900000000000016e+00
6.687000000000000721e-01
4.470000000000000084e-01
7.356999999999999096e-01
