9.529999999999999583e-02
1.592999999999999972e-01
1.307999999999999996e-01
4.269999999999999490e-02
1.298999999999999877e-01
1.087999999999999939e-01
9.470000000000000639e-02
4.030000000000000249e-02
1.092000000000000054e-01
2.424999999999999933e-01
2.520000000000000018e-01
2.585999999999999965e-01
1.513999999999999790e-01
2.396000000000000074e-01
6.309999999999998943e-02
7.789999999999999702e-02
1.895000000000000018e-01
2.362000000000000210e-01
1.433000000000000107e-01
6.999999999999997891e-02
1.270000000000000018e-01
1.905000000000000027e-01
7.670000000000000429e-02
1.068999999999999950e-01
1.780000000000000193e-01
2.158999999999999808e-01
1.920000000000000040e-01
1.592999999999999972e-01
1.229999999999999982e-01
7.140000000000000513e-02
8.779999999999998916e-02
1.995999999999999996e-01
9.760000000000002007e-02
7.059999999999999609e-02
1.148999999999999883e-01
9.110000000000001430e-02
8.130000000000001115e-02
2.338000000000000078e-01
2.999999999999999889e-01
1.963000000000000300e-01
1.741999999999999937e-01
1.608000000000000262e-01
1.727999999999999814e-01
9.550000000000000155e-02
1.027999999999999886e-01
1.244999999999999857e-01
1.101000000000000034e-01
1.119000000000000272e-01
5.200000000000004619e-02
9.260000000000001563e-02
7.459999999999999964e-02
6.890000000000000291e-02
1.291000000000000203e-01
5.150000000000001799e-02
1.485999999999999543e-01
1.827000000000000290e-01
1.175999999999999962e-01
6.029999999999998556e-02
1.197000000000000286e-01
1.075000000000000122e-01
1.035000000000000225e-01
6.710000000000002074e-02
5.290000000000004421e-02
9.779999999999991478e-02
1.700000000000000955e-01
3.176000000000001044e-01
1.717999999999998972e-01
1.601000000000000478e-01
7.309999999999999831e-02
9.339999999999996916e-02
1.469000000000000028e-01
1.913000000000000256e-01
1.422999999999999821e-01
1.685999999999999999e-01
7.989999999999999880e-02
1.185000000000000081e-01
1.193999999999999506e-01
6.399999999999995970e-02
8.180000000000002547e-02
1.208999999999999797e-01
3.159999999999995451e-02
3.916999999999999926e-01
3.286000000000000032e-01
1.136999999999999539e-01
9.360000000000005815e-02
1.846999999999999753e-01
1.448999999999999178e-01
8.049999999999997435e-02
2.458000000000000185e-01
1.624999999999999778e-01
6.859999999999995268e-02
4.479999999999993016e-02
3.960000000000005183e-02
1.176999999999999713e-01
1.377999999999999226e-01
1.240999999999999326e-01
9.669999999999995266e-02
1.596999999999999253e-01
1.526999999999999469e-01
1.182000000000000689e-01
1.227999999999999647e-01
1.242000000000000881e-01
1.140000000000000596e-01
1.472999999999999865e-01
1.397000000000000186e-01
4.598000000000000975e-01
3.814000000000000723e-01
1.398000000000000076e-01
8.529999999999990368e-02
8.750000000000002220e-02
7.340000000000002078e-02
8.030000000000001026e-02
4.270000000000005735e-02
1.373999999999999666e-01
1.842000000000000026e-01
8.210000000000004794e-02
5.670000000000001428e-02
1.124999999999999611e-01
1.287999999999999978e-01
6.939999999999996172e-02
2.148000000000000187e-01
1.208000000000000046e-01
8.590000000000004576e-02
3.470999999999999086e-01
1.801999999999999713e-01
3.222999999999998644e-01
4.520000000000001794e-02
8.679999999999998828e-02
1.762000000000000788e-01
8.549999999999999267e-02
6.350000000000002864e-02
7.460000000000006903e-02
1.162000000000000671e-01
1.235000000000000542e-01
1.467999999999999861e-01
1.642000000000000126e-01
2.125999999999999834e-01
2.612999999999999212e-01
1.825999999999999568e-01
1.475000000000000477e-01
1.368000000000000604e-01
1.467000000000000526e-01
1.773000000000000131e-01
9.320000000000003282e-02
7.519999999999993356e-02
1.285000000000000309e-01
1.070999999999999869e-01
8.460000000000006404e-02
1.284000000000000419e-01
1.406000000000000028e-01
