1.378999999999999670e-01
4.259999999999999898e-02
1.168000000000000149e-01
4.910000000000000475e-02
8.429999999999998606e-02
1.617999999999999994e-01
1.935000000000000053e-01
1.288000000000000256e-01
1.662000000000000144e-01
2.114999999999999936e-01
7.749999999999999944e-02
1.550999999999999879e-01
8.820000000000000062e-02
1.150999999999999801e-01
1.252000000000000057e-01
1.865000000000000269e-01
1.910000000000000031e-01
7.650000000000001243e-02
7.950000000000000122e-02
7.089999999999999081e-02
1.203999999999999931e-01
1.406999999999999917e-01
1.685000000000000109e-01
1.466000000000000081e-01
1.522999999999999909e-01
1.313000000000000278e-01
2.051999999999999935e-01
1.512000000000000011e-01
9.089999999999998082e-02
5.798999999999999710e-01
3.892000000000000459e-01
1.256000000000000172e-01
3.489999999999999769e-01
9.379999999999999449e-02
1.231000000000000011e-01
1.376000000000000001e-01
1.804999999999999938e-01
1.574000000000000121e-01
1.749999999999999611e-01
1.491999999999999993e-01
1.411000000000000032e-01
1.782000000000000250e-01
1.259000000000000119e-01
1.494999999999999940e-01
1.217999999999999916e-01
1.689999999999999836e-01
9.160000000000001474e-02
1.210999999999999993e-01
5.846000000000000085e-01
7.548999999999999044e-01
3.124000000000000110e-01
3.401999999999999469e-01
1.484999999999999931e-01
2.808999999999999830e-01
2.219999999999999751e-01
8.500000000000000611e-02
1.338000000000000300e-01
1.617999999999999994e-01
1.536000000000000143e-01
1.408000000000000362e-01
1.807999999999999885e-01
1.518999999999999517e-01
1.145000000000000184e-01
1.527000000000000024e-01
3.284000000000000252e-01
1.940999999999999948e-01
1.244999999999999857e-01
1.214000000000000079e-01
9.669999999999999429e-02
1.253000000000000225e-01
1.727000000000000479e-01
2.760000000000000786e-01
8.400000000000000522e-02
1.811000000000000387e-01
2.126000000000000112e-01
1.981999999999999318e-01
7.799999999999999989e-02
7.569999999999998952e-02
1.397000000000000464e-01
1.561000000000000165e-01
1.250000000000000000e-01
9.120000000000003104e-02
1.555000000000000271e-01
2.133999999999999786e-01
1.171000000000000235e-01
1.101000000000000312e-01
1.219000000000000361e-01
1.971000000000000252e-01
1.302000000000000102e-01
1.340000000000000080e-01
1.379000000000000226e-01
8.590000000000000413e-02
1.325000000000000067e-01
1.324000000000000177e-01
1.614999999999999769e-01
2.346000000000000307e-01
1.898000000000000242e-01
1.963999999999999913e-01
1.370999999999999996e-01
1.061000000000000415e-01
1.042999999999999761e-01
1.241000000000000159e-01
1.685000000000000109e-01
2.363999999999999713e-01
1.968999999999999639e-01
1.902999999999999692e-01
2.434000000000000330e-01
1.703999999999999959e-01
1.628999999999999893e-01
1.798000000000000431e-01
1.243999999999999967e-01
1.597999999999999421e-01
1.352999999999999758e-01
1.955000000000000071e-01
1.635999999999999677e-01
1.377000000000000168e-01
7.360000000000001263e-02
1.150999999999999940e-01
1.451999999999999957e-01
1.510000000000000231e-01
1.402999999999999803e-01
1.552999999999999936e-01
8.989999999999999380e-02
1.640999999999999959e-01
1.439999999999999891e-01
1.935000000000000053e-01
1.885000000000000009e-01
1.972999999999999754e-01
1.750999999999999779e-01
1.748999999999999444e-01
1.843999999999999528e-01
1.566000000000000170e-01
9.779999999999999805e-02
1.034999999999999670e-01
1.014999999999999791e-01
1.555999999999999606e-01
1.329000000000000181e-01
1.766999999999999960e-01
1.759000000000000008e-01
1.501000000000000112e-01
1.676999999999999880e-01
1.057000000000000023e-01
1.033000000000000168e-01
1.400000000000000133e-01
1.537000000000000033e-01
2.175999999999999601e-01
1.880999999999999894e-01
2.449999999999999956e-01
2.403999999999999748e-01
2.800999999999999601e-01
