2.374999999999999889e-01
4.274999999999999911e-01
4.339999999999999969e-01
3.222000000000000419e-01
4.582999999999999852e-01
3.328999999999999737e-01
3.633000000000000118e-01
1.519000000000000072e-01
1.356999999999999873e-01
1.496000000000000107e-01
1.117999999999999827e-01
1.299000000000000155e-01
4.620000000000001883e-02
7.909999999999997589e-02
1.640000000000000069e-01
2.759000000000000341e-01
3.444999999999999729e-01
2.517000000000000348e-01
2.993999999999999995e-01
3.165999999999999925e-01
1.065800000000000081e+00
4.461999999999999855e-01
6.034999999999999254e-01
2.291000000000000258e-01
2.105999999999999817e-01
2.101000000000000090e-01
1.623999999999999888e-01
2.878999999999999893e-01
3.053000000000000158e-01
3.193000000000000282e-01
3.423000000000000487e-01
2.871000000000000218e-01
2.980000000000000426e-01
3.356999999999999429e-01
3.460000000000000298e-01
2.134000000000000341e-01
3.200000000000000622e-01
3.187999999999999723e-01
2.878000000000000003e-01
2.337000000000000188e-01
3.398000000000000465e-01
3.207999999999999741e-01
3.476000000000000201e-01
3.608000000000000096e-01
3.280999999999999472e-01
3.437999999999999945e-01
3.588000000000000078e-01
3.492000000000000659e-01
3.437000000000000055e-01
2.628000000000000336e-01
4.736000000000000210e-01
3.708000000000000740e-01
3.099999999999999978e-01
1.307000000000000106e-01
1.013000000000000012e-01
2.417000000000000259e-01
2.251000000000000223e-01
6.159999999999999920e-01
4.501999999999999891e-01
3.414999999999999147e-01
4.366999999999999771e-01
4.618999999999999773e-01
3.299999999999999600e-01
2.594000000000000195e-01
2.553999999999999604e-01
4.071999999999999509e-01
4.221000000000000307e-01
7.831000000000000183e-01
4.244999999999999885e-01
1.434399999999999897e+00
3.771999999999999797e-01
3.269999999999999574e-01
3.541999999999999593e-01
1.867999999999999938e-01
3.240999999999999992e-01
3.149999999999999467e-01
1.831999999999999740e-01
1.241000000000000020e-01
2.356999999999999651e-01
2.034999999999999587e-01
2.111000000000000099e-01
4.117000000000000104e-01
3.156000000000000472e-01
2.380000000000000171e-01
2.626999999999999891e-01
2.590999999999999970e-01
1.442999999999999838e-01
2.736999999999999988e-01
1.413999999999999979e-01
1.392999999999999794e-01
1.123999999999999722e-01
1.424000000000000821e-01
2.868000000000000549e-01
2.486999999999999766e-01
2.655000000000000138e-01
2.452000000000000290e-01
1.380000000000000671e-01
1.971000000000000529e-01
2.664999999999999591e-01
1.240699999999999914e+00
7.993999999999998884e-01
9.820000000000002061e-01
3.004999999999999338e-01
1.666500000000000092e+00
4.238000000000000655e-01
2.716999999999999416e-01
3.307999999999999829e-01
1.150299999999999878e+00
1.406299999999999883e+00
4.614000000000000323e-01
3.246999999999999886e-01
3.160000000000000031e-01
2.484000000000001207e-01
1.580999999999999073e-01
2.364999999999999880e-01
1.231999999999999762e-01
2.499999999999999445e-01
4.233000000000000096e-01
3.495999999999999663e-01
6.121000000000000885e-01
3.633000000000001228e-01
2.725000000000000755e-01
3.172000000000000375e-01
3.630000000000000449e-01
2.953000000000000069e-01
2.211000000000000187e-01
2.544000000000000705e-01
1.181000000000000383e-01
2.348999999999999422e-01
1.506000000000000671e-01
2.468000000000000194e-01
4.644000000000000350e-01
3.859000000000000208e-01
3.141999999999999238e-01
3.579000000000000514e-01
2.872000000000000108e-01
3.185000000000000608e-01
4.817999999999999505e-01
2.411999999999999977e-01
2.182000000000000051e-01
3.541000000000000814e-01
3.942999999999999838e-01
2.349999999999999867e-01
2.974999999999999867e-01
3.303999999999999160e-01
6.987999999999998657e-01
5.808999999999999719e-01
2.688999999999999724e-01
4.977000000000000313e-01
3.704999999999999405e-01
