3.569999999999999563e-02
1.149000000000000021e-01
9.550000000000000155e-02
8.859999999999999820e-02
1.176999999999999991e-01
9.809999999999999276e-02
1.025000000000000078e-01
8.989999999999999380e-02
7.810000000000000275e-02
7.389999999999999347e-02
7.869999999999999218e-02
8.379999999999999949e-02
1.168000000000000010e-01
1.074999999999999845e-01
8.649999999999999356e-02
1.075000000000000122e-01
1.562999999999999945e-01
9.980000000000001370e-02
6.320000000000000617e-02
8.739999999999999158e-02
6.880000000000000004e-02
4.880000000000000310e-02
8.100000000000001643e-02
6.319999999999999230e-02
4.989999999999997216e-02
9.550000000000000155e-02
1.032000000000000139e-01
8.949999999999999623e-02
1.086000000000000021e-01
9.180000000000000659e-02
7.069999999999998508e-02
9.019999999999998852e-02
8.500000000000000611e-02
5.900000000000000383e-02
6.940000000000001723e-02
7.060000000000000997e-02
1.081000000000000016e-01
7.830000000000000848e-02
5.670000000000000734e-02
9.529999999999998195e-02
8.129999999999998339e-02
7.259999999999999787e-02
6.060000000000001497e-02
4.189999999999999974e-02
7.089999999999999081e-02
8.099999999999998868e-02
8.489999999999997549e-02
6.259999999999998899e-02
5.659999999999999754e-02
5.560000000000001746e-02
6.940000000000001723e-02
8.719999999999998586e-02
1.009000000000000175e-01
1.537000000000000033e-01
1.103999999999999981e-01
6.729999999999999871e-02
8.780000000000001692e-02
7.490000000000002212e-02
8.810000000000001164e-02
1.168999999999999900e-01
1.096000000000000030e-01
1.151000000000000079e-01
8.929999999999999050e-02
8.249999999999996225e-02
1.001999999999999974e-01
8.850000000000002309e-02
5.340000000000000302e-02
6.859999999999998044e-02
4.769999999999999241e-02
1.033999999999999919e-01
9.460000000000001741e-02
1.078999999999999959e-01
1.035999999999999976e-01
1.217000000000000026e-01
1.100000000000000006e-01
6.439999999999997116e-02
3.749999999999999167e-02
8.290000000000000147e-02
1.096000000000000030e-01
5.899999999999998301e-02
1.198000000000000037e-01
1.192999999999999894e-01
1.121000000000000052e-01
1.348000000000000309e-01
1.130000000000000171e-01
1.062999999999999917e-01
1.224999999999999978e-01
6.270000000000000573e-02
4.409999999999998643e-02
7.220000000000002804e-02
9.250000000000002665e-02
6.029999999999999249e-02
5.230000000000000621e-02
5.419999999999998430e-02
7.680000000000000715e-02
7.409999999999997145e-02
6.449999999999998790e-02
9.240000000000000990e-02
1.094000000000000250e-01
1.083000000000000074e-01
1.044000000000000206e-01
9.360000000000000264e-02
9.470000000000000639e-02
1.344000000000000195e-01
1.197000000000000008e-01
1.092999999999999944e-01
1.188000000000000167e-01
1.226000000000000145e-01
1.024000000000000049e-01
1.037000000000000144e-01
1.116999999999999937e-01
1.011999999999999983e-01
1.166000000000000231e-01
1.009999999999999926e-01
1.273999999999999855e-01
1.378000000000000058e-01
1.176000000000000378e-01
9.439999999999998392e-02
8.479999999999998650e-02
6.770000000000001017e-02
6.909999999999999476e-02
5.969999999999999613e-02
3.090000000000000732e-02
6.650000000000003131e-02
7.550000000000001155e-02
6.999999999999997891e-02
6.420000000000000706e-02
4.769999999999999934e-02
7.329999999999997629e-02
1.179999999999999383e-01
5.669999999999997958e-02
4.679999999999998744e-02
7.799999999999998601e-02
1.026999999999999580e-01
9.409999999999998921e-02
9.909999999999996589e-02
1.206000000000000127e-01
9.079999999999996407e-02
1.096000000000000169e-01
1.302999999999999714e-01
1.246999999999999914e-01
6.019999999999995494e-02
6.650000000000003131e-02
6.789999999999998814e-02
1.345000000000000084e-01
1.184000000000000191e-01
4.530000000000001387e-02
1.057000000000000162e-01
1.283000000000000251e-01
4.849999999999998757e-02
