1.552999999999999936e-01
1.024999999999999800e-01
1.498999999999999777e-01
1.059999999999999831e-01
7.789999999999998315e-02
3.809999999999999498e-02
6.569999999999999452e-02
3.210000000000000353e-02
5.090000000000000080e-02
6.610000000000000597e-02
5.510000000000002396e-02
5.249999999999999112e-02
1.302000000000000102e-01
6.699999999999999012e-02
8.390000000000001623e-02
1.534999999999999976e-01
6.770000000000002405e-02
7.760000000000001619e-02
7.009999999999999565e-02
7.450000000000001066e-02
6.059999999999999415e-02
5.110000000000000653e-02
3.770000000000000434e-02
3.189999999999999780e-02
5.629999999999998894e-02
4.780000000000002303e-02
6.340000000000002578e-02
3.310000000000002524e-02
4.230000000000000426e-02
8.430000000000001381e-02
6.270000000000000573e-02
5.289999999999997482e-02
6.110000000000000847e-02
2.899999999999999800e-02
6.859999999999999432e-02
4.809999999999997611e-02
6.709999999999999298e-02
5.969999999999999613e-02
2.289999999999999328e-02
7.699999999999998512e-02
1.236999999999999905e-01
9.010000000000001341e-02
9.309999999999998832e-02
5.600000000000001504e-02
6.800000000000000488e-02
5.689999999999999919e-02
2.850000000000001144e-02
3.829999999999996602e-02
2.990000000000000296e-02
4.040000000000001229e-02
5.259999999999998010e-02
3.179999999999998106e-02
1.443999999999999728e-01
1.207999999999999630e-01
1.030999999999999972e-01
8.479999999999998650e-02
7.289999999999997871e-02
7.119999999999998552e-02
8.870000000000000107e-02
6.409999999999999032e-02
5.879999999999999810e-02
7.429999999999997717e-02
2.979999999999998969e-02
6.900000000000001965e-02
6.519999999999999407e-02
4.680000000000002908e-02
6.380000000000002336e-02
2.970000000000000417e-02
2.669999999999997722e-02
5.019999999999999463e-02
5.300000000000001932e-02
5.039999999999999342e-02
4.599999999999999228e-02
5.399999999999998551e-02
4.950000000000000233e-02
3.179999999999999494e-02
7.350000000000000977e-02
5.219999999999999640e-02
3.350000000000002975e-02
5.800000000000003764e-02
5.229999999999999927e-02
8.800000000000002265e-02
1.209999999999999964e-01
8.209999999999999243e-02
1.327999999999999736e-01
6.489999999999998548e-02
1.013000000000000012e-01
4.690000000000001112e-02
8.800000000000000877e-02
5.799999999999998906e-02
9.090000000000003633e-02
9.989999999999998881e-02
1.044999999999999957e-01
6.860000000000002207e-02
7.620000000000000384e-02
6.450000000000000178e-02
6.139999999999998931e-02
5.919999999999998874e-02
3.269999999999999296e-02
6.050000000000001210e-02
6.999999999999997891e-02
5.380000000000002836e-02
5.589999999999999136e-02
3.170000000000001983e-02
3.309999999999997666e-02
5.929999999999998467e-02
6.129999999999999338e-02
7.870000000000000606e-02
5.179999999999998495e-02
2.839999999999999469e-02
6.389999999999998459e-02
3.200000000000000761e-02
6.670000000000002316e-02
3.800000000000002681e-02
5.279999999999998583e-02
3.280000000000002358e-02
8.099999999999998868e-02
8.799999999999996714e-02
1.067999999999999783e-01
9.260000000000000175e-02
4.479999999999999261e-02
5.260000000000000092e-02
6.019999999999998963e-02
7.249999999999999500e-02
2.859999999999998654e-02
2.820000000000000284e-02
4.559999999999999470e-02
4.389999999999998070e-02
9.250000000000001277e-02
6.840000000000001634e-02
1.052000000000000018e-01
6.799999999999999101e-02
1.271999999999999797e-01
7.119999999999999940e-02
6.939999999999998948e-02
9.400000000000000022e-02
5.150000000000002492e-02
4.559999999999997389e-02
1.716999999999999638e-01
1.109000000000000125e-01
6.890000000000001679e-02
6.640000000000004232e-02
2.529999999999998223e-02
6.650000000000003131e-02
7.850000000000001421e-02
4.380000000000000560e-02
5.380000000000000754e-02
6.369999999999997886e-02
5.800000000000000294e-02
7.440000000000002167e-02
3.710000000000002185e-02
5.860000000000001319e-02
1.199000000000000066e-01
1.515000000000000513e-01
8.670000000000002705e-02
6.690000000000000113e-02
3.299999999999998074e-02
3.869999999999999135e-02
7.989999999999999880e-02
1.345000000000000084e-01
6.869999999999996942e-02
5.409999999999998144e-02
5.229999999999999927e-02
1.095000000000000140e-01
3.630000000000002669e-02
7.200000000000003619e-02
5.029999999999999749e-02
6.820000000000001061e-02
5.209999999999996578e-02
2.560000000000001164e-02
7.859999999999996156e-02
3.560000000000000664e-02
6.609999999999999210e-02
3.459999999999997800e-02
3.719999999999999696e-02
6.549999999999997491e-02
1.148000000000000131e-01
4.260000000000002673e-02
1.047999999999999765e-01
3.969999999999998530e-02
5.550000000000000766e-02
3.709999999999998022e-02
5.310000000000000830e-02
5.469999999999999862e-02
1.939999999999997282e-02
4.329999999999997740e-02
1.080999999999999739e-01
4.179999999999998994e-02
2.870000000000001716e-02
7.349999999999999589e-02
2.830000000000000571e-02
2.319999999999999840e-02
7.899999999999997302e-02
2.549999999999996714e-02
1.170000000000000623e-01
1.056999999999999884e-01
5.140000000000004288e-02
5.290000000000001645e-02
5.959999999999993081e-02
7.239999999999999214e-02
1.019000000000000322e-01
6.449999999999998790e-02
7.280000000000004523e-02
4.199999999999999567e-02
2.489999999999996383e-02
2.910000000000004250e-02
4.210000000000001241e-02
2.489999999999999158e-02
3.730000000000001370e-02
6.730000000000001259e-02
7.850000000000000033e-02
5.059999999999995057e-02
5.200000000000003231e-02
5.590000000000001912e-02
6.629999999999999782e-02
5.029999999999998361e-02
7.950000000000004285e-02
7.489999999999996660e-02
5.100000000000001754e-02
2.840000000000000857e-02
9.359999999999998876e-02
3.619999999999999607e-02
2.160000000000000808e-02
5.090000000000000080e-02
5.739999999999999269e-02
4.959999999999999132e-02
5.530000000000001581e-02
1.049000000000000210e-01
6.159999999999997422e-02
4.290000000000003533e-02
2.240000000000001712e-02
5.419999999999999818e-02
8.270000000000005125e-02
4.350000000000001088e-02
5.449999999999999289e-02
3.659999999999997977e-02
2.740000000000002156e-02
6.080000000000000682e-02
5.010000000000001952e-02
4.129999999999993399e-02
3.730000000000006921e-02
7.460000000000001352e-02
3.053000000000000158e-01
1.519999999999999685e-01
1.424999999999999323e-01
1.145999999999999935e-01
7.259999999999994236e-02
7.960000000000000409e-02
6.750000000000003220e-02
1.177999999999999742e-01
5.490000000000003211e-02
7.260000000000001175e-02
1.469000000000000306e-01
8.309999999999993781e-02
4.859999999999994880e-02
6.970000000000005358e-02
4.529999999999996529e-02
5.100000000000000366e-02
6.500000000000007161e-02
1.509000000000000341e-01
7.059999999999998221e-02
6.329999999999996740e-02
4.330000000000008842e-02
1.388999999999999679e-01
7.780000000000006355e-02
6.340000000000001190e-02
9.089999999999995306e-02
1.065999999999999448e-01
4.859999999999997655e-02
1.885000000000000286e-01
1.040000000000000646e-01
8.950000000000002398e-02
1.709999999999997633e-02
3.579999999999999849e-02
4.839999999999999858e-02
5.199999999999996292e-02
6.829999999999999960e-02
4.940000000000005498e-02
8.880000000000004556e-02
1.134999999999999620e-01
6.519999999999998019e-02
1.625999999999999945e-01
9.750000000000003109e-02
8.210000000000000631e-02
1.092999999999999527e-01
9.589999999999995750e-02
6.390000000000004010e-02
1.305000000000000326e-01
7.609999999999995934e-02
6.879999999999997229e-02
6.739999999999997382e-02
8.839999999999989533e-02
1.870999999999999885e-01
1.655999999999999972e-01
1.202000000000000013e-01
6.409999999999999032e-02
1.611000000000001042e-01
1.091999999999999915e-01
6.869999999999992779e-02
