1.423999999999999988e-01
1.782000000000000250e-01
1.145999999999999797e-01
6.609999999999999210e-02
1.253999999999999837e-01
1.978999999999999926e-01
1.479999999999999927e-01
9.660000000000001918e-02
3.519999999999999518e-02
5.350000000000001282e-02
1.181999999999999995e-01
1.775999999999999801e-01
7.442999999999999616e-01
4.771600000000000286e+00
8.860999999999995547e-01
1.182600000000000096e+00
4.739000000000000434e-01
3.782000000000000917e-01
6.153999999999999471e-01
1.778599999999999959e+00
3.830999999999999961e-01
2.980000000000001537e-01
4.052000000000001712e-01
2.309000000000001607e-01
2.978000000000001202e-01
1.572000000000000619e-01
9.460000000000012843e-02
3.045999999999999264e-01
7.262999999999999456e-01
6.106000000000001426e-01
6.251999999999998670e-01
1.556000000000003491e-01
1.137499999999999734e+00
2.246999999999999553e-01
5.235999999999998433e-01
4.651999999999998359e-01
2.580000000000000626e-01
6.028999999999997694e-01
3.186999999999998723e-01
1.490000000000000213e-01
5.752999999999999226e-01
1.241899999999999782e+00
1.667799999999999949e+00
3.394499999999999851e+00
1.813999999999997836e-01
4.173999999999996602e-01
8.958999999999999186e-01
1.883100000000000218e+00
6.903999999999999027e-01
2.183999999999997887e-01
1.080000000000001237e-01
7.749999999999984679e-02
1.038000000000003087e-01
2.546000000000000485e-01
1.735999999999996435e-01
2.272000000000000686e-01
2.876000000000000778e-01
2.333000000000000906e-01
2.435599999999999987e+00
9.800999999999999712e-01
6.352999999999999758e-01
8.863999999999999657e-01
5.887000000000000011e-01
1.981999999999999040e-01
6.630000000000005334e-02
5.385999999999995236e-01
1.336300000000000043e+00
9.372999999999998000e-01
7.060999999999998389e-01
2.744999999999999662e-01
2.555999999999998273e-01
1.735999999999999210e-01
5.161000000000000032e-01
4.364000000000005097e-01
2.555999999999999939e-01
1.971999999999999031e-01
2.125000000000002998e-01
2.221000000000002972e-01
3.105000000000000537e-01
6.636999999999999567e-01
2.563000000000000278e-01
2.033000000000002028e-01
2.203000000000001624e-01
1.435000000000001552e-01
3.217000000000000970e-01
2.006999999999995177e-01
5.434000000000001052e-01
5.723999999999997979e-01
1.165800000000000169e+00
5.503999999999997783e-01
2.030000000000000693e-01
3.937000000000002720e-01
1.229000000000002868e-01
1.463000000000000966e-01
1.831000000000002070e-01
5.473000000000001197e-01
2.444999999999996898e-01
5.854000000000002535e-01
3.059999999999998277e-01
9.124999999999996447e-01
9.999000000000002331e-01
1.004200000000000204e+00
7.569999999999960094e-02
2.950999999999992518e-01
1.021800000000000708e+00
2.532000000000002582e-01
1.883000000000001617e-01
1.305999999999994110e-01
1.743999999999998052e-01
1.225000000000003031e-01
7.060000000000013487e-02
2.207999999999998020e-01
1.632999999999997509e-01
4.480999999999998318e-01
1.515100000000000113e+00
2.277999999999996694e-01
5.239999999999972458e-02
3.273999999999995247e-01
1.120000000000003215e-01
1.065000000000000946e-01
2.120000000000000218e-01
1.295000000000002260e-01
2.372999999999999277e-01
1.108999999999999708e-01
3.797000000000003150e-01
1.753999999999999448e-01
3.869999999999996776e-01
3.001000000000002554e-01
2.336000000000000576e-01
2.003000000000000336e-01
1.349999999999998701e-01
1.708899999999999864e+00
1.191899999999999959e+00
2.148999999999997856e-01
2.036000000000000865e-01
2.328000000000002290e-01
4.040000000000040781e-02
6.270000000000010287e-02
2.307999999999999496e-01
2.053000000000000103e-01
2.587999999999999745e-01
2.241999999999994553e-01
1.329000000000004622e-01
1.678999999999997161e-01
1.655000000000000360e-01
2.046999999999997155e-01
7.490000000000016089e-02
7.990000000000008207e-02
1.037999999999993372e-01
3.091999999999993642e-01
1.125999999999996726e-01
1.393000000000005623e-01
1.646999999999995690e-01
2.502000000000001445e-01
1.336000000000001631e-01
6.200000000000020772e-02
5.540000000000022684e-02
1.401999999999999358e-01
1.969999999999997586e-01
2.111999999999999156e-01
2.362000000000004929e-01
1.462999999999999301e-01
9.800000000000025357e-02
2.012999999999994238e-01
2.517000000000002569e-01
1.443999999999996398e-01
8.869999999999947371e-02
9.350000000000030509e-02
6.690000000000008440e-02
7.110000000000009368e-02
1.952000000000000124e-01
8.840000000000006186e-02
5.809999999999963805e-02
6.340000000000055314e-02
8.710000000000010789e-02
1.444000000000000838e-01
4.639999999999971925e-02
2.570999999999997176e-01
2.131000000000000116e-01
1.909000000000002917e-01
2.508000000000003005e-01
1.792000000000001925e-01
8.330000000000013782e-02
2.966000000000000303e-01
5.019000000000001238e-01
2.590000000000002855e-01
1.122999999999997611e-01
1.467000000000000803e-01
1.552000000000000046e-01
2.180000000000000826e-01
7.760000000000011333e-02
2.720999999999997865e-01
1.716000000000003356e-01
1.820999999999998731e-01
2.700000000000003508e-01
1.400000000000001243e-01
1.617999999999997773e-01
6.649999999999996192e-02
1.568999999999999284e-01
3.696000000000002061e-01
3.068000000000002947e-01
2.001999999999997393e-01
1.153999999999999193e-01
1.441000000000003944e-01
2.218000000000002470e-01
2.420000000000001039e-01
3.381999999999999451e-01
2.950000000000000400e-01
2.133000000000002394e-01
2.284000000000001862e-01
7.609999999999966791e-02
6.859999999999946696e-02
1.476999999999995261e-01
1.868000000000002436e-01
2.629000000000002446e-01
2.064000000000001112e-01
8.759999999999990017e-02
7.650000000000017897e-02
5.980000000000007532e-02
2.305000000000000382e-01
2.045999999999998098e-01
1.041000000000000536e-01
5.034999999999998366e-01
4.712000000000001187e-01
1.887999999999999401e-01
1.453000000000002345e-01
4.290000000000018798e-02
1.496000000000000107e-01
9.960000000000002185e-02
1.746999999999999942e-01
2.541999999999998705e-01
1.577000000000000346e-01
4.229999999999983773e-02
1.339000000000001023e-01
1.397999999999999798e-01
2.985000000000002096e-01
2.528000000000001912e-01
2.121999999999999997e-01
8.919999999999986273e-02
3.692999999999998506e-01
4.289999999999998259e-01
2.480999999999997652e-01
2.128999999999997839e-01
1.729999999999998206e-01
7.080000000000009897e-02
1.134999999999998510e-01
1.678999999999995218e-01
2.483999999999996211e-01
2.466000000000000969e-01
2.882000000000003448e-01
1.340000000000002300e-01
4.072000000000002840e-01
2.286000000000001364e-01
4.741000000000001879e-01
3.230999999999998318e-01
1.309000000000001829e-01
1.123000000000001913e-01
1.123000000000000526e-01
4.819999999999989571e-02
5.720000000000013962e-02
2.016000000000001124e-01
1.932000000000000384e-01
2.788000000000000478e-01
1.775999999999996748e-01
1.240999999999995718e-01
2.215999999999998804e-01
1.895000000000001683e-01
1.478999999999999204e-01
7.060000000000005160e-02
1.705000000000002625e-01
2.644999999999999019e-01
2.136999999999996125e-01
1.299999999999998379e-01
8.830000000000001736e-02
1.634000000000002117e-01
2.193000000000000504e-01
9.859999999999996545e-02
8.309999999999997944e-02
1.361999999999998767e-01
1.374999999999998723e-01
3.091999999999998083e-01
1.507999999999997676e-01
9.810000000000002052e-02
3.076999999999998625e-01
2.499999999999999167e-01
2.117000000000001103e-01
1.231999999999996709e-01
1.949999999999999512e-01
1.702999999999997849e-01
3.017000000000002458e-01
1.188000000000003220e-01
1.427999999999999270e-01
1.596999999999999531e-01
1.599000000000002919e-01
1.973000000000001974e-01
2.257999999999998619e-01
2.138000000000000733e-01
1.759000000000001951e-01
9.059999999999990283e-02
