8.809999999999998388e-02
2.111999999999999988e-01
8.359999999999999376e-02
9.949999999999999123e-02
6.569999999999999452e-02
5.909999999999999976e-02
7.340000000000000691e-02
8.729999999999998872e-02
7.389999999999999347e-02
6.940000000000000335e-02
5.259999999999999398e-02
2.290999999999999703e-01
2.240999999999999936e-01
1.317999999999999727e-01
1.999000000000000221e-01
9.779999999999999805e-02
1.632999999999999730e-01
2.280999999999999694e-01
2.154000000000000081e-01
2.980999999999999206e-01
9.277999999999999581e-01
3.747999999999999665e-01
9.700000000000003064e-02
9.089999999999998082e-02
1.134000000000000286e-01
1.101000000000000451e-01
8.199999999999997569e-02
6.690000000000001501e-02
6.590000000000001412e-02
8.869999999999997331e-02
5.739999999999997188e-02
9.460000000000004516e-02
9.179999999999997884e-02
5.669999999999997264e-02
5.100000000000001754e-02
4.109999999999998377e-02
2.169999999999999984e-01
1.134000000000000008e-01
1.645999999999999963e-01
6.729999999999994320e-02
6.100000000000002642e-02
9.829999999999999849e-02
2.459000000000000075e-01
8.040999999999999259e-01
5.179999999999999050e-01
2.995999999999999774e-01
3.158000000000000251e-01
3.580000000000000404e-01
1.910000000000000031e-01
2.284999999999999809e-01
1.434999999999999609e-01
6.959999999999999520e-02
6.539999999999995817e-02
3.215999999999999970e-01
1.280999999999999917e-01
1.468000000000000416e-01
1.045000000000000373e-01
9.720000000000000862e-02
6.440000000000002667e-02
3.820000000000004642e-02
5.770000000000003598e-02
6.549999999999993328e-02
6.660000000000000642e-02
5.830000000000000460e-02
3.370999999999999552e-01
4.853000000000000647e-01
3.843000000000000305e-01
5.844000000000000306e-01
2.376000000000000056e-01
4.376000000000001000e-01
8.510999999999999677e-01
1.523500000000000298e+00
3.926000000000000600e-01
1.860099999999999643e+00
1.700100000000000389e+00
1.537400000000000322e+00
1.075199999999999934e+00
6.529000000000000359e-01
9.899000000000000021e-01
1.103499999999999925e+00
4.937999999999999612e-01
1.377800000000000136e+00
4.203000000000001180e-01
5.423000000000000043e-01
2.718999999999999750e-01
1.174700000000000077e+00
1.810000000000000220e-01
1.434999999999999887e-01
4.258000000000000673e-01
1.688999999999999946e-01
1.411999999999999367e-01
1.566999999999999782e-01
1.545000000000000262e-01
1.771999999999999409e-01
2.583999999999999631e-01
8.949999999999998235e-02
1.695000000000000118e-01
6.340000000000000080e-01
2.330000000000000127e-01
1.037499999999999867e+00
5.733699999999999797e+00
3.651999999999996360e-01
1.965599999999999792e+00
9.204000000000002180e-01
1.420999999999999819e+00
8.181000000000001604e-01
7.650000000000001243e-01
5.543000000000001259e-01
1.460499999999999909e+00
9.443000000000000282e-01
4.571999999999999953e-01
9.599999999999991873e-02
1.653000000000000580e-01
3.082999999999999630e-01
1.027999999999999192e-01
3.472000000000000086e-01
4.057999999999999940e-01
5.187000000000000499e-01
7.068999999999999728e-01
1.441999999999999393e-01
1.263000000000000234e-01
6.360000000000000375e-02
1.249999999999999861e-01
8.079999999999999682e-02
7.460000000000002740e-02
4.720999999999999641e-01
4.358000000000000207e-01
2.426000000000000378e-01
8.216000000000001080e-01
1.697099999999999831e+00
7.771999999999998909e-01
3.076700000000000212e+00
6.269000000000000128e-01
6.603999999999998760e-01
6.190999999999999837e-01
2.339999999999999580e-01
2.774000000000000909e-01
1.136300000000000088e+00
2.329300000000000370e+00
4.243999999999999995e-01
3.926999999999998825e-01
3.236999999999999877e-01
3.167000000000000370e-01
5.638000000000000789e-01
1.168800000000000061e+00
1.402800000000000047e+00
8.421999999999998376e-01
6.725999999999999757e-01
5.021999999999999797e-01
6.402000000000001023e-01
5.217999999999999305e-01
6.032000000000000695e-01
3.938000000000000389e-01
1.536200000000000010e+00
2.377199999999999758e+00
4.303000000000000158e-01
1.819599999999999662e+00
2.889700000000000379e+00
9.768999999999999906e-01
1.515999999999999570e-01
3.258000000000000340e-01
5.501000000000000334e-01
4.576999999999999957e-01
1.181700000000000195e+00
3.929999999999999050e-01
1.089300000000000157e+00
3.557000000000000162e-01
2.903000000000000025e-01
2.418999999999999762e-01
3.407000000000000028e-01
5.600000000000000533e-01
2.691000000000000059e-01
2.645000000000000129e-01
3.931000000000000050e-01
1.882499999999999840e+00
2.829400000000000581e+00
1.545800000000000063e+00
1.080000000000000071e+00
5.185000000000000719e-01
6.581000000000000183e-01
1.050799999999999956e+00
2.165200000000000014e+00
5.460000000000000409e-01
1.359700000000000131e+00
3.608000000000000096e-01
2.267000000000000959e-01
2.105999999999998984e-01
1.394000000000000516e-01
1.657999999999999474e-01
1.029999999999998556e-01
8.949999999999992684e-02
1.125000000000000999e-01
1.301000000000000489e-01
6.000000000000003941e-02
1.582999999999999408e-01
3.771999999999999242e-01
3.727000000000000313e-01
3.118000000000000216e-01
2.528999999999999027e-01
1.646000000000001906e-01
8.899999999999991251e-02
8.329999999999997129e-02
2.152000000000000024e-01
1.112600000000000255e+00
3.672000000000000819e-01
2.765999999999998460e-01
1.588000000000000800e-01
1.453000000000001235e-01
2.662000000000001032e-01
1.718000000000000360e-01
1.593000000000000527e-01
2.174000000000000654e-01
2.531000000000000472e-01
2.227999999999999148e-01
1.844999999999999418e-01
9.219999999999989315e-02
8.199999999999985079e-02
1.130000000000001559e-01
3.149000000000002908e-01
1.577000000000001179e-01
7.569999999999998952e-02
3.979999999999998539e-01
3.477999999999999425e-01
3.904000000000000803e-01
6.441999999999998838e-01
3.013999999999999457e-01
3.820999999999999952e-01
4.151999999999998470e-01
1.981999999999998763e-01
8.761999999999998678e-01
4.035000000000000808e-01
1.345600000000000129e+00
5.259000000000000341e-01
3.369999999999999662e-01
4.448000000000000287e-01
2.821999999999999509e-01
2.027000000000000746e-01
1.212999999999999634e-01
1.694999999999999840e-01
3.453999999999999848e-01
3.891999999999999904e-01
3.191000000000001058e-01
1.805999999999999828e-01
6.660000000000004805e-02
1.317999999999999727e-01
3.660999999999999255e-01
3.065000000000000502e-01
2.686999999999998834e-01
1.804000000000001436e-01
1.776999999999999691e-01
2.703000000000000957e-01
1.549999999999998879e-01
2.045000000000000706e-01
4.278999999999999471e-01
3.780000000000001137e-01
3.960000000000000742e-01
4.396999999999999242e-01
2.584999999999999520e-01
1.950000000000000344e-01
6.653999999999997694e-01
1.844000000000000639e-01
3.697000000000000286e-01
2.008000000000000618e-01
1.339000000000000468e-01
1.021500000000000075e+00
1.414799999999999836e+00
6.529999999999998028e-01
1.034799999999999942e+00
1.973999999999999977e+00
6.311999999999999833e-01
5.662000000000000366e-01
8.326999999999997737e-01
6.916000000000002146e-01
3.521999999999998465e-01
2.767999999999998240e-01
2.626999999999997115e-01
3.581000000000002514e-01
2.311000000000001664e-01
1.728000000000000369e-01
1.291999999999998983e-01
8.800000000000007816e-02
2.980000000000000426e-01
1.148000000000000687e-01
1.610999999999996879e-01
1.851999999999999758e-01
8.549999999999974287e-02
2.009999999999999010e-01
1.594999999999998641e-01
6.019999999999986473e-02
1.554999999999999716e-01
2.605000000000000648e-01
5.533000000000001251e-01
6.290999999999999925e-01
5.887000000000001121e-01
2.710999999999998966e-01
3.376000000000001222e-01
2.433999999999999220e-01
9.410000000000023901e-02
6.870000000000020535e-02
