1.489000000000000046e-01
1.323999999999999899e-01
1.240000000000000130e-01
9.239999999999999603e-02
6.820000000000002449e-02
1.088000000000000078e-01
1.265000000000000013e-01
1.292000000000000093e-01
9.729999999999999760e-02
8.999999999999998279e-02
6.120000000000000440e-02
1.070000000000000256e-01
2.268999999999999906e-01
1.440000000000000169e-01
2.518000000000000238e-01
1.098999999999999977e-01
1.242999999999999938e-01
1.498000000000000165e-01
1.386000000000000010e-01
5.799999999999998906e-02
2.034999999999999587e-01
1.315999999999999670e-01
6.359999999999998987e-02
6.630000000000001170e-02
1.155999999999999667e-01
5.720000000000002860e-02
5.029999999999999055e-02
5.539999999999997704e-02
8.039999999999999925e-02
8.540000000000001756e-02
7.600000000000002587e-02
7.749999999999998557e-02
1.242000000000000048e-01
2.500000000000000833e-02
5.540000000000003255e-02
6.860000000000000819e-02
7.050000000000000711e-02
7.830000000000000848e-02
9.239999999999999603e-02
4.049999999999999434e-02
3.670000000000000345e-02
5.730000000000001065e-02
3.719999999999998308e-02
4.720000000000000584e-02
1.013000000000000012e-01
3.730000000000000537e-01
2.543000000000000260e-01
2.738000000000000433e-01
1.731999999999999929e-01
1.096000000000000030e-01
8.190000000000000058e-02
1.040000000000000091e-01
6.519999999999999407e-02
7.059999999999999609e-02
5.440000000000001779e-02
1.201000000000000123e-01
1.412999999999999812e-01
1.120000000000000023e-01
6.640000000000001457e-02
4.629999999999999394e-02
1.426999999999999935e-01
1.130999999999999922e-01
1.817999999999999616e-01
1.448000000000000120e-01
9.659999999999999143e-02
5.330000000000002097e-02
7.100000000000000755e-02
5.379999999999998672e-02
7.830000000000000848e-02
1.239999999999999852e-01
2.060000000000000164e-01
1.594000000000000139e-01
1.205999999999999989e-01
8.820000000000001450e-02
1.189999999999999947e-01
6.600000000000001699e-02
6.279999999999999472e-02
9.829999999999999849e-02
5.189999999999997393e-02
6.649999999999998967e-02
6.169999999999999096e-02
6.429999999999998217e-02
9.070000000000000284e-02
8.099999999999998868e-02
9.949999999999999123e-02
8.839999999999997859e-02
2.272000000000000131e-01
1.389000000000000234e-01
1.885000000000000009e-01
2.050000000000000155e-01
1.622999999999999721e-01
1.050000000000000100e-01
1.682000000000000162e-01
1.237000000000000183e-01
1.429000000000000270e-01
2.964999999999999858e-01
8.420000000000001095e-02
8.319999999999999618e-02
1.476000000000000090e-01
6.140000000000001706e-02
6.050000000000000516e-02
9.380000000000003613e-02
7.139999999999999125e-02
7.059999999999996834e-02
8.010000000000000453e-02
5.010000000000000564e-02
8.849999999999999534e-02
3.569999999999998175e-02
6.259999999999998899e-02
8.289999999999998759e-02
5.339999999999998914e-02
1.103999999999999843e-01
1.039999999999999536e-01
1.260000000000000286e-01
1.815999999999999837e-01
5.139999999999998737e-02
1.195999999999999841e-01
9.890000000000000180e-02
9.249999999999999889e-02
7.760000000000000231e-02
5.659999999999999754e-02
1.145999999999999935e-01
1.296999999999999820e-01
1.605999999999999928e-01
1.561000000000000165e-01
8.710000000000001075e-02
6.799999999999997713e-02
1.374999999999999556e-01
4.220000000000001528e-02
6.779999999999998528e-02
1.120999999999999774e-01
6.850000000000000533e-02
1.140999999999999792e-01
5.229999999999999233e-02
1.251999999999999780e-01
8.969999999999998808e-02
4.919999999999995210e-02
7.769999999999999130e-02
3.599999999999996259e-02
8.549999999999997879e-02
8.109999999999994991e-02
5.970000000000002388e-02
6.300000000000000044e-02
8.710000000000003850e-02
7.180000000000000271e-02
9.560000000000001830e-02
5.769999999999997353e-02
3.830000000000001459e-02
4.720000000000001972e-02
9.699999999999998901e-02
4.080000000000000293e-02
1.742000000000000215e-01
2.301999999999999880e-01
1.619999999999999774e-01
1.401999999999999913e-01
2.149999999999999689e-01
3.073000000000000176e-01
1.631000000000000227e-01
1.971999999999999864e-01
9.190000000000003721e-02
9.760000000000000620e-02
5.200000000000001843e-02
9.760000000000000620e-02
5.680000000000000326e-02
1.440999999999999781e-01
1.588999999999999857e-01
1.037000000000000283e-01
8.620000000000002660e-02
8.829999999999998961e-02
6.659999999999999254e-02
1.123999999999999999e-01
9.920000000000001039e-02
7.599999999999997036e-02
5.019999999999993912e-02
1.958000000000000296e-01
1.651999999999999580e-01
8.779999999999998916e-02
9.569999999999996565e-02
7.459999999999999964e-02
9.629999999999999671e-02
1.055999999999999994e-01
5.580000000000001625e-02
1.358999999999999930e-01
1.485999999999999543e-01
9.649999999999997469e-02
5.570000000000004808e-02
1.346000000000000252e-01
1.215000000000000108e-01
5.469999999999997781e-02
1.232000000000000317e-01
1.892000000000000071e-01
1.124000000000000554e-01
1.252999999999999670e-01
3.155999999999999917e-01
1.726000000000000312e-01
2.557000000000000939e-01
2.235000000000000320e-01
2.857000000000000095e-01
2.982000000000000206e-01
5.426999999999999602e-01
1.359999999999999265e-01
9.180000000000002047e-02
2.245000000000000329e-01
1.078000000000000208e-01
1.159000000000000169e-01
5.819999999999998785e-02
5.459999999999997494e-02
1.735000000000000153e-01
8.200000000000001732e-02
1.615000000000000047e-01
5.829999999999996296e-02
7.029999999999998750e-02
6.500000000000000222e-02
1.246999999999999914e-01
7.620000000000001772e-02
1.192000000000000143e-01
2.330000000000000820e-02
7.339999999999999303e-02
7.070000000000001283e-02
1.165999999999999676e-01
9.389999999999995572e-02
5.989999999999999492e-02
1.169000000000000039e-01
4.580000000000002125e-02
4.169999999999998708e-02
4.760000000000001730e-02
6.859999999999996656e-02
4.959999999999998438e-02
6.250000000000002776e-02
1.250000000000000000e-01
6.099999999999998479e-02
1.034000000000000058e-01
1.626000000000000778e-01
1.105000000000000288e-01
1.151999999999999830e-01
4.259999999999999898e-02
1.474999999999999922e-01
6.020000000000001045e-02
7.689999999999996838e-02
3.859999999999996767e-02
4.460000000000002851e-02
8.230000000000005367e-02
7.540000000000002256e-02
5.699999999999998124e-02
1.950999999999999956e-01
1.660999999999999699e-01
1.939000000000000445e-01
8.019999999999999352e-02
9.770000000000000906e-02
1.003999999999999615e-01
1.213000000000000050e-01
7.240000000000004765e-02
1.009999999999999093e-01
8.329999999999991578e-02
9.060000000000002773e-02
6.379999999999996785e-02
1.686999999999999333e-01
1.466999999999999971e-01
1.041999999999999316e-01
2.407999999999999585e-01
1.136999999999999678e-01
1.850999999999999590e-01
2.413999999999999757e-01
1.688999999999999113e-01
2.366000000000000325e-01
1.407000000000000473e-01
7.259999999999998399e-02
1.339999999999999525e-01
8.509999999999999509e-02
9.429999999999999494e-02
8.910000000000002640e-02
8.249999999999999001e-02
4.989999999999999991e-02
7.580000000000000626e-02
1.700000000000000122e-01
5.320000000000002505e-02
7.620000000000001772e-02
6.760000000000000731e-02
1.468000000000000138e-01
1.360000000000000098e-01
3.315000000000000169e-01
1.826000000000000123e-01
4.722999999999999421e-01
4.510999999999998900e-01
2.721999999999999975e-01
1.614000000000000157e-01
1.670999999999999985e-01
5.580000000000000238e-02
1.170000000000000207e-01
2.647000000000000464e-01
2.031999999999999917e-01
2.142999999999999905e-01
1.011999999999999705e-01
8.850000000000003697e-02
8.810000000000005327e-02
5.949999999999998346e-02
1.100000000000000006e-01
1.782000000000000250e-01
9.660000000000004694e-02
