1.607000000000000095e-01
1.444000000000000006e-01
1.103999999999999981e-01
1.427999999999999825e-01
4.889999999999999902e-02
6.839999999999998859e-02
2.149999999999999689e-01
2.200999999999999901e-01
3.812999999999999723e-01
3.647000000000000242e-01
7.090000000000000746e-01
3.854999999999999538e-01
1.656999999999999862e-01
2.678000000000000380e-01
8.800000000000000877e-02
1.609000000000000152e-01
1.250999999999999890e-01
2.167000000000000037e-01
9.800000000000000377e-02
1.417000000000000481e-01
1.228999999999999815e-01
8.402999999999999359e-01
3.460999999999999632e-01
2.141000000000000125e-01
1.584999999999999742e-01
1.741200000000000081e+00
1.325199999999999934e+00
4.079999999999999738e-01
2.015000000000000124e-01
4.910000000000001169e-02
1.470000000000000195e-01
1.040999999999999981e-01
3.362000000000000544e-01
4.211999999999999633e-01
2.894999999999999796e-01
1.107000000000000206e-01
1.295000000000000040e-01
4.223999999999999977e-01
1.436600000000000099e+00
1.113700000000000134e+00
2.569000000000000727e-01
2.341000000000000580e-01
1.974999999999999534e-01
3.228999999999999648e-01
2.932000000000000162e-01
1.021000000000000379e-01
3.125999999999999335e-01
3.317999999999999838e-01
2.735000000000000764e-01
1.190000000000000779e-01
1.247000000000000192e-01
1.721000000000000862e-01
2.478000000000000480e-01
9.390000000000002511e-02
9.900000000000003242e-02
1.214999999999999691e-01
1.434999999999998499e-01
6.600000000000003086e-02
4.270000000000012674e-02
1.265999999999998238e-01
4.259999999999994347e-02
1.305999999999999384e-01
9.460000000000018394e-02
5.310000000000014708e-02
8.910000000000009579e-02
8.709999999999994136e-02
6.469999999999989648e-02
2.336000000000000854e-01
8.720000000000011076e-02
1.391000000000000014e-01
6.070000000000013579e-02
6.820000000000012164e-02
6.909999999999996700e-02
1.341999999999999860e-01
8.679999999999998828e-02
1.026000000000000939e-01
1.460000000000001574e-01
1.230000000000000399e-01
1.306000000000000771e-01
4.601999999999999424e-01
1.909999999999999476e-01
1.840999999999999859e-01
1.828999999999999237e-01
7.710000000000000187e-02
2.691999999999999393e-01
1.224999999999999700e-01
1.348999999999999644e-01
2.066999999999998561e-01
5.579999999999991911e-02
6.429999999999996829e-02
1.005000000000001170e-01
1.453000000000001513e-01
1.278999999999998471e-01
1.389999999999998459e-01
5.700000000000009226e-02
1.642000000000000681e-01
3.303000000000000380e-01
8.559999999999989839e-02
5.109999999999991632e-02
1.010000000000000342e-01
1.070999999999998065e-01
1.487999999999999878e-01
8.111999999999998101e-01
5.852299999999999613e+00
4.627000000000000668e+00
5.845000000000000195e-01
4.893000000000000127e-01
1.718999999999999417e-01
1.639000000000000179e-01
1.535000000000001363e-01
3.034000000000001140e-01
7.099999999999996592e-02
2.363999999999998880e-01
3.870999999999999996e-01
1.124100000000000099e+00
2.869000000000000439e-01
1.018000000000001681e-01
4.017000000000001680e-01
4.531399999999999650e+00
2.520699999999999275e+00
3.278699999999999726e+00
2.139999999999999125e-01
8.240000000000044511e-02
1.575999999999995738e-01
3.004000000000001114e-01
3.414000000000001478e-01
7.462000000000001965e-01
2.368999999999997774e-01
1.096999999999998809e-01
5.301000000000000156e-01
6.355000000000001759e-01
3.102999999999999092e-01
9.299999999999999378e-01
2.882200000000000095e+00
3.382499999999999840e+00
7.506500000000000838e+00
2.397999999999999687e+00
2.192200000000000149e+00
2.226000000000003809e-01
1.358000000000003649e-01
1.525000000000001910e-01
6.400000000000034828e-02
3.052999999999995717e-01
5.281000000000005690e-01
1.925999999999999712e+00
1.056300000000000017e+00
1.733999999999996933e-01
1.865000000000002489e-01
3.480000000000003091e-01
1.824999999999996070e-01
1.223000000000003390e-01
6.538000000000003809e-01
2.850300000000000278e+00
8.097599999999999909e+00
2.163799999999999280e+00
1.034800000000000386e+00
2.156299999999999439e+00
3.458999999999999631e+00
1.024000000000000021e+00
3.042999999999995708e-01
3.352000000000004976e-01
2.078999999999995851e-01
1.546000000000001262e-01
7.990000000000002656e-01
3.451799999999999535e+00
2.733799999999999120e+00
3.840000000000003966e-01
3.746000000000003771e-01
2.271900000000000475e+00
6.334999999999998410e-01
2.500599999999999490e+00
3.637199999999999100e+00
1.324500000000000455e+00
6.250000000000004441e-01
2.304000000000004378e-01
2.178000000000003822e-01
2.634799999999999365e+00
6.539999999999995817e-01
1.217500000000000027e+00
1.005299999999999860e+00
1.502300000000000191e+00
1.010000000000000009e+00
1.926799999999999624e+00
6.472000000000004416e-01
4.621999999999999442e-01
1.112199999999999633e+00
4.337000000000003075e-01
3.699999999999998290e-01
2.104000000000000536e+00
1.608400000000000496e+00
4.320000000000001616e-01
1.729000000000002479e-01
2.362000000000002153e-01
2.100000000000002975e-01
9.972000000000000863e-01
1.847399999999999931e+00
4.242999999999998995e-01
5.694999999999996732e-01
2.626999999999997115e-01
1.642999999999997796e-01
5.050199999999998468e+00
5.334800000000001319e+00
2.216599999999999682e+00
1.949600000000000000e+00
5.048999999999994603e-01
1.574000000000005950e-01
8.599999999999999312e-02
2.731999999999997208e-01
2.213000000000006906e-01
3.433000000000000496e-01
1.333400000000001029e+00
3.328100000000000058e+00
1.517300000000000315e+00
1.227700000000000458e+00
3.252999999999997560e-01
1.038999999999997981e-01
1.205000000000001348e-01
9.705999999999994632e-01
1.201000000000000068e+00
5.230000000000000204e-01
4.689000000000001500e-01
1.718699999999999894e+00
2.917600000000000637e+00
2.193900000000000627e+00
1.879499999999999948e+00
2.306700000000000195e+00
2.091599999999998793e+00
7.085000000000007958e-01
3.888999999999994128e-01
8.323999999999991406e-01
6.503000000000002112e-01
2.058999999999992225e-01
1.210999999999995136e-01
5.071999999999987629e-01
1.549999999999998601e-01
8.800000000000068878e-02
2.352999999999998426e-01
7.826499999999999346e+00
4.230399999999999494e+00
3.646900000000000031e+00
2.814900000000000180e+00
1.550000000000000266e+00
9.500999999999995005e-01
3.084999999999997189e-01
2.980000000000001537e-01
2.772000000000000575e-01
3.452999999999994962e-01
1.132200000000000539e+00
1.758499999999999730e+00
9.089000000000001522e-01
2.218100000000000627e+00
8.220000000000001750e-01
5.690000000000007274e-01
1.089700000000000113e+00
4.332100000000000506e+00
4.217700000000000671e+00
2.054000000000005821e-01
2.413000000000004586e-01
1.393799999999999484e+00
2.477500000000000480e+00
1.545599999999999641e+00
1.385699999999999932e+00
3.203999999999995185e-01
1.582100000000000728e+00
2.328199999999998937e+00
2.644999999999994023e-01
4.910000000000001030e-01
3.950999999999993406e-01
4.780999999999999694e-01
9.219999999999997087e-01
4.831999999999999629e-01
5.865000000000004654e-01
4.557700000000000529e+00
2.467900000000000649e+00
1.810800000000000631e+00
8.030999999999994809e-01
3.055999999999995942e-01
6.035000000000001474e-01
3.222000000000009856e-01
3.575999999999992518e-01
8.690000000000003277e-02
1.854000000000006199e-01
1.599999999999991984e-01
1.634999999999999232e-01
1.348000000000006970e-01
3.377999999999998781e-01
1.358999999999996877e-01
3.167999999999991378e-01
1.755000000000000449e-01
2.876000000000002998e-01
1.550999999999998491e-01
3.047999999999991272e-01
5.033999999999995145e-01
1.139000000000003898e-01
8.879999999999932392e-02
9.690000000000009717e-02
1.159999999999994924e-01
1.402800000000000491e+00
1.018799999999999706e+00
