7.510000000000000009e-02
3.999999999999999389e-02
5.619999999999999996e-02
4.770000000000000628e-02
4.959999999999999826e-02
9.889999999999998792e-02
5.829999999999999766e-02
1.267999999999999960e-01
1.551999999999999769e-01
8.969999999999998808e-02
1.561000000000000165e-01
4.920000000000000762e-02
9.429999999999999494e-02
3.490000000000000741e-02
9.080000000000001958e-02
5.839999999999999358e-02
8.869999999999998719e-02
7.049999999999999323e-02
5.969999999999998919e-02
1.075000000000000122e-01
4.290000000000000063e-02
6.960000000000000908e-02
8.390000000000000235e-02
3.799999999999999212e-02
6.269999999999999185e-02
3.349999999999998812e-02
1.350000000000000158e-02
4.469999999999998280e-02
4.599999999999999922e-02
1.119999999999999607e-01
7.919999999999999263e-02
8.019999999999999352e-02
8.860000000000001208e-02
1.106999999999999929e-01
9.209999999999998743e-02
1.521000000000000130e-01
8.240000000000002878e-02
9.210000000000004294e-02
8.700000000000003564e-02
9.869999999999999607e-02
1.176000000000000101e-01
5.700000000000002287e-02
4.680000000000000132e-02
5.429999999999999410e-02
1.060000000000000248e-01
2.909999999999997311e-02
5.759999999999995679e-02
5.680000000000001020e-02
8.710000000000002462e-02
4.980000000000002480e-02
3.739999999999998881e-02
9.140000000000000902e-02
1.167999999999999872e-01
1.363999999999999657e-01
7.779999999999995253e-02
6.409999999999999032e-02
6.449999999999997402e-02
4.700000000000000011e-02
7.699999999999998512e-02
7.649999999999998468e-02
7.649999999999999856e-02
4.369999999999998191e-02
6.740000000000002933e-02
3.810000000000000886e-02
6.089999999999998193e-02
5.430000000000000798e-02
6.710000000000003462e-02
4.419999999999997542e-02
5.489999999999999047e-02
3.729999999999998594e-02
2.950000000000001579e-02
2.290000000000001062e-02
1.109999999999999876e-01
6.380000000000003724e-02
5.459999999999996800e-02
3.540000000000001479e-02
8.480000000000004201e-02
4.320000000000001616e-02
9.150000000000002576e-02
4.999999999999999584e-02
4.589999999999999636e-02
2.889999999999996391e-02
5.300000000000000544e-02
6.650000000000003131e-02
4.370000000000003049e-02
3.200000000000002148e-02
6.900000000000003353e-02
1.096000000000000030e-01
7.279999999999997584e-02
7.560000000000004217e-02
1.220000000000000667e-01
1.668000000000000038e-01
1.409000000000000807e-01
7.220000000000011131e-02
8.580000000000012617e-02
6.280000000000007798e-02
1.134999999999999898e-01
5.379999999999995897e-02
5.679999999999992694e-02
4.609999999999996739e-02
2.660000000000001599e-02
5.270000000000003848e-02
6.399999999999998745e-02
1.068000000000000477e-01
8.290000000000002922e-02
7.769999999999997742e-02
5.120000000000003715e-02
8.769999999999994467e-02
6.689999999999994562e-02
1.230999999999999595e-01
1.034999999999999254e-01
6.289999999999995595e-02
8.029999999999995475e-02
6.369999999999996498e-02
1.089999999999999858e-01
1.044000000000000483e-01
6.209999999999997466e-02
4.450000000000006728e-02
5.549999999999999378e-02
2.829999999999995713e-02
4.129999999999997562e-02
4.200000000000005812e-02
6.229999999999999427e-02
4.830000000000003041e-02
1.100000000000005140e-02
6.629999999999994231e-02
6.839999999999997471e-02
6.000000000000002554e-02
7.280000000000003135e-02
5.679999999999989918e-02
3.689999999999994673e-02
4.070000000000004170e-02
2.109999999999993825e-02
3.810000000000007825e-02
4.030000000000005800e-02
3.260000000000004561e-02
4.490000000000002323e-02
5.410000000000000225e-02
5.189999999999997393e-02
6.309999999999998943e-02
4.979999999999997623e-02
6.780000000000008242e-02
5.960000000000000020e-02
3.630000000000001281e-02
9.990000000000003044e-02
7.150000000000000799e-02
5.059999999999992282e-02
6.699999999999994849e-02
2.759999999999999606e-02
1.152999999999999581e-01
3.597000000000000197e-01
1.327000000000000124e-01
9.799999999999998990e-02
5.329999999999998628e-02
2.810000000000001733e-02
8.110000000000001930e-02
4.090000000000001273e-02
6.000000000000002554e-02
3.580000000000003318e-02
6.399999999999994582e-02
1.170000000000000068e-01
1.513000000000000456e-01
6.080000000000003457e-02
8.159999999999988096e-02
5.470000000000001250e-02
5.659999999999996978e-02
6.920000000000003926e-02
5.689999999999994368e-02
4.839999999999995695e-02
6.470000000000007689e-02
4.770000000000000628e-02
5.189999999999997393e-02
9.839999999999990421e-02
1.280999999999999084e-01
5.889999999999995239e-02
2.079999999999995741e-02
4.209999999999994302e-02
7.500000000000002498e-02
3.310000000000003217e-02
3.609999999999995157e-02
3.239999999999997049e-02
3.029999999999995197e-02
4.660000000000007192e-02
3.330000000000006566e-02
5.030000000000001137e-02
7.759999999999994680e-02
4.589999999999999636e-02
1.310999999999999666e-01
6.760000000000003506e-02
4.949999999999998845e-02
1.401000000000000301e-01
1.240000000000000407e-01
1.041999999999998344e-01
1.125000000000000860e-01
8.650000000000013234e-02
1.230000000000001231e-01
3.420000000000000817e-02
1.132000000000002310e-01
4.249999999999977407e-02
7.729999999999993820e-02
8.119999999999989726e-02
7.169999999999991658e-02
3.069999999999994955e-02
5.380000000000005611e-02
5.430000000000002880e-02
4.490000000000006486e-02
7.590000000000006464e-02
4.239999999999977121e-02
2.410000000000007969e-02
3.570000000000000950e-02
6.560000000000008880e-02
4.099999999999999478e-02
3.060000000000005771e-02
2.480000000000023852e-02
7.289999999999979829e-02
6.860000000000020248e-02
5.939999999999991120e-02
5.210000000000016007e-02
2.260999999999999399e-01
4.419999999999993379e-02
6.170000000000007423e-02
3.590000000000005687e-02
8.839999999999995084e-02
8.020000000000007678e-02
5.460000000000000964e-02
1.779999999999999638e-02
4.630000000000003557e-02
6.139999999999988523e-02
5.289999999999987768e-02
2.379999999999990457e-02
4.179999999999997606e-02
2.369999999999992946e-02
3.630000000000005445e-02
4.680000000000006377e-02
7.900000000000000078e-02
9.139999999999988411e-02
3.559999999999988174e-02
8.480000000000013916e-02
6.120000000000008766e-02
7.109999999999998266e-02
8.630000000000007110e-02
5.070000000000020324e-02
7.090000000000004632e-02
3.959999999999998244e-02
5.879999999999993565e-02
5.310000000000004994e-02
4.510000000000009834e-02
4.819999999999992346e-02
5.050000000000007261e-02
3.135000000000000009e-01
3.124000000000000110e-01
2.092999999999999861e-01
1.601000000000000756e-01
1.637999999999999734e-01
6.039999999999990515e-02
6.380000000000007887e-02
1.860999999999999599e-01
1.192999999999999894e-01
1.276000000000000190e-01
1.290000000000000313e-01
8.880000000000001781e-02
4.369999999999985008e-02
2.489999999999981117e-02
4.650000000000001354e-02
4.179999999999992749e-02
5.059999999999988118e-02
8.079999999999992744e-02
1.397999999999998688e-01
4.539999999999998204e-02
4.030000000000005800e-02
5.559999999999995501e-02
3.489999999999998659e-02
9.900000000000019895e-02
9.050000000000014977e-02
5.509999999999999620e-02
7.089999999999994917e-02
7.129999999999990512e-02
7.849999999999991707e-02
7.379999999999992122e-02
3.029999999999995197e-02
7.640000000000006508e-02
8.410000000000020237e-02
7.850000000000009748e-02
1.616000000000001047e-01
1.291299999999999892e+00
1.738000000000000378e-01
9.249999999999997113e-02
8.210000000000003406e-02
3.280000000000005134e-02
6.990000000000001767e-02
1.147000000000000242e-01
4.829999999999989857e-02
1.722999999999999809e-01
5.279999999999995808e-02
3.584000000000000519e-01
1.690000000000000391e-01
1.558000000000001051e-01
7.640000000000002345e-02
4.579999999999989635e-02
