1.221000000000000141e-01
1.325999999999999956e-01
1.063999999999999946e-01
7.920000000000002038e-02
1.691000000000000003e-01
1.002999999999999864e-01
6.189999999999999669e-02
8.119999999999999440e-02
9.450000000000001454e-02
9.529999999999999583e-02
6.120000000000000440e-02
4.049999999999999434e-02
6.689999999999998725e-02
3.230000000000000926e-02
1.072000000000000175e-01
1.096999999999999920e-01
8.719999999999999973e-02
1.146999999999999964e-01
9.469999999999997864e-02
4.639999999999999680e-02
3.479999999999999760e-02
5.369999999999998386e-02
5.049999999999998934e-02
6.020000000000000351e-02
7.779999999999998028e-02
8.859999999999998432e-02
9.409999999999998921e-02
4.989999999999997909e-02
9.269999999999999074e-02
1.430000000000000160e-01
1.024000000000000049e-01
1.155000000000000054e-01
5.340000000000000302e-02
1.792999999999999594e-01
3.375999999999999557e-01
1.860999999999999877e-01
1.353000000000000036e-01
5.070000000000001589e-02
4.439999999999998115e-02
5.950000000000000427e-02
9.219999999999999030e-02
7.140000000000000513e-02
8.530000000000001470e-02
5.150000000000000411e-02
1.004000000000000170e-01
1.740000000000000158e-01
1.507999999999999896e-01
1.400000000000000133e-01
1.509999999999999953e-01
1.699000000000000232e-01
1.557000000000000051e-01
1.707999999999999796e-01
1.340000000000000080e-01
1.384000000000000230e-01
2.913000000000000034e-01
1.507000000000000006e-01
3.189999999999999086e-02
6.169999999999999096e-02
1.373000000000000054e-01
9.910000000000002141e-02
1.099999999999999867e-01
7.819999999999999174e-02
8.289999999999998759e-02
6.900000000000000577e-02
5.080000000000000487e-02
9.259999999999998788e-02
4.360000000000000681e-02
6.369999999999999274e-02
1.078000000000000069e-01
9.130000000000000615e-02
9.550000000000000155e-02
1.429999999999999882e-01
1.359999999999999820e-01
1.510999999999999843e-01
1.834000000000000075e-01
2.009000000000000230e-01
1.159000000000000030e-01
1.267000000000000071e-01
1.184000000000000052e-01
8.010000000000000453e-02
1.479000000000000037e-01
1.174000000000000044e-01
1.359000000000000208e-01
7.989999999999999880e-02
1.140999999999999931e-01
1.020999999999999963e-01
8.949999999999999623e-02
1.311999999999999833e-01
1.016000000000000236e-01
4.320000000000000229e-02
4.470000000000000362e-02
2.260000000000000203e-02
6.120000000000000440e-02
2.840000000000000163e-02
8.460000000000000853e-02
2.633999999999999675e-01
1.086000000000000298e-01
8.320000000000002394e-02
1.242000000000000048e-01
4.619999999999999801e-02
4.709999999999999604e-02
5.639999999999999181e-02
6.309999999999998943e-02
7.839999999999999747e-02
9.230000000000000704e-02
4.719999999999999890e-02
4.860000000000000431e-02
6.700000000000000400e-02
1.039999999999999952e-01
4.510000000000000120e-02
7.050000000000000711e-02
6.850000000000000533e-02
6.940000000000001723e-02
1.005000000000000060e-01
7.159999999999999698e-02
9.500000000000000111e-02
1.229000000000000092e-01
1.105000000000000010e-01
9.260000000000000175e-02
6.640000000000001457e-02
1.010000000000000064e-01
8.579999999999998739e-02
4.200000000000000261e-02
1.537000000000000033e-01
1.237000000000000044e-01
1.727000000000000202e-01
4.959999999999999826e-02
1.065000000000000113e-01
1.048000000000000043e-01
9.900000000000000466e-02
8.559999999999999554e-02
6.589999999999998637e-02
7.239999999999999214e-02
7.870000000000000606e-02
1.201999999999999874e-01
1.476999999999999980e-01
1.062999999999999778e-01
8.649999999999997968e-02
2.589999999999999941e-02
2.590000000000000288e-02
4.139999999999999236e-02
2.479999999999998872e-02
1.171999999999999986e-01
1.493000000000000438e-01
1.131999999999999951e-01
6.630000000000001170e-02
4.550000000000001266e-02
5.200000000000001843e-02
4.650000000000001354e-02
4.340000000000000802e-02
4.900000000000001577e-02
1.192000000000000004e-01
1.175999999999999962e-01
1.003000000000000141e-01
7.699999999999999900e-02
6.120000000000001134e-02
8.409999999999999420e-02
7.449999999999999678e-02
1.951999999999999846e-01
1.512999999999999901e-01
1.396000000000000019e-01
1.045999999999999847e-01
8.870000000000000107e-02
9.239999999999999603e-02
1.035000000000000087e-01
9.029999999999999138e-02
1.322000000000000119e-01
1.305000000000000049e-01
1.340000000000000080e-01
9.849999999999999034e-02
1.094000000000000111e-01
1.426000000000000045e-01
1.189000000000000196e-01
1.026000000000000245e-01
1.447999999999999843e-01
1.494999999999999940e-01
1.325999999999999956e-01
1.005999999999999811e-01
8.969999999999998808e-02
6.689999999999998725e-02
7.619999999999998996e-02
9.990000000000000269e-02
7.359999999999999876e-02
7.710000000000000187e-02
1.243000000000000216e-01
9.150000000000001188e-02
7.159999999999999698e-02
9.609999999999999098e-02
8.390000000000000235e-02
1.004999999999999921e-01
6.750000000000000444e-02
7.429999999999999105e-02
7.909999999999997589e-02
1.103999999999999981e-01
1.164000000000000035e-01
6.700000000000000400e-02
3.580000000000000543e-02
5.449999999999999289e-02
5.820000000000000173e-02
9.670000000000000817e-02
9.910000000000000753e-02
8.959999999999999909e-02
9.569999999999997953e-02
6.359999999999998987e-02
1.153999999999999887e-01
1.124000000000000138e-01
1.129000000000000004e-01
1.026999999999999857e-01
8.359999999999997988e-02
6.649999999999998967e-02
1.391000000000000014e-01
1.553000000000000214e-01
1.703000000000000069e-01
7.600000000000001199e-02
4.440000000000002278e-02
2.342999999999999527e-01
2.574000000000000177e-01
2.358999999999999986e-01
1.670999999999999430e-01
2.220999999999999641e-01
1.648000000000000020e-01
1.192999999999999894e-01
1.367000000000000159e-01
9.239999999999999603e-02
6.020000000000000351e-02
6.909999999999999476e-02
6.070000000000001089e-02
6.490000000000001323e-02
6.359999999999998987e-02
5.749999999999996780e-02
6.939999999999998948e-02
9.700000000000001676e-02
9.310000000000001608e-02
6.800000000000000488e-02
8.110000000000001930e-02
1.169999999999999929e-01
1.105000000000000010e-01
8.410000000000000808e-02
7.570000000000000340e-02
6.329999999999998128e-02
7.349999999999999589e-02
8.129999999999998339e-02
1.731000000000000039e-01
1.577999999999999958e-01
5.739999999999997882e-02
3.231000000000000538e-01
1.449000000000000288e-01
1.399999999999999578e-01
9.490000000000001212e-02
7.510000000000000009e-02
7.929999999999996774e-02
6.529999999999999694e-02
6.829999999999999960e-02
6.700000000000000400e-02
6.330000000000000904e-02
6.550000000000000266e-02
6.310000000000001719e-02
8.969999999999997420e-02
8.089999999999997193e-02
7.240000000000001990e-02
6.620000000000000884e-02
8.619999999999999885e-02
8.499999999999997835e-02
8.709999999999999687e-02
9.280000000000003524e-02
9.810000000000002052e-02
5.850000000000002420e-02
5.330000000000000016e-02
5.809999999999997805e-02
8.420000000000001095e-02
6.180000000000002158e-02
9.280000000000003524e-02
6.400000000000000133e-02
8.770000000000000018e-02
4.650000000000001354e-02
7.089999999999999081e-02
4.869999999999999329e-02
6.089999999999998886e-02
6.310000000000001719e-02
7.749999999999998557e-02
7.329999999999997629e-02
5.899999999999998995e-02
7.189999999999999170e-02
4.980000000000001092e-02
3.349999999999998812e-02
5.409999999999999531e-02
5.230000000000000621e-02
3.409999999999999837e-02
9.209999999999997355e-02
9.940000000000000224e-02
1.230999999999999733e-01
7.219999999999998641e-02
1.587999999999999967e-01
1.771999999999999686e-01
1.702000000000000179e-01
2.179999999999999993e-01
1.879000000000000115e-01
8.430999999999999606e-01
2.704000000000000847e-01
