5.830000000000000460e-02
6.389999999999999847e-02
3.829999999999999377e-02
1.005000000000000060e-01
5.860000000000000625e-02
7.819999999999999174e-02
1.500000000000000465e-02
6.199999999999999262e-02
5.739999999999999269e-02
4.960000000000000520e-02
3.389999999999999264e-02
4.250000000000000999e-02
3.370000000000000773e-02
8.029999999999999638e-02
2.160000000000000114e-02
1.460000000000000013e-02
1.900000000000000300e-02
4.470000000000000362e-02
5.270000000000000379e-02
6.609999999999999210e-02
6.219999999999999835e-02
7.869999999999999218e-02
7.189999999999999170e-02
4.870000000000000023e-02
7.259999999999999787e-02
1.244999999999999996e-01
4.020000000000000656e-02
1.112999999999999962e-01
5.690000000000000613e-02
3.790000000000001007e-02
7.470000000000001639e-02
4.329999999999999821e-02
7.510000000000000009e-02
1.474000000000000032e-01
3.750999999999999890e-01
8.932999999999999829e-01
2.944300000000000139e+00
1.164500000000000091e+00
6.530000000000000249e-01
1.586000000000000187e-01
8.709999999999998299e-02
1.678999999999999937e-01
4.419999999999999624e-02
5.159999999999990983e-02
8.759999999999999731e-02
6.709999999999999298e-02
6.790000000000007141e-02
5.589999999999996361e-02
7.349999999999994038e-02
6.840000000000008573e-02
6.009999999999993125e-02
4.509999999999998732e-02
3.349999999999991873e-02
8.370000000000003826e-02
5.959999999999995857e-02
1.256000000000000172e-01
6.995999999999999996e-01
1.312999999999999723e-01
1.144999999999999907e-01
1.123000000000000387e-01
2.065000000000000446e-01
1.502000000000000002e-01
1.000000000000000472e-01
6.520000000000006346e-02
6.959999999999993969e-02
9.219999999999993479e-02
7.040000000000000424e-02
1.224999999999999284e-01
7.519999999999996132e-02
1.079999999999999571e-01
7.300000000000006484e-02
1.026000000000000800e-01
4.690000000000002500e-02
9.140000000000003677e-02
1.752000000000000501e-01
9.509999999999987907e-02
7.100000000000011857e-02
6.279999999999999472e-02
7.420000000000011309e-02
1.227000000000000313e-01
3.720000000000000390e-02
1.541999999999999482e-01
3.573000000000000620e-01
1.192000000000000004e-01
4.639999999999994129e-02
7.350000000000000977e-02
5.090000000000002162e-02
3.830000000000008398e-02
6.710000000000002074e-02
9.159999999999990372e-02
4.850000000000002920e-02
2.025999999999999468e-01
2.400000000000000189e-01
1.098999999999999283e-01
5.059000000000000163e-01
7.353000000000001757e-01
3.976000000000001755e-01
2.343999999999999695e-01
5.590000000000003993e-02
1.232000000000000178e-01
1.575999999999999068e-01
7.050000000000002098e-02
1.485999999999999266e-01
3.849000000000000199e-01
1.180400000000000116e+00
1.062300000000000022e+00
4.070000000000000284e-01
1.082999999999999796e-01
1.478000000000000147e-01
9.339999999999999691e-02
1.486000000000000099e-01
1.899000000000000132e-01
1.749999999999999889e-01
1.303000000000000269e-01
1.769999999999999629e-01
1.320000000000000062e-01
7.079999999999997407e-02
9.079999999999999183e-02
4.999000000000000110e-01
9.380000000000002225e-02
1.039999999999999675e-01
7.699999999999997125e-02
1.212000000000000577e-01
4.496999999999999886e-01
4.725000000000000311e-01
1.449999999999999623e-01
1.318000000000000282e-01
4.600000000000001310e-02
6.209999999999998160e-02
5.720000000000000084e-02
7.029999999999998750e-02
1.481000000000000094e-01
4.279999999999994920e-02
8.769999999999998630e-02
3.809999999999998110e-02
7.540000000000002256e-02
3.759999999999999454e-02
1.918000000000000260e-01
1.293599999999999861e+00
4.617999999999999328e-01
1.475000000000000200e-01
6.010000000000004228e-02
7.939999999999998448e-02
1.019999999999999379e-01
8.140000000000002789e-02
6.439999999999998503e-02
6.199999999999998568e-02
8.559999999999996778e-02
5.569999999999999257e-02
3.950000000000005590e-02
2.556999999999999829e-01
1.694600000000000328e+00
3.926999999999999380e-01
2.529000000000000137e-01
2.063999999999999724e-01
9.220000000000003193e-02
8.840000000000002023e-02
5.969999999999996143e-02
1.027999999999999609e-01
1.458000000000000962e-01
6.290999999999999925e-01
1.480399999999999938e+00
5.278999999999999249e-01
2.558999999999999053e-01
1.355000000000000093e-01
4.074999999999999734e-01
2.761999999999999456e-01
3.075000000000000511e-01
7.429999999999999105e-02
1.065000000000000113e-01
1.414999999999999591e-01
6.259999999999993348e-02
7.619999999999990670e-02
1.613999999999999602e-01
1.743000000000000382e-01
1.099000000000000671e-01
3.096000000000000418e-01
1.712000000000000743e-01
1.565000000000000002e-01
1.438000000000000389e-01
7.420000000000001594e-02
1.211999999999999883e-01
5.540000000000003255e-02
2.018000000000000349e-01
1.306999999999999829e-01
8.580000000000000127e-02
1.890000000000001124e-01
6.769999999999987139e-02
6.959999999999993969e-02
5.659999999999998366e-02
6.520000000000007734e-02
8.099999999999998868e-02
8.140000000000001401e-02
1.686000000000000554e-01
8.779999999999994753e-02
1.769000000000000017e-01
1.901000000000000190e-01
8.649999999999995193e-02
1.590999999999998804e-01
4.198999999999999955e-01
1.103999999999999843e-01
5.990000000000006430e-02
6.629999999999997007e-02
1.604999999999999760e-01
2.238000000000000544e-01
1.308999999999999331e-01
1.360000000000001208e-01
1.127999999999999836e-01
1.059999999999999276e-01
7.770000000000001905e-02
7.149999999999992473e-02
4.687000000000000055e-01
8.629999999999993232e-02
8.849999999999999534e-02
1.771999999999999409e-01
9.190000000000003721e-02
1.440000000000000446e-01
1.043000000000000593e-01
1.595000000000000306e-01
2.445000000000000784e-01
3.102000000000000313e-01
1.564999999999999725e-01
1.263999999999999013e-01
2.976999999999999647e-01
2.039000000000000257e-01
1.060999999999999721e-01
1.135000000000000453e-01
1.908000000000001362e-01
4.676999999999999491e-01
3.033000000000000140e-01
2.818000000000000504e-01
1.719999999999999030e-01
1.013000000000000567e-01
1.000999999999999945e-01
2.724000000000000310e-01
1.868000000000000493e-01
5.745999999999998886e-01
2.001000000000000556e-01
4.633000000000001006e-01
2.523999999999999022e-01
4.005999999999998451e-01
1.413000000000001199e-01
1.202999999999999903e-01
6.339999999999985925e-02
9.980000000000012472e-02
2.572999999999999732e-01
2.160000000000000253e-01
2.504000000000001780e-01
2.311000000000001109e-01
1.111999999999999655e-01
1.089999999999998054e-01
1.277000000000002300e-01
6.160000000000011300e-02
1.018000000000000571e-01
5.089999999999990365e-02
8.079999999999999682e-02
1.745000000000000440e-01
1.516999999999997795e-01
2.753000000000003222e-01
2.624000000000000776e-01
2.362999999999999268e-01
4.144999999999999241e-01
3.239000000000001322e-01
2.205000000000000848e-01
2.998999999999998889e-01
3.265999999999997794e-01
1.673000000000001708e-01
1.347999999999998644e-01
1.530000000000000804e-01
1.090999999999997527e-01
2.970000000000001805e-02
3.420999999999999597e-01
2.877999999999999670e+00
1.677899999999999725e+00
1.972000000000000697e-01
3.394999999999998019e-01
3.095000000000002194e-01
1.021999999999999853e-01
1.669000000000001316e-01
2.795999999999999597e-01
1.294999999999999485e-01
6.599999999999978106e-02
9.950000000000000511e-02
4.909000000000001140e-01
4.244999999999998774e-01
1.522000000000001685e-01
1.232000000000000595e-01
1.198999999999998678e-01
1.192000000000001114e-01
1.419000000000001094e-01
1.097999999999999532e-01
1.557999999999998830e-01
9.229999999999988214e-02
4.217000000000001303e-01
3.260999999999999455e-01
7.390000000000014613e-02
2.319000000000002171e-01
1.983000000000000318e-01
2.209000000000001240e-01
