3.084000000000000075e-01
2.250000000000000056e-01
1.800999999999999546e-01
1.932999999999999718e-01
9.499999999999997335e-02
1.598999999999999866e-01
2.225999999999999646e-01
1.675999999999999990e-01
2.116000000000000103e-01
1.277000000000000079e-01
1.946000000000000230e-01
3.229000000000000203e-01
2.752000000000000002e-01
1.503000000000000169e-01
1.700000000000000122e-01
9.660000000000001918e-02
1.686000000000000276e-01
8.679999999999998828e-02
5.820000000000000867e-02
7.679999999999997939e-02
1.222999999999999921e-01
9.369999999999997775e-02
1.418999999999999984e-01
3.099000000000000088e-01
1.303999999999999604e-01
4.497000000000000441e-01
3.003000000000000114e-01
3.238000000000000322e-01
2.017999999999999516e-01
6.469999999999997975e-02
6.889999999999994740e-02
1.040000000000000091e-01
2.109999999999999931e-01
2.230000000000000315e-01
2.376000000000000334e-01
2.308999999999999664e-01
2.592999999999999750e-01
2.639000000000000234e-01
7.116999999999999993e-01
2.671999999999999931e-01
4.555000000000000160e-01
1.323000000000000287e-01
1.829999999999999960e-01
3.725999999999999868e-01
2.119000000000000328e-01
1.618999999999999884e-01
1.171000000000000096e-01
4.652999999999999359e-01
5.303999999999999826e-01
4.592999999999999861e-01
2.845999999999999641e-01
2.008000000000000063e-01
1.168999999999999623e-01
1.329000000000000181e-01
5.640000000000001262e-02
2.183000000000000218e-01
7.580000000000003402e-02
1.804999999999999660e-01
1.541000000000000703e-01
1.278000000000000247e-01
8.059999999999997722e-02
1.306999999999999829e-01
9.600000000000005751e-02
3.659000000000000030e-01
4.880999999999999783e-01
1.972000000000000419e-01
1.993000000000000327e-01
1.094999999999999585e-01
1.330999999999999961e-01
2.832999999999999963e-01
3.500000000000000333e-01
1.448000000000000120e-01
3.449999999999999734e-01
4.712000000000000632e-01
2.620000000000000107e-01
2.006999999999999618e-01
5.264999999999999680e-01
2.400999999999999801e-01
1.875000000000000000e-01
3.003000000000000114e-01
5.302999999999999936e-01
2.528000000000000247e-01
4.225000000000000422e-01
2.039000000000000257e-01
1.433000000000000385e-01
7.029999999999998750e-02
9.129999999999999227e-02
8.890000000000000679e-02
3.909999999999998199e-02
1.900999999999999912e-01
8.410000000000003584e-02
9.669999999999999429e-02
2.864999999999999214e-01
1.307000000000000384e-01
1.915000000000000036e-01
1.109999999999999598e-01
5.689999999999997837e-02
1.675999999999999712e-01
1.555000000000000271e-01
4.720000000000004053e-02
2.089000000000000024e-01
1.539000000000000368e-01
3.071000000000000396e-01
1.703999999999999959e-01
1.586000000000000743e-01
1.146999999999999548e-01
1.951999999999999291e-01
2.364999999999999325e-01
2.566999999999999837e-01
1.310999999999999943e-01
9.130000000000004778e-02
1.393999999999999684e-01
1.260000000000000009e-01
5.429999999999998023e-02
5.919999999999998874e-02
4.940000000000001334e-02
1.374000000000000221e-01
2.106999999999999984e-01
1.179999999999999938e-01
1.129999999999999893e-01
1.289000000000000146e-01
1.280000000000000027e-01
1.074999999999999428e-01
1.575999999999999346e-01
2.700000000000000178e-01
1.496999999999999997e-01
2.104000000000000592e-01
7.409000000000000030e-01
1.995999999999999996e-01
3.270999999999998908e-01
1.161000000000000781e-01
1.007999999999999313e-01
8.249999999999994837e-02
1.011999999999999011e-01
2.193000000000000504e-01
1.212999999999999634e-01
4.163999999999999369e-01
2.082000000000000239e-01
1.302000000000000102e-01
2.094999999999999363e-01
2.176999999999999214e-01
1.611000000000000765e-01
1.600999999999999646e-01
2.031000000000000583e-01
1.525999999999999579e-01
7.039999999999994873e-02
8.982000000000001094e-01
6.166999999999999149e-01
6.008999999999999897e-01
4.629000000000000892e-01
2.693000000000000949e-01
1.887999999999999678e-01
3.520999999999999686e-01
3.125000000000000555e-01
2.253999999999999893e-01
1.388999999999999402e-01
1.438999999999999446e-01
3.923999999999999710e-01
2.390999999999999515e-01
8.589000000000001078e-01
2.627999999999999781e-01
6.840000000000008573e-02
3.719000000000000083e-01
6.227999999999999092e-01
2.153999999999999804e-01
2.278000000000000025e-01
1.689999999999999281e-01
1.871999999999999220e-01
2.094000000000000583e-01
3.030999999999999805e-01
1.920999999999999097e-01
1.055999999999999578e-01
1.924999999999999489e-01
2.485999999999999599e-01
1.716999999999999360e-01
9.660000000000003306e-02
4.739999999999996994e-02
8.400000000000006073e-02
1.384000000000000230e-01
9.649999999999997469e-02
1.338999999999999913e-01
1.365000000000000380e-01
3.354000000000000314e-01
3.231000000000000538e-01
2.060999999999999499e-01
3.604999999999999871e-01
1.445000000000000728e-01
1.682999999999999774e-01
3.333999999999999742e-01
1.062000000000000027e-01
1.152999999999999997e-01
1.222999999999999921e-01
2.046000000000000041e-01
1.644999999999999796e-01
4.779999999999998139e-02
2.388999999999999735e-01
1.918000000000000815e-01
1.892000000000000348e-01
3.095999999999999863e-01
2.639999999999999569e-01
5.067000000000000393e-01
1.300000000000000044e-01
1.945999999999999952e-01
4.273000000000001242e-01
2.405000000000000471e-01
1.987000000000000155e-01
3.769000000000001238e-01
1.272000000000000353e-01
1.344000000000000195e-01
2.809999999999999165e-01
1.650999999999999690e-01
4.212000000000000743e-01
1.170999999999999680e-01
1.804999999999999938e-01
1.285000000000000031e-01
1.696999999999999897e-01
1.059000000000000496e-01
8.370000000000002438e-02
9.969999999999995532e-02
1.728000000000000091e-01
1.265999999999999903e-01
1.676000000000000545e-01
1.914999999999999480e-01
2.082999999999999574e-01
1.075000000000000122e-01
1.469999999999999918e-01
1.720000000000000140e-01
1.941000000000000503e-01
2.616999999999999882e-01
1.107999999999999818e-01
5.600000000000000117e-02
1.003999999999999615e-01
2.049000000000000821e-01
1.089999999999999303e-01
3.079999999999999405e-01
1.653000000000000580e-01
1.033999999999998948e-01
1.008000000000001672e-01
2.087999999999999301e-01
1.532000000000000028e-01
9.820000000000000950e-02
1.064999999999999836e-01
6.329999999999999516e-02
1.736000000000000043e-01
1.790000000000001035e-01
1.036999999999999728e-01
1.028000000000000164e-01
2.076000000000000068e-01
1.541999999999999482e-01
2.632000000000001005e-01
1.461000000000000631e-01
1.776999999999998581e-01
8.139999999999986136e-02
1.260999999999999344e-01
2.094999999999998530e-01
1.059000000000002023e-01
1.099000000000000254e-01
1.910000000000000309e-01
1.141999999999998988e-01
1.685999999999998888e-01
1.190999999999999975e-01
1.685999999999999444e-01
9.869999999999987117e-02
9.479999999999991211e-02
2.347000000000001030e-01
3.298999999999997490e-01
1.472000000000000530e-01
1.128999999999998893e-01
1.347000000000000974e-01
6.010000000000001452e-02
9.940000000000011326e-02
1.568000000000000504e-01
1.600000000000001144e-01
1.383000000000000618e-01
9.270000000000010176e-02
1.866000000000001269e-01
1.221000000000001529e-01
9.519999999999993745e-02
1.289999999999999480e-01
1.705000000000000682e-01
8.570000000000017881e-02
3.007999999999999008e-01
2.274000000000001298e-01
7.079999999999993243e-02
9.330000000000000793e-02
9.850000000000004585e-02
3.517000000000000126e-01
1.624000000000000166e-01
2.584000000000000186e-01
1.161999999999999283e-01
2.744000000000000328e-01
5.954000000000000403e-01
2.640999999999998904e-01
2.163000000000000478e-01
1.597000000000000919e-01
1.188999999999999085e-01
2.910000000000000364e-01
1.047999999999999210e-01
2.037000000000000755e-01
