1.101999999999999924e-01
7.069999999999999896e-02
1.615999999999999936e-01
9.270000000000001850e-02
7.000000000000000666e-02
8.870000000000001494e-02
6.460000000000000464e-02
7.840000000000001135e-02
7.330000000000000404e-02
7.339999999999999303e-02
7.699999999999999900e-02
8.419999999999999707e-02
4.909999999999999087e-02
1.154000000000000026e-01
1.413999999999999979e-01
4.420000000000001011e-02
8.129999999999998339e-02
7.299999999999999545e-02
5.219999999999998946e-02
7.349999999999999589e-02
5.059999999999998527e-02
2.209999999999999118e-02
8.069999999999999396e-02
5.879999999999999810e-02
4.120000000000000745e-02
3.099999999999999284e-02
3.090000000000000038e-02
3.770000000000001128e-02
4.210000000000001241e-02
8.119999999999999440e-02
5.610000000000001097e-02
4.540000000000002367e-02
7.699999999999999900e-02
2.329999999999997351e-02
6.990000000000001767e-02
2.489999999999998812e-02
7.010000000000000953e-02
6.620000000000002272e-02
6.240000000000001101e-02
9.660000000000000531e-02
9.050000000000002487e-02
4.439999999999999503e-02
9.639999999999997182e-02
1.510000000000001619e-02
9.860000000000002096e-02
5.210000000000002129e-02
6.500000000000000222e-02
6.479999999999999649e-02
7.550000000000002542e-02
7.100000000000000755e-02
1.172999999999999737e-01
8.000000000000001554e-02
7.440000000000000779e-02
8.560000000000003717e-02
7.509999999999998621e-02
7.759999999999998843e-02
3.449999999999996819e-02
4.520000000000004570e-02
4.619999999999993556e-02
5.339999999999996833e-02
9.300000000000002709e-02
7.199999999999998068e-02
6.139999999999997543e-02
4.450000000000001177e-02
7.130000000000001614e-02
5.790000000000002089e-02
8.279999999999999860e-02
4.180000000000001770e-02
3.629999999999997812e-02
1.390000000000000124e-01
1.740999999999999770e-01
5.189999999999998781e-02
7.270000000000002849e-02
4.879999999999999616e-02
4.300000000000001044e-02
7.069999999999994345e-02
8.629999999999998783e-02
8.509999999999996734e-02
2.595999999999999419e-01
9.651999999999999469e-01
5.463999999999999968e-01
2.260999999999999677e-01
1.250000000000000000e-01
4.639999999999998986e-02
4.640000000000000374e-02
7.539999999999999480e-02
7.450000000000001066e-02
6.819999999999999674e-02
3.979999999999996041e-02
6.729999999999998483e-02
7.120000000000004103e-02
5.209999999999998660e-02
6.069999999999997620e-02
8.609999999999999598e-02
5.059999999999999221e-02
6.820000000000003837e-02
8.579999999999993188e-02
6.169999999999994239e-02
5.139999999999998737e-02
4.790000000000003977e-02
1.041000000000000397e-01
5.089999999999997998e-02
6.240000000000001101e-02
5.490000000000006680e-02
1.006000000000000227e-01
8.570000000000001228e-02
1.002999999999999864e-01
1.032000000000000556e-01
2.339999999999999025e-02
6.779999999999995752e-02
7.949999999999998734e-02
4.469999999999999668e-02
3.450000000000001676e-02
8.270000000000000961e-02
8.940000000000002112e-02
4.450000000000007422e-02
5.169999999999995433e-02
1.144999999999999768e-01
7.019999999999998463e-02
7.860000000000000320e-02
9.730000000000005311e-02
7.460000000000001352e-02
4.510000000000000814e-02
6.429999999999995441e-02
6.090000000000002356e-02
5.750000000000003025e-02
3.069999999999999812e-02
6.840000000000001634e-02
4.439999999999999503e-02
6.739999999999993219e-02
1.425999999999999490e-01
7.629999999999997895e-02
4.659999999999997478e-02
7.270000000000004237e-02
2.740000000000002156e-02
6.810000000000000775e-02
6.820000000000002449e-02
5.920000000000000262e-02
5.149999999999997635e-02
8.750000000000000833e-02
3.990000000000003266e-02
1.002000000000000252e-01
1.377000000000000446e-01
6.369999999999997886e-02
8.000000000000001554e-02
1.361999999999999877e-01
7.370000000000000162e-02
2.810000000000003467e-02
6.730000000000004035e-02
6.710000000000002074e-02
7.980000000000005145e-02
5.230000000000004090e-02
4.140000000000003400e-02
6.909999999999993925e-02
2.689999999999998642e-02
1.034999999999999670e-01
6.470000000000000751e-02
5.840000000000003522e-02
4.520000000000001100e-02
8.509999999999998122e-02
5.999999999999997696e-02
5.140000000000004982e-02
7.050000000000003486e-02
1.159000000000000169e-01
7.679999999999995164e-02
7.460000000000005516e-02
9.010000000000001341e-02
6.159999999999993259e-02
6.950000000000000622e-02
8.930000000000005989e-02
9.870000000000006546e-02
1.140999999999999792e-01
6.999999999999995115e-02
6.889999999999998903e-02
9.999999999999999167e-02
3.277000000000000468e-01
4.401999999999999247e-01
2.608000000000000318e-01
1.314999999999999503e-01
1.594999999999999751e-01
1.166999999999999982e-01
4.550000000000002653e-02
4.099999999999999478e-02
1.011000000000000232e-01
9.960000000000000797e-02
3.610000000000007647e-02
6.850000000000001921e-02
1.185999999999999971e-01
6.469999999999999363e-02
6.550000000000004430e-02
8.660000000000001030e-02
4.650000000000002742e-02
3.850000000000004807e-02
8.620000000000002660e-02
1.057999999999999774e-01
9.379999999999999449e-02
1.980999999999999983e-01
1.010999999999999954e-01
3.239999999999997049e-02
8.000000000000001554e-02
1.265999999999999903e-01
4.759999999999997566e-02
2.719999999999997420e-02
8.949999999999995459e-02
1.619999999999999496e-01
5.959999999999999326e-02
8.779999999999996141e-02
8.040000000000001312e-02
6.180000000000006322e-02
1.395000000000000406e-01
9.529999999999999583e-02
1.946000000000000507e-01
1.698000000000000342e-01
6.909999999999999476e-02
4.671999999999999487e-01
1.580000000000000016e-01
1.748999999999999999e-01
1.360000000000000098e-01
9.339999999999998304e-02
3.022000000000000242e-01
5.030000000000000027e-01
1.772999999999999576e-01
6.910000000000003639e-02
1.178999999999999909e-01
1.220999999999999447e-01
9.499999999999998723e-02
7.049999999999997935e-02
5.279999999999999277e-02
6.030000000000002719e-02
5.260000000000004255e-02
5.820000000000002949e-02
6.430000000000000993e-02
4.860000000000001125e-02
4.219999999999993895e-02
4.379999999999995702e-02
7.109999999999999654e-02
9.659999999999999143e-02
4.800000000000004263e-02
5.199999999999992822e-02
8.739999999999997771e-02
7.579999999999997851e-02
4.460000000000003545e-02
5.659999999999990733e-02
8.309999999999997944e-02
4.750000000000000749e-02
6.050000000000000516e-02
9.690000000000000002e-02
6.989999999999996216e-02
2.959999999999998743e-02
6.089999999999998193e-02
4.619999999999996332e-02
4.149999999999999523e-02
7.080000000000002958e-02
5.049999999999994077e-02
5.560000000000001746e-02
7.430000000000006044e-02
4.580000000000004901e-02
1.980000000000006061e-02
5.210000000000000742e-02
7.459999999999994413e-02
1.057000000000000023e-01
8.010000000000001841e-02
6.589999999999997249e-02
7.259999999999997011e-02
9.050000000000001099e-02
9.330000000000000793e-02
4.789999999999992181e-02
5.259999999999999398e-02
1.203999999999999237e-01
1.722999999999999532e-01
1.274000000000000132e-01
1.133000000000000396e-01
6.609999999999997822e-02
3.549999999999994132e-02
3.999999999999998002e-02
1.180000000000000354e-01
5.790000000000004865e-02
5.630000000000003058e-02
5.150000000000002492e-02
7.400000000000001021e-02
4.430000000000006155e-02
4.660000000000003029e-02
5.030000000000001137e-02
8.300000000000000433e-02
6.829999999999999960e-02
2.827000000000000624e-01
6.367000000000000437e-01
3.901000000000000023e-01
3.760000000000000009e-01
2.183999999999999275e-01
2.226999999999999535e-01
9.159999999999997311e-02
8.069999999999998008e-02
1.432000000000000495e-01
1.147999999999999854e-01
1.384999999999999565e-01
5.989999999999996716e-02
1.595000000000000584e-01
8.770000000000005569e-02
