1.691000000000000003e-01
1.290000000000000036e-01
4.630000000000000782e-02
6.009999999999998677e-02
2.790000000000000119e-02
5.390000000000001734e-02
5.830000000000001847e-02
4.930000000000000354e-02
2.990000000000001337e-02
6.840000000000000246e-02
5.109999999999999959e-02
6.479999999999999649e-02
2.890000000000002983e-02
7.199999999999998068e-02
8.439999999999998892e-02
2.790000000000000119e-02
2.189999999999998892e-02
2.990000000000000643e-02
4.459999999999997994e-02
1.449999999999997645e-02
3.869999999999999135e-02
2.389999999999998376e-02
3.799999999999995048e-02
5.789999999999997926e-02
8.359999999999997988e-02
2.235999999999999654e-01
5.710999999999999410e-01
4.463999999999999635e-01
2.525999999999999912e-01
3.320000000000000728e-02
1.226000000000000145e-01
5.160000000000000003e-02
3.209999999999997577e-02
4.989999999999998603e-02
2.259999999999998468e-02
7.959999999999997633e-02
4.040000000000001229e-02
4.419999999999998930e-02
1.549999999999997213e-02
3.729999999999999982e-02
3.439999999999998614e-02
5.290000000000000258e-02
2.710000000000001297e-02
8.150000000000001688e-02
3.979999999999997429e-02
7.730000000000000759e-02
3.010000000000000175e-02
6.479999999999999649e-02
8.690000000000001890e-02
7.380000000000003224e-02
3.830000000000002153e-02
3.770000000000001128e-02
2.960000000000002213e-02
3.800000000000001293e-02
5.759999999999997761e-02
4.449999999999999789e-02
6.559999999999995002e-02
4.760000000000000342e-02
3.049999999999999239e-02
5.879999999999999116e-02
3.319999999999999341e-02
4.649999999999999967e-02
6.529999999999995530e-02
2.209999999999995302e-02
6.390000000000006786e-02
7.610000000000000098e-02
4.230000000000003202e-02
6.840000000000000246e-02
7.299999999999998157e-02
3.100000000000003447e-02
2.329999999999999433e-02
3.380000000000001059e-02
3.080000000000002180e-02
3.669999999999996182e-02
5.520000000000000601e-02
5.570000000000001339e-02
5.909999999999999282e-02
8.309999999999997944e-02
6.610000000000003373e-02
6.780000000000001303e-02
1.283999999999999586e-01
1.492999999999999605e-01
5.530000000000004357e-02
7.149999999999999412e-02
5.979999999999996430e-02
7.050000000000000711e-02
5.630000000000000282e-02
5.270000000000001072e-02
7.569999999999998952e-02
3.929999999999997384e-02
4.659999999999996090e-02
4.650000000000001354e-02
7.779999999999999416e-02
5.829999999999999766e-02
6.829999999999995797e-02
7.080000000000000182e-02
1.522999999999999909e-01
7.464000000000000634e-01
7.939000000000000501e-01
1.272499999999999964e+00
5.755000000000001226e-01
2.406999999999999418e-01
1.059999999999999831e-01
1.496000000000000107e-01
1.262999999999999678e-01
4.670000000000003315e-02
7.610000000000001485e-02
1.157000000000000250e-01
6.299999999999995881e-02
5.259999999999999398e-02
2.619999999999999066e-02
3.340000000000004077e-02
6.430000000000002380e-02
4.310000000000001330e-02
6.079999999999999294e-02
3.020000000000004972e-02
5.619999999999999302e-02
2.999999999999996766e-02
4.770000000000001322e-02
5.229999999999999927e-02
6.219999999999997753e-02
5.550000000000005623e-02
6.230000000000002203e-02
1.215999999999999859e-01
1.247999999999999804e-01
4.329999999999997740e-02
8.270000000000002349e-02
8.970000000000001583e-02
5.789999999999996538e-02
7.099999999999999367e-02
5.370000000000002549e-02
4.589999999999999636e-02
6.299999999999997269e-02
4.549999999999999878e-02
7.169999999999999984e-02
8.279999999999998472e-02
7.130000000000000226e-02
6.070000000000004559e-02
6.860000000000004983e-02
4.439999999999998115e-02
5.630000000000001670e-02
8.360000000000002152e-02
6.499999999999998834e-02
2.390000000000001845e-02
4.099999999999996009e-02
5.999999999999996309e-02
4.280000000000003940e-02
1.430000000000000888e-02
3.569999999999994011e-02
5.639999999999996405e-02
3.249999999999999417e-02
7.009999999999998177e-02
6.719999999999995421e-02
5.259999999999997317e-02
3.410000000000001918e-02
4.689999999999995561e-02
7.999999999999996003e-02
5.149999999999998329e-02
5.699999999999997430e-02
4.990000000000001379e-02
6.949999999999997846e-02
1.068999999999999950e-01
3.449999999999997513e-02
7.160000000000001086e-02
9.340000000000001079e-02
2.752000000000000002e-01
3.236000000000000543e-01
5.592000000000000304e-01
3.833000000000000851e-01
1.558999999999999830e-01
1.537999999999999923e-01
1.014000000000000040e-01
7.230000000000005866e-02
2.959999999999994233e-02
3.990000000000001878e-02
5.839999999999997971e-02
2.669999999999999110e-02
7.270000000000005624e-02
5.079999999999997712e-02
2.400000000000001438e-02
5.099999999999996897e-02
6.079999999999995824e-02
3.380000000000004529e-02
3.420000000000004287e-02
6.220000000000005386e-02
6.890000000000003066e-02
5.259999999999996623e-02
4.819999999999997203e-02
2.780000000000004690e-02
6.579999999999991411e-02
6.989999999999994829e-02
4.959999999999997744e-02
5.370000000000004631e-02
3.719999999999996920e-02
7.629999999999997895e-02
6.029999999999995086e-02
5.939999999999998753e-02
3.769999999999996965e-02
1.025999999999999551e-01
4.120000000000000745e-02
8.329999999999995741e-02
6.939999999999998948e-02
1.570000000000000284e-01
5.189999999999997393e-02
1.219999999999999696e-01
7.890000000000002567e-02
4.039999999999999841e-02
3.679999999999999244e-02
6.770000000000003793e-02
6.350000000000002864e-02
4.070000000000004170e-02
4.639999999999999680e-02
6.800000000000003264e-02
7.389999999999999347e-02
5.549999999999997990e-02
8.239999999999997327e-02
7.750000000000004108e-02
2.979999999999997928e-02
9.399999999999998634e-02
4.140000000000002012e-02
7.499999999999998335e-02
7.159999999999996922e-02
4.289999999999995206e-02
8.159999999999999198e-02
6.029999999999998556e-02
4.310000000000005493e-02
6.619999999999998108e-02
7.320000000000001505e-02
1.014000000000000179e-01
1.005999999999999950e-01
3.380000000000004529e-02
7.439999999999996616e-02
4.239999999999995856e-02
3.419999999999993878e-02
6.069999999999994150e-02
1.218999999999999945e-01
1.236000000000000154e-01
6.689999999999997338e-02
3.479999999999996291e-02
7.250000000000003664e-02
7.350000000000000977e-02
4.539999999999999591e-02
1.840000000000000246e-01
8.850000000000000089e-01
1.627000000000000113e-01
2.693000000000000393e-01
1.538999999999999813e-01
1.409000000000000252e-01
1.203000000000000319e-01
1.501999999999999447e-01
7.099999999999999367e-02
6.799999999999997713e-02
8.799999999999999489e-02
6.959999999999999520e-02
3.389999999999997182e-02
1.018000000000000294e-01
5.989999999999998104e-02
1.055999999999999578e-01
5.009999999999997788e-02
4.920000000000000762e-02
5.549999999999995909e-02
9.340000000000005242e-02
5.630000000000003058e-02
6.049999999999997047e-02
1.389000000000000234e-01
8.279999999999998472e-02
2.091000000000000081e-01
9.149999999999998412e-02
6.239999999999997632e-02
1.086999999999999911e-01
7.450000000000002454e-02
5.849999999999998257e-02
3.589999999999998054e-02
4.779999999999998833e-02
7.610000000000000098e-02
1.129000000000000142e-01
3.859999999999999543e-02
2.278999999999999915e-01
4.691999999999999504e-01
6.317999999999999172e-01
6.527000000000000579e-01
1.434999999999999332e-01
1.066000000000000558e-01
7.759999999999998843e-02
2.959999999999995968e-02
8.880000000000001781e-02
6.359999999999996212e-02
2.622999999999999221e-01
1.809999999999999387e-01
7.442999999999998506e-01
4.563999999999999169e-01
1.081000000000000294e-01
4.909999999999999087e-02
4.249999999999998224e-02
7.480000000000000537e-02
6.400000000000000133e-02
3.360000000000000486e-02
4.420000000000001705e-02
7.309999999999999831e-02
