9.379999999999999449e-02
8.430000000000001381e-02
5.930000000000000548e-02
7.000000000000000666e-02
8.550000000000000655e-02
9.160000000000001474e-02
7.820000000000000562e-02
9.430000000000000882e-02
6.959999999999999520e-02
5.040000000000001423e-02
7.309999999999999831e-02
1.201000000000000123e-01
1.101000000000000173e-01
4.249999999999999611e-02
8.290000000000000147e-02
1.019999999999999796e-01
5.140000000000000818e-02
9.139999999999998126e-02
2.069999999999999896e-01
1.866999999999999771e-01
7.529999999999999194e-02
7.960000000000000409e-02
4.740000000000000463e-02
7.389999999999999347e-02
1.026999999999999719e-01
9.179999999999999272e-02
7.560000000000000053e-02
1.025999999999999968e-01
1.041000000000000120e-01
1.265000000000000013e-01
8.800000000000000877e-02
8.179999999999999771e-02
6.539999999999999980e-02
6.469999999999997975e-02
8.150000000000000300e-02
5.160000000000000697e-02
1.832000000000000295e-01
1.799999999999999933e-01
1.174999999999999933e-01
2.948000000000000065e-01
3.091999999999999749e-01
2.128999999999999782e-01
8.779999999999998916e-02
9.529999999999999583e-02
1.048000000000000043e-01
1.160999999999999810e-01
9.760000000000000620e-02
1.252999999999999947e-01
7.669999999999999041e-02
1.170999999999999958e-01
8.199999999999998956e-02
1.003000000000000003e-01
6.570000000000000839e-02
1.010000000000000203e-01
1.344000000000000195e-01
1.279000000000000137e-01
6.999999999999999278e-02
6.489999999999998548e-02
8.790000000000000591e-02
9.609999999999997711e-02
1.498000000000000165e-01
2.143999999999999795e-01
1.009999999999999926e-01
1.367000000000000159e-01
8.340000000000000191e-02
1.492999999999999883e-01
1.073000000000000342e-01
3.137999999999999678e-01
1.800999999999999823e-01
9.799999999999998990e-02
8.240000000000000102e-02
7.130000000000001614e-02
1.522000000000000020e-01
1.029999999999999943e-01
1.207999999999999768e-01
4.229999999999999732e-02
1.221000000000000002e-01
6.909999999999998088e-02
1.252999999999999947e-01
7.409999999999999920e-02
7.810000000000001663e-02
6.700000000000000400e-02
1.246999999999999914e-01
1.436999999999999666e-01
1.313999999999999890e-01
1.071999999999999897e-01
7.400000000000001021e-02
9.269999999999999074e-02
1.132999999999999979e-01
7.130000000000000226e-02
1.083999999999999964e-01
9.550000000000001543e-02
1.724000000000000254e-01
1.184000000000000052e-01
8.479999999999998650e-02
9.589999999999998526e-02
4.060000000000002496e-02
1.075999999999999873e-01
1.003000000000000141e-01
9.380000000000000837e-02
7.869999999999999218e-02
1.143000000000000127e-01
1.373999999999999944e-01
9.559999999999996279e-02
9.179999999999997884e-02
7.220000000000001417e-02
4.530000000000001387e-02
7.100000000000000755e-02
8.570000000000001228e-02
1.130999999999999922e-01
7.830000000000000848e-02
5.830000000000001154e-02
2.109999999999997294e-02
7.009999999999999565e-02
1.571999999999999786e-01
1.187000000000000000e-01
9.120000000000000329e-02
4.249999999999998224e-02
5.060000000000001302e-02
1.039000000000000201e-01
1.051999999999999602e-01
1.234999999999999848e-01
1.305999999999999939e-01
1.399000000000000243e-01
3.145000000000001128e-01
1.684999999999999554e-01
2.001000000000000001e-01
1.498000000000000165e-01
1.472999999999999865e-01
1.562000000000000055e-01
1.029000000000000054e-01
1.246999999999999775e-01
8.619999999999999885e-02
3.964999999999999636e-01
1.801000000000000101e-01
2.800000000000000266e-01
2.154999999999999694e-01
1.016999999999999710e-01
8.579999999999998739e-02
1.663999999999999924e-01
7.699999999999999900e-02
1.233000000000000207e-01
2.466000000000000136e-01
7.730000000000002147e-02
6.969999999999999807e-02
5.719999999999999390e-02
1.003000000000000280e-01
1.261000000000000454e-01
1.765999999999999792e-01
1.579999999999999738e-01
1.563000000000000222e-01
1.385999999999999732e-01
6.629999999999999782e-02
7.339999999999999303e-02
8.819999999999997287e-02
8.100000000000000255e-02
1.186000000000000248e-01
8.350000000000000477e-02
9.669999999999998042e-02
8.020000000000002127e-02
1.198000000000000453e-01
4.129999999999999644e-02
8.940000000000000724e-02
1.136000000000000065e-01
1.607000000000000095e-01
1.114000000000000268e-01
5.149999999999999023e-02
5.349999999999994343e-02
1.133000000000000257e-01
5.510000000000008641e-02
1.285000000000000031e-01
1.222999999999999643e-01
1.269999999999999740e-01
7.059999999999996834e-02
1.143999999999999601e-01
1.240000000000000269e-01
8.959999999999998521e-02
1.234000000000000236e-01
2.604999999999999538e-01
1.556999999999999773e-01
8.970000000000000195e-02
9.490000000000002600e-02
9.920000000000001039e-02
1.140999999999999931e-01
4.970000000000002888e-02
5.778999999999999693e-01
2.286000000000000254e-01
1.405000000000000138e-01
8.989999999999995217e-02
3.624999999999999334e-01
7.506999999999999229e-01
3.099999999999999978e-01
3.034999999999999365e-01
2.408999999999999753e-01
1.620000000000000051e-01
7.889999999999995628e-02
1.031000000000000250e-01
5.500000000000002109e-02
1.335000000000000075e-01
1.003000000000000003e-01
6.110000000000001541e-02
6.780000000000001303e-02
1.093999999999999972e-01
1.239999999999999991e-01
1.895000000000000018e-01
7.889999999999999791e-02
1.018999999999999767e-01
1.130000000000000032e-01
1.774000000000000021e-01
1.683999999999999941e-01
1.502000000000000279e-01
1.826999999999999180e-01
1.298999999999999599e-01
6.447999999999999288e-01
5.945999999999999064e-01
5.090999999999999970e-01
3.244000000000000217e-01
3.450999999999999623e-01
6.640000000000002844e-02
1.789000000000000035e-01
1.223999999999999810e-01
1.512999999999999623e-01
1.192999999999999478e-01
6.149999999999997136e-02
1.411000000000000032e-01
6.830000000000002736e-02
7.769999999999996354e-02
1.364999999999999547e-01
2.076999999999999957e-01
1.383999999999999675e-01
1.540999999999999870e-01
1.186000000000000110e-01
5.460000000000005127e-02
1.145000000000000601e-01
1.269000000000000405e-01
8.229999999999999816e-02
1.044000000000000483e-01
1.164000000000000173e-01
1.374000000000000221e-01
7.060000000000002385e-02
1.196000000000000396e-01
2.152000000000000857e-01
1.963000000000000855e-01
1.184000000000000608e-01
1.518000000000000183e-01
1.384000000000000230e-01
1.146000000000000074e-01
1.487999999999999878e-01
1.579000000000000126e-01
1.011000000000000232e-01
1.328000000000000014e-01
1.133000000000000118e-01
1.272000000000000353e-01
1.999999999999999001e-01
1.444000000000000283e-01
1.503999999999999782e-01
1.670000000000000095e-01
9.200000000000004008e-02
1.133000000000000534e-01
8.980000000000001870e-02
7.609999999999998710e-02
2.052000000000000213e-01
2.704999999999999627e-01
1.127999999999999836e-01
2.252999999999999725e-01
1.123000000000000109e-01
9.370000000000003326e-02
1.418999999999999706e-01
1.603000000000000258e-01
1.106000000000000316e-01
2.979000000000000536e-01
2.469000000000000361e-01
1.532000000000000028e-01
1.085000000000000409e-01
2.222999999999999976e-01
1.547000000000000874e-01
9.910000000000002141e-02
1.397999999999999521e-01
1.422999999999999821e-01
8.729999999999998872e-02
8.199999999999998956e-02
1.453000000000000125e-01
7.040000000000004587e-02
1.932000000000000384e-01
1.317999999999999727e-01
1.112999999999999823e-01
1.890999999999999903e-01
1.509000000000000341e-01
2.724999999999999645e-01
2.380000000000000171e-01
1.498000000000000165e-01
1.426000000000000045e-01
1.412000000000000477e-01
1.835000000000000242e-01
7.289999999999996483e-02
1.153999999999999748e-01
1.357999999999999763e-01
2.294000000000000483e-01
4.572999999999999843e-01
