9.800000000000000377e-02
1.479000000000000037e-01
1.615000000000000324e-01
1.416000000000000314e-01
1.332000000000000128e-01
9.500000000000000111e-02
1.319999999999999785e-01
6.199999999999999956e-02
7.830000000000000848e-02
8.049999999999998823e-02
1.255000000000000004e-01
1.765999999999999792e-01
9.239999999999998215e-02
9.739999999999998659e-02
6.930000000000000049e-02
1.092000000000000054e-01
8.979999999999999094e-02
9.099999999999999756e-02
1.029999999999999805e-01
1.416999999999999926e-01
1.594000000000000139e-01
9.669999999999998042e-02
1.077999999999999792e-01
9.700000000000001676e-02
9.820000000000000950e-02
9.469999999999999252e-02
7.370000000000000162e-02
5.930000000000000548e-02
1.522000000000000020e-01
1.225000000000000117e-01
1.334999999999999798e-01
1.321999999999999842e-01
1.618999999999999606e-01
1.569000000000000117e-01
1.208999999999999936e-01
1.398999999999999688e-01
1.107999999999999818e-01
9.940000000000001612e-02
7.149999999999999412e-02
1.156000000000000083e-01
1.542999999999999927e-01
1.276999999999999802e-01
1.461999999999999411e-01
1.435000000000000164e-01
2.144999999999999962e-01
1.533999999999999808e-01
1.471000000000000085e-01
1.524000000000000077e-01
1.204000000000000348e-01
6.019999999999996187e-02
2.439999999999998767e-02
1.425000000000000155e-01
1.561000000000000165e-01
1.676000000000000267e-01
1.568000000000000227e-01
1.899000000000000132e-01
1.994999999999999551e-01
1.609999999999999487e-01
1.082999999999999519e-01
6.420000000000003482e-02
1.286999999999999811e-01
1.656000000000000250e-01
1.994000000000000217e-01
1.560999999999999610e-01
1.902999999999999969e-01
2.450999999999999845e-01
2.397999999999999576e-01
1.164999999999999925e-01
4.989999999999999297e-02
1.742000000000000492e-01
1.097999999999999671e-01
2.969999999999996948e-02
9.879999999999999893e-02
1.064000000000000085e-01
5.399999999999997857e-02
9.529999999999998195e-02
5.599999999999999423e-02
1.666999999999999871e-01
1.852000000000000035e-01
1.493000000000000160e-01
1.241999999999999910e-01
5.779999999999996946e-02
4.719999999999999196e-02
6.149999999999998523e-02
1.911999999999999811e-01
1.707999999999999519e-01
1.701000000000000012e-01
2.361000000000000043e-01
2.262000000000000122e-01
1.671000000000000263e-01
1.020000000000000351e-01
9.130000000000000615e-02
4.230000000000000426e-02
5.020000000000003626e-02
6.329999999999999516e-02
1.390000000000000124e-01
1.051000000000000129e-01
1.200000000000000372e-01
1.786999999999999700e-01
2.087999999999999856e-01
1.564000000000000390e-01
1.240999999999999742e-01
7.170000000000002760e-02
9.860000000000002096e-02
1.368999999999999662e-01
9.830000000000002625e-02
5.680000000000001020e-02
3.699999999999994960e-02
8.800000000000005040e-02
1.334000000000000463e-01
1.883000000000000507e-01
1.900000000000000022e-01
1.307000000000000106e-01
8.540000000000000369e-02
2.789999999999995955e-02
4.629999999999995230e-02
3.119999999999999510e-02
6.049999999999998435e-02
5.559999999999991338e-02
3.079999999999993160e-02
6.819999999999998286e-02
2.289999999999997593e-02
4.159999999999997727e-02
1.026000000000000106e-01
1.524999999999999689e-01
1.797999999999999876e-01
1.925000000000000322e-01
2.278000000000000025e-01
2.258000000000000007e-01
1.995999999999999996e-01
1.552000000000000046e-01
1.194000000000000061e-01
1.409000000000000252e-01
1.263000000000000234e-01
8.440000000000003055e-02
7.489999999999995273e-02
8.210000000000006182e-02
4.219999999999999446e-02
2.050000000000000155e-01
1.839000000000000357e-01
1.878999999999999559e-01
1.590999999999999637e-01
1.759999999999999620e-01
1.824999999999999678e-01
8.590000000000000413e-02
1.406000000000000305e-01
9.119999999999998941e-02
5.800000000000002376e-02
1.950000000000000344e-02
7.170000000000006923e-02
1.362999999999999767e-01
1.219999999999999835e-01
5.869999999999996054e-02
2.535999999999999921e-01
1.256000000000000172e-01
1.067000000000000171e-01
1.408999999999999697e-01
1.321000000000000785e-01
2.080999999999999794e-01
1.023000000000000020e-01
1.033999999999999780e-01
8.419999999999994156e-02
5.770000000000002904e-02
8.619999999999999885e-02
6.459999999999999076e-02
7.509999999999995846e-02
8.629999999999993232e-02
5.439999999999998309e-02
1.153000000000000413e-01
7.700000000000004063e-02
1.716000000000000025e-01
1.068000000000000616e-01
1.564000000000000112e-01
1.743000000000000105e-01
1.378000000000000336e-01
1.781000000000000916e-01
1.381000000000000560e-01
1.315999999999999948e-01
6.939999999999998948e-02
6.319999999999999230e-02
1.091999999999999776e-01
5.420000000000001206e-02
6.030000000000001331e-02
6.460000000000000464e-02
6.510000000000003284e-02
1.796000000000000096e-01
2.160999999999999865e-01
1.964999999999999802e-01
1.556999999999999773e-01
1.212000000000000438e-01
1.118000000000000105e-01
4.999999999999997502e-02
7.480000000000001925e-02
1.084000000000000241e-01
9.360000000000000264e-02
1.487000000000000821e-01
1.013000000000000705e-01
8.580000000000000127e-02
1.232999999999999652e-01
1.467999999999999861e-01
1.572999999999999954e-01
1.454000000000000570e-01
9.190000000000005109e-02
1.424999999999999600e-01
1.606999999999999540e-01
1.382000000000000173e-01
2.019999999999999851e-01
2.384000000000000286e-01
1.600999999999999368e-01
9.269999999999996299e-02
1.313999999999999890e-01
8.189999999999995894e-02
3.689999999999996061e-02
6.469999999999995199e-02
8.620000000000002660e-02
5.549999999999996603e-02
6.389999999999997071e-02
1.140999999999999515e-01
1.103999999999999287e-01
9.409999999999997533e-02
1.503999999999999782e-01
1.499000000000000887e-01
1.161999999999999839e-01
8.289999999999995983e-02
3.709999999999993858e-02
6.709999999999996523e-02
6.419999999999999318e-02
8.489999999999996161e-02
1.367999999999999494e-01
1.377999999999999503e-01
1.463000000000000134e-01
1.385000000000000120e-01
1.420999999999999763e-01
1.422999999999999821e-01
1.239999999999999852e-01
1.278000000000000247e-01
1.201999999999999874e-01
3.478999999999999870e-01
1.193000000000000033e-01
1.545999999999999597e-01
1.445000000000000451e-01
1.539999999999999425e-01
1.738999999999999990e-01
1.637000000000000399e-01
2.110000000000000486e-01
1.377000000000000446e-01
1.394000000000000239e-01
1.764000000000000290e-01
1.854999999999999427e-01
1.599000000000001254e-01
1.723999999999999422e-01
1.397000000000000741e-01
8.970000000000005747e-02
1.539999999999999425e-01
1.649999999999999245e-01
2.071999999999999675e-01
1.396000000000000019e-01
6.009999999999994513e-02
8.089999999999990254e-02
1.466999999999999971e-01
1.276999999999999247e-01
1.179000000000000326e-01
5.490000000000001823e-02
5.250000000000001887e-02
1.167999999999999317e-01
1.654999999999999249e-01
1.906999999999999529e-01
1.300999999999999379e-01
1.153999999999999471e-01
6.999999999999993727e-02
9.279999999999999361e-02
5.929999999999997773e-02
1.179000000000000742e-01
1.074000000000000510e-01
1.534999999999999698e-01
1.819999999999999674e-01
1.940999999999999670e-01
1.255999999999999894e-01
1.569000000000000949e-01
1.270000000000000018e-01
5.969999999999989898e-02
1.237000000000000738e-01
1.551000000000000434e-01
1.257000000000000062e-01
1.141999999999999821e-01
8.089999999999994418e-02
7.659999999999991815e-02
1.104000000000000259e-01
1.082000000000000739e-01
1.296999999999999265e-01
1.598999999999999033e-01
1.260000000000000286e-01
1.192000000000000837e-01
1.459000000000000297e-01
2.015000000000000402e-01
1.121999999999999664e-01
1.546999999999999487e-01
1.155000000000000471e-01
7.409999999999997145e-02
