2.326999999999999902e-01
1.599999999999999756e-01
1.446000000000000063e-01
8.490000000000000324e-02
7.739999999999999658e-02
8.299999999999999045e-02
6.500000000000000222e-02
1.365000000000000102e-01
1.470000000000000195e-01
1.250999999999999890e-01
1.401000000000000023e-01
1.769000000000000017e-01
2.746999999999999442e-01
1.165000000000000063e-01
3.104000000000000092e-01
2.254999999999999782e-01
1.420000000000000151e-01
2.920000000000000373e-01
2.005000000000000115e-01
1.582000000000000073e-01
1.706000000000000016e-01
8.280000000000001248e-02
4.970000000000000112e-02
1.256000000000000172e-01
1.459000000000000019e-01
1.273000000000000242e-01
1.436999999999999944e-01
6.959999999999999520e-02
7.429999999999999105e-02
1.494999999999999940e-01
1.701000000000000012e-01
1.656999999999999862e-01
1.470000000000000195e-01
1.509000000000000064e-01
1.259000000000000119e-01
1.030000000000000082e-01
1.783000000000000140e-01
1.648999999999999910e-01
1.363999999999999935e-01
9.370000000000000551e-02
1.021000000000000102e-01
7.939999999999999836e-02
1.210999999999999993e-01
1.454000000000000015e-01
1.222000000000000169e-01
1.087999999999999939e-01
1.315000000000000058e-01
1.325000000000000067e-01
1.436999999999999944e-01
2.375000000000000167e-01
3.587000000000000188e-01
8.709999999999998299e-02
2.197999999999999954e-01
1.642000000000000126e-01
1.879000000000000115e-01
1.590000000000000024e-01
3.760000000000000148e-02
9.270000000000000462e-02
1.763000000000000123e-01
1.456000000000000072e-01
1.326999999999999846e-01
1.443000000000000116e-01
1.923999999999999599e-01
2.600999999999999979e-01
2.245999999999999941e-01
3.185000000000000053e-01
2.152000000000000302e-01
8.830000000000000349e-02
1.000999999999999945e-01
4.700000000000000705e-02
5.350000000000000588e-02
1.128000000000000114e-01
1.285999999999999921e-01
6.129999999999999338e-02
1.979999999999999816e-02
8.870000000000000107e-02
1.296999999999999820e-01
3.839999999999998970e-02
5.819999999999999479e-02
1.532999999999999918e-01
1.022000000000000131e-01
7.889999999999999791e-02
1.093000000000000083e-01
1.489000000000000046e-01
1.021999999999999853e-01
5.299999999999999156e-02
7.560000000000000053e-02
1.471999999999999975e-01
1.849000000000000088e-01
1.557000000000000051e-01
1.236000000000000015e-01
4.269999999999999490e-02
1.018000000000000016e-01
1.038999999999999924e-01
1.364999999999999825e-01
2.223999999999999866e-01
1.985999999999999988e-01
1.113000000000000100e-01
9.580000000000001015e-02
9.509999999999999010e-02
1.610000000000000042e-01
1.567000000000000060e-01
1.204999999999999960e-01
1.121999999999999942e-01
1.073000000000000065e-01
1.071999999999999759e-01
5.659999999999999754e-02
7.220000000000000029e-02
8.820000000000000062e-02
8.680000000000001603e-02
1.088999999999999829e-01
1.257999999999999952e-01
1.717000000000000193e-01
2.164999999999999980e-01
1.663999999999999924e-01
8.839999999999997859e-02
6.099999999999999867e-02
1.260999999999999899e-01
1.024999999999999939e-01
9.010000000000001341e-02
9.110000000000001430e-02
1.133000000000000118e-01
1.637999999999999734e-01
2.202999999999999681e-01
2.426999999999999713e-01
1.339000000000000190e-01
1.174999999999999933e-01
2.110000000000000209e-01
2.903999999999999915e-01
1.983999999999999930e-01
1.282000000000000084e-01
1.798000000000000154e-01
2.271000000000000241e-01
3.174000000000000155e-01
9.959999999999999409e-02
1.091000000000000025e-01
8.309999999999999332e-02
9.900000000000000466e-02
5.220000000000001028e-02
3.059999999999999873e-02
1.052000000000000157e-01
9.439999999999999780e-02
1.023999999999999910e-01
1.625000000000000056e-01
1.426000000000000045e-01
1.229000000000000092e-01
6.760000000000000731e-02
8.980000000000000482e-02
1.232999999999999929e-01
7.280000000000001747e-02
6.740000000000001545e-02
1.282999999999999974e-01
8.169999999999999485e-02
1.125000000000000028e-01
9.850000000000000422e-02
1.034999999999999948e-01
9.829999999999999849e-02
8.949999999999999623e-02
1.173999999999999905e-01
1.890000000000000013e-01
1.486999999999999711e-01
1.502000000000000002e-01
1.809999999999999942e-01
9.309999999999998832e-02
1.538999999999999813e-01
1.285000000000000031e-01
1.532999999999999918e-01
1.451999999999999957e-01
7.900000000000000078e-02
7.739999999999998270e-02
1.160000000000000059e-01
1.054999999999999966e-01
9.329999999999999405e-02
1.122999999999999832e-01
1.432999999999999829e-01
1.343000000000000027e-01
1.628000000000000003e-01
1.725000000000000144e-01
1.229999999999999982e-01
4.920000000000000068e-02
7.119999999999999940e-02
1.127999999999999975e-01
4.110000000000001152e-02
5.790000000000000008e-02
8.959999999999998521e-02
1.397000000000000186e-01
1.289000000000000146e-01
8.580000000000001514e-02
1.552000000000000046e-01
1.113000000000000100e-01
1.290000000000000036e-01
1.320999999999999952e-01
1.280999999999999917e-01
7.500000000000001110e-02
1.014000000000000179e-01
1.428999999999999992e-01
1.044000000000000067e-01
9.070000000000000284e-02
8.680000000000001603e-02
6.169999999999999096e-02
1.323000000000000009e-01
1.641000000000000236e-01
1.594999999999999751e-01
1.318999999999999895e-01
9.679999999999999716e-02
5.579999999999998850e-02
1.023000000000000020e-01
1.151999999999999968e-01
1.015999999999999959e-01
9.009999999999999953e-02
1.246999999999999914e-01
1.537999999999999923e-01
9.700000000000000289e-02
2.699999999999999276e-02
7.720000000000001861e-02
1.079000000000000237e-01
1.029000000000000054e-01
6.790000000000000202e-02
9.249999999999999889e-02
8.709999999999999687e-02
1.008999999999999897e-01
2.194999999999999729e-01
1.885999999999999899e-01
8.809999999999999776e-02
1.401000000000000023e-01
2.071999999999999953e-01
1.814000000000000057e-01
1.620000000000000051e-01
1.582000000000000073e-01
1.612999999999999989e-01
2.242000000000000104e-01
2.065000000000000169e-01
1.729999999999999871e-01
1.830999999999999850e-01
1.662000000000000144e-01
1.738000000000000100e-01
1.447999999999999843e-01
1.037000000000000144e-01
1.058999999999999941e-01
1.050000000000000100e-01
1.529000000000000081e-01
1.384000000000000230e-01
6.850000000000000533e-02
9.539999999999998481e-02
5.380000000000000060e-02
1.237000000000000044e-01
1.592999999999999972e-01
8.850000000000000921e-02
6.350000000000000089e-02
