1.232999999999999929e-01
1.323000000000000009e-01
8.529999999999998694e-02
7.989999999999999880e-02
1.475999999999999812e-01
1.386000000000000010e-01
4.980000000000000399e-02
1.242000000000000048e-01
5.460000000000000270e-02
1.365999999999999714e-01
1.236000000000000154e-01
1.486999999999999988e-01
2.395999999999999797e-01
1.058000000000000052e-01
2.114999999999999936e-01
1.334000000000000186e-01
1.315000000000000058e-01
9.209999999999998743e-02
1.013000000000000012e-01
2.903999999999999915e-01
2.322000000000000175e-01
1.273999999999999855e-01
2.098000000000000143e-01
1.985000000000000375e-01
1.511999999999999733e-01
2.235999999999999932e-01
2.029000000000000248e-01
1.885999999999999899e-01
2.132000000000000006e-01
5.099999999999998979e-02
2.132999999999999896e-01
1.926999999999999547e-01
1.136999999999999955e-01
1.094999999999999862e-01
1.461000000000000076e-01
1.200999999999999984e-01
2.086999999999999966e-01
9.899999999999999079e-02
1.017000000000000126e-01
9.799999999999998990e-02
1.383999999999999952e-01
1.315999999999999948e-01
1.820999999999999841e-01
3.899999999999999578e-01
2.437999999999999612e-01
1.027999999999999886e-01
1.128000000000000114e-01
2.434000000000000052e-01
2.068000000000000116e-01
1.355000000000000093e-01
1.103999999999999981e-01
1.494999999999999940e-01
1.315999999999999948e-01
2.061999999999999944e-01
1.541000000000000147e-01
1.853000000000000203e-01
1.180999999999999966e-01
1.751999999999999946e-01
1.923000000000000265e-01
1.324999999999999789e-01
1.833000000000000185e-01
1.239999999999999991e-01
1.781000000000000083e-01
3.106999999999999762e-01
1.628999999999999893e-01
2.798999999999999821e-01
1.745999999999999774e-01
3.106000000000000427e-01
1.924000000000000155e-01
1.741999999999999937e-01
1.549999999999999989e-01
1.393999999999999961e-01
1.106000000000000039e-01
1.087999999999999801e-01
1.568999999999999839e-01
1.951999999999999846e-01
1.204999999999999960e-01
1.546000000000000152e-01
9.970000000000001084e-02
1.293999999999999873e-01
2.348999999999999977e-01
8.569999999999999840e-02
1.783999999999999753e-01
1.605999999999999928e-01
1.001999999999999974e-01
1.748999999999999722e-01
1.161999999999999977e-01
1.189000000000000057e-01
2.404999999999999638e-01
1.300999999999999934e-01
1.443000000000000116e-01
7.980000000000000981e-02
1.638000000000000012e-01
2.140999999999999848e-01
1.549000000000000099e-01
1.655999999999999972e-01
2.326999999999999902e-01
2.069999999999999896e-01
1.047000000000000153e-01
1.430000000000000160e-01
1.716999999999999915e-01
1.533999999999999808e-01
1.839999999999999969e-01
1.251999999999999780e-01
2.840000000000000302e-01
2.092999999999999861e-01
2.560000000000000053e-01
1.204999999999999960e-01
7.719999999999999085e-02
1.767999999999999849e-01
1.574000000000000121e-01
2.138999999999999790e-01
1.766000000000000070e-01
1.955000000000000071e-01
1.157000000000000112e-01
9.429999999999999494e-02
1.866000000000000159e-01
1.140000000000000180e-01
9.020000000000000240e-02
1.000000000000000056e-01
7.209999999999996967e-02
1.357999999999999763e-01
1.341999999999999860e-01
1.173000000000000154e-01
1.574000000000000121e-01
8.150000000000000300e-02
1.708999999999999964e-01
1.124000000000000138e-01
1.649000000000000188e-01
1.282999999999999974e-01
9.890000000000000180e-02
1.439000000000000279e-01
1.373999999999999944e-01
1.370000000000000107e-01
8.960000000000001297e-02
8.959999999999999909e-02
1.536999999999999755e-01
8.399999999999997746e-02
1.371999999999999886e-01
1.852000000000000035e-01
1.963999999999999913e-01
4.179999999999998994e-02
1.663999999999999924e-01
2.502999999999999670e-01
1.895000000000000018e-01
1.001999999999999974e-01
1.221000000000000002e-01
1.498999999999999777e-01
1.577999999999999958e-01
1.087000000000000050e-01
1.774000000000000021e-01
2.026000000000000023e-01
1.657000000000000139e-01
1.343000000000000027e-01
1.521000000000000130e-01
1.595000000000000029e-01
2.024000000000000243e-01
1.178999999999999770e-01
1.930999999999999939e-01
1.659999999999999809e-01
9.050000000000002487e-02
1.805999999999999828e-01
4.919000000000000039e-01
2.691999999999999948e-01
1.931999999999999829e-01
1.105000000000000010e-01
9.359999999999998876e-02
1.584000000000000130e-01
7.150000000000000799e-02
1.438999999999999724e-01
1.546999999999999764e-01
2.017000000000000182e-01
1.795999999999999819e-01
1.805999999999999828e-01
1.620999999999999941e-01
1.647999999999999743e-01
8.779999999999996141e-02
1.370000000000000107e-01
1.219999999999999835e-01
2.000000000000000111e-01
9.549999999999998768e-02
1.709999999999999853e-01
1.799000000000000044e-01
1.554000000000000103e-01
9.099999999999996980e-02
1.597000000000000086e-01
1.869999999999999718e-01
2.534999999999999476e-01
1.261999999999999789e-01
1.359999999999999820e-01
1.144999999999999907e-01
1.151999999999999968e-01
1.176999999999999991e-01
1.315999999999999948e-01
1.366999999999999882e-01
4.870000000000003493e-02
1.807999999999999885e-01
2.754999999999999671e-01
1.587000000000000077e-01
1.970999999999999974e-01
1.393999999999999961e-01
1.768000000000000127e-01
1.978000000000000314e-01
1.547000000000000042e-01
1.900999999999999912e-01
1.817000000000000004e-01
1.693000000000000060e-01
9.270000000000001850e-02
9.729999999999999760e-02
1.722000000000000197e-01
1.280999999999999917e-01
1.785999999999999810e-01
1.607999999999999985e-01
1.135999999999999788e-01
2.119999999999999940e-01
1.127000000000000085e-01
1.718999999999999972e-01
1.259000000000000119e-01
9.559999999999999054e-02
1.841000000000000136e-01
9.080000000000000571e-02
1.810000000000000220e-01
1.746999999999999942e-01
1.003999999999999893e-01
1.408999999999999975e-01
1.638000000000000012e-01
6.060000000000000109e-02
1.973000000000000309e-01
1.459999999999999909e-01
8.419999999999999707e-02
1.475999999999999812e-01
1.232000000000000040e-01
1.970999999999999974e-01
1.655000000000000082e-01
4.133000000000000562e-01
2.249000000000000166e-01
3.248999999999999666e-01
2.179000000000000103e-01
1.436000000000000054e-01
1.406999999999999917e-01
2.102000000000000257e-01
1.759999999999999898e-01
2.630000000000000115e-01
1.545999999999999874e-01
1.340000000000000080e-01
1.506000000000000116e-01
2.149999999999999967e-01
1.621999999999999831e-01
9.030000000000000526e-02
