9.710000000000000575e-02
7.309999999999999831e-02
1.628999999999999893e-01
1.292999999999999983e-01
1.365999999999999992e-01
2.726999999999999980e-01
2.060000000000000164e-01
9.499999999999998723e-02
1.197000000000000008e-01
8.359999999999999376e-02
4.879999999999999616e-02
1.330999999999999961e-01
1.493000000000000160e-01
8.020000000000000739e-02
8.260000000000000675e-02
7.869999999999999218e-02
9.610000000000000486e-02
1.068000000000000060e-01
5.939999999999999447e-02
1.452999999999999847e-01
1.694999999999999840e-01
1.491999999999999993e-01
1.871000000000000163e-01
1.602999999999999980e-01
1.001999999999999974e-01
1.624999999999999778e-01
1.252999999999999947e-01
7.649999999999998468e-02
8.929999999999999050e-02
1.409999999999999865e-01
1.547999999999999932e-01
1.418000000000000094e-01
7.599999999999999811e-02
8.849999999999999534e-02
1.118000000000000105e-01
6.729999999999998483e-02
2.061999999999999944e-01
2.344999999999999862e-01
8.599999999999999312e-02
9.859999999999999321e-02
7.719999999999999085e-02
6.439999999999999891e-02
8.290000000000000147e-02
1.702000000000000179e-01
2.317999999999999783e-01
1.487999999999999878e-01
1.607999999999999985e-01
1.676999999999999880e-01
1.234000000000000097e-01
9.860000000000000708e-02
6.320000000000000617e-02
1.759999999999999759e-02
9.509999999999999010e-02
9.260000000000001563e-02
4.640000000000000374e-02
6.600000000000000311e-02
8.730000000000000260e-02
9.809999999999999276e-02
1.406999999999999917e-01
1.325000000000000067e-01
4.750000000000000749e-02
8.479999999999998650e-02
1.645999999999999963e-01
1.113000000000000100e-01
1.502000000000000002e-01
1.758000000000000118e-01
9.309999999999998832e-02
1.600000000000000033e-01
9.690000000000000002e-02
2.890000000000000208e-02
8.870000000000000107e-02
1.489000000000000046e-01
1.285000000000000031e-01
2.011000000000000010e-01
1.761999999999999678e-01
6.420000000000000706e-02
4.599999999999999922e-02
1.083999999999999825e-01
1.059999999999999970e-01
9.240000000000000990e-02
1.002000000000000252e-01
5.630000000000000976e-02
7.820000000000000562e-02
1.343999999999999917e-01
1.555999999999999883e-01
1.323999999999999899e-01
6.709999999999999298e-02
7.710000000000000187e-02
1.491999999999999993e-01
1.285999999999999921e-01
1.002999999999999725e-01
5.619999999999999996e-02
6.460000000000000464e-02
1.175000000000000072e-01
1.456000000000000072e-01
1.532000000000000028e-01
1.021000000000000102e-01
1.601999999999999813e-01
2.357000000000000206e-01
2.399000000000000021e-01
6.070000000000000395e-02
1.049000000000000071e-01
8.659999999999999643e-02
1.237999999999999934e-01
8.729999999999998872e-02
9.309999999999998832e-02
9.850000000000000422e-02
1.305000000000000049e-01
1.123999999999999999e-01
1.015000000000000069e-01
1.390000000000000124e-01
1.297000000000000375e-01
1.158000000000000140e-01
1.683999999999999941e-01
9.339999999999998304e-02
1.001999999999999835e-01
9.429999999999998106e-02
8.690000000000000502e-02
7.710000000000000187e-02
6.020000000000001045e-02
1.222999999999999921e-01
1.044999999999999957e-01
1.728000000000000091e-01
1.806000000000000383e-01
1.215000000000000246e-01
8.219999999999999529e-02
7.649999999999998468e-02
9.400000000000000022e-02
9.290000000000001035e-02
8.779999999999998916e-02
1.325999999999999956e-01
1.633999999999999897e-01
7.879999999999999505e-02
6.780000000000001303e-02
7.970000000000002083e-02
1.840999999999999859e-01
1.144000000000000017e-01
4.280999999999999805e-01
2.202000000000000068e-01
1.687000000000000166e-01
1.015000000000000069e-01
1.037000000000000144e-01
9.489999999999999825e-02
9.879999999999998506e-02
1.855999999999999872e-01
1.407999999999999807e-01
1.096000000000000307e-01
6.510000000000000508e-02
1.187000000000000000e-01
1.071999999999999897e-01
9.660000000000000531e-02
8.789999999999997815e-02
1.208999999999999797e-01
1.436000000000000332e-01
1.864999999999999991e-01
1.915999999999999648e-01
9.809999999999999276e-02
6.739999999999998770e-02
1.054999999999999827e-01
1.152999999999999997e-01
8.879999999999999005e-02
1.036999999999999866e-01
9.389999999999998348e-02
1.696999999999999897e-01
1.237000000000000183e-01
2.119999999999999662e-01
1.367999999999999772e-01
1.280000000000000027e-01
7.489999999999999436e-02
4.930000000000001048e-02
1.535999999999999588e-01
1.737999999999999823e-01
1.010999999999999954e-01
1.067000000000000032e-01
1.156999999999999834e-01
1.473000000000000143e-01
1.555999999999999883e-01
1.320000000000000340e-01
8.880000000000001781e-02
1.145999999999999797e-01
1.533000000000000196e-01
1.240999999999999881e-01
1.075000000000000122e-01
1.785000000000000198e-01
1.784000000000000030e-01
1.112999999999999823e-01
6.279999999999999472e-02
1.323999999999999622e-01
8.080000000000002458e-02
1.039999999999999952e-01
1.561000000000000165e-01
1.449000000000000288e-01
1.353999999999999926e-01
1.490000000000000213e-01
1.125000000000000028e-01
1.430000000000000160e-01
1.228000000000000203e-01
7.119999999999998552e-02
1.064999999999999974e-01
1.612999999999999989e-01
1.307000000000000106e-01
1.056000000000000133e-01
1.127999999999999836e-01
1.160000000000000198e-01
1.196000000000000119e-01
1.020000000000000073e-01
1.043000000000000038e-01
1.571000000000000174e-01
1.451000000000000068e-01
8.649999999999996581e-02
4.759999999999999648e-02
1.244000000000000244e-01
1.348000000000000032e-01
1.575000000000000289e-01
1.390000000000000124e-01
1.501000000000000112e-01
1.253000000000000225e-01
1.260000000000000009e-01
7.589999999999996749e-02
8.200000000000000344e-02
7.029999999999997362e-02
8.379999999999999949e-02
1.267999999999999683e-01
1.045999999999999985e-01
1.958000000000000296e-01
1.517999999999999905e-01
1.090000000000000135e-01
1.103000000000000091e-01
1.337000000000000133e-01
1.509000000000000341e-01
1.217999999999999777e-01
8.419999999999996931e-02
8.569999999999999840e-02
9.460000000000001741e-02
8.179999999999998384e-02
1.910000000000000031e-01
1.894000000000000128e-01
1.027999999999999886e-01
1.137000000000000094e-01
1.020999999999999963e-01
8.250000000000000389e-02
8.399999999999996358e-02
8.990000000000000768e-02
1.029000000000000054e-01
1.356000000000000261e-01
1.557999999999999940e-01
9.359999999999998876e-02
1.279999999999999749e-01
1.673000000000000043e-01
