9.269999999999999074e-02
7.679999999999999327e-02
5.999999999999999778e-02
6.390000000000001235e-02
1.009999999999999926e-01
1.252999999999999947e-01
1.296999999999999820e-01
1.217999999999999916e-01
9.679999999999999716e-02
1.442000000000000226e-01
2.146000000000000130e-01
1.331000000000000516e-01
1.489999999999999658e-01
1.263000000000000234e-01
1.669000000000000483e-01
1.428000000000000103e-01
7.670000000000000429e-02
2.050000000000000711e-01
7.209999999999999742e-02
2.585999999999999410e-01
2.861000000000000210e-01
3.423000000000000487e-01
3.031000000000000361e-01
2.733000000000000429e-01
1.495999999999999830e-01
1.693999999999999395e-01
1.300999999999998824e-01
6.370000000000014539e-02
2.139999999999999125e-01
1.587399999999999700e+00
4.867999999999999550e-01
3.970000000000002693e-02
2.278000000000001135e-01
4.107999999999997764e-01
3.714999999999998859e-01
3.665999999999999814e-01
5.120000000000001217e-01
1.985999999999999155e-01
1.565999999999999615e-01
7.390000000000002123e-02
1.469999999999999363e-01
2.114000000000000323e-01
1.859999999999999154e-01
5.408000000000000584e-01
3.025999999999999246e-01
2.124999999999999667e-01
7.190000000000001945e-02
7.519999999999998908e-02
1.156000000000000361e-01
1.783000000000000140e-01
8.060000000000007436e-02
1.753000000000000391e-01
1.274000000000000132e-01
2.140999999999999848e-01
2.240999999999999936e-01
1.270999999999999908e-01
7.239999999999999214e-02
1.196000000000000119e-01
1.646999999999999298e-01
3.466000000000000747e-01
7.817999999999999394e-01
1.925999999999999657e-01
2.459999999999999687e-01
3.336999999999999966e-01
2.828000000000000513e-01
1.287999999999999701e-01
1.626000000000000778e-01
1.546999999999999209e-01
8.312000000000000499e-01
9.312999999999999057e-01
3.082999999999999075e-01
2.930000000000000382e-01
2.716000000000000636e-01
9.553999999999998050e-01
3.447000000000000064e-01
3.988999999999998103e-01
2.170000000000000262e-01
1.210000000000001075e-01
1.492999999999998495e-01
1.468000000000000416e-01
2.286999999999999589e-01
2.194999999999999729e-01
2.092000000000000803e-01
1.334999999999999520e-01
1.546999999999999764e-01
2.093999999999999750e-01
1.159999999999999920e-01
1.781000000000000916e-01
2.735999999999998433e-01
3.839999999999999525e-01
2.254000000000001003e-01
6.538000000000000478e-01
6.203999999999999515e-01
4.916999999999998594e-01
2.141000000000001791e-01
2.560999999999998833e-01
8.633999999999998343e-01
9.505000000000000115e-01
3.317000000000002169e-01
1.795000000000001039e-01
3.131999999999999784e-01
4.829999999999998184e-01
7.436999999999998057e-01
3.116000000000000991e-01
4.498999999999998556e-01
2.846000000000000196e-01
1.945000000000000062e-01
1.601000000000001033e-01
4.454999999999998406e-01
7.318000000000002281e-01
6.030999999999998584e-01
4.487000000000000433e-01
3.511999999999997901e-01
4.955000000000002736e-01
3.484000000000001540e-01
5.630000000000007221e-02
2.111000000000001209e-01
3.366999999999997772e-01
1.589000000000000412e-01
1.787000000000000810e-01
4.860999999999998100e-01
4.922999999999997378e-01
6.254999999999997229e-01
8.574999999999999289e-01
4.525000000000001243e-01
5.680999999999999384e-01
1.749000000000000832e-01
3.440999999999995729e-01
4.165000000000003144e-01
5.322000000000000064e-01
2.051999999999997160e-01
3.655000000000002136e-01
2.450999999999997070e-01
3.306999999999997164e-01
4.797999999999999488e-01
2.392000000000003013e-01
1.740000000000000435e-01
8.094999999999998863e-01
1.146900000000000031e+00
2.521000000000001573e-01
2.379999999999998228e-01
1.893000000000005234e-01
2.494999999999998885e-01
3.415999999999996817e-01
3.917999999999998151e-01
2.545000000000003371e-01
1.766999999999999682e-01
1.922000000000002040e-01
2.408000000000003471e-01
2.226000000000001311e-01
2.835000000000001408e-01
9.149999999999999245e-01
2.418000000000002370e-01
5.309999999999996945e-01
5.112000000000000988e-01
5.534000000000001140e-01
3.549000000000005484e-01
2.323000000000002840e-01
2.302000000000001267e-01
2.324000000000003285e-01
2.054000000000002213e-01
2.722999999999998755e-01
3.103999999999997872e-01
6.973000000000002530e-01
1.159999999999998532e-01
6.285000000000002807e-01
1.538000000000001588e-01
2.202999999999994962e-01
6.807999999999998497e-01
4.639000000000002011e-01
2.447000000000001951e-01
2.409999999999995479e-01
5.178000000000002601e-01
1.765000000000000457e-01
1.186999999999995559e-01
1.554999999999997218e-01
2.882000000000002338e-01
1.911000000000003252e-01
7.804000000000002046e-01
5.171999999999996600e-01
4.491999999999996551e-01
2.787999999999997702e-01
3.596000000000002528e-01
1.128000000000000669e-01
1.882999999999999674e-01
1.283000000000003027e-01
1.722000000000001307e-01
2.190000000000000835e-01
2.995999999999997554e-01
1.559000000000003994e-01
4.490000000000005098e-01
3.700999999999999290e-01
1.972999999999995313e-01
2.420999999999997598e-01
1.897000000000000908e-01
1.281699999999999617e+00
9.883000000000000673e-01
3.133000000000003560e-01
5.347999999999997200e-01
2.655000000000001803e-01
1.770000000000001572e-01
1.787999999999999590e-01
7.083000000000003737e-01
7.826999999999996183e-01
9.516000000000003345e-01
2.408999999999997810e-01
3.309999999999996834e-01
1.165999999999998427e-01
1.657000000000000972e-01
5.065000000000002833e-01
1.552999999999997716e-01
3.153999999999998471e-01
3.698000000000000176e-01
2.690999999999996728e-01
2.876000000000002998e-01
4.234999999999999876e-01
4.139000000000000457e-01
3.484000000000000430e-01
5.705000000000000071e-01
5.772999999999999243e-01
8.188999999999998503e-01
1.952000000000000401e-01
1.090000000000001801e-01
7.156999999999995588e-01
2.259999999999997011e-01
2.119999999999996332e-01
2.228999999999998760e-01
1.872000000000000886e-01
2.027999999999995917e-01
1.519999999999993023e-01
1.704999999999993188e-01
2.740999999999996772e-01
3.045999999999997043e-01
3.036999999999995259e-01
5.115999999999998327e-01
3.448000000000003284e-01
1.357999999999995877e-01
8.239999999999925162e-02
1.266000000000001013e-01
2.029999999999998472e-01
1.607999999999996099e-01
2.871999999999993447e-01
2.132000000000002782e-01
2.694000000000006945e-01
1.985000000000006204e-01
3.638999999999996127e-01
4.024999999999998579e-01
1.915000000000002811e-01
2.460999999999995413e-01
