1.293999999999999873e-01
8.639999999999997682e-02
1.401000000000000023e-01
2.056999999999999940e-01
1.050999999999999990e-01
1.239999999999999991e-01
7.520000000000000295e-02
1.836000000000000132e-01
1.902999999999999969e-01
1.381999999999999895e-01
6.829999999999998572e-02
2.001000000000000001e-01
1.258999999999999841e-01
1.177999999999999881e-01
1.725000000000000144e-01
1.738000000000000100e-01
1.335999999999999965e-01
1.061999999999999889e-01
8.730000000000000260e-02
9.800000000000001765e-02
4.370000000000000967e-02
1.159000000000000030e-01
2.283000000000000029e-01
1.523000000000000187e-01
1.895999999999999908e-01
1.416999999999999926e-01
7.299999999999999545e-02
8.560000000000000941e-02
1.213000000000000189e-01
8.279999999999999860e-02
9.389999999999996960e-02
1.345000000000000084e-01
5.930000000000001242e-02
1.262999999999999678e-01
7.289999999999999258e-02
1.066000000000000142e-01
9.860000000000000708e-02
2.477999999999999925e-01
1.811000000000000110e-01
1.160000000000000198e-01
1.738000000000000378e-01
1.015000000000000346e-01
1.185999999999999832e-01
2.281999999999999862e-01
3.062999999999999612e-01
2.273999999999999355e-01
1.350999999999999979e-01
7.769999999999999130e-02
8.199999999999996181e-02
1.081999999999999629e-01
9.430000000000007820e-02
9.360000000000007203e-02
7.480000000000003313e-02
9.070000000000000284e-02
1.174000000000000044e-01
1.255999999999999894e-01
1.770999999999999241e-01
1.592999999999999972e-01
1.420000000000000151e-01
1.536000000000000421e-01
1.657000000000000139e-01
1.073999999999999955e-01
1.171000000000000235e-01
9.780000000000001192e-02
6.279999999999996696e-02
8.739999999999994995e-02
9.320000000000001894e-02
1.170999999999999958e-01
9.779999999999998417e-02
7.590000000000005076e-02
2.250999999999999668e-01
1.313999999999999890e-01
1.455000000000000182e-01
1.841999999999999749e-01
1.007000000000000395e-01
1.133000000000000534e-01
4.649999999999996497e-02
6.509999999999994957e-02
1.166999999999999427e-01
1.947000000000000397e-01
2.339999999999999858e-01
1.892999999999999683e-01
1.652000000000000135e-01
7.530000000000000582e-02
1.244999999999999996e-01
8.889999999999996516e-02
7.660000000000000142e-02
1.245000000000000273e-01
1.790999999999999814e-01
1.603000000000000536e-01
5.830000000000001154e-02
1.456000000000000349e-01
6.940000000000000335e-02
1.645000000000000351e-01
1.822000000000000286e-01
1.218999999999999945e-01
1.763999999999999735e-01
1.823999999999999233e-01
8.520000000000005347e-02
1.482000000000000817e-01
2.106999999999999151e-01
1.222300000000000164e+00
4.611000000000000099e-01
1.179000000000000603e-01
2.772000000000001130e-01
2.305000000000000382e-01
1.720999999999999197e-01
1.541999999999999482e-01
2.132999999999999896e-01
1.906000000000000472e-01
8.009999999999999065e-02
8.989999999999989666e-02
1.477000000000000257e-01
7.599999999999998423e-02
5.629999999999994731e-02
7.899999999999997302e-02
1.104999999999999871e-01
2.047999999999999543e-01
6.829999999999998572e-02
9.299999999999995770e-02
2.340999999999999193e-01
1.749999999999999056e-01
1.648999999999999355e-01
8.729999999999997484e-02
2.474000000000000643e-01
1.425000000000000155e-01
2.111999999999999433e-01
1.437999999999999279e-01
9.740000000000000047e-02
7.479999999999990823e-02
1.432999999999999552e-01
1.467999999999999861e-01
1.460000000000000187e-01
2.616999999999998772e-01
2.393000000000000127e-01
2.086999999999999966e-01
2.402000000000000246e-01
2.214999999999999747e-01
1.045999999999998598e-01
1.794999999999999651e-01
1.533999999999998975e-01
1.363999999999999657e-01
1.815999999999999281e-01
9.319999999999990792e-02
1.284999999999998366e-01
7.750000000000001332e-02
1.073999999999999955e-01
1.152000000000001217e-01
1.819000000000001727e-01
2.081000000000000627e-01
1.901999999999998692e-01
1.453999999999999182e-01
7.960000000000005960e-02
8.380000000000006888e-02
1.029000000000000331e-01
1.239000000000001073e-01
1.610999999999999099e-01
1.183999999999999775e-01
1.841000000000000969e-01
3.138999999999999568e-01
7.650000000000001243e-01
2.992000000000001325e-01
9.930000000000005489e-02
6.880000000000000004e-02
2.722999999999999310e-01
2.004000000000000503e-01
1.295000000000000040e-01
1.725999999999998646e-01
3.041999999999999149e-01
2.339000000000000801e-01
7.610000000000019527e-02
2.599000000000001864e-01
1.979000000000002424e-01
5.190000000000005720e-02
6.710000000000007625e-02
6.900000000000006128e-02
2.299999999999996492e-02
1.523999999999999799e-01
8.740000000000003322e-02
1.087999999999999801e-01
1.574999999999998901e-01
2.104999999999999372e-01
4.343000000000000194e-01
3.496999999999998998e-01
5.080000000000000071e-01
7.468000000000000194e-01
3.922999999999998710e-01
3.468999999999999306e-01
7.657000000000000473e-01
3.918999999999999151e-01
2.441999999999999449e-01
1.007000000000001227e-01
2.683999999999999719e-01
2.520000000000001128e-01
1.583000000000000795e-01
6.469999999999997975e-02
8.750000000000002220e-02
9.050000000000005262e-02
8.630000000000004334e-02
9.790000000000009805e-02
1.688999999999999946e-01
1.922999999999998877e-01
1.632999999999998342e-01
3.317999999999998173e-01
3.347999999999998200e-01
1.100999999999998924e-01
2.220000000000001694e-01
1.431999999999999940e-01
9.650000000000003020e-02
1.900000000000000855e-01
1.766999999999999960e-01
4.870999999999998664e-01
2.433999999999997832e-01
1.617999999999999161e-01
2.102999999999997927e-01
2.512999999999998568e-01
3.174000000000001820e-01
1.073000000000000620e-01
1.070999999999999175e-01
8.429999999999998606e-02
1.247000000000000608e-01
7.230000000000011418e-02
1.204999999999999127e-01
1.544999999999999152e-01
5.486999999999998545e-01
2.321999999999998232e-01
3.550000000000000377e-01
2.071999999999999675e-01
6.819999999999992735e-02
1.003999999999999615e-01
1.314000000000000445e-01
8.519999999999999796e-02
1.984999999999999820e-01
5.114000000000000767e-01
2.848999999999998756e-01
4.495000000000000107e-01
2.174999999999999434e-01
3.720999999999999863e-01
7.389999999999999902e-01
5.603000000000000203e-01
3.975999999999997869e-01
3.452000000000000068e-01
8.508000000000001117e-01
4.988000000000000766e-01
3.089999999999998859e-01
2.249999999999999500e-01
1.418999999999998873e-01
1.877999999999999114e-01
2.217999999999998861e-01
