1.063999999999999946e-01
2.390999999999999792e-01
1.416000000000000036e-01
1.107000000000000067e-01
1.828000000000000180e-01
1.449000000000000010e-01
4.869999999999999329e-02
1.171999999999999986e-01
1.164000000000000035e-01
1.287000000000000088e-01
1.184999999999999803e-01
9.390000000000001124e-02
1.833000000000000185e-01
1.818000000000000171e-01
2.883999999999999897e-01
2.926999999999999602e-01
1.562000000000000055e-01
3.336000000000000076e-01
3.045999999999999819e-01
1.865000000000000269e-01
2.834999999999999742e-01
2.294999999999999818e-01
2.180999999999999883e-01
2.585999999999999965e-01
1.585000000000000020e-01
3.569999999999998175e-02
1.139000000000000012e-01
1.020999999999999963e-01
1.552999999999999658e-01
2.488000000000000211e-01
1.021999999999999992e-01
1.529999999999999971e-01
2.449000000000000066e-01
1.892999999999999960e-01
1.522999999999999909e-01
1.841999999999999749e-01
1.031000000000000111e-01
1.713000000000000356e-01
3.022000000000000242e-01
2.017999999999999794e-01
1.848999999999999810e-01
2.464999999999999691e-01
2.726999999999999980e-01
1.330000000000000071e-01
8.319999999999998230e-02
1.386000000000000010e-01
2.013000000000000067e-01
2.636999999999999900e-01
2.007000000000000173e-01
5.750000000000000666e-01
4.413000000000000256e-01
4.698000000000001064e-01
1.708999999999999408e-01
7.639999999999996794e-02
9.630000000000002447e-02
1.102999999999999259e-01
8.030000000000001026e-02
1.195000000000000229e-01
3.929999999999999466e-02
2.108000000000000429e-01
2.282000000000000417e-01
3.326999999999999957e-01
4.595999999999999530e-01
3.745999999999999885e-01
5.306999999999999496e-01
1.780999999999999805e-01
4.677999999999999936e-01
2.142999999999999905e-01
7.610000000000001485e-02
3.202999999999999181e-01
1.513999999999999235e-01
2.056999999999999940e-01
1.431999999999999940e-01
1.043000000000000316e-01
1.280999999999999917e-01
1.905000000000000304e-01
2.234000000000000430e-01
2.048999999999999710e-01
1.759000000000000563e-01
1.613999999999999879e-01
1.237999999999999934e-01
1.446999999999999953e-01
2.138000000000000456e-01
1.449000000000000288e-01
1.486999999999999711e-01
1.955000000000000071e-01
2.081999999999999407e-01
2.494999999999999440e-01
3.275999999999999468e-01
2.868999999999998773e-01
1.174000000000000321e-01
9.990000000000009983e-02
8.379999999999988847e-02
1.673999999999999932e-01
1.260999999999999621e-01
1.597999999999999421e-01
2.697999999999999288e-01
2.111999999999999156e-01
2.134999999999998566e-01
2.381999999999999118e-01
1.986999999999999322e-01
2.244000000000000994e-01
1.528000000000000747e-01
9.709999999999999187e-02
9.800000000000000377e-02
6.499999999999996059e-02
1.847999999999999921e-01
8.320000000000009333e-02
2.200999999999999901e-01
1.515000000000000790e-01
9.150000000000002576e-02
1.411999999999999922e-01
1.843999999999999806e-01
2.608999999999999653e-01
2.913999999999999924e-01
2.275000000000000910e-01
2.097000000000000808e-01
4.162000000000000144e-01
3.158999999999999586e-01
6.729999999999998483e-02
2.190999999999999892e-01
2.239000000000000157e-01
1.810999999999999555e-01
1.669000000000000206e-01
1.518000000000000460e-01
9.350000000000002753e-02
3.173000000000000820e-01
2.065000000000000169e-01
2.280999999999999972e-01
8.450000000000003342e-02
7.580000000000002014e-02
1.109000000000000263e-01
6.420000000000009033e-02
1.165000000000000341e-01
7.569999999999996176e-02
8.770000000000000018e-02
2.903000000000000025e-01
9.330000000000002180e-02
1.377999999999998948e-01
1.277999999999998582e-01
8.550000000000013145e-02
1.307000000000000661e-01
4.565000000000001279e-01
4.365999999999999881e-01
2.308000000000000052e-01
2.236000000000000210e-01
1.591999999999999804e-01
2.680999999999999495e-01
1.950999999999999956e-01
1.717000000000000748e-01
1.002999999999999309e-01
1.751999999999999391e-01
2.543999999999999040e-01
1.127000000000000224e-01
1.380999999999999728e-01
7.131000000000000671e-01
7.804000000000000936e-01
5.661999999999999256e-01
2.725999999999999535e-01
3.662000000000001365e-01
1.832000000000000295e-01
2.817000000000000615e-01
2.060000000000000719e-01
2.018000000000000071e-01
9.190000000000006497e-02
1.429000000000000548e-01
2.430999999999999828e-01
3.434000000000000385e-01
1.165000000000000757e-01
5.310000000000007075e-02
1.023000000000000576e-01
1.074999999999999983e-01
2.861999999999998989e-01
9.750000000000011435e-02
1.653999999999999915e-01
3.029000000000000026e-01
2.244999999999999774e-01
2.074999999999999345e-01
2.282999999999999474e-01
3.396000000000000130e-01
3.138000000000000789e-01
7.330000000000000404e-02
3.910000000000007914e-02
9.720000000000006413e-02
4.593999999999999750e-01
4.734000000000000430e-01
1.283000000000000251e-01
4.703000000000001624e-01
4.449999999999999512e-01
2.444000000000000616e-01
2.052000000000001045e-01
2.366999999999999660e-01
2.125000000000000222e-01
9.379999999999999449e-02
2.013999999999999957e-01
3.092000000000000304e-01
1.575000000000000011e-01
6.799000000000000599e-01
4.082999999999999963e-01
3.330000000000000182e-01
8.610999999999999766e-01
2.661000000000000032e-01
4.696000000000000174e-01
2.078000000000000402e-01
1.327999999999999736e-01
1.125999999999999640e-01
5.330000000000000016e-02
1.507999999999999896e-01
1.120999999999999636e-01
2.551999999999999824e-01
3.173999999999999044e-01
3.625000000000000444e-01
7.397999999999999021e-01
3.924999999999999600e-01
6.845999999999998753e-01
3.496000000000000218e-01
3.093000000000000194e-01
3.571000000000000285e-01
1.317999999999999450e-01
1.707000000000000739e-01
3.032000000000001361e-01
2.128999999999999782e-01
1.606999999999999540e-01
2.597000000000000419e-01
2.355999999999999206e-01
2.903999999999999915e-01
4.495000000000000107e-01
2.232999999999999985e-01
2.154000000000000081e-01
1.555000000000000271e-01
1.562000000000000055e-01
2.731000000000000094e-01
2.579000000000000736e-01
1.932999999999999718e-01
1.040999999999999703e-01
1.120000000000000578e-01
2.321000000000000008e-01
2.616999999999999327e-01
3.267999999999999794e-01
4.343000000000000749e-01
1.745000000000000717e-01
1.514999999999999958e-01
1.686999999999999333e-01
1.065999999999999170e-01
1.164000000000000867e-01
7.910000000000000364e-02
1.638999999999999624e-01
1.269999999999999185e-01
2.466999999999999749e-01
