9.910000000000000753e-02
1.146999999999999825e-01
9.900000000000000466e-02
2.145000000000000240e-01
2.378999999999999726e-01
1.507999999999999896e-01
1.472999999999999865e-01
1.088000000000000078e-01
1.583999999999999853e-01
3.522999999999999465e-01
2.260999999999999677e-01
6.229999999999996652e-02
1.708999999999999964e-01
4.330999999999999850e-01
1.265999999999999903e-01
6.990000000000000380e-02
1.261999999999999789e-01
7.570000000000000340e-02
7.040000000000004587e-02
2.212000000000000077e-01
9.179999999999996496e-02
1.716000000000000025e-01
2.531999999999999806e-01
2.898999999999999355e-01
3.285000000000000142e-01
1.561000000000000165e-01
1.741999999999999937e-01
8.840000000000000635e-02
1.152999999999999997e-01
6.770000000000003793e-02
3.000000000000001971e-02
1.908000000000000251e-01
2.112999999999999878e-01
1.965000000000000635e-01
2.046000000000000874e-01
1.577000000000000068e-01
9.400000000000002798e-02
1.505999999999999561e-01
2.580000000000000071e-01
2.302999999999999770e-01
4.029999999999999694e-01
2.463999999999999524e-01
1.274000000000000132e-01
1.877999999999999670e-01
2.369999999999999329e-01
2.068000000000000116e-01
3.109999999999999987e-01
3.363999999999999768e-01
2.396000000000000074e-01
1.111000000000000182e-01
1.305999999999999939e-01
1.033999999999999642e-01
1.264999999999999736e-01
1.625000000000000333e-01
1.723999999999999699e-01
1.904999999999999749e-01
7.690000000000001001e-02
1.102999999999999536e-01
1.872000000000000330e-01
1.377999999999999503e-01
1.184000000000000746e-01
2.265000000000000346e-01
2.673999999999999710e-01
2.048999999999999155e-01
2.435999999999999832e-01
2.084000000000000852e-01
1.756000000000000338e-01
1.114999999999999464e-01
2.400000000000006295e-02
1.191000000000000253e-01
1.184000000000000330e-01
5.870000000000005769e-02
6.129999999999996563e-02
1.944999999999999230e-01
1.816999999999999726e-01
3.204000000000000181e-01
2.044999999999999596e-01
1.168999999999999762e-01
1.652000000000000135e-01
1.593000000000000249e-01
1.606000000000000205e-01
1.101999999999999369e-01
1.294999999999999762e-01
3.430000000000005267e-02
1.093999999999999972e-01
5.560000000000003828e-02
2.112999999999999878e-01
1.846999999999999753e-01
1.626999999999999835e-01
3.169999999999999485e-01
5.407000000000000695e-01
3.402000000000001134e-01
2.355999999999999484e-01
2.291000000000000536e-01
2.908000000000000584e-01
7.109999999999998266e-02
1.139000000000000012e-01
1.589000000000000412e-01
2.083999999999999186e-01
1.501000000000000112e-01
1.496999999999999442e-01
1.547999999999999376e-01
1.013000000000000150e-01
1.618999999999999884e-01
1.497000000000000552e-01
2.128000000000000447e-01
1.605000000000000870e-01
9.239999999999999603e-02
1.779000000000000026e-01
1.282999999999999419e-01
1.868000000000000771e-01
1.034000000000000752e-01
7.890000000000010894e-02
1.027000000000000274e-01
1.422000000000000486e-01
1.384999999999999287e-01
1.502999999999998781e-01
9.809999999999995113e-02
1.350999999999999979e-01
1.700999999999999734e-01
7.620000000000003160e-02
1.675000000000000933e-01
1.096999999999998948e-01
1.048000000000000598e-01
1.058999999999999386e-01
9.779999999999994253e-02
7.540000000000006419e-02
1.333000000000000851e-01
9.330000000000013283e-02
1.242999999999999383e-01
1.064000000000001056e-01
1.404999999999999583e-01
2.701999999999999957e-01
1.875000000000000555e-01
1.977000000000000424e-01
1.723000000000000365e-01
2.127999999999999892e-01
6.610000000000001985e-02
8.919999999999997375e-02
8.340000000000002967e-02
1.155000000000000887e-01
2.078999999999999737e-01
1.661999999999999034e-01
1.381999999999999063e-01
3.839999999999991337e-02
2.052999999999999270e-01
8.900000000000003741e-02
2.166000000000000147e-01
2.185999999999999610e-01
1.722000000000000752e-01
2.452000000000000568e-01
2.267999999999999738e-01
2.546999999999999820e-01
1.755999999999999783e-01
1.346000000000000252e-01
1.673999999999999932e-01
2.297000000000000153e-01
1.664999999999999813e-01
1.323999999999999622e-01
1.266999999999999793e-01
8.720000000000002749e-02
5.530000000000002969e-02
5.630000000000014854e-02
1.943000000000000282e-01
1.910000000000000309e-01
1.066000000000000003e-01
2.470999999999999308e-01
3.248000000000000886e-01
1.531999999999998918e-01
1.564000000000000945e-01
1.052000000000000157e-01
1.691999999999999893e-01
1.070999999999999452e-01
1.401000000000000023e-01
1.101999999999999647e-01
1.177000000000001517e-01
1.940999999999998282e-01
1.492999999999998773e-01
8.609999999999998210e-02
2.174999999999999156e-01
2.048999999999999155e-01
2.212000000000000355e-01
5.620000000000001383e-02
1.802000000000000823e-01
1.492000000000000270e-01
1.719000000000000250e-01
2.103000000000000147e-01
1.227999999999999647e-01
1.400000000000000411e-01
2.283999999999998809e-01
2.326999999999999624e-01
1.713999999999999968e-01
2.510999999999999344e-01
1.091099999999999959e+00
1.141399999999999970e+00
4.382999999999999674e-01
1.685999999999999721e-01
2.768999999999999795e-01
2.434000000000000608e-01
8.340000000000008518e-02
2.066000000000000614e-01
1.920999999999999652e-01
7.280000000000004523e-02
1.158999999999998920e-01
1.979999999999999816e-01
1.130999999999999089e-01
1.109999999999999598e-01
9.710000000000011677e-02
1.434000000000000830e-01
1.452000000000000512e-01
1.114999999999998492e-01
1.492000000000000548e-01
1.901000000000001022e-01
2.242000000000000937e-01
1.769999999999999352e-01
3.070999999999998731e-01
3.892999999999999794e-01
1.150000000000000466e-01
1.064999999999997893e-01
1.164999999999999925e-01
1.080999999999998351e-01
6.859999999999988329e-02
1.001999999999997892e-01
1.054999999999998994e-01
1.763999999999998625e-01
7.169999999999997209e-02
1.073999999999998567e-01
1.045999999999999153e-01
1.659999999999999809e-01
9.470000000000011742e-02
8.639999999999983804e-02
1.069999999999999840e-01
1.084000000000002323e-01
1.437000000000000222e-01
9.619999999999991058e-02
1.314000000000000445e-01
1.614999999999998659e-01
1.403999999999998582e-01
2.046000000000000596e-01
1.946000000000001062e-01
3.689999999999999392e-01
4.366000000000000991e-01
2.358000000000001484e-01
2.727000000000000535e-01
2.337999999999999245e-01
2.485999999999999321e-01
1.474000000000000310e-01
2.128000000000001002e-01
1.265999999999999348e-01
