6.419999999999999318e-02
4.700000000000000011e-02
1.013000000000000012e-01
8.259999999999999287e-02
7.629999999999999283e-02
9.410000000000000309e-02
1.084999999999999992e-01
9.199999999999999845e-02
1.063999999999999946e-01
8.619999999999998497e-02
6.049999999999999822e-02
9.919999999999999651e-02
1.655999999999999972e-01
1.508999999999999786e-01
1.209999999999999964e-01
9.180000000000000659e-02
7.050000000000000711e-02
7.049999999999997935e-02
1.260000000000000009e-01
1.910000000000000031e-01
1.444000000000000006e-01
3.940000000000000446e-02
9.649999999999998856e-02
1.743999999999999717e-01
1.554999999999999993e-01
1.365999999999999992e-01
7.590000000000000913e-02
1.521000000000000130e-01
2.120000000000000495e-01
1.005000000000000199e-01
6.630000000000001170e-02
1.360000000000000098e-01
1.720999999999999752e-01
1.119999999999999885e-01
1.355999999999999706e-01
1.717000000000000193e-01
1.203000000000000042e-01
4.730000000000002952e-02
6.180000000000002158e-02
6.760000000000003506e-02
1.022000000000000131e-01
1.215000000000000108e-01
9.800000000000001765e-02
9.539999999999995706e-02
7.509999999999997233e-02
1.034000000000000058e-01
1.357000000000000428e-01
1.571000000000000174e-01
1.239999999999999991e-01
7.340000000000000691e-02
6.640000000000000069e-02
1.026000000000000245e-01
2.067999999999999838e-01
6.610000000000003373e-02
1.584000000000000685e-01
8.959999999999998521e-02
1.844000000000000083e-01
5.870000000000002993e-02
1.302999999999998881e-01
1.609999999999998932e-01
1.509999999999999676e-01
3.359999999999993547e-02
1.190999999999999004e-01
2.142999999999999350e-01
1.252000000000000057e-01
1.538999999999999535e-01
8.329999999999995741e-02
1.219999999999999002e-01
2.232999999999999152e-01
2.240000000000000047e-01
1.124000000000001109e-01
1.058999999999999664e-01
7.569999999999987850e-02
7.690000000000010716e-02
2.865999999999999659e-01
1.313999999999999890e-01
1.368000000000000882e-01
1.693999999999999950e-01
1.416000000000000314e-01
1.450999999999998125e-01
1.162999999999999590e-01
2.049999999999999600e-01
5.380000000000011162e-02
9.470000000000010354e-02
1.273000000000001075e-01
1.577000000000000068e-01
1.621999999999999276e-01
3.550000000000005929e-02
1.403000000000000913e-01
1.427999999999999547e-01
1.253999999999999559e-01
1.688999999999998836e-01
8.350000000000001865e-02
2.187999999999998557e-01
7.561999999999999833e-01
5.421999999999999043e-01
1.486000000000000931e-01
1.447999999999998455e-01
6.809999999999979958e-02
1.501999999999999724e-01
1.880999999999999894e-01
1.527999999999999636e-01
1.574999999999999178e-01
1.471999999999999142e-01
1.519999999999999407e-01
1.019000000000001016e-01
1.349000000000002142e-01
1.472000000000001085e-01
1.128000000000000391e-01
1.349000000000000477e-01
1.153999999999998638e-01
1.015999999999998016e-01
1.286999999999999533e-01
1.132999999999999841e-01
1.709999999999997911e-01
1.411999999999997979e-01
1.746000000000000052e-01
1.346000000000001640e-01
1.521000000000000962e-01
8.519999999999985918e-02
1.237999999999999379e-01
1.352000000000000701e-01
1.922000000000000375e-01
1.048000000000000875e-01
1.620999999999999941e-01
1.100000000000000422e-01
1.317999999999999450e-01
1.794000000000001149e-01
1.072000000000000175e-01
1.052999999999998659e-01
6.334999999999999520e-01
3.937999999999999834e-01
9.070000000000000284e-02
1.736000000000000876e-01
1.151999999999998303e-01
1.534999999999999143e-01
9.579999999999996851e-02
9.670000000000028573e-02
1.279000000000001525e-01
1.841000000000000414e-01
1.649999999999998690e-01
1.688000000000000056e-01
1.677999999999999770e-01
1.033000000000000862e-01
8.840000000000011737e-02
1.582999999999998297e-01
1.847999999999999088e-01
1.549999999999998879e-01
1.286000000000000199e-01
7.809999999999986398e-02
2.205000000000001403e-01
9.329999999999988303e-02
9.500000000000002887e-02
1.461000000000001464e-01
3.441999999999998949e-01
4.006999999999998341e-01
1.466999999999999693e-01
1.471999999999996922e-01
1.895999999999999353e-01
1.459999999999999909e-01
1.386999999999999900e-01
1.181999999999998052e-01
2.069999999999998508e-01
2.080000000000000182e-01
3.813000000000001388e-01
2.909000000000001585e-01
1.934000000000004049e-01
2.362000000000001043e-01
9.120000000000000329e-02
6.909999999999993925e-02
1.232000000000001150e-01
1.346000000000003305e-01
6.060000000000020232e-02
3.037000000000000255e-01
2.232999999999997764e-01
1.759000000000002228e-01
9.790000000000019520e-02
1.242000000000002546e-01
6.229999999999988325e-02
8.480000000000020854e-02
2.403999999999999471e-01
6.236000000000000432e-01
3.558999999999998831e-01
4.394000000000000683e-01
3.409999999999999143e-01
1.763999999999998625e-01
1.243000000000000493e-01
5.149999999999987921e-02
1.661000000000000254e-01
1.184999999999999942e-01
1.202999999999998793e-01
1.085999999999999049e-01
1.266999999999997573e-01
1.415999999999998371e-01
7.560000000000019482e-02
1.872000000000003661e-01
7.267999999999996685e-01
3.719000000000000083e-01
1.752999999999999836e-01
5.615000000000001101e-01
3.309999999999999609e-01
1.664000000000001034e-01
1.650999999999999690e-01
3.082999999999999075e-01
2.663000000000002032e-01
1.482000000000001094e-01
1.562999999999998002e-01
4.490000000000024527e-02
1.732000000000003537e-01
1.949000000000000732e-01
9.989999999999990554e-02
1.169999999999999235e-01
9.480000000000010640e-02
6.120000000000012236e-02
9.020000000000016893e-02
1.068999999999999811e-01
2.012999999999999790e-01
1.264000000000003732e-01
1.628000000000001946e-01
1.313999999999997392e-01
1.140000000000002262e-01
9.719999999999964779e-02
1.151000000000001744e-01
2.050999999999999490e-01
2.182999999999999385e-01
2.238000000000000544e-01
6.860000000000000819e-02
1.943999999999999062e-01
1.833000000000000462e-01
7.129999999999998839e-02
1.206999999999999740e-01
8.109999999999983888e-02
4.010000000000023268e-02
1.484000000000003650e-01
1.934000000000001551e-01
1.347000000000002640e-01
1.179999999999999938e-01
1.256999999999998119e-01
1.475000000000001033e-01
1.523000000000004905e-01
1.784000000000000030e-01
1.481000000000000649e-01
1.717000000000000470e-01
2.434999999999998554e-01
1.991999999999997106e-01
2.961999999999999078e-01
1.494999999999997442e-01
1.671999999999998765e-01
6.260000000000039144e-02
