5.480000000000000149e-02
7.490000000000000824e-02
6.150000000000000605e-02
8.999999999999999667e-02
7.510000000000000009e-02
6.040000000000000230e-02
4.540000000000000979e-02
6.759999999999999343e-02
9.679999999999999716e-02
7.000000000000000666e-02
7.230000000000000315e-02
7.259999999999999787e-02
7.929999999999999549e-02
3.640000000000000180e-02
4.560000000000000164e-02
3.359999999999999792e-02
8.840000000000000635e-02
1.257999999999999952e-01
2.051999999999999935e-01
7.929999999999999549e-02
1.050999999999999990e-01
1.113999999999999990e-01
9.410000000000001696e-02
9.090000000000000857e-02
6.410000000000000420e-02
4.520000000000000406e-02
5.449999999999999289e-02
3.429999999999999022e-02
3.170000000000000595e-02
3.460000000000000575e-02
8.400000000000000522e-02
6.310000000000000331e-02
1.187999999999999889e-01
7.980000000000000981e-02
6.590000000000000024e-02
3.720000000000001084e-02
7.580000000000000626e-02
1.723000000000000087e-01
8.440000000000000280e-02
9.950000000000000511e-02
1.543000000000000205e-01
7.560000000000000053e-02
4.810000000000001774e-02
6.879999999999998617e-02
4.329999999999999127e-02
8.079999999999998295e-02
8.450000000000000566e-02
5.240000000000000213e-02
1.169999999999999790e-01
1.573999999999999844e-01
8.549999999999999267e-02
1.001999999999999974e-01
1.658999999999999919e-01
9.480000000000000926e-02
7.650000000000001243e-02
9.540000000000001257e-02
9.920000000000001039e-02
9.529999999999999583e-02
3.209999999999999659e-02
1.339000000000000190e-01
1.479000000000000037e-01
5.879999999999999116e-02
7.320000000000000118e-02
1.051000000000000267e-01
9.510000000000001785e-02
1.641000000000000236e-01
1.137000000000000094e-01
4.840000000000001246e-02
6.360000000000001763e-02
8.129999999999999727e-02
9.339999999999998304e-02
1.268000000000000238e-01
3.530000000000000498e-02
5.940000000000000835e-02
9.209999999999995968e-02
8.270000000000000961e-02
7.370000000000002938e-02
4.890000000000002678e-02
8.909999999999997089e-02
6.610000000000001985e-02
1.336999999999999855e-01
8.809999999999997000e-02
1.069000000000000228e-01
5.040000000000000729e-02
1.005999999999999672e-01
1.071999999999999897e-01
7.589999999999999525e-02
1.123999999999999722e-01
8.629999999999998783e-02
3.779999999999998639e-02
8.069999999999999396e-02
2.569999999999997287e-02
1.038999999999999924e-01
1.166999999999999843e-01
6.740000000000000158e-02
8.030000000000001026e-02
8.790000000000000591e-02
8.219999999999998141e-02
9.450000000000002842e-02
6.900000000000000577e-02
1.255999999999999894e-01
1.479000000000000037e-01
1.097000000000000197e-01
6.089999999999998886e-02
1.050000000000000100e-01
1.323000000000000287e-01
1.213000000000000189e-01
2.340999999999999748e-01
2.187999999999999945e-01
7.909999999999997589e-02
8.169999999999999485e-02
9.160000000000000087e-02
9.779999999999999805e-02
1.157000000000000389e-01
7.919999999999999263e-02
7.179999999999996108e-02
1.142999999999999849e-01
1.102999999999999953e-01
1.233999999999999680e-01
1.130000000000000171e-01
7.910000000000004527e-02
3.650000000000003242e-02
4.720000000000001278e-02
4.270000000000002266e-02
1.318999999999999895e-01
7.029999999999997362e-02
1.217000000000000026e-01
1.749999999999999889e-01
8.710000000000001075e-02
7.800000000000001377e-02
9.679999999999999716e-02
8.780000000000001692e-02
9.009999999999999953e-02
8.310000000000000719e-02
1.327000000000000401e-01
1.284000000000000141e-01
1.174999999999999656e-01
1.268999999999999850e-01
7.549999999999996991e-02
7.789999999999999702e-02
9.630000000000001059e-02
7.049999999999999323e-02
5.459999999999999576e-02
9.489999999999998437e-02
9.740000000000001434e-02
7.339999999999999303e-02
9.260000000000001563e-02
1.061999999999999889e-01
1.062999999999999917e-01
1.216000000000000136e-01
1.048999999999999655e-01
9.389999999999996960e-02
8.630000000000000171e-02
9.520000000000000684e-02
7.019999999999995688e-02
8.930000000000000437e-02
9.710000000000001963e-02
8.419999999999999707e-02
7.680000000000000715e-02
1.381999999999999895e-01
1.110000000000000014e-01
6.769999999999999629e-02
8.829999999999997573e-02
1.521000000000000130e-01
9.149999999999998412e-02
7.509999999999997233e-02
4.569999999999999063e-02
8.339999999999998803e-02
4.200000000000000955e-02
1.404000000000000525e-01
1.819000000000000339e-01
5.199999999999998374e-02
9.239999999999996827e-02
9.319999999999994955e-02
1.485999999999999543e-01
1.023999999999999355e-01
1.146999999999999686e-01
1.184000000000000330e-01
8.870000000000000107e-02
1.085999999999999882e-01
1.161999999999999977e-01
9.820000000000002338e-02
1.216000000000000414e-01
1.115999999999999354e-01
1.129999999999999893e-01
7.470000000000000251e-02
1.311000000000000221e-01
3.320000000000000728e-02
9.430000000000000882e-02
1.005999999999999672e-01
7.670000000000001816e-02
5.830000000000001154e-02
6.520000000000003570e-02
1.072000000000000036e-01
7.949999999999995959e-02
8.030000000000002414e-02
9.230000000000004867e-02
7.440000000000006330e-02
6.760000000000002118e-02
4.399999999999999745e-02
5.570000000000004114e-02
5.220000000000000334e-02
7.499999999999998335e-02
4.330000000000001903e-02
9.210000000000002907e-02
1.229000000000000370e-01
8.190000000000000058e-02
3.919999999999997792e-02
4.029999999999996779e-02
8.290000000000002922e-02
5.029999999999998361e-02
4.730000000000000177e-02
7.739999999999996882e-02
5.529999999999994642e-02
1.072999999999999649e-01
4.330000000000001209e-02
6.660000000000004805e-02
6.059999999999999415e-02
6.680000000000003990e-02
7.720000000000003249e-02
1.141000000000000070e-01
1.076999999999999902e-01
8.400000000000001910e-02
1.209999999999999964e-01
3.800000000000006151e-02
6.039999999999991903e-02
1.025999999999999829e-01
5.529999999999998112e-02
1.489999999999999658e-01
1.120999999999999774e-01
8.080000000000005234e-02
7.099999999999997979e-02
1.418999999999999706e-01
1.079999999999999988e-01
1.254000000000000670e-01
7.749999999999997169e-02
5.800000000000004458e-02
9.530000000000002358e-02
4.999999999999997502e-02
8.639999999999997682e-02
1.209000000000000075e-01
6.620000000000000884e-02
7.749999999999999944e-02
5.970000000000000306e-02
4.679999999999999438e-02
3.839999999999994806e-02
6.530000000000001081e-02
7.569999999999997564e-02
2.140000000000004399e-02
