6.560000000000000553e-02
1.049999999999999822e-01
8.749999999999999445e-02
1.464000000000000024e-01
1.571000000000000174e-01
1.174000000000000044e-01
5.270000000000001072e-02
7.930000000000000937e-02
8.359999999999999376e-02
7.979999999999999594e-02
7.529999999999999194e-02
7.280000000000000360e-02
1.078000000000000069e-01
1.539999999999999980e-01
1.863000000000000211e-01
1.899000000000000132e-01
1.159999999999999920e-01
5.559999999999998971e-02
5.380000000000000060e-02
9.190000000000000946e-02
1.424999999999999878e-01
1.014999999999999930e-01
1.116999999999999937e-01
1.048999999999999932e-01
1.290999999999999925e-01
7.050000000000000711e-02
8.569999999999999840e-02
3.679999999999999938e-02
3.769999999999999046e-02
7.760000000000000231e-02
1.318000000000000005e-01
1.161999999999999977e-01
7.580000000000000626e-02
6.140000000000001013e-02
7.070000000000001283e-02
7.260000000000001175e-02
7.910000000000000364e-02
6.790000000000000202e-02
1.431000000000000050e-01
1.123000000000000109e-01
7.369999999999998774e-02
4.589999999999998942e-02
7.039999999999999036e-02
7.559999999999997278e-02
7.459999999999999964e-02
6.880000000000000004e-02
1.015999999999999959e-01
1.048000000000000043e-01
8.890000000000002067e-02
6.370000000000002049e-02
7.700000000000001288e-02
1.270999999999999908e-01
9.539999999999998481e-02
1.061999999999999750e-01
1.092000000000000054e-01
9.300000000000001321e-02
9.459999999999998965e-02
9.400000000000000022e-02
8.459999999999999465e-02
9.030000000000001914e-02
7.359999999999999876e-02
1.105000000000000426e-01
1.429000000000000270e-01
9.589999999999999913e-02
6.159999999999996728e-02
4.699999999999998623e-02
4.580000000000000737e-02
7.560000000000002829e-02
6.380000000000000948e-02
2.760000000000000300e-02
8.119999999999999440e-02
1.216000000000000136e-01
1.534000000000000363e-01
5.950000000000003897e-02
5.320000000000001117e-02
1.082000000000000184e-01
1.057999999999999913e-01
1.270999999999999908e-01
1.139000000000000290e-01
8.250000000000001776e-02
1.349999999999999811e-01
6.880000000000000004e-02
5.760000000000001924e-02
3.830000000000000071e-02
5.479999999999998761e-02
1.102999999999999953e-01
1.335999999999999965e-01
1.179999999999999938e-01
9.450000000000001454e-02
1.119000000000000133e-01
8.680000000000002991e-02
1.240999999999999881e-01
1.378999999999999948e-01
8.750000000000000833e-02
6.130000000000000726e-02
1.014000000000000179e-01
1.129000000000000004e-01
8.280000000000002636e-02
1.042999999999999899e-01
5.950000000000003897e-02
5.810000000000001275e-02
7.220000000000004192e-02
9.199999999999999845e-02
1.134000000000000008e-01
1.078999999999999682e-01
1.074999999999999845e-01
4.839999999999999858e-02
5.759999999999996373e-02
7.889999999999997016e-02
8.270000000000002349e-02
1.040000000000000091e-01
8.960000000000001297e-02
8.520000000000003959e-02
1.091000000000000025e-01
8.700000000000002176e-02
1.168999999999999762e-01
1.617999999999999994e-01
9.579999999999999627e-02
1.027999999999999747e-01
1.169000000000000039e-01
3.710000000000003573e-02
7.339999999999996527e-02
1.431000000000000327e-01
7.440000000000000779e-02
7.959999999999997633e-02
1.252000000000000057e-01
5.099999999999997591e-02
2.589999999999995084e-02
8.959999999999992970e-02
1.741000000000000325e-01
1.068000000000000060e-01
9.800000000000000377e-02
1.263000000000000234e-01
7.280000000000003135e-02
3.490000000000002822e-02
1.157999999999999863e-01
9.689999999999998614e-02
1.612000000000000099e-01
9.570000000000002116e-02
7.100000000000000755e-02
1.065999999999999864e-01
1.268999999999999850e-01
9.109999999999998654e-02
6.759999999999999343e-02
5.600000000000001504e-02
6.559999999999999165e-02
1.529000000000000081e-01
1.048999999999999655e-01
6.250000000000001388e-02
7.679999999999999327e-02
1.116000000000000048e-01
1.268999999999999850e-01
1.557000000000000051e-01
8.470000000000005302e-02
9.380000000000002225e-02
1.045000000000000095e-01
1.391000000000000014e-01
1.098000000000000087e-01
6.129999999999996563e-02
9.800000000000000377e-02
5.869999999999996748e-02
9.159999999999998699e-02
1.123999999999999305e-01
1.159999999999999643e-01
6.959999999999993969e-02
6.350000000000008415e-02
7.670000000000007367e-02
7.000000000000002054e-02
4.209999999999999853e-02
6.389999999999994296e-02
1.540999999999999870e-01
1.215000000000000802e-01
8.549999999999997879e-02
3.559999999999997888e-02
7.419999999999991880e-02
1.308999999999999053e-01
6.850000000000000533e-02
7.310000000000001219e-02
6.800000000000000488e-02
1.445000000000000173e-01
1.006999999999999840e-01
7.400000000000003797e-02
3.869999999999999829e-02
1.282999999999999696e-01
1.043999999999999928e-01
8.800000000000007816e-02
1.101999999999999369e-01
1.154000000000000026e-01
1.371000000000001107e-01
1.203000000000000180e-01
1.088000000000000494e-01
4.480000000000004812e-02
7.980000000000005145e-02
1.415000000000000424e-01
7.759999999999997455e-02
5.819999999999998785e-02
4.659999999999996784e-02
6.260000000000011389e-02
1.904000000000000137e-01
3.145000000000000573e-01
8.849999999999995370e-02
1.094999999999999585e-01
1.305000000000000049e-01
1.831000000000000405e-01
1.889000000000001234e-01
1.067000000000000726e-01
5.919999999999998874e-02
5.080000000000008120e-02
6.409999999999996256e-02
5.410000000000004389e-02
7.609999999999994547e-02
7.059999999999996834e-02
6.719999999999998197e-02
4.939999999999998559e-02
1.095000000000000417e-01
1.151999999999999413e-01
7.650000000000001243e-02
1.198999999999999927e-01
5.619999999999996526e-02
1.518000000000000460e-01
9.909999999999995202e-02
1.203999999999999654e-01
8.850000000000002309e-02
1.106000000000000316e-01
5.480000000000002924e-02
1.311999999999999555e-01
1.449999999999999900e-01
4.260000000000009612e-02
3.130000000000002225e-02
1.392000000000000459e-01
1.378000000000000336e-01
7.930000000000002325e-02
4.490000000000005098e-02
6.290000000000003921e-02
6.930000000000008376e-02
8.250000000000005940e-02
9.490000000000005376e-02
7.899999999999998690e-02
4.869999999999993778e-02
3.589999999999984870e-02
9.769999999999996743e-02
1.852999999999999925e-01
1.297000000000000375e-01
6.380000000000005111e-02
6.289999999999996982e-02
1.649999999999998967e-01
2.419999999999999929e-01
1.529000000000000081e-01
1.541000000000000703e-01
