8.719999999999998586e-02
4.170000000000000373e-01
1.313000000000000000e-01
1.173999999999999905e-01
1.793000000000000149e-01
8.789999999999999203e-02
1.123999999999999999e-01
1.852999999999999925e-01
1.837000000000000299e-01
1.619999999999999774e-01
1.589000000000000135e-01
1.179999999999999938e-01
1.163000000000000422e-01
1.642000000000000126e-01
1.451000000000000068e-01
1.628999999999999615e-01
1.454000000000000292e-01
1.949000000000000177e-01
1.015000000000000069e-01
7.760000000000000231e-02
1.340000000000000080e-01
9.020000000000001628e-02
1.336999999999999578e-01
1.565999999999999892e-01
1.113999999999999435e-01
9.810000000000002052e-02
2.045000000000000429e-01
1.482999999999999874e-01
1.380999999999999450e-01
8.499999999999999223e-02
8.480000000000001426e-02
9.620000000000003548e-02
1.760000000000000453e-01
2.452000000000000290e-01
2.494000000000000383e-01
2.760000000000000786e-01
1.594000000000000417e-01
6.070000000000001783e-02
1.654000000000000470e-01
1.796000000000000374e-01
1.405000000000000138e-01
1.248000000000000081e-01
1.107000000000000067e-01
8.649999999999992417e-02
1.628999999999999893e-01
1.533000000000001029e-01
1.332000000000001239e-01
1.352000000000000424e-01
1.557000000000000051e-01
1.436999999999999944e-01
9.529999999999998195e-02
7.319999999999997342e-02
8.469999999999995588e-02
1.182999999999999607e-01
1.960999999999999688e-01
1.251000000000000445e-01
1.603999999999999870e-01
6.870000000000006657e-02
6.844999999999998863e-01
3.154000000000000137e-01
8.729999999999993321e-02
2.793000000000000482e-01
9.869999999999992668e-02
8.000000000000002942e-02
5.099999999999995509e-02
4.910000000000006026e-02
1.143999999999999601e-01
1.681999999999999051e-01
1.160999999999999116e-01
8.730000000000001648e-02
1.343999999999999917e-01
1.585000000000000298e-01
1.317000000000000393e-01
1.216999999999999471e-01
8.439999999999994729e-02
1.426000000000000045e-01
1.685000000000000386e-01
9.009999999999998566e-02
1.259999999999999454e-01
8.839999999999993696e-02
2.069000000000000006e-01
1.497999999999999887e-01
9.969999999999996920e-02
5.160000000000000142e-01
3.021000000000000352e-01
1.722000000000000197e-01
1.512999999999999901e-01
5.330000000000001403e-02
1.283000000000000251e-01
1.306999999999999829e-01
1.471999999999999975e-01
1.469999999999999640e-01
9.290000000000009361e-02
1.482000000000000262e-01
1.328000000000000291e-01
2.167000000000000592e-01
4.650000000000006212e-02
2.034999999999999865e-01
1.566999999999999227e-01
1.533999999999998698e-01
1.239000000000001767e-01
2.269999999999998963e-01
1.219000000000000222e-01
2.424000000000001154e-01
1.363999999999999657e-01
1.134000000000000841e-01
1.761000000000000065e-01
1.485999999999999821e-01
1.079999999999999849e-01
1.659999999999999254e-01
4.979999999999997623e-02
1.386999999999999900e-01
1.691000000000001946e-01
1.812000000000000832e-01
1.015000000000001179e-01
1.169999999999998264e-01
1.025999999999999135e-01
1.159000000000000169e-01
1.295000000000000318e-01
1.245000000000001661e-01
1.039000000000001034e-01
1.524000000000000354e-01
1.239000000000001489e-01
7.590000000000030056e-02
1.160000000000000336e-01
9.840000000000000135e-02
1.241999999999998522e-01
1.583000000000000518e-01
1.861000000000000432e-01
1.618999999999999329e-01
1.646000000000000241e-01
9.817999999999998950e-01
5.709000000000000741e-01
2.928999999999999382e-01
1.536999999999999200e-01
1.093999999999999417e-01
2.454000000000000348e-01
3.963000000000000966e-01
2.011999999999999067e-01
9.370000000000007490e-02
1.492000000000001936e-01
7.650000000000015121e-02
1.978000000000001424e-01
6.919999999999998375e-02
2.061999999999998834e-01
3.413000000000001588e-01
5.065999999999999392e-01
4.828000000000000624e-01
2.460000000000000520e-01
1.463999999999998636e-01
1.887999999999998568e-01
9.259999999999989073e-02
1.165999999999998427e-01
4.700000000000001954e-01
3.449000000000000954e-01
1.070000000000001644e-01
8.809999999999987286e-02
5.559999999999994807e-02
1.408999999999998587e-01
1.128999999999999865e-01
2.366000000000001435e-01
1.506000000000000116e-01
1.420999999999999763e-01
8.459999999999992526e-02
1.693999999999998840e-01
6.069999999999993456e-02
1.016000000000000375e-01
2.211000000000000187e-01
1.474999999999998535e-01
8.259999999999989573e-02
5.510000000000001702e-02
1.077999999999998959e-01
1.347999999999999476e-01
8.140000000000005564e-02
1.102000000000000340e-01
7.180000000000003046e-02
7.880000000000011995e-02
1.891999999999999793e-01
1.269999999999999463e-01
1.798999999999999488e-01
9.960000000000002185e-02
8.770000000000009732e-02
1.201000000000001927e-01
1.140000000000001013e-01
1.275999999999997692e-01
1.472999999999998755e-01
1.606000000000001315e-01
1.857000000000000317e-01
1.517999999999999627e-01
1.285000000000000031e-01
7.692999999999998728e-01
5.201999999999998847e-01
6.559999999999993614e-02
8.480000000000018079e-02
1.677999999999999214e-01
9.886000000000000343e-01
4.918000000000000149e-01
3.298999999999998600e-01
1.615999999999998549e-01
2.245000000000001439e-01
1.289000000000002366e-01
1.872000000000000330e-01
1.502999999999999614e-01
1.973999999999999366e-01
7.159999999999999698e-02
1.575999999999997403e-01
1.488000000000002654e-01
1.182999999999998497e-01
1.688999999999999113e-01
1.389999999999999014e-01
1.019999999999998963e-01
1.022000000000001518e-01
1.088000000000000217e-01
8.420000000000003870e-02
5.010000000000008891e-02
9.240000000000000990e-02
5.360000000000006426e-02
1.158999999999999753e-01
7.319999999999989015e-02
1.243999999999998163e-01
2.422999999999998488e-01
6.130000000000011828e-02
4.120000000000002827e-02
8.790000000000011693e-02
8.380000000000020766e-02
1.575999999999998791e-01
2.406000000000000916e-01
1.890000000000000013e-01
5.579999999999996074e-02
1.536999999999998368e-01
5.080000000000003957e-02
5.800000000000007927e-02
8.999999999999985789e-02
1.198999999999999511e-01
2.341999999999998527e-01
1.794000000000000594e-01
1.088999999999998719e-01
1.575999999999997958e-01
8.279999999999992921e-02
1.048999999999999932e-01
2.655000000000000138e-01
1.864999999999998881e-01
9.609999999999987996e-02
2.117999999999998495e-01
1.206000000000000127e-01
1.213999999999999385e-01
1.686999999999999056e-01
1.408999999999997477e-01
1.233999999999998293e-01
