1.565000000000000280e-01
1.698000000000000065e-01
1.680999999999999994e-01
1.855999999999999872e-01
1.205999999999999989e-01
1.000000000000000056e-01
1.687000000000000166e-01
1.798000000000000154e-01
1.896000000000000185e-01
1.406000000000000028e-01
2.119000000000000050e-01
1.039999999999999952e-01
1.368000000000000049e-01
2.064999999999999614e-01
8.229999999999999816e-02
7.320000000000000118e-02
6.890000000000000291e-02
1.239999999999999991e-01
1.534000000000000086e-01
1.570000000000000007e-01
1.821999999999999731e-01
2.937000000000000166e-01
2.973000000000000087e-01
2.046999999999999931e-01
1.833000000000000185e-01
1.079000000000000237e-01
1.725000000000000144e-01
2.701000000000000068e-01
3.047000000000000264e-01
2.199000000000000121e-01
2.282999999999999752e-01
1.866000000000000159e-01
1.787999999999999867e-01
2.079999999999999905e-01
2.269000000000000183e-01
3.090000000000000524e-01
2.067000000000000226e-01
2.266000000000000236e-01
3.110999999999999877e-01
2.011000000000000010e-01
1.527000000000000024e-01
1.199999999999999956e-01
7.359999999999999876e-02
8.049999999999998823e-02
8.229999999999999816e-02
8.069999999999999396e-02
7.459999999999999964e-02
1.218999999999999806e-01
1.387000000000000177e-01
1.451000000000000068e-01
1.601000000000000201e-01
2.201999999999999791e-01
1.933999999999999608e-01
2.264000000000000179e-01
2.584000000000000186e-01
2.224000000000000421e-01
2.117999999999999883e-01
1.474999999999999645e-01
1.021000000000000241e-01
1.194999999999999674e-01
2.085000000000000187e-01
1.210000000000000242e-01
7.170000000000001372e-02
7.570000000000003115e-02
1.217000000000000026e-01
1.171999999999999986e-01
1.268999999999999573e-01
1.494999999999999662e-01
1.446999999999999953e-01
2.138999999999999790e-01
2.540999999999999925e-01
2.750000000000000222e-01
1.885999999999999899e-01
1.980999999999999983e-01
1.318000000000000005e-01
2.669999999999999596e-01
1.516000000000000125e-01
1.706000000000000294e-01
9.939999999999998836e-02
7.060000000000002385e-02
1.776999999999999968e-01
8.490000000000000324e-02
2.116999999999999993e-01
2.122999999999999887e-01
2.515999999999999903e-01
1.811999999999999722e-01
1.151999999999999830e-01
2.073999999999999733e-01
1.828999999999999515e-01
1.818000000000000171e-01
6.410000000000004583e-02
6.860000000000002207e-02
8.649999999999999356e-02
2.799999999999999017e-02
4.120000000000002133e-02
5.830000000000001847e-02
6.919999999999999762e-02
7.520000000000001683e-02
4.380000000000000560e-02
6.210000000000000936e-02
5.180000000000001964e-02
7.979999999999999594e-02
1.602000000000000091e-01
1.691999999999999893e-01
1.995999999999999719e-01
2.301000000000000267e-01
1.318999999999999617e-01
9.869999999999999607e-02
1.863000000000000211e-01
1.910999999999999921e-01
2.031999999999999640e-01
1.457999999999999574e-01
1.109999999999999737e-01
3.019999999999999907e-01
2.336999999999999633e-01
2.184999999999999720e-01
1.141999999999999960e-01
8.840000000000002023e-02
1.114000000000000407e-01
1.406000000000000028e-01
1.552999999999999936e-01
1.380000000000000115e-01
1.944999999999999785e-01
8.310000000000000719e-02
1.180000000000000354e-01
3.441000000000000725e-01
1.797999999999999321e-01
1.823999999999999788e-01
1.452000000000000235e-01
1.161999999999999977e-01
1.453000000000000402e-01
2.025000000000000411e-01
1.175999999999999962e-01
1.759000000000000286e-01
1.246000000000000718e-01
1.098000000000000503e-01
9.150000000000002576e-02
6.240000000000001795e-02
1.913999999999999591e-01
2.296999999999999875e-01
1.737000000000000210e-01
2.143999999999999795e-01
2.724999999999999090e-01
1.442999999999999561e-01
1.267000000000000903e-01
1.395999999999999741e-01
1.373000000000000609e-01
1.057999999999999774e-01
1.229999999999999288e-01
1.428999999999999715e-01
1.510999999999999288e-01
1.678999999999999659e-01
1.776000000000001189e-01
3.148000000000000798e-01
1.824000000000000066e-01
1.332999999999999186e-01
2.044999999999999041e-01
2.120999999999999552e-01
3.001999999999999114e-01
4.744999999999999774e-01
5.977999999999999980e-01
3.295000000000001261e-01
1.252000000000000890e-01
1.555000000000000271e-01
1.016000000000000236e-01
1.910999999999999088e-01
1.567999999999999394e-01
1.579000000000000681e-01
3.127000000000000890e-01
2.732999999999999874e-01
1.757999999999999563e-01
9.810000000000003439e-02
8.919999999999994600e-02
2.961000000000000298e-01
2.481000000000000150e-01
1.631000000000000782e-01
1.756000000000000894e-01
1.795999999999999264e-01
1.874999999999999167e-01
2.149999999999999412e-01
1.974999999999998979e-01
9.779999999999999805e-02
1.508999999999999786e-01
1.743999999999999995e-01
1.534000000000000086e-01
9.680000000000008042e-02
1.620999999999999108e-01
1.166999999999999565e-01
1.133000000000000534e-01
1.263000000000000511e-01
1.187000000000000277e-01
1.158999999999999336e-01
1.305000000000000049e-01
1.062999999999999917e-01
1.555000000000000271e-01
6.469999999999995199e-02
1.429000000000001103e-01
2.371999999999999664e-01
1.802999999999999603e-01
1.944999999999999507e-01
1.637999999999998901e-01
1.707999999999999519e-01
1.500999999999998724e-01
2.277999999999998915e-01
1.830000000000000238e-01
1.417999999999999816e-01
1.776999999999999413e-01
1.735999999999999488e-01
1.992999999999999217e-01
1.635999999999998566e-01
1.557000000000001716e-01
1.992000000000000715e-01
1.877999999999999670e-01
1.778999999999998916e-01
1.860000000000001097e-01
2.716000000000000636e-01
2.666999999999998261e-01
2.443999999999998951e-01
2.328999999999999404e-01
2.719999999999999085e-01
1.923999999999999599e-01
2.114999999999999658e-01
1.715000000000000413e-01
3.163000000000000256e-01
3.401000000000001799e-01
3.327000000000001068e-01
2.021999999999999909e-01
2.815999999999997394e-01
2.162999999999999368e-01
2.339000000000000523e-01
2.297000000000000153e-01
2.268999999999999906e-01
1.688999999999999946e-01
1.365999999999999437e-01
9.969999999999998308e-02
1.659999999999999254e-01
4.140000000000002012e-02
6.529999999999998306e-02
7.279999999999997584e-02
1.289000000000000423e-01
6.750000000000003220e-02
2.211000000000001575e-01
2.510999999999999344e-01
9.199999999999995681e-02
1.788999999999999757e-01
1.198000000000000176e-01
9.800000000000000377e-02
1.470999999999998420e-01
9.159999999999997311e-02
