1.411000000000000032e-01
1.924999999999999767e-01
1.654999999999999805e-01
1.162000000000000116e-01
1.415000000000000147e-01
1.021000000000000102e-01
1.162999999999999867e-01
1.784000000000000030e-01
7.909999999999998976e-02
1.449000000000000010e-01
1.355999999999999983e-01
1.371999999999999886e-01
1.724999999999999867e-01
1.568999999999999839e-01
9.820000000000000950e-02
1.640999999999999681e-01
1.315999999999999948e-01
1.147999999999999854e-01
1.515999999999999848e-01
9.870000000000000995e-02
1.082999999999999935e-01
7.450000000000001066e-02
1.326999999999999846e-01
1.123999999999999999e-01
8.439999999999998892e-02
1.006000000000000089e-01
1.392000000000000182e-01
1.455000000000000182e-01
1.372999999999999776e-01
1.335999999999999965e-01
1.141000000000000070e-01
1.028999999999999915e-01
1.077999999999999931e-01
1.105000000000000010e-01
1.075999999999999873e-01
1.298999999999999877e-01
1.022000000000000131e-01
1.869000000000000106e-01
1.769000000000000017e-01
1.185000000000000081e-01
9.520000000000000684e-02
1.014999999999999930e-01
1.295000000000000040e-01
1.174000000000000044e-01
1.807000000000000273e-01
1.814999999999999947e-01
1.572999999999999954e-01
9.299999999999998546e-02
9.079999999999999183e-02
8.249999999999999001e-02
1.197000000000000008e-01
1.012000000000000122e-01
1.839999999999999969e-01
1.282000000000000084e-01
1.310000000000000053e-01
1.481999999999999984e-01
1.608999999999999875e-01
8.990000000000000768e-02
1.260000000000000009e-01
1.016999999999999849e-01
1.345000000000000084e-01
1.393000000000000071e-01
9.960000000000000797e-02
1.039999999999999813e-01
1.000999999999999945e-01
8.409999999999999420e-02
6.489999999999998548e-02
1.640000000000000069e-01
1.481000000000000094e-01
1.403000000000000080e-01
9.779999999999999805e-02
1.504999999999999949e-01
1.635000000000000064e-01
6.429999999999999605e-02
1.411999999999999922e-01
6.360000000000000375e-02
1.413999999999999979e-01
1.357000000000000151e-01
1.156999999999999834e-01
1.020999999999999824e-01
1.416999999999999926e-01
7.770000000000001905e-02
7.570000000000001728e-02
1.020000000000000073e-01
9.370000000000000551e-02
1.912999999999999978e-01
1.799000000000000044e-01
1.585000000000000020e-01
1.150000000000000050e-01
1.414999999999999591e-01
1.533000000000000196e-01
9.190000000000002334e-02
9.140000000000000902e-02
9.429999999999999494e-02
1.046999999999999875e-01
1.505000000000000226e-01
1.206000000000000127e-01
1.193000000000000171e-01
8.039999999999999925e-02
7.609999999999998710e-02
9.800000000000000377e-02
9.070000000000000284e-02
1.776000000000000079e-01
1.445000000000000173e-01
1.335999999999999965e-01
7.720000000000000473e-02
9.279999999999999361e-02
1.087999999999999939e-01
8.709999999999999687e-02
1.087999999999999939e-01
8.160000000000000586e-02
1.068000000000000060e-01
1.479000000000000037e-01
1.419999999999999873e-01
1.258000000000000229e-01
1.363000000000000045e-01
9.489999999999998437e-02
1.207999999999999907e-01
1.029999999999999805e-01
8.350000000000000477e-02
9.380000000000002225e-02
1.327000000000000124e-01
9.889999999999998792e-02
8.909999999999999865e-02
1.171999999999999986e-01
7.840000000000001135e-02
1.069999999999999979e-01
1.236000000000000015e-01
9.349999999999999978e-02
8.780000000000001692e-02
7.620000000000001772e-02
8.089999999999999969e-02
1.174999999999999933e-01
1.570999999999999897e-01
7.670000000000000429e-02
1.234999999999999987e-01
1.491999999999999993e-01
9.150000000000002576e-02
1.226999999999999896e-01
1.351999999999999869e-01
1.464999999999999913e-01
2.046000000000000041e-01
1.380000000000000115e-01
7.580000000000000626e-02
8.590000000000001801e-02
1.798000000000000154e-01
1.553000000000000491e-01
1.136000000000000204e-01
1.047000000000000292e-01
8.870000000000000107e-02
1.234000000000000097e-01
1.252999999999999947e-01
1.090000000000000135e-01
1.133999999999999730e-01
8.699999999999998013e-02
7.690000000000001001e-02
1.261000000000000176e-01
2.010000000000000120e-01
1.864000000000000101e-01
1.654000000000000192e-01
1.231999999999999762e-01
1.333000000000000018e-01
1.191000000000000114e-01
1.244000000000000106e-01
1.391000000000000292e-01
9.990000000000003044e-02
1.023000000000000159e-01
6.709999999999996523e-02
1.257000000000000062e-01
1.037000000000000144e-01
4.289999999999997982e-02
8.269999999999996798e-02
5.910000000000001363e-02
1.123999999999999722e-01
1.266999999999999793e-01
1.411000000000000032e-01
7.440000000000004943e-02
1.292999999999999983e-01
1.489000000000000046e-01
1.244999999999999857e-01
1.716999999999999915e-01
1.410999999999999477e-01
9.200000000000002620e-02
1.043000000000000177e-01
1.398000000000000353e-01
1.511000000000000121e-01
1.076999999999999624e-01
8.319999999999999618e-02
1.048000000000000043e-01
1.121999999999999942e-01
1.154000000000000165e-01
1.260999999999999899e-01
1.186000000000000248e-01
1.479000000000000314e-01
7.590000000000000913e-02
1.039999999999999675e-01
1.308999999999999886e-01
1.406999999999999917e-01
1.703000000000000069e-01
9.300000000000001321e-02
1.300000000000000322e-01
1.146999999999999964e-01
8.949999999999999623e-02
6.110000000000002235e-02
1.209999999999999687e-01
1.829000000000000070e-01
1.276999999999999802e-01
1.015999999999999959e-01
1.199000000000000343e-01
1.419000000000000261e-01
4.210000000000000547e-02
9.310000000000000220e-02
9.909999999999999365e-02
1.063000000000000056e-01
9.219999999999997642e-02
6.009999999999997983e-02
1.124999999999999611e-01
1.113000000000000100e-01
1.163000000000000700e-01
1.273999999999999855e-01
1.126000000000000056e-01
1.607999999999999985e-01
7.989999999999995717e-02
1.950999999999999401e-01
1.381000000000000005e-01
1.190999999999999837e-01
1.119999999999999607e-01
1.208999999999999381e-01
7.740000000000003821e-02
1.257000000000000617e-01
1.440000000000000169e-01
1.000999999999999945e-01
4.609999999999997433e-02
8.549999999999999267e-02
7.040000000000000424e-02
8.770000000000004181e-02
5.840000000000002134e-02
1.288999999999999591e-01
1.333999999999999908e-01
1.063999999999999946e-01
1.130999999999999783e-01
1.690999999999999726e-01
1.040999999999999842e-01
1.092000000000000332e-01
6.499999999999998834e-02
1.019999999999999796e-01
1.349999999999999811e-01
1.074999999999999845e-01
5.860000000000002013e-02
