1.723000000000000087e-01
8.000000000000000167e-02
1.324000000000000177e-01
1.827999999999999903e-01
1.400000000000000133e-01
1.728000000000000091e-01
2.028999999999999970e-01
1.038000000000000034e-01
8.220000000000000917e-02
1.490000000000000213e-01
7.530000000000000582e-02
1.164999999999999925e-01
6.289999999999999758e-02
1.131999999999999951e-01
1.570000000000000284e-01
5.890000000000000097e-02
2.081000000000000072e-01
1.005000000000000060e-01
9.559999999999999054e-02
1.368000000000000327e-01
7.620000000000003160e-02
1.203000000000000180e-01
1.492999999999999883e-01
1.419999999999999873e-01
1.156000000000000083e-01
6.379999999999996785e-02
1.188000000000000306e-01
1.643999999999999906e-01
1.502999999999999892e-01
7.389999999999999347e-02
4.339999999999998026e-02
6.429999999999999605e-02
5.149999999999999023e-02
1.474999999999999922e-01
2.015999999999999737e-01
9.369999999999997775e-02
1.899000000000000132e-01
1.881999999999999507e-01
6.779999999999997140e-02
1.100000000000000006e-01
5.249999999999998418e-02
1.051000000000000267e-01
9.129999999999999227e-02
6.790000000000001590e-02
9.840000000000001523e-02
5.290000000000000258e-02
1.059999999999999970e-01
1.824000000000000066e-01
1.198999999999999788e-01
5.360000000000002263e-02
7.299999999999998157e-02
1.451999999999999957e-01
1.039999999999999952e-01
1.270999999999999908e-01
1.560000000000000275e-01
1.771999999999999964e-01
1.484000000000000041e-01
1.599999999999999756e-01
1.509000000000000064e-01
1.141000000000000070e-01
9.779999999999998417e-02
1.308999999999999608e-01
8.419999999999999707e-02
9.739999999999998659e-02
1.243000000000000355e-01
6.349999999999995925e-02
9.990000000000003044e-02
7.009999999999999565e-02
9.320000000000003282e-02
1.125000000000000305e-01
1.477999999999999869e-01
7.200000000000002232e-02
1.167000000000000121e-01
4.600000000000002004e-02
5.269999999999997603e-02
7.330000000000000404e-02
7.219999999999998641e-02
9.899999999999997691e-02
1.432999999999999829e-01
3.029000000000000026e-01
7.258999999999999897e-01
5.143999999999999684e-01
5.110000000000000098e-01
3.693000000000000171e-01
2.490999999999999881e-01
9.360000000000003040e-02
1.029999999999999805e-01
1.143999999999999739e-01
4.380000000000001253e-02
1.209999999999999409e-01
6.239999999999999020e-02
2.511999999999999789e-01
2.070999999999999786e-01
3.445000000000000284e-01
3.046999999999999709e-01
3.050999999999999823e-01
4.159000000000000474e-01
2.008999999999999675e-01
2.872000000000000108e-01
4.379000000000000115e-01
1.289000000000000146e-01
3.110999999999999877e-01
1.241999999999999910e-01
7.119999999999998552e-02
3.950000000000002121e-02
1.156000000000000083e-01
1.110000000000000292e-01
1.750999999999999779e-01
1.631000000000000227e-01
1.737999999999999823e-01
8.389999999999998848e-02
7.149999999999996636e-02
1.431000000000000050e-01
3.719999999999998308e-02
1.392000000000000459e-01
1.663999999999999924e-01
1.000999999999999945e-01
1.609999999999999765e-01
6.149999999999997136e-02
8.859999999999998432e-02
1.293000000000000260e-01
2.093999999999999750e-01
8.569999999999998452e-02
2.134000000000000064e-01
1.570000000000000007e-01
7.049999999999995159e-02
1.113000000000000378e-01
9.310000000000000220e-02
1.211000000000000132e-01
1.651000000000000245e-01
1.683999999999999941e-01
1.943999999999999895e-01
1.342000000000000137e-01
1.124999999999999889e-01
1.300999999999999657e-01
7.759999999999997455e-02
1.357999999999999763e-01
9.719999999999995310e-02
1.023999999999999910e-01
7.069999999999992957e-02
8.359999999999999376e-02
1.023000000000000298e-01
8.789999999999999203e-02
1.566000000000000170e-01
8.999999999999996891e-02
1.326999999999999291e-01
9.769999999999998130e-02
1.156999999999999695e-01
7.679999999999997939e-02
3.769999999999998352e-02
1.602999999999999980e-01
1.368000000000000049e-01
1.395000000000000406e-01
1.668000000000000038e-01
8.939999999999995173e-02
1.642999999999999461e-01
1.618999999999999884e-01
7.520000000000000295e-02
1.476000000000000090e-01
8.860000000000001208e-02
7.170000000000002760e-02
1.269000000000000128e-01
1.411999999999999922e-01
8.590000000000004576e-02
2.417999999999999594e-01
2.581000000000000516e-01
2.016999999999999904e-01
2.322999999999999787e-01
1.026999999999999857e-01
1.416000000000000036e-01
8.740000000000000546e-02
1.428000000000000103e-01
1.154000000000000303e-01
2.052000000000000490e-01
3.418999999999999262e-01
2.969999999999999307e-01
2.702999999999999847e-01
1.978000000000000314e-01
1.931000000000000494e-01
1.946000000000000507e-01
1.819000000000000061e-01
9.859999999999999321e-02
1.127000000000000501e-01
1.117000000000000215e-01
7.349999999999999589e-02
1.179000000000000326e-01
8.030000000000001026e-02
1.047000000000000153e-01
8.749999999999999445e-02
2.052000000000000490e-01
8.620000000000005436e-02
5.070000000000000895e-02
8.429999999999998606e-02
1.075999999999999596e-01
8.239999999999997327e-02
9.449999999999994515e-02
1.266999999999999515e-01
7.540000000000000868e-02
1.890999999999999903e-01
7.010000000000005116e-02
1.930999999999999939e-01
1.676000000000000267e-01
1.744000000000000550e-01
5.159999999999997922e-02
1.331999999999999296e-01
9.720000000000002249e-02
1.552000000000000046e-01
1.721000000000000307e-01
1.549000000000000099e-01
