3.826999999999999846e-01
6.155999999999999250e-01
4.295000000000000484e-01
6.431999999999999940e-01
8.081000000000000405e-01
9.228999999999998316e-01
3.301000000000000600e-01
2.587000000000000410e-01
4.510000000000000814e-02
8.350000000000018519e-02
1.329999999999998128e-01
4.469000000000001860e-01
3.807999999999999718e-01
2.892999999999999461e-01
1.211999999999999467e-01
9.769999999999998130e-02
1.190999999999999004e-01
1.469999999999999640e-01
1.336999999999999578e-01
1.407999999999999252e-01
3.052000000000001378e-01
2.804999999999999716e-01
2.746999999999999442e-01
2.756999999999998341e-01
2.291999999999999038e-01
2.380999999999999506e-01
6.059999999999995945e-02
5.519999999999999213e-02
2.540999999999999925e-01
2.191000000000000447e-01
1.301000000000000767e-01
1.667999999999998928e-01
8.810000000000015041e-02
1.352999999999999758e-01
2.453999999999999515e-01
2.645000000000000129e-01
1.628000000000000558e-01
1.197400000000000020e+00
7.012600000000000833e+00
6.366000000000000547e-01
1.322700000000000209e+00
1.873399999999999732e+00
5.897000000000000020e-01
5.643000000000000238e-01
5.252999999999999892e-01
7.460000000000001075e-01
1.979899999999999993e+00
1.830000000000000238e-01
1.850999999999999868e-01
1.649999999999999245e-01
2.233000000000000540e-01
1.080999999999999600e-01
2.648000000000000353e-01
9.870000000000000995e-02
1.375999999999999168e-01
1.390000000000001512e-01
2.380000000000014049e-02
1.142999999999998600e-01
5.839999999999996583e-02
8.950000000000009337e-02
1.936999999999998723e-01
1.220000000000000251e-01
7.610000000000002873e-02
1.160999999999998977e-01
1.898000000000000798e-01
8.860000000000001208e-02
1.532000000000000584e-01
1.361000000000001098e-01
1.528999999999999804e-01
9.360000000000012754e-02
7.129999999999971083e-02
1.494999999999997997e-01
9.220000000000003193e-02
1.152999999999999997e-01
9.599999999999993261e-02
7.710000000000011289e-02
3.520000000000012008e-02
1.207000000000000572e-01
1.096000000000000030e-01
1.747000000000000774e-01
1.525000000000000244e-01
2.809999999999992365e-02
1.362000000000000155e-01
1.078999999999998988e-01
7.710000000000000187e-02
1.020000000000000073e-01
3.253000000000000336e-01
3.677000000000000268e-01
6.360000000000004539e-02
1.153999999999999471e-01
9.779999999999992866e-02
1.082000000000000184e-01
9.770000000000002294e-02
1.470999999999999530e-01
1.213999999999999385e-01
2.940999999999999726e-01
2.083000000000000684e-01
2.256099999999999994e+00
7.721000000000000085e-01
2.541199999999999459e+00
2.034699999999999953e+00
2.887000000000000011e+00
2.465499999999999581e+00
4.324000000000001731e-01
3.214000000000002411e-01
7.111000000000000654e-01
7.240999999999999659e-01
6.654999999999999805e-01
3.135999999999999344e-01
1.921999999999998709e-01
5.003499999999999837e+00
8.159000000000000696e-01
5.059400000000000119e+00
2.844000000000000417e-01
2.748999999999999777e-01
1.915999999999999093e-01
9.930000000000013816e-02
2.863000000000001655e-01
1.863999999999998713e-01
9.250000000000017930e-02
1.916000000000001591e-01
1.349999999999999534e-01
6.307000000000001494e-01
6.612000000000000099e-01
8.076999999999999735e-01
6.203000000000000735e-01
2.068999999999998896e-01
8.969999999999989093e-02
4.213999999999999968e-01
3.686999999999999722e-01
4.349999999999999423e-01
3.469999999999999196e-01
4.096999999999997311e-01
1.226999999999999619e-01
3.054000000000000603e-01
3.003000000000001224e-01
2.084999999999999631e-01
3.596000000000000307e-01
7.602999999999998648e-01
5.134999999999999565e-01
6.509000000000000341e-01
3.765000000000001124e-01
2.379999999999999893e-01
1.364999999999999825e-01
3.739999999999995411e-02
5.644800000000000928e+00
5.307800000000000296e+00
2.758399999999999963e+00
1.918699999999999628e+00
2.811000000000000165e-01
1.652000000000000135e-01
7.589999999999996749e-02
1.550000000000001377e-01
5.799999999999991274e-02
1.340000000000002023e-01
1.665000000000000091e-01
2.107999999999999596e-01
5.852999999999999758e+00
5.216400000000000148e+00
2.110100000000000087e+00
7.721200000000000507e+00
1.212899999999999867e+00
1.642999999999999794e+00
1.060500000000000220e+00
2.905000000000000915e-01
1.311720000000000041e+01
6.077200000000001268e+00
5.513799999999999812e+00
6.680600000000000094e+00
2.003800000000000026e+00
4.285999999999999810e-01
2.985999999999999766e-01
1.748999999999999166e-01
2.399000000000001132e-01
1.536999999999998368e-01
1.827999999999998793e-01
8.960000000000033216e-02
2.300000000000001210e-01
3.520000000000002016e-01
1.036999999999999172e-01
4.628999999999999782e-01
6.621000000000000218e-01
3.006000000000000227e+00
5.806200000000000472e+00
2.489700000000000024e+00
2.669999999999996820e-01
9.824000000000000510e-01
2.078999999999998627e-01
6.457000000000000517e-01
4.122999999999999998e-01
4.130499999999999616e+00
6.979099999999998971e+00
9.823499999999999233e+00
4.572699999999999321e+00
3.038000000000000256e+00
2.229999999999999760e-01
2.195000000000000284e-01
2.910999999999999699e-01
2.560000000000001164e-01
2.420599999999999863e+00
4.099999999999999756e-01
7.515999999999999348e-01
3.499999999999999778e-01
1.142999999999999849e-01
1.306000000000000216e-01
3.667000000000000814e-01
1.204999999999999682e-01
3.205999999999999406e-01
3.235999999999998877e-01
