6.572000000000000064e-01
2.576999999999999846e-01
4.610999999999999543e-01
3.028000000000000136e-01
1.456999999999998852e-01
1.276999999999999802e-01
1.550000000000000822e-01
7.519999999999987805e-02
2.880000000000000893e-01
1.102999999999999536e-01
2.510999999999999899e-01
3.442000000000000060e-01
1.407000000000000473e-01
1.298999999999999599e-01
3.312999999999999279e-01
5.390999999999999126e-01
2.218000000000000249e-01
1.349000000000001309e-01
2.368999999999999995e-01
7.949999999999984857e-02
8.670000000000011031e-02
4.421999999999999265e-01
6.347799999999999443e+00
1.559899999999999620e+00
2.952700000000000102e+00
1.551300000000000567e+00
3.073999999999997845e-01
1.305900000000000061e+00
2.931000000000003047e-01
2.429999999999999105e-01
2.195999999999998231e-01
3.475999999999999646e-01
4.282000000000000250e-01
1.565399999999999903e+00
7.456599999999999007e+00
1.013299999999999867e+00
5.158999999999998920e+00
2.489799999999999791e+00
2.276700000000000390e+00
8.134000000000002339e-01
1.098000000000000309e+00
1.594000000000002359e-01
9.405999999999998806e-01
8.394999999999999130e-01
2.691000000000001169e-01
2.463000000000000189e-01
2.340000000000002633e-01
1.019000000000001710e-01
4.136000000000001342e-01
4.880000000000001559e-01
7.141999999999997240e-01
8.742999999999999661e-01
2.620000000000003437e-01
2.449999999999999956e-01
5.522999999999996801e-01
6.129000000000000004e-01
2.904999999999995364e-01
1.715999999999996972e-01
1.785000000000006581e-01
1.013000000000003342e-01
1.732999999999996488e-01
1.941000000000001613e-01
6.667000000000002924e-01
3.026000000000002021e-01
1.325000000000002565e-01
2.647999999999998133e-01
1.864599999999999591e+00
1.275400000000000755e+00
3.086899999999999977e+00
6.180000000000001048e-01
2.578000000000001957e-01
2.860999999999998544e-01
2.905800000000000161e+00
5.850999999999999535e-01
7.822000000000004505e-01
2.103299999999999947e+00
7.547999999999992493e-01
2.539999999999999480e-01
1.307000000000005935e-01
2.727000000000006086e-01
1.302000000000002322e-01
1.349999999999994260e-01
1.570999999999996011e-01
1.137000000000002453e-01
1.030000000000004523e-01
3.334000000000002517e-01
1.777999999999999026e-01
1.879000000000006776e-01
2.326999999999997959e-01
1.504999999999997451e-01
1.595999999999997976e-01
1.199000000000000205e-01
2.153999999999995918e-01
4.588999999999993085e-01
2.078000000000003178e-01
3.565999999999995840e-01
2.325000000000004285e-01
4.747999999999999998e-01
1.802199999999999580e+00
1.074799999999999756e+00
5.687300000000000466e+00
2.796800000000000175e+00
6.842000000000000304e-01
4.830000000000004290e-01
1.530999999999984595e-01
5.158000000000004803e-01
7.259999999999997566e-01
3.813999999999998503e-01
1.971999999999989872e-01
3.819999999999998952e-01
5.621999999999994779e-01
6.891999999999998128e-01
8.942999999999992067e-01
2.753299999999999415e+00
1.402100000000000790e+00
5.567999999999991845e-01
5.859000000000000874e-01
5.238000000000004874e-01
5.418000000000007255e-01
3.702000000000005286e-01
8.870000000000001217e-01
9.124999999999994227e-01
2.095000000000000639e+00
3.967499999999999361e+00
1.021699999999998498e+00
4.620000000000002438e-01
8.220999999999983876e-01
5.025000000000015010e-01
2.615999999999995551e-01
6.529000000000003689e-01
5.503000000000004555e-01
3.910999999999995036e-01
3.675000000000009370e-01
2.111999999999994160e-01
2.173000000000006038e-01
5.914000000000002588e-01
4.392999999999992466e-01
1.730999999999995043e-01
6.420000000000001261e-01
8.657999999999994589e-01
3.790999999999995485e-01
1.655000000000005078e-01
3.719999999999908102e-02
2.611000000000008869e-01
2.157999999999996033e-01
4.899000000000005572e-01
5.770999999999996133e-01
2.130999999999990402e-01
3.383999999999992569e-01
9.138000000000003897e-01
4.852999999999992320e-01
1.384100000000000108e+00
1.344599999999999129e+00
1.346600000000001129e+00
1.558899999999998620e+00
9.946000000000014829e-01
9.937000000000006938e-01
1.961999999999995137e-01
3.301999999999998270e-01
3.167000000000010917e-01
3.080000000000001070e-01
5.792000000000001592e-01
4.689000000000003165e-01
3.984999999999999654e-01
4.600000000000005751e-01
3.424000000000008703e-01
4.078999999999987081e-01
3.681000000000003158e-01
4.888000000000007339e-01
5.470999999999992536e-01
1.979999999999995375e-01
1.705999999999999739e-01
2.048999999999986943e-01
1.388999999999986912e-01
9.061000000000010157e-01
2.031200000000000117e+00
2.387599999999999945e+00
2.698199999999999044e+00
3.013600000000000279e+00
5.044999999999992824e-01
9.520000000000081175e-02
2.487999999999986056e-01
1.439999999999999614e-01
2.784000000000009800e-01
1.295999999999994101e-01
4.158000000000003915e-01
1.618799999999999573e+00
6.000000000000000888e-01
1.871999999999992559e-01
4.790999999999995262e-01
2.404000000000008075e-01
1.829999999999991633e-01
1.617999999999994720e-01
1.063000000000007828e-01
9.155000000000005356e-01
3.263600000000001167e+00
1.369600000000001483e+00
1.790090000000000003e+01
5.973499999999999588e+00
1.542199999999999571e+00
3.557999999999993390e-01
1.414800000000000502e+00
1.353500000000000014e+01
8.135300000000000864e+00
1.974099999999999744e+00
7.598999999999996868e-01
4.135999999999996346e-01
1.927999999999991387e-01
9.580000000000024607e-02
