3.188000000000000833e-01
2.652999999999999803e-01
7.460000000000001352e-02
1.368000000000000327e-01
1.973999999999999644e-01
1.383000000000000340e-01
1.299999999999999767e-01
1.115000000000000019e-01
1.266999999999999793e-01
1.216999999999999887e-01
1.814000000000000057e-01
2.739999999999999658e-01
1.265000000000000291e-01
9.340000000000006630e-02
1.454999999999999905e-01
1.493000000000000438e-01
2.216000000000000192e-01
1.364999999999999547e-01
1.801999999999999158e-01
1.531000000000000416e-01
3.304000000000000270e-01
7.023000000000000353e-01
3.082999999999999630e-01
3.314000000000000279e-01
3.005999999999999783e-01
1.909000000000000141e-01
2.696000000000000063e-01
2.279999999999999805e-01
2.170000000000000262e-01
1.193000000000000588e-01
1.117999999999999688e-01
1.567999999999999672e-01
1.531999999999999751e-01
2.029000000000000525e-01
1.886000000000000731e-01
1.804999999999999938e-01
6.789999999999996039e-02
1.431999999999999940e-01
1.293999999999999595e-01
1.175999999999999268e-01
2.128000000000001557e-01
1.576000000000001011e-01
1.906999999999999806e-01
1.041999999999999871e-01
1.449000000000000288e-01
2.205999999999999073e-01
1.772000000000001352e-01
2.797999999999998266e-01
3.501999999999999558e-01
2.261999999999998734e-01
1.452000000000001068e-01
9.250000000000022093e-02
1.666000000000001646e-01
1.736999999999999655e-01
2.767000000000000570e-01
1.577999999999998570e-01
2.185000000000001386e-01
1.210000000000000103e-01
1.282999999999999974e-01
1.993999999999998551e-01
1.889999999999997238e-01
1.341999999999997084e-01
1.682000000000000717e-01
2.354999999999999039e-01
1.078999999999998849e-01
1.386000000000000565e-01
2.122999999999998222e-01
1.593000000000000249e-01
6.590000000000005576e-02
1.760000000000001841e-01
1.692999999999998950e-01
1.747999999999998444e-01
7.540000000000005032e-02
9.015999999999999570e-01
1.614400000000000057e+00
9.848000000000000087e-01
1.189599999999999991e+00
4.681000000000000161e-01
2.481000000000000427e-01
3.286999999999999367e-01
8.949999999999994071e-02
2.838999999999998747e-01
1.592000000000000359e-01
1.645999999999999686e-01
3.130000000000000004e-01
2.180000000000000271e-01
2.310000000000001219e-01
1.109999999999999737e-01
1.247999999999998277e-01
1.011999999999999428e-01
2.662999999999999812e-01
1.862000000000000877e-01
1.436999999999999666e-01
1.055000000000000104e-01
1.975000000000001199e-01
1.798000000000001264e-01
1.413000000000001477e-01
4.709999999999997522e-02
1.382999999999999230e-01
1.251000000000000167e-01
1.440999999999999226e-01
1.937000000000000388e-01
1.395999999999999186e-01
2.741000000000000103e-01
1.834000000000000352e-01
6.610000000000007536e-02
7.199999999999995293e-02
1.078000000000000486e-01
2.155999999999999028e-01
1.946000000000000785e-01
9.790000000000001479e-02
1.121000000000000468e-01
6.660000000000011744e-02
1.634999999999999232e-01
1.507999999999999896e-01
9.990000000000004432e-02
5.979999999999992266e-02
4.890000000000013780e-02
1.961000000000000243e-01
1.816999999999998061e-01
7.719999999999993534e-02
4.489999999999993996e-02
1.051999999999999602e-01
1.637000000000000122e-01
1.289999999999998370e-01
1.038999999999999507e-01
7.650000000000008182e-02
5.950000000000010836e-02
9.630000000000002447e-02
1.433999999999999164e-01
1.332999999999998353e-01
1.595999999999997976e-01
1.240999999999999326e-01
7.599999999999992872e-02
6.329999999999995353e-02
1.038000000000000311e-01
1.257999999999999674e-01
1.453000000000000680e-01
1.205000000000001348e-01
2.091000000000001746e-01
1.333000000000001406e-01
1.078000000000001735e-01
1.013999999999999069e-01
1.095999999999999336e-01
1.656999999999999029e-01
1.895999999999998242e-01
1.429999999999999605e-01
1.154000000000000581e-01
1.339000000000000745e-01
1.632999999999999730e-01
1.582999999999999408e-01
1.340999999999998304e-01
1.085999999999998911e-01
6.959999999999988418e-02
5.069999999999991180e-02
3.470000000000020290e-02
1.182999999999999607e-01
1.518999999999999795e-01
2.273000000000001131e-01
1.383999999999999675e-01
1.259999999999999454e-01
7.580000000000006177e-02
1.256000000000001005e-01
1.982000000000000428e-01
1.600999999999999923e-01
1.289999999999999480e-01
1.270999999999999630e-01
5.299999999999996381e-02
1.059000000000001607e-01
1.599000000000001809e-01
1.962000000000001521e-01
1.637000000000001232e-01
6.989999999999989277e-02
7.500000000000019151e-02
1.676000000000000545e-01
1.903999999999999582e-01
2.356000000000001426e-01
2.459000000000000907e-01
1.843000000000000194e-01
1.625000000000000888e-01
1.352000000000000424e-01
1.898000000000000798e-01
2.242999999999999439e-01
2.438000000000000722e-01
2.063000000000000389e-01
6.710000000000007625e-02
8.240000000000007041e-02
1.651000000000002188e-01
2.313000000000001166e-01
1.061000000000000554e-01
4.020000000000009677e-02
9.799999999999983724e-02
1.240999999999998632e-01
1.410000000000001252e-01
1.644000000000002126e-01
1.607000000000001760e-01
2.763999999999999790e-01
2.275000000000001188e-01
8.798999999999999044e-01
6.187000000000001387e-01
6.811000000000002608e-01
1.860999999999999877e-01
1.684000000000001607e-01
4.413000000000001366e-01
1.746999999999999109e-01
2.148999999999999799e-01
2.103000000000000425e-01
3.303000000000000935e-01
1.725000000000000144e-01
