1.768999999999999739e-01
1.186000000000000110e-01
1.276999999999999802e-01
2.080999999999999794e-01
8.999999999999998279e-02
1.452999999999999847e-01
8.660000000000002418e-02
1.282999999999999696e-01
1.737000000000000210e-01
1.676000000000000267e-01
1.431000000000000050e-01
8.679999999999996052e-02
5.090000000000002855e-02
1.542000000000000592e-01
1.551999999999998936e-01
7.389999999999991021e-02
9.729999999999992821e-02
9.770000000000007845e-02
8.059999999999994946e-02
6.060000000000011211e-02
1.370999999999998886e-01
8.930000000000003213e-02
3.049999999999997158e-02
1.793000000000000149e-01
7.640000000000006508e-02
6.830000000000005511e-02
8.599999999999996536e-02
7.070000000000001283e-02
1.629000000000000448e-01
8.159999999999997811e-02
1.129000000000000697e-01
1.036000000000000254e-01
6.300000000000005596e-02
4.409999999999984766e-02
2.158000000000000473e-01
9.910000000000004916e-02
1.042000000000000565e-01
6.500000000000011324e-02
1.805000000000001048e-01
1.078000000000001457e-01
1.188999999999998530e-01
8.769999999999994467e-02
5.259999999999998010e-02
1.000000000000001027e-01
7.590000000000007851e-02
8.090000000000011071e-02
9.419999999999995044e-02
1.712000000000000743e-01
7.699999999999995737e-02
6.429999999999985727e-02
1.631000000000001338e-01
2.173999999999999266e-01
9.999999999999999167e-02
9.859999999999992382e-02
1.502000000000000002e-01
1.037999999999997813e-01
1.265999999999999903e-01
1.592999999999999416e-01
1.798999999999998933e-01
8.459999999999995302e-02
1.423000000000000931e-01
1.269999999999999740e-01
5.369999999999990059e-02
5.260000000000003562e-02
8.249999999999994837e-02
1.540000000000000813e-01
1.313999999999999613e-01
1.013000000000000428e-01
1.171000000000000096e-01
7.919999999999988161e-02
9.329999999999999405e-02
1.783999999999999475e-01
1.277000000000000357e-01
1.771000000000000907e-01
1.456000000000000072e-01
7.450000000000010780e-02
1.543999999999999539e-01
6.309999999999992004e-02
2.300000000000015921e-02
9.220000000000008744e-02
1.296999999999999820e-01
1.484999999999999098e-01
1.524999999999999134e-01
1.480000000000001315e-01
9.699999999999985023e-02
2.065000000000000724e-01
1.145999999999999380e-01
3.690000000000020347e-02
1.425000000000000155e-01
9.120000000000003104e-02
2.360999999999998933e-01
1.656000000000000805e-01
5.650000000000015427e-02
1.099999999999999728e-01
1.439000000000001389e-01
7.630000000000002058e-02
1.132000000000001616e-01
2.014999999999999847e-01
8.679999999999984950e-02
1.024999999999998967e-01
1.140999999999998127e-01
9.950000000000007450e-02
1.892999999999999960e-01
8.830000000000004512e-02
5.209999999999997272e-02
1.811999999999997779e-01
1.635000000000000342e-01
6.890000000000005842e-02
1.696000000000000563e-01
1.572999999999999399e-01
7.610000000000022302e-02
6.240000000000019142e-02
1.172999999999999321e-01
7.400000000000005185e-02
9.820000000000018991e-02
1.022999999999998910e-01
5.969999999999999613e-02
8.059999999999997722e-02
1.601999999999997870e-01
1.211999999999999605e-01
1.252000000000000335e-01
1.307000000000002049e-01
3.890000000000000402e-02
1.415999999999999759e-01
1.725999999999999479e-01
1.769999999999999907e-01
1.692000000000000726e-01
1.854999999999998317e-01
8.289999999999997371e-02
1.338000000000001410e-01
1.162999999999999173e-01
2.277999999999998915e-01
1.441000000000000059e-01
2.006999999999998785e-01
1.456000000000001737e-01
2.098999999999999200e-01
1.383000000000000895e-01
1.198000000000000453e-01
1.301000000000001600e-01
3.769999999999987250e-02
1.290999999999999093e-01
1.050000000000000377e-01
1.043999999999999234e-01
1.096000000000000585e-01
9.629999999999988569e-02
9.269999999999975482e-02
1.165999999999999953e-01
7.579999999999986748e-02
8.459999999999984199e-02
9.190000000000014824e-02
6.289000000000000146e-01
3.208000000000000296e-01
2.374000000000001664e-01
1.675999999999999157e-01
2.580999999999997740e-01
1.525999999999999579e-01
9.420000000000006146e-02
1.432999999999997054e-01
1.425000000000001821e-01
1.000000000000001721e-01
6.649999999999997025e-01
1.600400000000000045e+00
1.049500000000000099e+00
7.692999999999998728e-01
4.114000000000003210e-01
6.148000000000000131e-01
4.883000000000004004e-01
5.491000000000005876e-01
4.558999999999998609e-01
1.418000000000000926e-01
2.899999999999998135e-01
1.662000000000004585e-01
9.310000000000007159e-02
7.640000000000035651e-02
8.299999999999990719e-02
8.110000000000006093e-02
1.033999999999997699e-01
8.869999999999997331e-02
6.220000000000033835e-02
7.320000000000015383e-02
1.342999999999998639e-01
1.056999999999999607e-01
1.055000000000000382e-01
1.324000000000003507e-01
1.340000000000003411e-01
1.110000000000002096e-01
1.273000000000001075e-01
3.039999999999992708e-02
6.830000000000024940e-02
4.839999999999955449e-02
1.287000000000003141e-01
6.489999999999990221e-02
9.869999999999976015e-02
9.410000000000035003e-02
5.730000000000012861e-02
4.700000000000009726e-02
1.067000000000000171e-01
6.509999999999999121e-02
7.920000000000015916e-02
8.599999999999988209e-02
7.399999999999981593e-02
7.700000000000001288e-02
1.160999999999999255e-01
8.070000000000041029e-02
8.190000000000000058e-02
5.330000000000023608e-02
7.169999999999981943e-02
1.015999999999999126e-01
1.048999999999999655e-01
