2.391000000000000070e-01
2.582999999999999741e-01
2.641999999999999904e-01
3.229000000000000203e-01
2.663999999999999702e-01
1.663000000000000034e-01
1.849999999999999978e-01
1.744999999999999885e-01
2.275999999999999968e-01
4.567999999999999838e-01
2.903000000000000025e-01
1.733000000000000096e-01
1.198000000000000037e-01
1.256999999999999784e-01
2.032999999999999807e-01
2.061000000000000054e-01
1.982999999999999763e-01
1.710000000000000131e-01
3.341000000000000081e-01
1.165799999999999947e+00
1.818000000000000171e-01
2.834999999999999187e-01
8.810000000000003939e-02
3.066999999999999726e-01
2.437999999999999612e-01
1.218999999999999945e-01
1.738000000000000100e-01
9.020000000000001628e-02
8.949999999999999623e-02
9.189999999999996783e-02
2.022999999999999798e-01
5.053999999999999604e-01
7.178999999999999826e-01
2.803000000000001046e-01
1.502999999999999892e-01
1.923999999999999877e-01
3.596000000000000307e-01
1.978000000000000314e-01
2.088999999999999746e-01
1.645000000000000351e-01
2.401000000000000079e-01
1.513999999999999513e-01
1.783999999999998920e-01
1.738999999999999713e-01
8.999999999999998279e-02
1.390000000000000124e-01
1.061000000000000693e-01
1.684999999999999831e-01
1.472999999999999865e-01
1.519000000000000072e-01
9.720000000000002249e-02
1.020000000000000212e-01
9.449999999999997291e-02
1.313000000000000278e-01
1.286999999999999811e-01
1.403999999999999693e-01
1.032999999999999197e-01
1.213999999999999524e-01
2.867999999999999994e-01
2.162000000000000310e-01
2.255999999999999950e-01
1.610999999999999932e-01
2.515000000000000013e-01
1.682999999999999774e-01
9.400000000000008349e-02
1.645999999999999686e-01
1.055999999999999994e-01
6.870000000000009432e-02
1.414000000000000812e-01
9.190000000000007885e-02
1.155000000000000193e-01
1.152000000000000107e-01
1.701999999999999902e-01
1.745000000000000717e-01
1.726000000000000867e-01
1.611000000000000765e-01
1.974999999999999534e-01
2.134999999999998843e-01
2.055999999999999772e-01
1.860999999999999599e-01
1.416999999999999371e-01
1.515999999999999570e-01
1.616999999999999826e-01
2.230999999999999650e-01
1.752000000000000501e-01
1.593000000000000249e-01
1.678999999999999382e-01
1.604999999999999205e-01
1.234000000000000374e-01
1.410999999999998922e-01
1.801999999999999713e-01
1.241000000000000159e-01
2.684999999999999609e-01
3.648999999999999466e-01
3.163000000000000256e-01
3.084000000000000075e-01
3.751999999999999780e-01
2.522999999999999687e-01
1.904000000000000137e-01
1.503000000000000169e-01
1.235999999999999599e-01
1.527000000000000302e-01
1.499000000000000332e-01
7.169999999999997209e-02
1.429000000000000270e-01
2.479999999999999982e-01
1.636999999999999567e-01
2.278999999999999915e-01
2.804999999999999716e-01
1.237000000000000460e-01
6.970000000000010909e-02
3.880000000000000671e-01
5.405999999999999694e-01
2.883000000000000007e-01
1.536999999999999755e-01
1.262000000000000344e-01
2.545000000000000040e-01
3.563000000000000056e-01
2.100999999999999535e-01
1.763999999999998902e-01
2.281999999999999307e-01
1.664000000000000201e-01
1.732000000000000206e-01
2.064999999999999614e-01
1.139999999999999625e-01
2.198000000000000231e-01
1.720999999999999475e-01
1.239999999999999991e-01
1.436999999999999944e-01
1.314999999999999503e-01
9.040000000000007752e-02
1.459000000000000852e-01
1.508999999999999508e-01
1.484999999999999376e-01
2.435999999999999832e-01
2.801000000000000711e-01
1.303999999999999881e-01
7.349999999999998201e-02
9.749999999999992006e-02
9.410000000000004472e-02
3.540000000000005642e-02
3.930000000000013344e-02
6.569999999999998064e-02
1.319999999999998952e-01
8.450000000000001954e-02
1.003000000000000003e-01
7.760000000000003006e-02
1.079000000000000792e-01
1.467000000000000526e-01
2.038999999999999702e-01
2.142999999999999072e-01
1.532999999999999918e-01
2.108999999999999764e-01
1.188000000000000167e-01
1.064000000000000501e-01
4.950000000000003009e-02
6.159999999999984238e-02
1.180999999999999550e-01
2.017999999999999794e-01
1.266999999999999515e-01
7.680000000000011817e-02
8.620000000000001272e-02
1.088000000000000633e-01
7.250000000000006439e-02
1.110000000000000431e-01
1.036000000000000115e-01
1.467000000000000248e-01
7.000000000000006217e-02
1.446000000000000896e-01
2.765999999999999570e-01
1.161000000000000920e-01
5.800000000000000988e-02
1.045999999999999985e-01
1.484999999999999931e-01
9.380000000000005000e-02
6.099999999999999867e-02
1.379999999999999560e-01
2.579999999999997920e-02
1.514999999999999125e-01
1.926999999999998991e-01
2.406999999999999973e-01
1.434999999999999887e-01
1.096999999999999781e-01
1.625000000000000888e-01
1.317999999999999727e-01
1.574000000000000399e-01
1.865999999999999881e-01
1.017999999999999183e-01
1.449999999999998790e-01
1.116200000000000081e+00
4.694999999999999174e-01
2.897000000000000131e-01
1.177000000000000129e-01
6.550000000000001654e-02
1.257999999999999119e-01
2.102999999999999314e-01
2.199999999999999734e-01
1.574000000000000399e-01
8.119999999999999440e-02
4.235999999999999766e-01
3.059000000000000608e-01
1.606999999999999817e-01
1.270000000000000295e-01
1.176000000000000656e-01
2.052000000000000213e-01
1.216000000000000136e-01
1.399999999999998468e-01
1.651999999999999302e-01
1.771999999999999409e-01
