1.051999999999999880e-01
1.134000000000000008e-01
1.495000000000000218e-01
1.447999999999999843e-01
7.520000000000000295e-02
7.080000000000000182e-02
1.222000000000000031e-01
1.200000000000000094e-01
1.670999999999999708e-01
1.411000000000000032e-01
1.798000000000000154e-01
1.042000000000000148e-01
1.999000000000000221e-01
1.663000000000000034e-01
1.295000000000000040e-01
5.829999999999999766e-02
1.786000000000000087e-01
1.364000000000000212e-01
4.739999999999999769e-02
1.001999999999999974e-01
7.639999999999999569e-02
1.106999999999999929e-01
2.404999999999999916e-01
1.829000000000000070e-01
1.527000000000000024e-01
2.540999999999999925e-01
1.275999999999999912e-01
7.739999999999999658e-02
5.679999999999999633e-02
9.059999999999999998e-02
1.628000000000000003e-01
1.129000000000000004e-01
8.629999999999998783e-02
1.378999999999999948e-01
1.683999999999999941e-01
1.995000000000000107e-01
1.009999999999999787e-01
9.219999999999997642e-02
1.638000000000000012e-01
1.308000000000000274e-01
1.619000000000000161e-01
2.020000000000000129e-01
1.039999999999999952e-01
5.439999999999999003e-02
1.882000000000000062e-01
2.690000000000000169e-01
1.146000000000000074e-01
1.117999999999999966e-01
6.760000000000000731e-02
1.869999999999999996e-01
1.361999999999999877e-01
2.480000000000000954e-02
1.148999999999999883e-01
1.923999999999999877e-01
1.517999999999999905e-01
8.650000000000000744e-02
5.109999999999999959e-02
8.970000000000000195e-02
1.801000000000000101e-01
2.242999999999999716e-01
3.224999999999999534e-01
3.090000000000000524e-01
2.534000000000000141e-01
2.032000000000000195e-01
1.782000000000000250e-01
2.457000000000000295e-01
7.479999999999999982e-01
4.926000000000000378e-01
3.396000000000000130e-01
1.652000000000000135e-01
6.059999999999999415e-02
9.930000000000001326e-02
1.081999999999999906e-01
1.612999999999999989e-01
1.510000000000000231e-01
1.376000000000000001e-01
1.983000000000000040e-01
1.638000000000000289e-01
1.459000000000000019e-01
1.474999999999999922e-01
1.502000000000000002e-01
6.699999999999999012e-02
1.066999999999999893e-01
2.065000000000000169e-01
1.401999999999999913e-01
8.439999999999998892e-02
1.527000000000000024e-01
8.839999999999999247e-02
1.001999999999999974e-01
1.653000000000000025e-01
1.924999999999999767e-01
7.321999999999999620e-01
5.497000000000000774e-01
7.279999999999998972e-02
2.013000000000000067e-01
1.774999999999999911e-01
2.143999999999999795e-01
2.338999999999999968e-01
1.939000000000000168e-01
3.610000000000001402e-02
6.649999999999997580e-02
8.780000000000000304e-02
2.151999999999999746e-01
1.825999999999999845e-01
1.464999999999999913e-01
1.611999999999999544e-01
1.736999999999999655e-01
2.082000000000000239e-01
1.692000000000000171e-01
3.290000000000000563e-02
1.483000000000000429e-01
1.332999999999999741e-01
1.501999999999999724e-01
2.191999999999999782e-01
1.264000000000000123e-01
4.359999999999999293e-02
5.969999999999998225e-02
1.546000000000000152e-01
1.523000000000000465e-01
1.006000000000000227e-01
2.124000000000000055e-01
2.333999999999999964e-01
1.007999999999999868e-01
1.489999999999999658e-02
1.028000000000000025e-01
8.850000000000002309e-02
8.970000000000002971e-02
2.197000000000000064e-01
3.155999999999999917e-01
2.048000000000000376e-01
1.174000000000000044e-01
1.709000000000000519e-01
2.438000000000000722e-01
2.472000000000000863e-01
1.769999999999999907e-01
1.271000000000000185e-01
1.013999999999999624e-01
8.560000000000003717e-02
2.076000000000000068e-01
1.148000000000000131e-01
9.550000000000002931e-02
7.859999999999997544e-02
1.109000000000000263e-01
2.132000000000000284e-01
2.631000000000000005e-01
3.874000000000000221e-01
7.711999999999999966e-01
3.923999999999999710e-01
1.246000000000000024e-01
7.400000000000001021e-02
1.990999999999999992e-01
2.279000000000000470e-01
1.985000000000000653e-01
2.262000000000000122e-01
2.482999999999999929e-01
1.822000000000000286e-01
2.327000000000000179e-01
2.505999999999999894e-01
9.839999999999998748e-02
2.333999999999999964e-01
1.965000000000000357e-01
7.899999999999997302e-02
2.279999999999999805e-01
2.166000000000000147e-01
8.800000000000000877e-02
1.885999999999999899e-01
1.803000000000000158e-01
9.690000000000000002e-02
4.960000000000000520e-02
1.152999999999999997e-01
2.671000000000000041e-01
2.632999999999999785e-01
1.542000000000000037e-01
4.360000000000001374e-02
4.890000000000000596e-02
9.570000000000000728e-02
6.570000000000002227e-02
2.190000000000000002e-01
1.938999999999999890e-01
8.518999999999998796e-01
7.940000000000000391e-01
2.817999999999999949e-01
2.621999999999999886e-01
1.555000000000000271e-01
1.070000000000000118e-01
6.989999999999998992e-02
4.239999999999998631e-02
3.120000000000000898e-02
9.890000000000001568e-02
1.978000000000000314e-01
2.646000000000000019e-01
3.689999999999999947e-01
5.491999999999999105e-01
2.589000000000000190e-01
1.613999999999999879e-01
1.099000000000000254e-01
1.293999999999999873e-01
8.769999999999998630e-02
5.089999999999999386e-02
1.032000000000000278e-01
1.733000000000000096e-01
2.652999999999999803e-01
1.844000000000000361e-01
1.447000000000000230e-01
3.039999999999998953e-02
1.410000000000000142e-01
1.481000000000000094e-01
1.353000000000000036e-01
1.055000000000000104e-01
