2.300999999999999990e-01
9.929999999999999938e-02
8.519999999999999796e-02
1.205000000000000099e-01
9.750000000000000333e-02
9.920000000000001039e-02
1.156000000000000083e-01
5.109999999999999959e-02
8.800000000000000877e-02
9.220000000000000417e-02
1.216000000000000136e-01
1.507999999999999896e-01
1.029999999999999943e-01
9.479999999999999538e-02
1.004000000000000031e-01
6.400000000000000133e-02
1.064000000000000085e-01
6.539999999999999980e-02
1.610000000000000042e-01
1.106000000000000039e-01
4.259999999999998510e-02
5.739999999999999269e-02
5.599999999999998035e-02
1.125000000000000028e-01
7.379999999999999061e-02
1.100000000000000006e-01
9.479999999999999538e-02
1.326999999999999846e-01
5.620000000000002771e-02
4.630000000000000782e-02
1.260000000000000009e-01
8.340000000000000191e-02
1.077999999999999792e-01
1.211999999999999883e-01
1.214000000000000079e-01
1.048999999999999932e-01
1.292999999999999983e-01
5.590000000000000524e-02
1.305000000000000049e-01
5.239999999999998825e-02
1.213999999999999801e-01
6.829999999999999960e-02
9.790000000000001479e-02
1.234999999999999987e-01
1.162000000000000116e-01
1.741000000000000325e-01
1.070000000000000118e-01
8.609999999999999598e-02
7.870000000000001994e-02
1.506000000000000116e-01
1.391000000000000014e-01
7.969999999999999307e-02
1.601000000000000201e-01
1.351999999999999869e-01
1.600999999999999923e-01
1.607999999999999985e-01
6.710000000000002074e-02
8.340000000000000191e-02
1.644999999999999796e-01
1.289000000000000146e-01
8.560000000000000941e-02
1.059000000000000080e-01
5.440000000000001085e-02
1.208000000000000046e-01
1.487000000000000266e-01
1.737000000000000210e-01
1.917999999999999705e-01
5.450000000000002759e-02
1.376999999999999613e-01
3.204000000000000181e-01
1.372000000000000164e-01
1.275000000000000022e-01
1.318000000000000282e-01
6.700000000000000400e-02
1.154000000000000026e-01
7.889999999999998403e-02
1.032000000000000278e-01
1.024999999999999939e-01
7.889999999999999791e-02
1.141000000000000070e-01
7.400000000000001021e-02
7.680000000000000715e-02
7.120000000000001328e-02
6.060000000000001497e-02
1.100000000000000144e-01
1.078999999999999682e-01
2.111000000000000099e-01
4.219000000000000528e-01
5.635999999999999899e-01
2.430999999999999828e-01
2.876000000000000223e-01
2.148000000000000465e-01
1.965999999999999970e-01
1.957000000000000406e-01
2.077999999999999847e-01
1.689999999999999836e-01
7.339999999999999303e-02
1.399000000000000243e-01
1.655000000000000082e-01
8.829999999999998961e-02
2.092000000000000526e-01
1.085000000000000131e-01
1.054999999999999827e-01
8.019999999999999352e-02
1.196000000000000119e-01
1.335999999999999965e-01
1.918999999999999595e-01
1.734999999999999876e-01
1.627000000000000113e-01
1.228000000000000064e-01
1.344000000000000195e-01
1.766999999999999960e-01
1.270000000000000018e-01
2.325000000000000400e-01
5.610000000000001097e-02
1.630999999999999950e-01
5.550000000000001460e-02
1.282999999999999974e-01
1.358999999999999930e-01
1.998000000000000054e-01
1.783999999999999753e-01
1.945999999999999952e-01
1.731999999999999929e-01
1.090999999999999748e-01
9.919999999999999651e-02
9.640000000000004121e-02
3.856999999999999873e-01
3.964999999999999636e-01
4.591999999999999416e-01
2.175999999999999601e-01
2.931999999999999607e-01
2.830000000000000293e-01
1.669999999999999540e-01
1.645000000000000073e-01
2.084000000000000297e-01
6.189999999999998975e-02
8.870000000000000107e-02
4.469999999999999668e-02
1.104999999999999594e-01
1.719999999999999862e-01
8.499999999999999223e-02
1.210000000000000103e-01
1.934999999999999776e-01
2.015000000000000124e-01
1.674000000000000210e-01
1.658000000000000029e-01
2.118000000000000160e-01
2.737999999999999323e-01
2.801999999999999491e-01
9.370000000000001938e-02
7.269999999999995910e-02
1.441999999999999671e-01
4.760000000000001730e-02
1.947000000000000397e-01
2.590999999999999970e-01
2.121000000000000107e-01
1.536000000000000143e-01
1.327000000000000124e-01
9.829999999999999849e-02
6.810000000000000775e-02
7.840000000000006686e-02
6.740000000000005709e-02
3.789999999999998925e-02
9.330000000000004956e-02
1.257000000000000062e-01
1.472999999999999865e-01
5.730000000000000371e-02
1.736999999999999933e-01
1.382000000000000450e-01
1.739999999999999880e-01
1.277999999999999969e-01
1.424999999999999600e-01
9.240000000000000990e-02
4.080000000000003069e-02
5.579999999999998156e-02
5.129999999999998450e-02
1.244000000000000106e-01
1.473999999999999755e-01
2.151000000000000412e-01
1.723999999999999977e-01
1.061999999999999889e-01
1.025000000000000494e-01
8.429999999999998606e-02
1.042000000000000148e-01
7.089999999999996305e-02
1.539999999999999702e-01
7.599999999999997036e-02
2.340999999999999470e-01
1.972999999999999754e-01
5.769999999999996659e-02
1.033999999999999642e-01
2.546999999999999820e-01
2.850000000000000311e-01
1.052000000000000018e-01
8.059999999999994946e-02
3.069000000000000061e-01
4.847000000000000197e-01
1.596999999999999531e-01
1.708999999999999964e-01
2.568000000000000282e-01
1.559999999999999720e-01
1.880000000000000560e-01
1.150999999999999523e-01
1.515000000000000235e-01
1.310999999999999388e-01
1.820999999999999563e-01
7.030000000000001525e-02
1.703999999999999959e-01
2.172000000000000042e-01
