1.958000000000000018e-01
1.425000000000000155e-01
1.292999999999999983e-01
9.529999999999999583e-02
1.546999999999999764e-01
5.779999999999999721e-02
9.020000000000000240e-02
1.046000000000000263e-01
8.260000000000000675e-02
8.360000000000000764e-02
1.266000000000000181e-01
1.357999999999999763e-01
1.161999999999999977e-01
9.650000000000000244e-02
3.311999999999999389e-01
1.965000000000000080e-01
1.486000000000000099e-01
5.699999999999999512e-02
1.280999999999999639e-01
9.729999999999996985e-02
1.221999999999999892e-01
1.146999999999999964e-01
1.824999999999999956e-01
1.910000000000000309e-01
5.069999999999998813e-02
1.017999999999999738e-01
7.649999999999999856e-02
1.949000000000000177e-01
1.136999999999999816e-01
1.326000000000000234e-01
2.023999999999999966e-01
8.360000000000003539e-02
2.268000000000000294e-01
1.057000000000000300e-01
2.069000000000000283e-01
2.195000000000000007e-01
1.182000000000000273e-01
9.190000000000003721e-02
1.298999999999999877e-01
5.339999999999998914e-02
1.708000000000000074e-01
2.576999999999999291e-01
2.044000000000000261e-01
3.135000000000001119e-01
3.070000000000000506e-01
2.374999999999999889e-01
1.183999999999999775e-01
2.171999999999999764e-01
1.427000000000000768e-01
1.373000000000000331e-01
1.036999999999999728e-01
5.179999999999999882e-02
3.135000000000000009e-01
2.132000000000000561e-01
1.453000000000000402e-01
2.302000000000000435e-01
1.230999999999999872e-01
8.400000000000001910e-02
1.456000000000000072e-01
2.788999999999999257e-01
1.230999999999999317e-01
1.907999999999999696e-01
3.524000000000000465e-01
1.435999999999999777e-01
1.008000000000000146e-01
5.809999999999998499e-02
9.790000000000000091e-02
1.129000000000000004e-01
1.906000000000000472e-01
2.420000000000000207e-01
9.520000000000000684e-02
1.203000000000000180e-01
5.719999999999998003e-02
1.703999999999999959e-01
2.629999999999999560e-01
2.341000000000000580e-01
4.969000000000000083e-01
6.538999999999999257e-01
2.539000000000000146e-01
2.438999999999999779e-01
3.343999999999999750e-01
3.187999999999998613e-01
9.677000000000000046e-01
5.846000000000000085e-01
1.081999999999999768e-01
4.760000000000002424e-02
7.030000000000005689e-02
1.708999999999999964e-01
1.784000000000000308e-01
1.336999999999999855e-01
2.789999999999999147e-01
2.979000000000000536e-01
2.830000000000000293e-01
1.958999999999999908e-01
7.399999999999999911e-01
6.938999999999999613e-01
4.114999999999999769e-01
2.075999999999999235e-01
7.770000000000004681e-02
1.097000000000000197e-01
1.516999999999999738e-01
1.492000000000000270e-01
6.850000000000001921e-02
1.165000000000000063e-01
1.304999999999999771e-01
4.498999999999999666e-01
2.802999999999998826e-01
1.722999999999999254e-01
1.744999999999999607e-01
1.802000000000000268e-01
2.529000000000000137e-01
1.330000000000000071e-01
2.137999999999999901e-01
8.389999999999994684e-02
1.176000000000000795e-01
1.786999999999999977e-01
6.389999999999997071e-02
7.370000000000005713e-02
9.330000000000009119e-02
8.010000000000003229e-02
7.679999999999993776e-02
2.213999999999999857e-01
2.684999999999999609e-01
8.529999999999990368e-02
5.300000000000007483e-02
1.708000000000000629e-01
2.912999999999999479e-01
3.400000000000000799e-01
1.035000000000000503e-01
1.297000000000000097e-01
7.649999999999994305e-02
1.534999999999999143e-01
1.439999999999999336e-01
2.773999999999999799e-01
2.280000000000000360e-01
1.633000000000000007e-01
2.169000000000000372e-01
1.736000000000000321e-01
2.172999999999999932e-01
2.289999999999999536e-01
1.032999999999999474e-01
1.801999999999999991e-01
1.788999999999999757e-01
4.384999999999998899e-01
3.867999999999999772e-01
2.033000000000000640e-01
1.859000000000000374e-01
4.159999999999997727e-02
1.574999999999999456e-01
1.472000000000000530e-01
3.825000000000000622e-01
3.299000000000000821e-01
2.868999999999999329e-01
1.967000000000000970e-01
1.194999999999999674e-01
1.779999999999999916e-01
1.564999999999999447e-01
1.464999999999999081e-01
9.549999999999998768e-02
1.815999999999999837e-01
1.260999999999999344e-01
1.134000000000000008e-01
5.709999999999990777e-02
8.560000000000017595e-02
2.771999999999998909e-01
1.337000000000000133e-01
2.784000000000000363e-01
1.327000000000000679e-01
1.796000000000002039e-01
9.770000000000009233e-02
2.373000000000000664e-01
3.874000000000000776e-01
1.684999999999998721e-01
1.552000000000000601e-01
2.724000000000000865e-01
1.060999999999999166e-01
5.049999999999998240e-02
3.390000000000006897e-02
1.350999999999998868e-01
1.698999999999999122e-01
9.919999999999998264e-02
1.023000000000000853e-01
5.980000000000006838e-02
1.447000000000000230e-01
1.572000000000000897e-01
8.850000000000000921e-02
5.960000000000000020e-02
5.980000000000004756e-02
1.879000000000000392e-01
1.136000000000001037e-01
1.005000000000001031e-01
1.462000000000001076e-01
1.113999999999999158e-01
3.175999999999999934e-01
8.689999999999989400e-02
1.514999999999998570e-01
1.142999999999998878e-01
6.232000000000001982e-01
1.404000000000000248e-01
3.243999999999999662e-01
3.398000000000000465e-01
4.130999999999999117e-01
3.368999999999999773e-01
3.087999999999999634e-01
2.652999999999998693e-01
1.726000000000000589e-01
1.508999999999999786e-01
2.723999999999999755e-01
1.326999999999999846e-01
