1.141000000000000070e-01
1.388999999999999957e-01
7.930000000000000937e-02
6.600000000000000311e-02
8.590000000000000413e-02
1.369999999999999829e-01
1.015000000000000069e-01
1.818999999999999784e-01
1.900000000000000022e-01
1.413999999999999979e-01
1.939000000000000168e-01
2.430000000000000215e-01
1.553999999999999826e-01
2.116999999999999993e-01
1.851000000000000423e-01
2.589000000000000190e-01
1.635999999999999954e-01
1.473999999999999755e-01
1.580000000000000016e-01
3.139000000000000123e-01
3.696000000000000396e-01
1.764999999999999902e-01
1.098000000000000226e-01
3.064999999999999947e-01
3.472999999999999976e-01
1.967999999999999750e-01
1.008999999999999758e-01
1.242999999999999938e-01
1.588999999999999857e-01
8.050000000000004374e-02
1.513000000000000456e-01
3.556000000000000272e-01
1.723999999999999977e-01
1.890000000000000013e-01
3.760000000000001119e-01
4.332000000000000295e-01
1.108999999999999986e-01
7.260000000000001175e-02
2.401999999999999968e-01
3.394999999999999685e-01
1.306000000000000216e-01
1.837999999999999634e-01
2.343000000000000083e-01
2.985999999999999766e-01
1.774999999999999911e-01
1.790999999999999814e-01
2.978000000000000091e-01
2.964999999999999858e-01
2.786000000000000143e-01
2.077000000000000512e-01
1.759000000000000286e-01
2.534999999999999476e-01
2.021000000000000019e-01
1.654999999999999805e-01
2.124000000000000332e-01
1.886000000000000454e-01
1.893999999999999573e-01
1.527999999999999914e-01
2.127999999999999892e-01
2.924999999999999822e-01
2.001999999999999613e-01
2.047999999999999821e-01
1.838000000000000189e-01
3.262000000000000455e-01
1.905000000000000027e-01
2.209000000000000130e-01
1.585000000000000298e-01
1.400999999999999468e-01
2.600999999999999424e-01
1.591000000000000192e-01
2.649000000000000243e-01
3.890000000000000124e-01
2.194000000000000117e-01
2.187999999999999390e-01
6.015000000000000346e-01
1.006099999999999994e+00
4.767000000000000126e-01
5.866000000000000103e-01
1.056000000000000272e-01
1.520000000000000240e-01
1.968999999999999084e-01
1.376000000000000556e-01
1.153000000000000275e-01
4.326999999999999735e-01
2.294999999999999818e-01
8.400999999999999579e-01
6.704999999999998739e-01
2.053999999999999992e-01
2.266000000000000791e-01
4.053999999999999826e-01
2.258999999999999897e-01
3.686000000000000387e-01
2.452999999999999625e-01
2.204999999999999738e-01
2.732999999999999874e-01
2.173000000000000209e-01
2.872000000000000108e-01
1.401000000000000023e-01
3.321999999999999953e-01
3.711999999999999744e-01
4.878999999999999448e-01
1.075900000000000079e+00
5.251000000000000112e-01
3.875999999999999446e-01
3.753999999999999559e-01
2.953999999999999959e-01
3.296000000000000041e-01
2.379999999999999893e-01
3.762000000000000344e-01
2.419999999999999929e-01
2.987000000000000210e-01
2.405999999999999528e-01
9.359999999999997489e-02
3.074999999999999400e-01
2.400999999999998968e-01
2.927999999999998937e-01
4.254999999999999893e-01
4.778999999999999915e-01
2.056000000000000050e-01
1.770999999999999797e-01
4.127999999999999448e-01
6.286000000000000476e-01
7.209999999999999742e-01
6.783000000000000140e-01
2.626000000000000556e-01
1.090000000000000135e-01
8.690000000000008828e-02
2.854999999999999760e-01
3.147999999999999687e-01
2.332999999999998963e-01
2.318999999999999950e-01
5.437000000000000721e-01
3.330999999999999517e-01
2.580000000000000071e-01
9.220999999999999197e-01
5.967000000000000082e-01
2.696000000000000063e-01
3.996000000000000663e-01
3.056999999999999162e-01
4.570000000000000173e-01
2.458999999999999242e-01
3.587999999999998968e-01
4.712000000000000077e-01
4.038000000000000478e-01
4.749999999999999778e-01
3.150999999999999912e-01
2.595999999999999419e-01
2.808999999999999830e-01
3.327999999999999292e-01
3.163999999999999035e-01
2.860999999999999654e-01
5.992999999999999439e-01
4.190999999999999726e-01
4.414999999999999480e-01
6.659999999999997866e-02
3.439999999999999725e-01
1.631000000000001615e-01
3.856000000000001093e-01
5.303999999999998716e-01
2.424000000000000044e-01
4.285999999999999810e-01
5.998999999999999888e-01
8.118999999999999551e-01
5.352000000000000091e-01
3.575999999999999734e-01
4.012999999999999345e-01
1.132999999999998730e-01
1.160000000000000198e-01
3.201000000000000512e-01
5.181999999999999940e-01
4.749000000000000998e-01
6.168000000000000149e-01
6.443999999999998618e-01
6.587000000000000632e-01
6.673999999999999932e-01
3.959000000000000852e-01
2.882000000000000117e-01
4.276000000000000911e-01
3.715999999999999859e-01
2.534999999999999476e-01
4.099999999999999201e-01
3.210999999999999410e-01
3.962999999999999856e-01
2.771000000000000685e-01
3.090000000000000524e-01
3.466000000000000192e-01
3.522000000000000131e-01
3.338000000000000411e-01
2.769000000000000350e-01
4.018000000000001570e-01
1.584999999999999187e-01
2.532999999999998586e-01
2.896000000000000241e-01
5.200000000000000178e-01
6.043000000000000593e-01
4.127000000000000113e-01
1.829999999999999960e-01
5.858999999999999764e-01
5.918999999999999817e-01
3.019000000000000572e-01
4.109999999999999765e-01
3.705999999999999295e-01
4.977000000000000313e-01
2.987999999999999545e-01
2.525999999999999357e-01
3.513999999999999346e-01
6.910000000000000586e-01
2.044599999999999973e+00
4.450999999999999401e-01
