5.040000000000000036e-02
3.139999999999999736e-02
3.419999999999999429e-02
9.510000000000000397e-02
1.194000000000000061e-01
8.879999999999999005e-02
1.875000000000000000e-01
1.063999999999999946e-01
4.241999999999999660e-01
3.365000000000000213e-01
9.720000000000000862e-02
1.688000000000000056e-01
1.030000000000000082e-01
1.607000000000000095e-01
1.232999999999999929e-01
1.132999999999999979e-01
2.646999999999999353e-01
1.242000000000000326e-01
2.210000000000000020e-01
1.590000000000000302e-01
1.332000000000000128e-01
1.461999999999999689e-01
1.694999999999999840e-01
5.779999999999998334e-02
2.369000000000000272e-01
1.494000000000000050e-01
2.061999999999999944e-01
1.185999999999999832e-01
2.645000000000000129e-01
2.210999999999999632e-01
1.208999999999999797e-01
2.931000000000000272e-01
1.803000000000000713e-01
3.110999999999999877e-01
2.871000000000000218e-01
2.886000000000000787e-01
1.120000000000000023e-01
2.543999999999999595e-01
2.927999999999999492e-01
1.424000000000000266e-01
2.533000000000000251e-01
1.494999999999999385e-01
1.333999999999999908e-01
1.845999999999999308e-01
2.402000000000000246e-01
5.939999999999999447e-02
3.580999999999999739e-01
1.575000000000000011e-01
4.192000000000000171e-01
1.324000000000001009e-01
1.127999999999999142e-01
2.174999999999999711e-01
2.939999999999999281e-01
1.886999999999999789e-01
3.983999999999999209e-01
1.796000000000000374e-01
2.561000000000000498e-01
4.049999999999993883e-02
2.846000000000000751e-01
2.448000000000000731e-01
4.286000000000000365e-01
3.014999999999999902e-01
2.886000000000000232e-01
1.242999999999999106e-01
8.479999999999995874e-02
9.930000000000005489e-02
4.490000000000000935e-02
1.458000000000000129e-01
2.101999999999999702e-01
1.353999999999999648e-01
1.494000000000000328e-01
2.407000000000000528e-01
3.137999999999999678e-01
1.117000000000000076e-01
4.880000000000001004e-02
1.794999999999999374e-01
9.190000000000005109e-02
6.589999999999998637e-02
1.134000000000000563e-01
1.373999999999999111e-01
2.001999999999999891e-01
1.983999999999999098e-01
1.099999999999999867e-01
2.096999999999999142e-01
1.160999999999999532e-01
2.247999999999999721e-01
3.729000000000000092e-01
4.111000000000000765e-01
2.574999999999998956e-01
3.297999999999999821e-01
1.442000000000000504e-01
1.740000000000000435e-01
4.565999999999998948e-01
9.450000000000013944e-02
4.058000000000000496e-01
1.677999999999997827e-01
1.567999999999997729e-01
2.354000000000000814e-01
1.944000000000000450e-01
2.881000000000000227e-01
2.067000000000000504e-01
3.618999999999999995e-01
1.610000000000001152e-01
2.365000000000000435e-01
2.110999999999998988e-01
1.493999999999999218e-01
2.624000000000000776e-01
1.187000000000000555e-01
4.877999999999999559e-01
3.303999999999999160e-01
3.169999999999998930e-01
3.579000000000001069e-01
4.186999999999998501e-01
3.138000000000000234e-01
3.428999999999999826e-01
2.456000000000000960e-01
2.278999999999997694e-01
1.980000000000001481e-01
3.981999999999999984e-01
1.469999999999998808e-01
2.558999999999999053e-01
3.481000000000002426e-01
2.790999999999999037e-01
4.969999999999999973e-01
2.891999999999997906e-01
4.155999999999999694e-01
2.801999999999997826e-01
4.540999999999999481e-01
2.565999999999999392e-01
2.530000000000000027e-01
1.708000000000000074e-01
2.042000000000000481e-01
8.240000000000023694e-02
6.880000000000005556e-02
2.116999999999998605e-01
2.867000000000001214e-01
2.665999999999999481e-01
2.034999999999999865e-01
2.657999999999999252e-01
2.551000000000000489e-01
3.187000000000002053e-01
2.617000000000000992e-01
1.988999999999997992e-01
1.277999999999999414e-01
7.500000000000005274e-02
3.518000000000000016e-01
4.573999999999998067e-01
2.852000000000002311e-01
2.216999999999997861e-01
3.954000000000001958e-01
4.180999999999996941e-01
1.828000000000000735e-01
4.170999999999996932e-01
2.556999999999999829e-01
1.979000000000001314e-01
1.906999999999998974e-01
1.782999999999999585e-01
3.309999999999996834e-01
2.343999999999997752e-01
1.582000000000002016e-01
2.461000000000003185e-01
1.144999999999997409e-01
3.068000000000001837e-01
2.482999999999998819e-01
2.495999999999999885e-01
2.885999999999998566e-01
2.227999999999999980e-01
3.128000000000002445e-01
4.197999999999996179e-01
7.660000000000015408e-02
1.892000000000003679e-01
3.661000000000000365e-01
2.559999999999999498e-01
3.295000000000000151e-01
2.145999999999998742e-01
3.482999999999998320e-01
2.044999999999998208e-01
3.586999999999998523e-01
2.263999999999999624e-01
3.017000000000001902e-01
1.578000000000002179e-01
2.542999999999998595e-01
2.054999999999997384e-01
1.996999999999998221e-01
1.500999999999999557e-01
3.145000000000003348e-01
1.145000000000000184e-01
1.505999999999998451e-01
2.288999999999996593e-01
1.799000000000001986e-01
1.007000000000002615e-01
1.525999999999999024e-01
2.369999999999998219e-01
1.326999999999997626e-01
1.244000000000000661e-01
3.437999999999997724e-01
1.829999999999997462e-01
3.462999999999998302e-01
1.671000000000001373e-01
3.275999999999997803e-01
3.687999999999997947e-01
1.210000000000002324e-01
2.353999999999997206e-01
1.806000000000001493e-01
3.084999999999996634e-01
1.866999999999998383e-01
3.256000000000001671e-01
8.730000000000008586e-02
1.625000000000000888e-01
