1.252000000000000057e-01
1.072999999999999926e-01
2.057000000000000217e-01
1.852000000000000313e-01
1.301999999999999824e-01
1.318000000000000005e-01
1.207000000000000017e-01
1.027000000000000135e-01
1.460000000000000187e-01
1.426000000000000045e-01
1.226999999999999758e-01
1.660999999999999976e-01
1.491000000000000103e-01
1.104000000000000120e-01
1.654999999999999805e-01
1.282999999999999974e-01
1.789999999999999925e-01
9.810000000000000664e-02
2.352000000000000202e-01
4.540000000000000147e-01
2.367000000000000215e-01
1.211000000000000132e-01
4.420000000000000318e-02
1.094000000000000111e-01
1.454000000000000292e-01
9.110000000000004206e-02
9.859999999999999321e-02
1.825999999999999845e-01
9.470000000000004803e-02
1.292999999999999983e-01
6.250000000000002776e-02
1.120999999999999219e-01
6.799999999999997713e-02
1.640999999999999959e-01
8.720000000000002749e-02
2.432000000000000273e-01
1.590000000000000302e-01
1.545999999999999597e-01
2.410000000000000198e-01
1.977000000000000146e-01
9.800000000000000377e-02
1.195999999999999980e-01
2.179999999999999993e-01
9.050000000000003875e-02
1.014000000000000457e-01
1.092999999999999527e-01
1.325000000000000067e-01
8.710000000000001075e-02
1.173999999999999211e-01
2.235999999999999932e-01
3.115999999999999881e-01
2.461000000000000132e-01
1.565999999999999615e-01
1.143000000000000127e-01
1.126000000000000612e-01
4.582999999999999852e-01
1.802999999999999881e-01
3.412999999999999923e-01
2.545000000000000040e-01
1.419000000000000261e-01
2.413999999999999480e-01
3.014999999999999347e-01
1.521999999999999742e-01
9.529999999999999583e-02
1.873000000000000220e-01
1.370999999999999996e-01
1.439000000000000001e-01
9.240000000000003766e-02
1.425000000000000711e-01
1.486999999999999988e-01
1.946000000000000230e-01
1.312000000000000388e-01
7.450000000000001066e-02
2.445999999999999841e-01
2.683000000000000385e-01
2.735000000000000209e-01
1.385000000000000675e-01
1.090000000000000274e-01
1.494999999999999940e-01
1.705000000000000127e-01
1.322999999999999732e-01
9.939999999999998836e-02
1.756999999999999673e-01
1.390000000000000124e-01
1.710999999999999466e-01
7.159999999999991371e-02
1.692000000000000171e-01
4.264000000000000012e-01
2.560000000000000608e-01
1.485999999999999543e-01
1.876999999999999225e-01
1.636999999999998734e-01
1.318000000000000005e-01
9.129999999999996452e-02
1.353000000000000036e-01
2.080999999999999794e-01
1.651000000000000245e-01
9.939999999999997449e-02
1.248999999999999555e-01
1.002999999999999309e-01
1.184000000000000608e-01
2.041000000000000036e-01
1.290999999999999648e-01
1.575999999999999623e-01
2.032000000000000750e-01
1.830000000000000238e-01
1.293999999999999317e-01
1.049000000000000210e-01
1.416999999999999371e-01
1.115999999999999631e-01
2.413999999999999202e-01
1.733000000000000096e-01
2.407999999999999308e-01
2.012999999999999790e-01
2.152999999999999914e-01
1.601999999999999535e-01
1.124999999999999334e-01
1.556999999999999496e-01
1.506999999999998896e-01
1.895000000000000018e-01
1.254000000000000392e-01
2.182999999999998830e-01
2.062999999999999834e-01
1.620999999999998831e-01
3.189000000000000168e-01
2.798999999999999821e-01
2.008999999999999397e-01
2.223999999999999033e-01
1.338999999999999635e-01
1.333999999999999353e-01
9.000000000000010769e-02
1.919000000000000705e-01
1.366999999999999882e-01
1.711000000000000021e-01
1.202000000000000429e-01
1.248000000000001053e-01
1.660999999999999976e-01
8.839999999999996472e-02
1.305999999999999384e-01
1.083999999999999547e-01
1.030999999999999833e-01
1.612000000000000099e-01
2.003000000000000336e-01
1.615000000000000602e-01
1.157000000000000389e-01
2.500999999999998780e-01
3.404999999999999694e-01
3.024000000000000021e-01
1.315000000000000335e-01
1.500999999999999834e-01
1.141999999999999821e-01
1.712999999999999523e-01
1.007000000000000256e-01
1.683999999999999941e-01
1.418999999999999984e-01
1.308999999999999331e-01
6.720000000000000973e-02
1.565000000000000280e-01
1.876000000000001000e-01
1.371000000000000552e-01
1.071999999999999620e-01
2.001000000000000278e-01
9.439999999999987290e-02
2.888000000000000012e-01
1.805999999999999828e-01
9.610000000000008813e-02
1.048000000000000181e-01
1.543000000000000482e-01
1.934999999999999498e-01
1.875999999999999890e-01
1.817000000000000282e-01
1.262000000000001454e-01
1.108999999999999153e-01
1.846999999999999753e-01
1.393999999999999129e-01
1.413999999999999146e-01
1.585999999999999077e-01
1.489000000000000323e-01
1.413999999999998869e-01
2.990999999999999215e-01
2.446999999999999731e-01
1.905000000000000027e-01
1.058999999999999941e-01
1.426999999999999935e-01
1.772000000000000242e-01
2.053999999999998605e-01
1.293999999999998485e-01
1.927000000000000379e-01
1.132000000000000506e-01
9.720000000000009188e-02
1.278000000000001635e-01
1.080000000000000404e-01
9.740000000000001434e-02
1.671999999999999598e-01
1.857000000000000317e-01
2.090999999999998971e-01
3.293999999999999151e-01
2.154999999999999694e-01
1.480999999999998706e-01
1.295999999999999097e-01
1.821999999999999731e-01
1.453000000000000125e-01
1.452000000000000235e-01
1.373999999999999666e-01
1.666000000000000258e-01
9.629999999999996896e-02
1.103000000000001063e-01
3.235000000000000653e-01
2.111999999999999433e-01
