8.920000000000000151e-02
6.120999999999999774e-01
2.457199999999999829e+00
1.147699999999999942e+00
1.724999999999999312e-01
1.340000000000000080e-01
1.167000000000000259e-01
1.259000000000000119e-01
1.231000000000000288e-01
1.159000000000000030e-01
1.022000000000000131e-01
1.250000000000000000e-01
2.271000000000000241e-01
9.609999999999996323e-02
1.151999999999999830e-01
1.214999999999999691e-01
9.369999999999997775e-02
7.159999999999999698e-02
3.479999999999999760e-02
7.639999999999998181e-02
1.019999999999999657e-01
1.019999999999999796e-01
9.659999999999996367e-02
1.602999999999999980e-01
7.789999999999999702e-02
6.900000000000000577e-02
9.019999999999997464e-02
1.362000000000000433e-01
1.386999999999999900e-01
7.870000000000000606e-02
2.893000000000000016e-01
1.333000000000000018e-01
1.391000000000000292e-01
1.382000000000000173e-01
5.300000000000001932e-02
7.660000000000001530e-02
8.980000000000003257e-02
9.470000000000000639e-02
5.589999999999999830e-02
7.950000000000004285e-02
8.080000000000001070e-02
6.549999999999998879e-02
1.281000000000000194e-01
9.400000000000002798e-02
1.446000000000000063e-01
1.161000000000000365e-01
8.800000000000005040e-02
5.290000000000003727e-02
6.570000000000000839e-02
3.120000000000000204e-02
8.719999999999999973e-02
1.326000000000000234e-01
1.444999999999999896e-01
1.042000000000000010e-01
3.244000000000000217e-01
1.542999999999999650e-01
1.699000000000000510e-01
1.081000000000000294e-01
5.159999999999997922e-02
1.352000000000000146e-01
9.349999999999997202e-02
7.700000000000001288e-02
4.400000000000000439e-02
2.029999999999998125e-02
5.600000000000000117e-02
1.135000000000000175e-01
4.710000000000000991e-02
1.953999999999999904e-01
1.120000000000000023e-01
5.970000000000002388e-02
1.164000000000000035e-01
8.459999999999998077e-02
9.149999999999999800e-02
1.207000000000000017e-01
1.627999999999999725e-01
8.770000000000000018e-02
1.718999999999999972e-01
1.132000000000000089e-01
8.500000000000000611e-02
7.790000000000001090e-02
1.187000000000000000e-01
1.181999999999999995e-01
1.087999999999999801e-01
9.690000000000001390e-02
8.119999999999999440e-02
8.719999999999999973e-02
5.009999999999998482e-02
6.389999999999999847e-02
6.080000000000000682e-02
5.180000000000000576e-02
8.410000000000000808e-02
1.159000000000000030e-01
1.653999999999999915e-01
1.671999999999999875e-01
9.779999999999999805e-02
1.359000000000000208e-01
8.190000000000000058e-02
9.529999999999999583e-02
6.559999999999999165e-02
1.834000000000000075e-01
1.707000000000000184e-01
9.209999999999998743e-02
9.309999999999998832e-02
1.021999999999999575e-01
1.391000000000000014e-01
8.360000000000000764e-02
1.280000000000000027e-01
3.323000000000000398e-01
3.413300000000000001e+00
1.006399999999999961e+00
5.949999999999998623e-01
4.108000000000000540e-01
3.219000000000000195e-01
2.348000000000000642e-01
1.034999999999999254e-01
6.880000000000005556e-02
1.196999999999999731e-01
6.519999999999998019e-02
1.088999999999999968e-01
7.149999999999992473e-02
1.255000000000000282e-01
4.089999999999995722e-02
8.560000000000002329e-02
1.041000000000000120e-01
9.080000000000001958e-02
1.269999999999999463e-01
9.520000000000003459e-02
1.021999999999999853e-01
8.799999999999998102e-02
1.036000000000000532e-01
1.002999999999999725e-01
6.989999999999998992e-02
2.644000000000000239e-01
2.067999999999999561e-01
9.020000000000000240e-02
1.654000000000000470e-01
1.744000000000000550e-01
1.255000000000000004e-01
9.850000000000001810e-02
1.535999999999999865e-01
1.181999999999999718e-01
6.779999999999999916e-02
8.600000000000004863e-02
5.660000000000001141e-02
6.569999999999999452e-02
7.010000000000002340e-02
5.320000000000001811e-02
5.660000000000002529e-02
1.073999999999999955e-01
6.370000000000000662e-02
1.107999999999999818e-01
9.440000000000003944e-02
1.105999999999999900e-01
1.836999999999999744e-01
1.125000000000000167e-01
9.350000000000002753e-02
8.460000000000000853e-02
6.489999999999997160e-02
7.369999999999995999e-02
1.223999999999999672e-01
1.074999999999999706e-01
1.866999999999999771e-01
6.443000000000000949e-01
4.375000000000001110e-01
1.230999999999999178e-01
2.558999999999999608e-01
3.357999999999999874e-01
4.745000000000000329e-01
1.940999999999999670e-01
7.140999999999999570e-01
1.231700000000000017e+00
5.745999999999999996e-01
1.711699999999999777e+00
1.001199999999999868e+00
1.304999999999999771e-01
7.420000000000001594e-02
1.410999999999999477e-01
9.810000000000002052e-02
1.305999999999999661e-01
2.662999999999999257e-01
1.436999999999999944e-01
7.649999999999998468e-02
8.029999999999995475e-02
6.240000000000003877e-02
2.500000000000000833e-02
5.900000000000003159e-02
4.580000000000006288e-02
9.820000000000000950e-02
1.123999999999999860e-01
1.016999999999999571e-01
6.279999999999996696e-02
8.789999999999997815e-02
1.423999999999999988e-01
1.577999999999999958e-01
