1.995000000000000107e-01
2.409999999999999920e-01
3.440999999999999615e-01
2.803999999999999826e-01
1.428999999999999992e-01
9.319999999999999118e-02
1.351999999999999869e-01
3.513999999999999901e-01
3.799000000000000155e-01
1.562999999999999945e-01
1.428000000000000103e-01
1.230999999999999872e-01
1.083000000000000074e-01
1.305999999999999939e-01
7.528000000000000247e-01
3.137999999999999678e-01
3.085999999999999854e-01
1.902000000000000079e-01
2.915000000000000369e-01
4.802000000000000712e-01
1.673000000000000043e-01
3.238999999999999657e-01
2.867999999999999994e-01
2.862000000000000099e-01
2.575999999999999956e-01
1.946999999999999842e-01
3.942999999999999838e-01
3.370000000000000218e-01
2.318000000000000338e-01
3.744000000000000106e-01
1.334000000000000186e-01
1.394000000000000239e-01
3.064000000000000057e-01
1.319400000000000128e+00
3.264400000000000190e+00
1.127600000000000158e+00
2.394000000000000017e-01
2.368000000000000660e-01
3.923999999999999710e-01
1.100000000000000422e-01
4.029999999999994698e-02
5.679999999999994775e-02
3.392999999999999350e-01
3.361000000000000099e-01
2.239000000000000157e-01
1.643000000000000016e-01
1.733999999999999986e-01
2.440999999999999559e-01
1.996000000000000274e-01
2.152000000000000302e-01
1.192000000000000004e-01
2.373999999999999722e-01
2.328000000000000624e-01
1.946999999999999842e-01
2.181000000000000716e-01
9.190000000000002334e-02
2.593999999999999639e-01
3.452000000000000624e-01
2.231999999999999817e-01
3.993999999999999773e-01
2.203999999999999848e-01
5.909999999999997894e-02
1.305999999999999939e-01
1.601000000000000201e-01
8.236000000000001098e-01
3.298000000000000931e-01
9.089999999999998082e-02
1.616000000000000769e-01
3.867000000000001547e-01
2.614000000000000767e-01
2.685000000000000164e-01
1.806999999999999440e-01
2.099999999999999645e-01
2.360000000000000153e-01
2.075999999999999790e-01
2.087999999999999023e-01
3.164000000000000146e-01
2.247999999999999443e-01
2.736999999999999433e-01
2.258000000000000562e-01
1.924999999999999489e-01
5.850000000000007971e-02
1.940000000000000613e-01
2.886999999999999567e-01
2.745999999999999552e-01
1.591000000000000192e-01
9.519999999999996521e-02
1.458000000000000962e-01
2.177999999999999936e-01
2.028000000000000635e-01
2.440999999999999837e-01
1.837999999999999634e-01
2.701000000000000068e-01
3.366999999999999993e-01
3.217000000000000970e-01
2.144999999999999407e-01
1.125500000000000167e+00
8.450000000000000844e-01
2.594000000000000195e-01
2.278999999999999915e-01
3.065000000000000502e-01
2.751000000000000112e-01
3.438999999999999835e-01
2.338000000000000356e-01
1.888999999999999846e-01
1.623000000000000553e-01
1.602999999999999425e-01
1.575999999999999623e-01
2.715000000000000746e-01
1.864999999999999991e-01
2.602999999999999758e-01
4.359999999999999987e-01
4.869999999999999885e-01
4.236000000000000876e-01
2.207000000000000073e-01
2.154000000000000081e-01
1.981000000000000538e-01
1.988000000000000322e-01
2.325000000000000400e-01
3.092000000000000304e-01
5.445999999999999730e-01
4.098000000000000531e-01
1.555000000000000826e-01
1.808000000000000440e-01
1.602999999999999703e-01
7.689999999999996838e-02
1.023000000000000020e-01
1.571999999999999786e-01
1.688999999999999946e-01
1.867000000000000326e-01
1.131999999999999951e-01
1.638000000000000567e-01
1.760999999999999510e-01
9.029999999999993587e-02
2.540000000000000036e-01
2.422000000000000819e-01
1.554999999999999993e-01
1.351000000000000256e-01
1.658999999999999642e-01
1.331299999999999928e+00
7.501999999999998670e-01
5.544999999999999929e-01
2.142999999999999350e-01
1.776000000000000356e-01
3.021999999999999131e-01
2.671999999999999376e-01
3.950999999999999512e-01
2.539999999999998925e-01
1.694000000000001060e-01
1.082000000000000184e-01
9.730000000000002536e-02
2.067000000000000781e-01
2.639999999999999569e-01
2.495999999999999330e-01
2.585999999999998855e-01
2.167999999999999372e-01
1.209000000000000630e-01
2.447000000000000564e-01
2.609000000000000763e-01
3.008999999999999453e-01
2.733999999999999764e-01
2.328999999999999126e-01
2.513999999999999568e-01
2.347999999999999532e-01
1.563000000000000778e-01
1.612000000000000099e-01
1.054999999999999827e-01
1.037999999999999479e-01
1.118999999999999856e-01
1.153999999999999471e-01
9.579999999999999627e-02
1.051000000000000129e-01
2.184000000000000385e-01
2.959000000000000519e-01
3.186000000000000498e-01
2.150999999999999579e-01
1.947999999999999177e-01
1.738999999999999990e-01
1.822000000000000286e-01
7.990000000000001268e-02
1.516000000000000403e-01
1.735999999999999766e-01
2.352999999999999814e-01
2.231999999999999817e-01
2.342999999999999527e-01
2.573999999999999622e-01
2.967999999999999527e-01
2.600999999999999979e-01
2.017000000000000182e-01
2.397999999999999854e-01
1.545000000000000817e-01
1.577000000000000068e-01
2.057999999999999552e-01
3.076999999999999735e-01
