2.202999999999999958e-01
1.668000000000000038e-01
1.143000000000000127e-01
2.697999999999999843e-01
2.637000000000000455e-01
2.203999999999999848e-01
9.349999999999999978e-02
1.665999999999999981e-01
9.769999999999998130e-02
9.510000000000001785e-02
3.870000000000001911e-02
1.132000000000000228e-01
9.830000000000001237e-02
7.509999999999997233e-02
9.220000000000004581e-02
3.770000000000001128e-02
3.059999999999998138e-02
7.729999999999999372e-02
8.349999999999996314e-02
5.350000000000001282e-02
4.749999999999997974e-02
7.749999999999999944e-02
1.327999999999999736e-01
5.689999999999998531e-02
5.769999999999998741e-02
7.390000000000002123e-02
5.139999999999998737e-02
5.739999999999998576e-02
5.789999999999999314e-02
9.150000000000001188e-02
7.360000000000002651e-02
1.293000000000000260e-01
8.879999999999996230e-02
6.119999999999999052e-02
1.094999999999999862e-01
1.751999999999999946e-01
4.760000000000002424e-02
8.759999999999998344e-02
1.445999999999999786e-01
4.940000000000001334e-02
3.410000000000000531e-02
2.270000000000000490e-02
1.847000000000000308e-01
1.451000000000000068e-01
8.629999999999998783e-02
2.494999999999999996e-01
3.939999999999999059e-02
6.660000000000002029e-02
1.029999999999999805e-01
7.650000000000001243e-02
3.630000000000000587e-02
6.779999999999999916e-02
1.198000000000000037e-01
9.810000000000000664e-02
3.890000000000000402e-02
6.749999999999999056e-02
1.088999999999999690e-01
4.389999999999998764e-02
5.380000000000000060e-02
7.829999999999998073e-02
1.348000000000000032e-01
6.429999999999999605e-02
6.009999999999997289e-02
9.280000000000002136e-02
7.649999999999999856e-02
7.509999999999998621e-02
6.259999999999996123e-02
2.399000000000000021e-01
3.087000000000000299e-01
8.610000000000000986e-02
1.190999999999999975e-01
8.320000000000002394e-02
2.374999999999999889e-01
9.570000000000000728e-02
1.033999999999999642e-01
1.312000000000000388e-01
1.411000000000000310e-01
1.111000000000000043e-01
5.642000000000000348e-01
6.462000000000001076e-01
1.338000000000000300e-01
2.175000000000000266e-01
1.356999999999999595e-01
4.130000000000000338e-01
3.044999999999999929e-01
1.301099999999999923e+00
3.956999999999999962e-01
1.609999999999999765e-01
2.326000000000000567e-01
1.600999999999999646e-01
1.298999999999999322e-01
2.180999999999999606e-01
1.087999999999999523e-01
1.393999999999999684e-01
8.119999999999992502e-02
6.460000000000003240e-02
6.579999999999996962e-02
1.236999999999999766e-01
7.769999999999996354e-02
2.005000000000000393e-01
2.666000000000000592e-01
1.938999999999999890e-01
2.199999999999999734e-01
2.226999999999999535e-01
1.073000000000000342e-01
6.949999999999997846e-02
4.282000000000000250e-01
8.562999999999998391e-01
2.058999999999999719e-01
1.758000000000000118e-01
3.513999999999999346e-01
1.431999999999999662e-01
1.013000000000000150e-01
7.479999999999994986e-02
7.810000000000000275e-02
8.240000000000004265e-02
4.467000000000000415e-01
3.860000000000000098e-01
7.529999999999995031e-02
5.480000000000005006e-02
2.600000000000003697e-02
4.210000000000002629e-02
6.590000000000000024e-02
5.290000000000011360e-02
1.382999999999999230e-01
1.014000000000000734e-01
9.570000000000000728e-02
2.427999999999999603e-01
2.621999999999999886e-01
4.180000000000005933e-02
6.640000000000005620e-02
3.649999999999999079e-02
8.119999999999989726e-02
1.715999999999999193e-01
2.254000000000001558e-01
1.209000000000000768e-01
9.580000000000003790e-02
4.660000000000005804e-02
6.710000000000011788e-02
6.119999999999996276e-02
1.495000000000000773e-01
1.611699999999999910e+00
4.588000000000000411e-01
6.440999999999998948e-01
6.508000000000001561e-01
2.778000000000000469e-01
1.914999999999999480e-01
1.321999999999999287e-01
8.210000000000000631e-02
1.360999999999999988e-01
1.513000000000001011e-01
9.049999999999988609e-02
8.169999999999999485e-02
1.042999999999999067e-01
4.740000000000001851e-02
5.579999999999994686e-02
9.020000000000000240e-02
1.265000000000000013e-01
1.424999999999998768e-01
6.239999999999988611e-02
4.189999999999994423e-02
1.101999999999998814e-01
5.799999999999989886e-02
2.524000000000000687e-01
2.355999999999999206e-01
3.312000000000000499e-01
3.904000000000000248e-01
1.065000000000000113e-01
8.759999999999998344e-02
1.751999999999999114e-01
1.524000000000000077e-01
8.420000000000001095e-02
6.259999999999998899e-02
8.100000000000004419e-02
7.610000000000005649e-02
4.020000000000012452e-02
1.003999999999999476e-01
5.069999999999998119e-02
4.070000000000004170e-02
5.049999999999987832e-02
5.070000000000003670e-02
1.326000000000000512e-01
4.999999999999994726e-02
9.029999999999996363e-02
1.376999999999999891e-01
3.980000000000007143e-02
6.289999999999995595e-02
1.099000000000000393e-01
5.390000000000003122e-02
9.349999999999991651e-02
5.589999999999997748e-02
6.999999999999995115e-02
2.910000000000009801e-02
4.069999999999990292e-02
