1.484000000000000041e-01
7.189999999999999170e-02
1.098999999999999977e-01
2.022000000000000186e-01
7.270000000000000073e-02
4.579999999999999349e-02
1.349999999999999811e-01
1.507000000000000006e-01
1.144999999999999907e-01
7.440000000000000779e-02
9.590000000000001301e-02
8.910000000000001252e-02
1.346999999999999864e-01
1.336999999999999855e-01
5.659999999999996978e-02
1.134000000000000008e-01
1.271999999999999797e-01
7.989999999999999880e-02
1.675999999999999712e-01
2.248999999999999888e-01
2.122999999999999887e-01
6.780000000000002691e-02
2.049999999999999878e-01
1.685000000000000109e-01
2.786000000000000143e-01
5.364999999999999769e-01
1.914000000000000146e-01
3.519999999999999518e-02
2.827000000000000624e-01
1.824999999999999956e-01
9.499999999999997335e-02
1.015000000000000069e-01
9.079999999999999183e-02
1.215999999999999998e-01
6.789999999999998814e-02
3.111000000000000432e-01
3.137000000000000344e-01
2.042000000000000481e-01
3.461999999999999522e-01
2.338999999999999968e-01
9.430000000000002269e-02
1.431999999999999940e-01
7.650000000000002631e-02
1.072999999999999787e-01
1.247999999999999943e-01
1.326999999999999846e-01
4.450000000000000483e-02
8.920000000000000151e-02
1.936000000000000221e-01
2.219999999999999751e-01
1.045999999999999985e-01
6.259000000000000119e-01
1.574000000000000399e-01
7.270000000000001461e-02
6.949999999999995071e-02
3.237999999999999767e-01
2.904999999999999805e-01
7.810000000000000275e-02
8.489999999999996161e-02
1.027000000000000274e-01
2.062000000000000222e-01
9.039999999999998037e-02
1.315999999999999948e-01
1.049000000000000071e-01
8.059999999999996334e-02
8.079999999999995519e-02
1.489999999999999658e-01
1.166999999999999427e-01
1.193999999999999784e-01
8.910000000000002640e-02
1.545999999999999597e-01
6.990000000000000380e-02
1.130000000000000171e-01
2.818999999999999839e-01
1.993000000000000327e-01
1.928000000000000547e-01
1.757999999999999563e-01
5.987999999999999989e-01
3.671999999999999709e-01
3.449000000000000399e-01
1.768000000000000127e-01
9.297999999999999599e-01
3.786000000000000476e-01
3.634999999999999898e-01
1.877999999999999947e-01
1.957000000000000128e-01
3.593000000000000638e-01
5.867999999999999883e-01
5.986000000000000210e-01
1.554000000000000103e-01
2.204999999999999738e-01
2.302000000000000157e-01
2.500999999999999890e-01
1.726000000000000312e-01
1.237000000000000322e-01
1.775999999999999523e-01
1.676999999999999602e-01
1.181000000000000383e-01
2.056999999999999662e-01
1.211999999999999744e-01
1.524000000000000354e-01
1.147999999999999576e-01
1.042999999999999899e-01
2.167000000000000037e-01
1.601000000000000201e-01
2.258000000000000562e-01
2.595999999999999974e-01
3.337999999999999856e-01
2.020999999999999741e-01
1.160999999999999810e-01
6.500000000000000222e-02
7.850000000000001421e-02
7.909999999999996201e-02
2.168999999999999817e-01
1.994999999999999829e-01
2.220000000000000029e-01
1.100000000000000144e-01
1.350999999999999979e-01
1.138999999999999596e-01
1.098999999999999699e-01
1.277999999999999692e-01
4.892000000000000237e-01
3.231999999999999318e-01
2.692000000000000504e-01
1.538999999999999535e-01
9.000000000000001055e-02
3.155999999999999917e-01
5.036000000000000476e-01
3.326000000000000068e-01
2.054999999999999605e-01
4.430000000000000604e-02
7.279999999999997584e-02
3.294000000000000261e-01
1.040999999999999703e-01
2.571999999999999842e-01
3.933999999999999164e-01
1.607000000000000650e-01
5.989999999999994634e-02
1.672000000000000430e-01
1.113000000000000655e-01
1.031999999999999723e-01
7.099999999999997979e-02
9.629999999999999671e-02
2.026999999999999913e-01
4.139999999999999791e-01
7.650000000000006795e-02
1.089000000000000384e-01
1.530000000000000249e-01
9.219999999999996254e-02
1.135000000000000175e-01
6.070000000000003171e-02
2.363000000000000655e-01
1.178999999999999770e-01
1.343999999999999639e-01
1.139000000000000706e-01
2.216000000000000192e-01
1.339999999999999525e-01
1.196000000000000257e-01
4.001000000000000112e-01
5.325999999999999623e-01
4.737000000000000099e-01
9.494999999999998996e-01
5.675999999999999934e-01
7.569999999999996176e-02
2.655000000000000693e-01
2.087000000000000244e-01
1.218000000000000055e-01
1.297000000000000375e-01
3.349999999999999645e-01
1.103999999999999426e-01
2.446000000000000396e-01
1.082000000000000045e-01
1.262000000000000066e-01
2.201000000000000179e-01
3.135999999999999899e-01
2.564000000000000168e-01
1.126999999999999669e-01
9.989999999999997493e-02
1.443999999999999728e-01
1.134000000000000286e-01
1.945000000000000340e-01
3.510000000000000342e-01
1.409000000000000252e-01
8.200000000000003120e-02
1.424999999999999600e-01
2.536999999999999256e-01
3.074000000000000066e-01
1.512000000000000011e-01
1.264999999999999458e-01
1.475999999999998979e-01
1.716000000000000303e-01
3.129000000000000115e-01
2.842999999999999972e-01
4.179999999999999827e-01
