1.473000000000000143e-01
1.555999999999999883e-01
1.060999999999999999e-01
3.953999999999999737e-01
4.189999999999999836e-01
2.451000000000000401e-01
1.165999999999999814e-01
1.207000000000000156e-01
1.000999999999999945e-01
6.279999999999999472e-02
6.520000000000000795e-02
6.050000000000002598e-02
8.460000000000000853e-02
8.019999999999997964e-02
3.707000000000000295e-01
4.265999999999999792e-01
4.907999999999999585e-01
8.307999999999999829e-01
3.458999999999999853e-01
1.045399999999999885e+00
7.845999999999999641e-01
2.134000000000000341e-01
1.834000000000000075e-01
1.784000000000000030e-01
2.531999999999999806e-01
1.159999999999999781e-01
1.252000000000000335e-01
2.252000000000000113e-01
2.954999999999999294e-01
2.960999999999999743e-01
1.083999999999999825e-01
7.660000000000000142e-02
1.216999999999999749e-01
7.610000000000000098e-02
6.919999999999998375e-02
9.999999999999997780e-02
1.565999999999999892e-01
3.684000000000000052e-01
3.656999999999999695e-01
1.643000000000000016e-01
1.767000000000000237e-01
1.221999999999999753e-01
1.121000000000000330e-01
1.006999999999999978e-01
6.510000000000001896e-02
9.000000000000002442e-02
8.200000000000000344e-02
8.309999999999999332e-02
6.990000000000001767e-02
8.890000000000000679e-02
5.400000000000001327e-02
7.699999999999997125e-02
3.083000000000000185e-01
3.169000000000000150e-01
4.009999999999999676e-02
1.014000000000000318e-01
6.450000000000000178e-02
1.033999999999999919e-01
1.203999999999999931e-01
2.060000000000000164e-01
6.090000000000000968e-02
6.880000000000000004e-02
3.449999999999997513e-02
1.043000000000000038e-01
1.280000000000000027e-01
4.550000000000000572e-02
4.564000000000000279e-01
5.721000000000000529e-01
4.133000000000000007e-01
3.585999999999999743e-01
1.083000000000000212e-01
8.230000000000002591e-02
6.600000000000000311e-02
1.708999999999999964e-01
2.081999999999999684e-01
8.820000000000002838e-02
1.311999999999999833e-01
5.879999999999999116e-02
1.516000000000000125e-01
1.244999999999999579e-01
6.740000000000001545e-02
8.770000000000000018e-02
8.380000000000002724e-02
3.961999999999999966e-01
3.005000000000000449e-01
1.726000000000000312e-01
2.178000000000000214e-01
1.713999999999999690e-01
4.281999999999999695e-01
3.415000000000000258e-01
1.612999999999999712e-01
9.289999999999998259e-02
9.029999999999999138e-02
7.859999999999997544e-02
1.179999999999999938e-01
1.530000000000000526e-01
1.427000000000000490e-01
1.614999999999999769e-01
1.691999999999999893e-01
1.355999999999999706e-01
1.272000000000000075e-01
1.022000000000000408e-01
1.348999999999999644e-01
7.489999999999998048e-02
1.078000000000000069e-01
1.549000000000000654e-01
1.574000000000000121e-01
4.699999999999992378e-02
9.019999999999994689e-02
5.270000000000003848e-02
8.749999999999996669e-02
8.680000000000001603e-02
7.200000000000000844e-02
1.877999999999999670e-01
8.089999999999999969e-02
2.571999999999999287e-01
2.830999999999999628e-01
2.840999999999999082e-01
7.400000000000003797e-02
1.604000000000000425e-01
1.696000000000000285e-01
1.580000000000000571e-01
1.088000000000000356e-01
7.370000000000002938e-02
1.981000000000000538e-01
1.484999999999999654e-01
1.798000000000000154e-01
1.042999999999999899e-01
9.249999999999997113e-02
1.085999999999999882e-01
1.070999999999999452e-01
1.060899999999999954e+00
3.055999999999999273e-01
5.486999999999999655e-01
4.393000000000000793e-01
2.127999999999999892e-01
1.157999999999999863e-01
7.520000000000003071e-02
9.899999999999999079e-02
6.599999999999998923e-02
6.050000000000002598e-02
6.070000000000002477e-02
4.930000000000002436e-02
1.370000000000000107e-01
1.759999999999999898e-01
1.252999999999999947e-01
1.166999999999999843e-01
3.877999999999999781e-01
2.106000000000000094e-01
4.055999999999999606e-01
5.984000000000000430e-01
2.176000000000000156e-01
9.360000000000000264e-02
8.360000000000000764e-02
1.578999999999999848e-01
1.141000000000000070e-01
8.199999999999998956e-02
3.069999999999998772e-02
4.129999999999998256e-02
7.029999999999998750e-02
9.650000000000000244e-02
1.113000000000000100e-01
3.740000000000000269e-02
1.270999999999999908e-01
5.310000000000000137e-02
1.227999999999999925e-01
1.016999999999999987e-01
7.119999999999999940e-02
1.189999999999999808e-01
1.329000000000000181e-01
1.355999999999999983e-01
1.231999999999999901e-01
3.659000000000000030e-01
2.246999999999999831e-01
1.613999999999999879e-01
6.020000000000001739e-02
2.211999999999999800e-01
1.442999999999999838e-01
3.590999999999999193e-01
2.179999999999999716e-01
3.109999999999999987e-01
1.665000000000000369e-01
1.708999999999999964e-01
2.105000000000000204e-01
1.277000000000000079e-01
1.024000000000000049e-01
1.017000000000000126e-01
1.568000000000000227e-01
1.935999999999999943e-01
1.573999999999999566e-01
1.048999999999999932e-01
2.259999999999999787e-01
2.742999999999999883e-01
3.035999999999999810e-01
