1.629999999999999852e-02
9.319999999999999118e-02
9.729999999999999760e-02
2.999999999999999889e-02
6.499999999999998834e-02
4.070000000000000007e-02
3.160000000000000309e-02
7.950000000000000122e-02
4.730000000000000177e-02
6.429999999999999605e-02
3.759999999999999454e-02
3.760000000000000842e-02
5.740000000000000657e-02
3.779999999999999333e-02
6.379999999999999560e-02
4.719999999999998502e-02
4.735999999999999654e-01
1.673000000000000043e-01
5.504000000000000004e-01
1.562999999999999945e-01
1.373999999999999944e-01
6.139999999999999625e-02
1.146999999999999825e-01
8.179999999999998384e-02
7.059999999999999609e-02
9.060000000000001386e-02
1.874999999999999722e-01
2.114000000000000046e-01
2.210000000000000298e-01
1.000999999999999668e-01
5.259999999999999398e-02
8.789999999999999203e-02
4.549999999999997102e-02
3.989999999999999103e-02
1.980000000000001550e-02
5.200000000000001843e-02
6.789999999999998814e-02
1.021999999999999853e-01
3.597000000000000197e-01
2.570000000000000062e-01
1.195999999999999841e-01
8.849999999999999534e-02
3.780000000000000027e-02
5.290000000000000951e-02
3.329999999999999627e-02
7.599999999999998423e-02
4.729999999999999483e-02
6.180000000000000077e-02
4.019999999999998574e-02
5.470000000000001250e-02
3.149999999999999328e-02
1.072999999999999926e-01
8.219999999999998141e-02
5.639999999999997793e-02
7.939999999999997060e-02
4.010000000000001064e-02
7.569999999999998952e-02
4.250000000000000999e-02
3.960000000000000325e-02
3.310000000000000442e-02
5.039999999999998648e-02
4.819999999999997897e-02
1.295000000000000318e-01
1.285999999999999921e-01
1.156000000000000222e-01
1.900999999999999912e-01
2.719999999999999155e-02
4.829999999999998184e-02
6.710000000000000686e-02
6.829999999999998572e-02
4.470000000000001056e-02
5.380000000000000754e-02
4.700000000000000011e-02
7.530000000000000582e-02
1.056999999999999884e-01
5.660000000000001141e-02
6.510000000000001896e-02
4.029999999999999555e-02
5.290000000000001645e-02
3.039999999999999994e-02
5.830000000000000460e-02
3.000000000000000583e-02
5.650000000000000855e-02
2.269999999999999102e-02
4.930000000000002436e-02
3.930000000000000160e-02
5.220000000000001028e-02
2.659999999999999865e-02
8.329999999999998517e-02
7.420000000000000207e-02
4.709999999999998910e-02
4.029999999999997473e-02
5.280000000000000665e-02
3.649999999999999079e-02
5.519999999999997825e-02
4.500000000000001221e-02
1.113999999999999990e-01
6.189999999999998281e-02
8.200000000000000344e-02
5.360000000000002957e-02
3.889999999999996239e-02
6.320000000000002005e-02
4.130000000000001725e-02
6.329999999999999516e-02
3.200000000000000067e-02
6.739999999999998770e-02
4.430000000000001992e-02
1.820000000000000090e-02
8.749999999999998057e-02
4.599999999999998535e-02
3.149999999999999328e-02
2.989999999999999256e-02
4.739999999999998381e-02
6.189999999999999669e-02
4.320000000000000229e-02
2.780000000000000179e-02
1.939999999999998670e-02
2.080000000000001292e-02
3.240000000000000518e-02
5.069999999999999507e-02
6.679999999999999827e-02
4.123999999999999888e-01
4.831999999999999629e-01
2.903000000000000025e-01
1.966999999999999860e-01
3.830000000000000071e-01
1.404999999999999583e-01
1.081999999999999906e-01
5.559999999999999665e-02
6.099999999999998479e-02
1.134000000000000008e-01
1.139000000000000151e-01
5.629999999999998200e-02
5.820000000000000173e-02
6.830000000000001348e-02
4.880000000000001004e-02
9.590000000000001301e-02
4.760000000000000342e-02
1.316999999999999837e-01
7.050000000000002098e-02
1.001999999999999835e-01
6.500000000000002998e-02
5.110000000000000653e-02
8.529999999999998694e-02
4.810000000000000386e-02
5.850000000000000339e-02
6.600000000000000311e-02
7.159999999999999698e-02
6.679999999999999827e-02
4.429999999999998522e-02
4.889999999999999902e-02
1.910000000000000031e-01
1.638999999999999624e-01
9.339999999999999691e-02
1.421000000000000041e-01
3.740999999999999881e-01
5.695000000000000062e-01
2.715000000000000191e-01
3.156999999999999806e-01
8.159999999999999198e-02
8.340000000000002967e-02
1.333000000000000018e-01
2.146000000000000130e-01
6.889000000000000679e-01
4.508999999999999675e-01
1.619199999999999973e+00
2.860000000000000320e-01
1.567999999999999949e-01
1.564999999999999725e-01
1.074000000000000232e-01
8.980000000000001870e-02
4.397999999999999687e-01
1.597999999999999976e-01
1.960000000000000075e-01
4.969999999999996643e-02
1.675000000000000100e-01
8.099999999999998868e-02
1.326999999999999569e-01
7.320000000000000118e-02
2.563999999999999613e-01
2.373000000000000664e-01
1.490000000000000213e-01
8.319999999999999618e-02
1.983999999999999653e-01
1.127999999999999836e-01
9.150000000000002576e-02
1.688000000000000056e-01
8.490000000000000324e-02
1.126000000000000056e-01
1.218000000000000055e-01
1.205000000000000099e-01
8.300000000000001821e-02
2.520000000000004875e-02
3.389999999999999958e-02
