3.166999999999999815e-01
2.297000000000000153e-01
3.477000000000000091e-01
3.120999999999999885e-01
1.461000000000000076e-01
9.340000000000001079e-02
2.040999999999999759e-01
7.320000000000001505e-02
9.470000000000000639e-02
2.306000000000000272e-01
2.005000000000000115e-01
4.567999999999999838e-01
7.155000000000000249e-01
5.826999999999999957e-01
3.367999999999999883e-01
3.225999999999999979e-01
1.756999999999999951e-01
3.652999999999999581e-01
2.696999999999999953e-01
5.782999999999999252e-01
7.885999999999999677e-01
3.540999999999999703e-01
2.168999999999999817e-01
4.211000000000000298e-01
9.659999999999999698e-01
7.392999999999999572e-01
6.696999999999999620e-01
6.189000000000000057e-01
2.242999999999999994e-01
3.324999999999999623e-01
3.950999999999999512e-01
2.664000000000000257e-01
1.798999999999999766e-01
1.746999999999999942e-01
1.876000000000000167e-01
1.267999999999999683e-01
2.127000000000000002e-01
2.489999999999999991e-01
3.075999999999999845e-01
2.715999999999999526e-01
7.099999999999999367e-02
3.614000000000000545e-01
3.320999999999999508e-01
1.806999999999999995e-01
8.369999999999999662e-02
1.427999999999999825e-01
1.389000000000000234e-01
2.008999999999999952e-01
1.533999999999999808e-01
9.729999999999998372e-02
2.256000000000000227e-01
2.654999999999999583e-01
1.219000000000000083e-01
4.811000000000000276e-01
4.156999999999999584e-01
1.396000000000000019e-01
2.516999999999999793e-01
3.329999999999999627e-01
4.056000000000000161e-01
1.491000000000000103e-01
5.820000000000000867e-02
4.016000000000000125e-01
2.227999999999999980e-01
4.857000000000000206e-01
5.361000000000000210e-01
4.435000000000000053e-01
1.965000000000000080e-01
2.232999999999999985e-01
2.616999999999999882e-01
1.398000000000000076e-01
2.272000000000000131e-01
2.598000000000000309e-01
6.260000000000000286e-02
3.531999999999999584e-01
3.499999999999999778e-01
4.704999999999999738e-01
3.509999999999999787e-01
1.554999999999999993e-01
4.705000000000000293e-01
6.473000000000000975e-01
9.063999999999999835e-01
3.079000000000000625e-01
5.469999999999999168e-02
8.767000000000000348e-01
4.669999999999999707e-01
2.741999999999999993e-01
3.505000000000000338e-01
3.484000000000000430e-01
3.515999999999999681e-01
3.801999999999999824e-01
3.506000000000000227e-01
2.491000000000000159e-01
2.285999999999999976e-01
9.830000000000001237e-02
2.837999999999999967e-01
3.548000000000000598e-01
3.409000000000000363e-01
2.581000000000000516e-01
4.931999999999999718e-01
3.971999999999999975e-01
3.303000000000000380e-01
6.171999999999999709e-01
8.955000000000000737e-01
2.933999999999999941e-01
2.610999999999999988e-01
3.664000000000000590e-01
2.080000000000000182e-01
2.529000000000000137e-01
1.998000000000000054e-01
4.042000000000000037e-01
6.162000000000000810e-01
5.230999999999998984e-01
2.462000000000000022e-01
4.750000000000000056e-02
2.612000000000000433e-01
3.457000000000000628e-01
1.940999999999999948e-01
1.630000000000000338e-01
4.073999999999999844e-01
3.160000000000000031e-01
2.201000000000000179e-01
8.489999999999997549e-02
8.230000000000001203e-02
7.172000000000000597e-01
1.211200000000000054e+00
4.436999999999999833e-01
3.808999999999999608e-01
8.147999999999999687e-01
2.943999999999999950e-01
3.962999999999999856e-01
2.533000000000000806e-01
9.330000000000002180e-02
3.025999999999999801e-01
1.394099999999999895e+00
1.342799999999999994e+00
1.365199999999999969e+00
1.012100000000000000e+00
6.775999999999999801e-01
2.802999999999999936e-01
4.332999999999999630e-01
3.583000000000000074e-01
2.701000000000000068e-01
1.000999999999999668e-01
9.540000000000002645e-02
3.715999999999999859e-01
3.534000000000000474e-01
6.560000000000001941e-02
3.607000000000000206e-01
5.332000000000000073e-01
2.557999999999999718e-01
2.531999999999999806e-01
2.893999999999999906e-01
4.440000000000000058e-01
4.959000000000000075e-01
3.376000000000000112e-01
9.883999999999999453e-01
1.264099999999999779e+00
5.146999999999999353e-01
2.285000000000000087e-01
2.980000000000000426e-01
3.125000000000000000e-01
3.005999999999999783e-01
6.223000000000000753e-01
3.030999999999999805e-01
5.375999999999999668e-01
6.479999999999999094e-01
3.671000000000000374e-01
8.521000000000000796e-01
9.043000000000001037e-01
3.846999999999999864e-01
4.596000000000000085e-01
5.744000000000000217e-01
2.365999999999999770e-01
4.566999999999999948e-01
6.767000000000000792e-01
7.459999999999998854e-01
6.026000000000000245e-01
2.929999999999999827e-01
2.749999999999999667e-01
1.828999999999999515e-01
3.856999999999999873e-01
3.336000000000000076e-01
3.285000000000000142e-01
2.601999999999999869e-01
2.688000000000000389e-01
2.299999999999999822e-01
6.384999999999999565e-01
4.111000000000000210e-01
3.066999999999999726e-01
1.649000000000000465e-01
3.575999999999999734e-01
2.206000000000000183e-01
1.835000000000000242e-01
6.737000000000000766e-01
