1.232000000000000040e-01
1.287999999999999978e-01
6.019999999999998963e-02
4.779999999999999527e-02
3.063000000000000167e-01
2.560000000000000053e-01
2.045999999999999763e-01
1.527000000000000024e-01
1.059999999999999970e-01
9.569999999999997953e-02
7.550000000000003930e-02
8.549999999999999267e-02
2.678000000000000380e-01
1.702000000000000179e-01
1.946999999999999842e-01
2.164999999999999980e-01
1.440999999999999781e-01
1.449999999999999900e-01
9.249999999999999889e-02
1.025999999999999690e-01
8.840000000000000635e-02
1.045000000000000095e-01
3.699999999999997735e-02
5.660000000000003223e-02
9.579999999999999627e-02
5.269999999999997603e-02
1.098000000000000087e-01
2.358999999999999708e-01
1.890999999999999903e-01
2.108999999999999486e-01
6.450000000000002953e-02
8.380000000000005500e-02
4.989999999999993746e-02
5.790000000000003477e-02
5.250000000000001193e-02
1.972000000000000142e-01
1.587999999999999690e-01
3.456000000000000183e-01
4.407000000000000361e-01
1.791999999999999704e-01
9.149999999999999800e-02
7.659999999999994591e-02
1.204999999999999960e-01
3.846999999999999309e-01
3.472999999999999421e-01
1.153000000000000136e-01
1.066000000000000419e-01
1.754999999999999338e-01
1.275000000000000022e-01
1.527000000000001134e-01
1.276000000000000467e-01
9.350000000000002753e-02
8.960000000000002685e-02
9.579999999999999627e-02
7.659999999999994591e-02
1.674999999999999545e-01
1.061999999999999333e-01
2.719000000000000306e-01
4.046000000000000707e-01
2.147000000000000575e-01
2.321999999999999620e-01
8.450000000000003342e-02
2.632000000000001005e-01
3.692999999999999616e-01
2.852000000000001201e-01
1.930000000000000049e-01
1.509999999999999953e-01
1.782999999999999030e-01
1.164999999999999092e-01
1.024799999999999933e+00
2.971999999999998532e-01
3.949999999999999067e-01
2.669000000000000816e-01
2.844999999999999751e-01
7.730000000000003535e-02
1.162999999999999590e-01
8.370000000000002438e-02
1.597000000000000641e-01
2.962000000000000188e-01
2.082000000000000794e-01
8.536000000000001364e-01
5.565000000000002167e-01
2.772000000000000020e-01
1.686000000000000831e-01
1.362999999999999767e-01
1.180999999999998440e-01
1.527000000000000579e-01
1.368999999999999662e-01
1.731999999999999929e-01
7.020000000000002627e-02
1.451999999999999957e-01
7.929999999999998161e-02
3.559999999999997194e-02
5.510000000000003784e-02
6.909999999999998088e-02
1.575999999999999901e-01
9.949999999999996347e-02
1.696999999999999620e-01
2.749999999999999112e-01
2.527999999999999137e-01
1.954000000000001014e-01
1.536999999999999478e-01
9.450000000000002842e-02
8.850000000000005085e-02
1.290999999999999925e-01
1.324000000000000732e-01
6.629999999999990068e-02
2.116000000000000936e-01
1.620999999999999108e-01
7.322999999999999510e-01
1.873999999999999555e-01
1.745999999999999497e-01
7.919999999999996487e-02
8.969000000000001416e-01
1.592000000000000359e-01
1.216999999999998500e-01
1.303999999999999049e-01
7.230000000000011418e-02
7.979999999999978777e-02
2.767999999999999905e-01
7.649000000000001354e-01
2.935000000000000941e-01
4.519999999999993467e-02
1.054999999999999410e-01
8.149999999999998912e-02
6.900000000000008904e-02
1.199999999999999956e-01
1.178000000000002379e-01
1.313999999999999335e-01
8.920000000000005702e-02
9.440000000000006719e-02
2.054999999999999050e-01
5.530000000000009214e-02
1.689000000000000501e-01
1.645999999999999686e-01
6.839999999999984981e-02
1.195000000000000090e-01
1.791999999999999149e-01
2.405000000000001026e-01
3.029000000000000581e-01
8.630000000000000171e-02
1.798999999999998933e-01
4.189999999999998587e-02
6.750000000000000444e-02
1.195999999999999702e-01
1.998999999999999111e-01
1.084999999999997772e-01
1.546000000000000707e-01
1.541299999999999892e+00
3.222999999999999199e-01
3.469000000000000417e-01
5.852000000000000535e-01
5.274000000000000909e-01
1.787000000000000532e-01
9.250000000000022093e-02
9.930000000000022142e-02
1.664999999999998981e-01
3.779999999999999472e-01
8.510000000000006448e-02
1.042000000000000981e-01
2.225999999999999646e-01
2.139000000000001456e-01
1.196999999999998343e-01
2.881999999999999007e-01
6.270999999999999908e-01
2.109399999999999942e+00
3.750000000000000000e-01
1.242600000000000149e+00
4.223000000000000087e-01
1.946000000000000507e-01
1.537999999999998813e-01
1.615999999999999104e-01
2.565999999999998282e-01
1.806000000000000938e-01
9.069999999999997509e-02
9.699999999999982248e-02
6.440000000000005442e-02
7.919999999999989548e-02
1.176000000000003015e-01
4.500000000000005385e-02
9.560000000000005993e-02
5.190000000000004332e-02
6.280000000000017513e-02
6.370000000000002049e-02
5.180000000000002658e-02
9.769999999999987028e-02
4.569999999999991430e-02
1.462000000000001076e-01
1.390000000000001790e-01
3.925999999999999490e-01
2.408000000000002361e-01
5.090000000000000080e-02
8.140000000000005564e-02
3.185999999999997723e-01
