1.801999999999999713e-01
9.589999999999999913e-02
8.670000000000001317e-02
6.790000000000000202e-02
1.010000000000000064e-01
1.464999999999999913e-01
7.210000000000001130e-02
7.669999999999997653e-02
9.650000000000000244e-02
1.917999999999999705e-01
1.109999999999999598e-01
1.858000000000000207e-01
4.829999999999999571e-02
1.551999999999999491e-01
6.560000000000001941e-02
8.200000000000000344e-02
1.312000000000000111e-01
1.057999999999999913e-01
9.360000000000001652e-02
4.470000000000000362e-02
7.809999999999998888e-02
1.177999999999999742e-01
8.040000000000001312e-02
1.011999999999999983e-01
1.552000000000000046e-01
1.780999999999999805e-01
8.409999999999998033e-02
6.709999999999997911e-02
8.710000000000001075e-02
1.567000000000000615e-01
1.075999999999999734e-01
6.870000000000003881e-02
9.379999999999999449e-02
1.298999999999999877e-01
1.039999999999999813e-01
1.146999999999999964e-01
9.699999999999997513e-02
1.732000000000000206e-01
1.429999999999999882e-01
8.559999999999999554e-02
9.229999999999999316e-02
6.470000000000003526e-02
5.309999999999999443e-02
9.729999999999998372e-02
7.169999999999998597e-02
5.109999999999997877e-02
6.150000000000000605e-02
4.809999999999997611e-02
1.040999999999999842e-01
6.869999999999995555e-02
7.799999999999999989e-02
3.198999999999999622e-01
1.456000000000000072e-01
7.129999999999997451e-02
7.389999999999999347e-02
8.889999999999999292e-02
2.880999999999999672e-01
2.431000000000000383e-01
9.749999999999997558e-02
1.733000000000000096e-01
1.052000000000000157e-01
2.730000000000000204e-01
1.806000000000000105e-01
9.990000000000003044e-02
6.649999999999997580e-02
1.883000000000000229e-01
4.076000000000000179e-01
9.130000000000003391e-02
3.101999999999999758e-01
9.114999999999998659e-01
7.648000000000000353e-01
3.595000000000000417e-01
2.403000000000000136e-01
2.147000000000000020e-01
1.915000000000000036e-01
1.889000000000000123e-01
1.806999999999999995e-01
1.185999999999999832e-01
1.923999999999999877e-01
1.696000000000000285e-01
3.464000000000000412e-01
2.967000000000000193e-01
1.909000000000000141e-01
9.861000000000000876e-01
1.914000000000000701e-01
1.246000000000000163e-01
3.097999999999999643e-01
3.361000000000000654e-01
1.727000000000000202e-01
2.780999999999999583e-01
4.693000000000000504e-01
1.604999999999999760e-01
5.897000000000000020e-01
5.972999999999999421e-01
2.175000000000000266e-01
3.834999999999999520e-01
3.116999999999999771e-01
2.135000000000000508e-01
1.169999999999999929e-01
1.988000000000000322e-01
5.542000000000000259e-01
6.913000000000000256e-01
2.218999999999999306e-01
1.162000000000000116e-01
1.563999999999999557e-01
3.665999999999999259e-01
1.388999999999999957e-01
1.470000000000000195e-01
4.677000000000000046e-01
7.068999999999999728e-01
1.845000000000000528e-01
1.808999999999999497e-01
2.282000000000000139e-01
2.602999999999999758e-01
2.766000000000000125e-01
3.908000000000000362e-01
3.327000000000000512e-01
2.670000000000000151e-01
3.743000000000000216e-01
5.024000000000000687e-01
1.556599999999999984e+00
1.013200000000000101e+00
1.257300000000000084e+00
2.179999999999999161e-01
3.502000000000000668e-01
4.012999999999999901e-01
4.711999999999999522e-01
4.084999999999999742e-01
4.293000000000000149e-01
1.096099999999999852e+00
2.118000000000000327e+00
1.570599999999999996e+00
8.941000000000001169e-01
2.562999999999999723e-01
4.811000000000000276e-01
2.571999999999999842e-01
3.286000000000000032e-01
1.397999999999999798e-01
1.922999999999999987e-01
3.042000000000000259e-01
5.665999999999999925e-01
2.061000000000000332e-01
4.260999999999999788e-01
3.392000000000000570e-01
1.181000000000001771e-01
2.924999999999999267e-01
5.428999999999999382e-01
1.563999999999999835e-01
1.187999999999999334e-01
4.340999999999999859e-01
3.593000000000000638e-01
4.532999999999999252e-01
4.529000000000000248e-01
2.340000000000000135e-01
1.625000000000000888e-01
3.337999999999999301e-01
1.479000000000000037e-01
3.579999999999999849e-01
9.409999999999994758e-02
8.050000000000000211e-02
7.270000000000000073e-02
2.406000000000000361e-01
1.296000000000001595e-01
9.813000000000000611e-01
2.077999999999999847e-01
1.916999999999999815e-01
4.889999999999999902e-01
4.609999999999999654e-01
3.634000000000000008e-01
1.224999999999999978e-01
1.339999999999999802e-01
2.536999999999999256e-01
1.495999999999999552e-01
6.042000000000000703e-01
2.902999999999999470e-01
3.649999999999999911e-01
1.767000000000000237e-01
4.226000000000000312e-01
9.060000000000001386e-02
3.103000000000000203e-01
3.172999999999999710e-01
3.422999999999999932e-01
3.594000000000000528e-01
3.364000000000000323e-01
3.703999999999999515e-01
2.226999999999999535e-01
1.783000000000000140e-01
5.976000000000000201e-01
2.795999999999999597e-01
1.240299999999999958e+00
7.540000000000000036e-01
6.089999999999999858e-01
3.141999999999999238e-01
2.614999999999999547e-01
