1.239999999999999991e-01
1.314000000000000168e-01
1.554999999999999993e-01
1.419999999999999873e-01
8.189999999999998670e-02
2.701999999999999957e-01
2.055999999999999772e-01
4.869999999999998636e-02
5.539999999999999092e-02
5.169999999999999596e-02
1.042000000000000010e-01
9.380000000000000837e-02
1.140000000000000180e-01
1.667000000000000148e-01
2.144000000000000072e-01
2.459000000000000075e-01
2.507000000000000339e-01
1.323000000000000009e-01
1.573999999999999844e-01
2.893999999999999906e-01
2.508000000000000229e-01
2.177999999999999658e-01
1.905999999999999917e-01
1.660999999999999976e-01
1.449000000000000288e-01
1.579000000000000126e-01
1.732000000000000206e-01
2.004999999999999838e-01
2.048000000000000098e-01
2.031999999999999917e-01
2.484999999999999987e-01
1.449999999999999900e-01
1.032000000000000139e-01
1.013999999999999901e-01
1.098999999999999977e-01
1.282000000000000084e-01
1.233999999999999819e-01
1.362999999999999767e-01
9.780000000000001192e-02
1.044000000000000067e-01
1.585000000000000020e-01
8.609999999999998210e-02
9.970000000000001084e-02
1.485000000000000209e-01
1.581000000000000183e-01
1.913999999999999868e-01
1.877999999999999947e-01
1.233000000000000068e-01
7.960000000000001796e-02
1.157999999999999863e-01
1.970999999999999974e-01
2.225999999999999923e-01
1.216999999999999749e-01
1.799000000000000321e-01
2.180000000000000271e-01
1.704999999999999849e-01
1.625000000000000056e-01
2.048000000000000098e-01
2.273999999999999910e-01
2.206000000000000183e-01
1.482999999999999874e-01
9.160000000000000087e-02
2.061000000000000054e-01
1.946000000000000507e-01
2.094000000000000306e-01
1.537999999999999923e-01
7.649999999999999856e-02
1.308999999999999886e-01
1.522999999999999909e-01
1.040999999999999703e-01
8.760000000000001119e-02
9.589999999999998526e-02
9.370000000000000551e-02
1.366999999999999882e-01
1.469999999999999918e-01
1.748000000000000109e-01
2.019000000000000239e-01
1.936000000000000498e-01
1.420000000000000151e-01
1.140000000000000041e-01
1.384999999999999842e-01
1.405000000000000138e-01
1.024000000000000049e-01
8.600000000000000699e-02
3.469999999999999474e-02
7.130000000000000226e-02
9.400000000000000022e-02
1.607999999999999985e-01
1.658999999999999919e-01
1.707999999999999519e-01
1.916999999999999815e-01
1.750000000000000722e-01
1.001999999999999696e-01
1.255999999999999894e-01
1.539999999999999980e-01
1.686999999999999889e-01
1.615000000000000047e-01
1.143999999999999739e-01
1.481000000000000094e-01
1.496000000000000385e-01
1.481000000000000094e-01
1.203999999999999654e-01
1.446999999999999675e-01
1.361999999999999877e-01
8.930000000000000437e-02
1.260000000000000009e-01
1.666000000000000258e-01
1.915000000000000313e-01
2.116000000000000103e-01
1.978000000000000314e-01
1.624000000000000166e-01
1.203999999999999931e-01
1.147999999999999854e-01
1.766999999999999960e-01
1.163000000000000145e-01
5.310000000000000137e-02
1.086000000000000437e-01
8.380000000000002724e-02
1.288000000000000034e+00
7.134000000000000341e-01
1.841999999999999749e-01
1.607999999999999985e-01
2.076000000000000345e-01
1.126999999999999946e-01
1.122999999999999693e-01
1.945999999999999674e-01
2.182999999999999663e-01
1.466999999999999971e-01
7.460000000000004128e-02
1.140000000000000180e-01
5.970000000000001000e-02
1.171000000000000651e-01
1.181000000000000244e-01
6.319999999999999230e-02
8.509999999999999509e-02
9.169999999999997597e-02
9.530000000000002358e-02
8.179999999999999771e-02
9.670000000000002205e-02
7.180000000000003046e-02
1.001999999999999974e-01
9.029999999999997751e-02
1.079999999999999849e-01
7.709999999999998799e-02
7.480000000000000537e-02
8.169999999999998097e-02
1.086999999999999911e-01
1.272000000000000353e-01
1.104000000000000536e-01
9.579999999999998239e-02
1.108000000000000235e-01
1.878000000000000225e-01
2.169999999999999984e-01
1.273000000000000242e-01
1.087000000000000327e-01
8.050000000000001599e-02
9.349999999999997202e-02
1.149000000000000021e-01
1.446999999999999398e-01
8.770000000000004181e-02
1.161000000000000365e-01
1.038000000000000034e-01
7.219999999999998641e-02
5.484999999999999876e-01
5.505999999999999783e-01
1.119000000000000411e-01
1.083000000000000351e-01
7.800000000000006928e-02
1.369000000000000494e-01
1.635000000000000064e-01
1.766999999999999960e-01
1.332999999999999741e-01
1.582999999999999685e-01
9.280000000000003524e-02
1.117000000000000354e-01
1.251000000000000445e-01
1.312000000000000666e-01
1.447000000000000230e-01
1.416000000000000314e-01
1.180000000000000493e-01
6.559999999999999165e-02
5.660000000000005305e-02
5.510000000000003090e-02
7.889999999999999791e-02
9.910000000000003528e-02
1.254000000000000115e-01
1.795000000000000207e-01
1.290999999999999925e-01
7.759999999999997455e-02
6.909999999999998088e-02
9.289999999999999647e-02
9.649999999999997469e-02
1.511000000000000121e-01
1.469000000000000306e-01
1.102999999999999814e-01
4.700000000000002093e-02
4.360000000000004150e-02
8.780000000000001692e-02
9.719999999999995310e-02
1.060999999999999305e-01
6.989999999999996216e-02
8.790000000000001978e-02
8.899999999999996803e-02
6.820000000000001061e-02
9.020000000000001628e-02
6.650000000000004519e-02
6.170000000000001872e-02
7.800000000000002764e-02
1.282999999999999696e-01
9.700000000000000289e-02
5.030000000000001137e-02
4.100000000000002254e-02
1.426999999999999935e-01
1.240000000000000546e-01
7.419999999999998819e-02
4.729999999999996013e-02
7.850000000000008360e-02
8.060000000000001885e-02
6.790000000000001590e-02
8.289999999999997371e-02
8.029999999999995475e-02
1.168299999999999894e+00
4.853000000000001202e-01
1.177000000000000129e-01
2.226999999999999535e-01
2.984999999999999321e-01
7.979999999999994043e-02
1.344999999999999529e-01
1.058999999999999941e-01
6.579999999999995575e-02
1.268000000000000238e-01
7.059999999999996834e-02
9.729999999999991434e-02
1.522999999999999077e-01
1.288000000000000811e-01
6.320000000000000617e-02
8.909999999999992926e-02
1.355999999999999983e-01
8.470000000000005302e-02
1.483999999999999764e-01
1.145999999999999519e-01
1.233999999999999125e-01
1.116000000000000186e-01
8.710000000000003850e-02
3.909999999999999587e-02
4.709999999999993359e-02
1.368000000000000327e-01
1.610999999999999932e-01
1.736999999999999378e-01
1.103999999999999704e-01
9.410000000000005860e-02
6.089999999999998886e-02
1.094999999999999446e-01
1.628999999999999337e-01
1.039999999999999536e-01
6.249999999999995837e-02
7.630000000000003446e-02
1.791999999999999982e-01
1.362999999999999490e-01
1.573999999999999011e-01
6.239999999999998326e-02
1.003999999999999615e-01
8.980000000000001870e-02
9.570000000000010443e-02
7.959999999999999021e-02
5.600000000000003586e-02
1.759000000000000563e-01
1.477000000000000257e-01
4.839999999999998470e-02
6.780000000000006855e-02
1.448000000000000675e-01
8.889999999999997904e-02
7.069999999999992957e-02
6.620000000000009210e-02
7.710000000000000187e-02
8.229999999999992877e-02
6.399999999999997358e-02
1.019999999999999241e-01
9.949999999999986633e-02
7.040000000000004587e-02
1.026000000000000800e-01
1.109999999999999598e-01
9.549999999999990441e-02
1.030999999999999833e-01
5.489999999999992109e-02
9.459999999999998965e-02
1.490999999999998993e-01
1.323999999999999899e-01
1.212000000000000161e-01
5.750000000000000944e-02
1.444999999999999896e-01
1.759999999999999620e-01
6.170000000000001872e-02
1.051000000000000267e-01
5.890000000000002178e-02
1.039000000000000201e-01
1.116000000000000603e-01
7.900000000000002853e-02
5.690000000000002001e-02
