7.359999999999999876e-02
6.779999999999999916e-02
4.100000000000000172e-02
8.360000000000000764e-02
6.880000000000000004e-02
5.220000000000000334e-02
5.410000000000000225e-02
1.220000000000000251e-01
5.469999999999999168e-02
8.499999999999999223e-02
8.350000000000000477e-02
9.189999999999999558e-02
1.001000000000000223e-01
2.640000000000000333e-02
7.250000000000002276e-02
5.680000000000000326e-02
4.760000000000001730e-02
5.580000000000000238e-02
6.930000000000002824e-02
8.540000000000000369e-02
1.292000000000000093e-01
7.739999999999998270e-02
8.770000000000000018e-02
9.919999999999998264e-02
5.679999999999999633e-02
3.810000000000000192e-02
5.470000000000001250e-02
1.118000000000000105e-01
1.310999999999999943e-01
9.579999999999999627e-02
1.302999999999999714e-01
2.179999999999999716e-01
1.261000000000000176e-01
2.383000000000000118e-01
1.112000000000000210e-01
1.055000000000000382e-01
8.160000000000001974e-02
5.949999999999999734e-02
8.340000000000001579e-02
7.580000000000002014e-02
4.399999999999997663e-02
1.174000000000000182e-01
7.630000000000000671e-02
1.118999999999999995e-01
1.271999999999999797e-01
1.642000000000000126e-01
1.182999999999999885e-01
1.768000000000000127e-01
7.759999999999996068e-02
4.390000000000000846e-02
8.379999999999999949e-02
7.029999999999998750e-02
9.249999999999999889e-02
1.653000000000000302e-01
3.700000000000000511e-02
1.081000000000000016e-01
1.112000000000000072e-01
5.139999999999998737e-02
1.266000000000000181e-01
8.449999999999997791e-02
5.850000000000003114e-02
1.352000000000000424e-01
1.275999999999999912e-01
3.469999999999998780e-02
9.620000000000000773e-02
1.280000000000000304e-01
5.330000000000002097e-02
1.440000000000000169e-01
8.189999999999998670e-02
5.059999999999997833e-02
1.106999999999999929e-01
1.045999999999999708e-01
7.150000000000002187e-02
7.689999999999999614e-02
9.499999999999998723e-02
6.249999999999999306e-02
1.461999999999999966e-01
1.803000000000000436e-01
1.740000000000000158e-01
1.319999999999999785e-01
9.189999999999996783e-02
6.069999999999999701e-02
1.641000000000000514e-01
1.179000000000000326e-01
5.530000000000000193e-02
1.295999999999999930e-01
1.632999999999999730e-01
9.300000000000001321e-02
5.559999999999999665e-02
1.535999999999999865e-01
7.550000000000001155e-02
6.679999999999997051e-02
5.829999999999999766e-02
5.730000000000001759e-02
1.327000000000000124e-01
1.819999999999999951e-01
1.090999999999999887e-01
7.499999999999994171e-02
7.330000000000000404e-02
1.518999999999999517e-01
9.310000000000000220e-02
6.510000000000000508e-02
1.555000000000000271e-01
1.673000000000000598e-01
5.510000000000007253e-02
8.319999999999999618e-02
1.136999999999999955e-01
6.769999999999995466e-02
1.837999999999999634e-01
2.298000000000000320e-01
4.719999999999997808e-02
1.062000000000000166e-01
1.371999999999999886e-01
1.791999999999999704e-01
1.052999999999999908e-01
2.412000000000000255e-01
2.159000000000000086e-01
6.000000000000003941e-02
1.212000000000000022e-01
5.410000000000003001e-02
9.179999999999997884e-02
2.025999999999999746e-01
6.239999999999997632e-02
1.331000000000000516e-01
1.239000000000000379e-01
3.789999999999995456e-02
1.238000000000000628e-01
2.870000000000000329e-02
1.841000000000000136e-01
1.790999999999999814e-01
1.015999999999999820e-01
1.067000000000000032e-01
2.438999999999999779e-01
1.720999999999999752e-01
1.059000000000000080e-01
1.426999999999999935e-01
9.989999999999997493e-02
9.920000000000001039e-02
1.390999999999999737e-01
1.747999999999999832e-01
5.259999999999995929e-02
1.160000000000000475e-01
2.039000000000000257e-01
1.657000000000000417e-01
1.165000000000000063e-01
8.440000000000004443e-02
1.608999999999999875e-01
1.871000000000000441e-01
1.124000000000000693e-01
8.520000000000006735e-02
1.865000000000000269e-01
1.559999999999999998e-01
5.740000000000001351e-02
1.725000000000000144e-01
1.945999999999999952e-01
1.085000000000000409e-01
6.330000000000007843e-02
1.585000000000000298e-01
2.212999999999999690e-01
1.281999999999999529e-01
4.440000000000002278e-02
1.300000000000000600e-01
8.960000000000004072e-02
1.132999999999999563e-01
1.542000000000000037e-01
1.050000000000000516e-01
1.880000000000000004e-01
1.813000000000000445e-01
5.189999999999998781e-02
7.729999999999996596e-02
1.738999999999999990e-01
1.801999999999999713e-01
1.239999999999999436e-01
4.530000000000009019e-02
1.501000000000000112e-01
1.870999999999999608e-01
1.011999999999999428e-01
7.510000000000005560e-02
1.597999999999999421e-01
1.226999999999998925e-01
4.990000000000008318e-02
1.759000000000000841e-01
1.731000000000000316e-01
9.470000000000000639e-02
9.060000000000004161e-02
5.589999999999999136e-02
7.760000000000000231e-02
1.800999999999999268e-01
2.059999999999999609e-01
1.407000000000000195e-01
7.570000000000005891e-02
1.669000000000001316e-01
1.615000000000000324e-01
8.439999999999996116e-02
8.840000000000002023e-02
1.413000000000000089e-01
1.074999999999999706e-01
4.260000000000006837e-02
1.639000000000000179e-01
4.549999999999997102e-02
1.405000000000000693e-01
1.605000000000000038e-01
5.339999999999997526e-02
1.432000000000000495e-01
1.471000000000000640e-01
4.639999999999993435e-02
1.337000000000000410e-01
1.824000000000000066e-01
4.769999999999999241e-02
1.472000000000000530e-01
1.746000000000000607e-01
8.880000000000001781e-02
1.294999999999999207e-01
1.254999999999999727e-01
1.182999999999999885e-01
4.449999999999994932e-02
5.089999999999996610e-02
1.633999999999999897e-01
5.810000000000008213e-02
1.742000000000000492e-01
2.139999999999999680e-01
8.289999999999997371e-02
8.340000000000001579e-02
1.698999999999999400e-01
1.798999999999999488e-01
1.235000000000001097e-01
8.289999999999997371e-02
1.428999999999999992e-01
2.579000000000000181e-01
2.334000000000000519e-01
1.490000000000000491e-01
6.299999999999997269e-02
9.720000000000003637e-02
1.844999999999999973e-01
2.340999999999999470e-01
1.707999999999999796e-01
9.160000000000007025e-02
1.794000000000000594e-01
2.316000000000000281e-01
2.021000000000000851e-01
1.247000000000001024e-01
5.420000000000006757e-02
1.267000000000000626e-01
2.076999999999999680e-01
1.225999999999999868e-01
1.013000000000000150e-01
1.989999999999999547e-01
1.929999999999998939e-01
2.009999999999999287e-01
7.169999999999998597e-02
9.029999999999996363e-02
2.000000000000000666e-01
2.105000000000001315e-01
1.567000000000000615e-01
9.609999999999993547e-02
1.813999999999999502e-01
4.759999999999994791e-02
1.802999999999999603e-01
4.980000000000005256e-02
1.318999999999999895e-01
1.352000000000000424e-01
1.118999999999999995e-01
1.915000000000000036e-01
1.361999999999999877e-01
5.710000000000001186e-02
1.465000000000000746e-01
1.962000000000000965e-01
9.429999999999999494e-02
5.049999999999998934e-02
1.634999999999999232e-01
2.180999999999999328e-01
1.716999999999999083e-01
5.389999999999989938e-02
8.580000000000004290e-02
1.874000000000000388e-01
1.407999999999999807e-01
6.959999999999993969e-02
1.447999999999999565e-01
1.874000000000000943e-01
1.646999999999999853e-01
4.880000000000006555e-02
1.395000000000000684e-01
1.596000000000000196e-01
1.211999999999999605e-01
6.810000000000003550e-02
9.009999999999997178e-02
1.708000000000001184e-01
9.640000000000005509e-02
1.873000000000000220e-01
1.968999999999999639e-01
5.720000000000000084e-02
9.800000000000000377e-02
2.088999999999999746e-01
1.932999999999999441e-01
1.278999999999999304e-01
6.570000000000002227e-02
1.522000000000000575e-01
1.488000000000000156e-01
3.609999999999999321e-02
