1.607000000000000095e-01
1.472000000000000253e-01
1.628999999999999893e-01
1.245000000000000273e-01
4.788999999999999924e-01
4.266999999999999682e-01
3.373000000000000442e-01
2.578999999999999626e-01
1.903000000000000247e-01
1.910000000000000309e-01
1.942000000000000115e-01
2.357000000000000206e-01
2.735000000000000209e-01
1.452999999999999847e-01
1.746000000000000330e-01
5.227999999999999314e-01
5.997000000000000108e-01
4.851999999999999647e-01
1.663399999999999990e+00
6.562999999999999945e-01
1.755999999999999783e-01
1.362000000000000155e-01
3.055999999999998717e-01
2.726000000000000090e-01
2.009000000000000785e-01
4.177999999999999492e-01
7.301999999999999602e-01
2.208999999999999853e-01
1.798000000000000431e-01
2.267999999999999183e-01
2.682999999999999829e-01
2.511999999999999789e-01
1.246999999999999081e-01
1.216000000000000691e-01
2.443999999999999784e-01
1.169000000000000317e-01
2.026999999999999358e-01
1.443000000000000393e-01
2.390999999999999515e-01
2.751000000000000112e-01
2.684000000000000274e-01
1.325999999999999956e-01
1.695999999999999730e-01
3.191999999999999837e-01
2.934999999999999831e-01
2.021999999999999631e-01
6.639999999999998681e-02
5.214000000000000856e-01
1.696500000000000119e+00
4.243999999999999995e-01
1.165699999999999958e+00
3.368999999999999773e-01
3.000999999999999224e-01
2.743999999999999773e-01
3.023000000000000131e-01
2.289000000000000201e-01
9.019999999999994689e-02
1.431999999999999940e-01
2.027000000000000191e-01
1.534000000000000363e-01
1.982999999999999763e-01
1.855000000000000537e-01
1.526999999999999746e-01
8.379999999999995786e-02
3.811999999999999833e-01
6.071000000000000840e-01
1.627000000000001223e-01
7.339999999999999303e-02
5.199999999999997680e-02
9.130000000000003391e-02
8.759999999999994180e-02
3.782000000000000917e-01
4.632000000000000561e-01
3.628999999999998893e-01
3.581999999999999629e-01
4.809999999999992060e-02
1.617999999999999994e-01
3.134000000000000119e-01
8.440000000000000835e-01
3.779999999999999472e-01
7.316000000000000281e-01
6.960999999999999410e-01
2.853999999999999870e-01
3.451999999999999513e-01
2.651999999999999913e-01
2.325999999999999179e-01
2.220999999999999086e-01
1.314000000000000168e-01
1.584000000000000408e-01
1.107999999999999818e-01
1.146999999999999825e-01
6.008000000000000007e-01
7.828999999999999293e-01
1.000599999999999934e+00
6.530999999999999028e-01
1.469999999999998530e-01
3.286999999999999922e-01
6.385999999999999455e-01
3.120999999999999885e-01
1.323000000000000842e-01
3.562000000000000166e-01
1.426999999999999935e-01
2.121999999999999720e-01
1.838000000000000467e-01
3.296999999999999931e-01
1.632000000000000395e-01
2.153000000000000469e-01
1.947999999999999177e-01
1.971999999999999864e-01
2.709000000000000297e-01
1.592000000000000082e-01
5.789999999999997926e-02
5.350000000000000588e-02
1.098000000000000503e-01
7.349999999999999589e-02
6.850000000000000533e-02
1.225000000000000672e-01
1.764000000000000845e-01
3.032000000000001361e-01
5.850000000000007971e-02
5.189999999999994618e-02
7.849999999999998646e-02
9.240000000000006541e-02
1.676999999999999047e-01
2.082999999999999574e-01
1.615000000000000047e-01
1.741000000000000048e-01
9.499999999999997335e-02
1.668999999999999928e-01
2.207999999999999408e-01
2.018000000000000071e-01
1.015000000000000624e-01
1.627999999999999725e-01
9.529999999999994031e-02
1.493000000000000160e-01
9.030000000000004690e-02
3.860000000000010645e-02
2.281000000000000527e-01
1.438000000000000111e-01
1.330999999999999683e-01
1.073000000000000342e-01
1.515000000000000235e-01
9.880000000000008220e-02
7.790000000000002478e-02
1.854999999999999982e-01
2.345000000000000140e-01
1.018999999999999351e-01
1.317999999999999727e-01
8.650000000000007683e-02
2.271999999999999853e-01
1.408999999999999975e-01
1.425000000000000155e-01
1.510999999999999566e-01
9.189999999999992619e-02
1.093000000000000360e-01
2.248999999999999611e-01
2.172999999999999099e-01
1.781999999999999973e-01
1.070999999999999175e-01
1.378000000000000613e-01
3.695000000000001061e-01
3.168000000000000260e-01
4.009999999999999676e-01
1.999000000000000776e-01
1.707999999999999796e-01
2.425999999999999546e-01
1.912999999999999423e-01
1.103999999999999704e-01
1.043000000000000316e-01
1.168999999999999762e-01
2.111999999999999988e-01
2.407999999999999585e-01
2.242999999999998606e-01
2.006000000000000005e-01
1.439000000000000279e-01
6.020000000000003126e-02
1.138000000000000678e-01
1.293999999999999873e-01
1.339999999999999525e-01
1.466000000000000358e-01
1.212999999999999357e-01
2.030000000000000138e-01
9.070000000000005835e-02
1.598000000000000531e-01
9.020000000000005791e-02
2.035000000000000420e-01
2.152000000000000024e-01
8.710000000000001075e-02
1.147999999999999576e-01
1.683999999999999941e-01
2.251999999999999558e-01
1.537999999999999090e-01
2.196999999999999509e-01
1.307999999999999441e-01
1.756000000000000061e-01
1.493999999999999495e-01
1.871999999999998665e-01
1.104999999999999316e-01
1.055999999999999994e-01
1.197999999999999898e-01
1.715000000000000691e-01
2.105000000000001037e-01
2.815000000000000280e-01
1.733000000000000373e-01
1.638000000000000289e-01
1.342999999999999750e-01
1.018000000000000016e-01
1.237000000000000044e-01
7.749999999999998557e-02
1.435999999999999777e-01
1.408999999999999697e-01
3.249999999999999556e-01
1.233999999999998709e-01
1.949999999999999234e-01
2.622999999999999776e-01
1.695000000000002061e-01
4.036000000000000143e-01
2.275999999999998025e-01
2.912999999999998924e-01
3.315999999999998948e-01
1.113999999999999435e-01
1.634000000000000730e-01
1.554999999999999438e-01
6.090000000000000968e-02
1.448999999999998900e-01
2.173999999999999544e-01
8.457999999999999963e-01
5.180000000000000160e-01
1.304000000000000159e-01
4.631000000000001782e-01
2.248999999999999611e-01
1.828000000000000735e-01
2.430999999999998717e-01
2.137999999999999901e-01
2.553000000000001934e-01
2.055000000000002103e-01
1.182999999999998775e-01
8.610000000000003761e-02
5.169999999999977391e-02
5.420000000000008145e-02
1.287000000000000366e-01
3.273999999999999688e-01
2.249999999999998390e-01
1.382000000000001005e-01
8.142000000000000348e-01
2.232000000000001483e-01
2.671999999999999931e-01
1.400999999999998913e-01
1.255300000000000304e+00
1.098899999999999988e+00
2.559300000000000352e+00
7.260999999999999677e-01
3.300999999999997270e-01
2.853000000000003311e-01
1.760999999999999233e-01
3.341000000000000636e-01
2.573000000000000287e-01
1.406999999999998252e-01
2.165999999999996817e-01
3.005000000000001559e-01
2.101000000000001200e-01
9.659999999999979714e-02
1.408000000000001473e-01
2.195999999999999897e-01
1.762000000000000233e-01
1.586000000000001020e-01
1.268000000000000793e-01
7.679999999999972959e-02
1.435999999999999222e-01
3.292000000000001592e-01
2.808000000000001051e-01
4.184999999999998721e-01
2.159999999999999698e-01
2.810000000000000830e-01
4.538000000000002587e-01
3.314999999999999614e-01
1.123999999999997779e-01
2.923000000000002263e-01
2.073000000000001231e-01
6.149999999999999911e-01
1.955000000000000626e-01
4.426000000000001600e-01
1.920000000000000595e-01
1.640000000000002844e-01
3.653999999999998360e-01
2.374000000000000554e-01
2.491999999999998106e-01
2.072999999999999288e-01
1.038000000000002532e-01
3.888000000000000900e-01
4.308999999999999497e-01
6.943000000000000282e-01
3.829000000000001291e-01
1.505000000000000226e-01
1.850000000000001643e-01
1.119000000000002493e-01
2.148999999999999522e-01
2.111000000000000099e-01
2.851000000000001311e-01
