1.944999999999999785e-01
1.561999999999999778e-01
1.164000000000000035e-01
1.262999999999999956e-01
3.686999999999999722e-01
3.461000000000000187e-01
7.171000000000000707e-01
4.318000000000000727e-01
5.346999999999999531e-01
7.900000000000000355e-01
3.566000000000000281e-01
2.678000000000000380e-01
1.278000000000000524e-01
2.403000000000000136e-01
2.639000000000000234e-01
1.016999999999999710e-01
5.382000000000001227e-01
1.224200000000000177e+00
2.637000000000001010e-01
4.360999999999999877e-01
3.627999999999999559e-01
1.854999999999999982e-01
2.478000000000000203e-01
1.029000000000000192e-01
6.249999999999998612e-02
3.639999999999999902e-01
4.221000000000000307e-01
2.187000000000000055e-01
1.836999999999999744e-01
2.556999999999999829e-01
2.142000000000000015e-01
1.184999999999999665e-01
4.123999999999999888e-01
4.702999999999999403e-01
1.756000000000000616e-01
2.590999999999999970e-01
1.979999999999998983e-01
4.304999999999999383e-01
1.850000000000000255e-01
2.252000000000000113e-01
2.094999999999999918e-01
2.526999999999999802e-01
1.912000000000000366e-01
2.438000000000000167e-01
3.184000000000000163e-01
3.974000000000000310e-01
2.590999999999999970e-01
2.213999999999999579e-01
1.146000000000000213e-01
2.351999999999999369e-01
1.219999999999999973e-01
9.890000000000004343e-02
2.350999999999998924e-01
1.716000000000000858e-01
1.844999999999999141e-01
2.210999999999999632e-01
2.098000000000000420e-01
1.955000000000000626e-01
1.476900000000000102e+00
2.579999999999999516e-01
5.876000000000000112e-01
4.051000000000000156e-01
2.909000000000000474e-01
3.483000000000000540e-01
2.581000000000001071e-01
1.433000000000000385e-01
6.295999999999999375e-01
1.673999999999999932e-01
1.088000000000001050e-01
3.465999999999999082e-01
1.365999999999999714e-01
1.320000000000001450e-01
1.260999999999999066e-01
3.582000000000000184e-01
2.010999999999999455e-01
3.083999999999999519e-01
4.742000000000000659e-01
3.015000000000001568e-01
6.767999999999998462e-01
7.701000000000000068e-01
4.104999999999998650e-01
1.525000000000001077e-01
3.094000000000000083e-01
4.988000000000000211e-01
2.727999999999999314e-01
3.598000000000001197e-01
1.172999999999998350e-01
5.510000000000001008e-02
1.767999999999997907e-01
1.664999999999997315e-01
2.329000000000003845e-01
1.565999999999997117e-01
3.326999999999998292e-01
1.574000000000000954e-01
1.450999999999997292e-01
1.566999999999999782e-01
7.640000000000023161e-02
7.849999999999973666e-02
1.294999999999999485e-01
1.015999999999997599e-01
1.656000000000000250e-01
8.020000000000002127e-02
3.709999999999970960e-02
1.281000000000001582e-01
6.180000000000005628e-02
1.798999999999998101e-01
1.314000000000000168e-01
1.447999999999999010e-01
9.619999999999995222e-02
1.050000000000003847e-01
1.298999999999996269e-01
4.800000000000016753e-02
2.024999999999999856e-01
2.930000000000002047e-01
2.449000000000000898e-01
1.898999999999999577e-01
1.237999999999996881e-01
1.280999999999998529e-01
1.505999999999999561e-01
1.403999999999998305e-01
7.900000000000001465e-02
1.228999999999997317e-01
8.089999999999993030e-02
1.421999999999999376e-01
4.790000000000010222e-02
7.420000000000039064e-02
7.180000000000019700e-02
6.359999999999996212e-02
7.240000000000029745e-02
6.169999999999994933e-02
1.475999999999999535e-01
5.139999999999978614e-02
6.852999999999999092e-01
2.109999999999999931e-01
1.890999999999997128e-01
8.089999999999994418e-02
1.362000000000002098e-01
9.159999999999987597e-02
1.596999999999996478e-01
1.306999999999997608e-01
1.028000000000002800e-01
1.099999999999998201e-01
1.719999999999999030e-01
1.191000000000003306e-01
1.081999999999999351e-01
1.988999999999999657e-01
7.610000000000026465e-02
1.817000000000003335e-01
1.181000000000000244e-01
1.109000000000000818e-01
9.719999999999991147e-02
7.530000000000011684e-02
1.211999999999998218e-01
1.590999999999996584e-01
1.780999999999999805e-01
3.800000000000001710e-01
1.792000000000001370e-01
1.209999999999996356e-01
8.509999999999995346e-02
5.010000000000015830e-02
5.810000000000012377e-02
7.839999999999991420e-02
6.900000000000006128e-02
5.779999999999974047e-02
1.071999999999999481e-01
1.360999999999996657e-01
6.999999999999992339e-02
3.184000000000001274e-01
2.123499999999999943e+00
1.833900000000000086e+00
1.711000000000000021e-01
1.674000000000001875e-01
8.639999999999992131e-02
3.026000000000000356e-01
3.079999999999999405e-01
1.340999999999998860e-01
1.920999999999999375e-01
2.296000000000003594e-01
1.270000000000001683e-01
1.185999999999998999e-01
1.221999999999999337e-01
3.263000000000000345e-01
3.017000000000000237e-01
3.323999999999999733e-01
3.320999999999998953e-01
1.115000000000002656e-01
9.899999999999993527e-02
4.217000000000001858e-01
1.048999999999997712e-01
6.270000000000013063e-02
1.256000000000001005e-01
2.034000000000000252e-01
1.817000000000000004e-01
9.409999999999980880e-02
1.232000000000002260e-01
1.224000000000002447e-01
1.003000000000001252e-01
4.120000000000011153e-02
6.949999999999979805e-02
7.899999999999977873e-02
6.040000000000020353e-02
7.269999999999998685e-02
1.311000000000003274e-01
1.060999999999996668e-01
9.220000000000035112e-02
5.749999999999999556e-02
1.238999999999997603e-01
1.066999999999998783e-01
9.290000000000002423e-02
3.939999999999985181e-02
1.891000000000002124e-01
3.559999999999996501e-02
9.210000000000025111e-02
1.124999999999996697e-01
1.185000000000002995e-01
1.185999999999998722e-01
1.038000000000000173e-01
1.363000000000000045e-01
1.329000000000000181e-01
1.125000000000001554e-01
1.313000000000001943e-01
8.210000000000003406e-02
7.710000000000005738e-02
7.129999999999998839e-02
1.317000000000004001e-01
1.033999999999999087e-01
1.208000000000002405e-01
9.679999999999966409e-02
2.004999999999999560e-01
8.270000000000007900e-02
1.054999999999997745e-01
6.940000000000030866e-02
9.490000000000008151e-02
1.057999999999999913e-01
1.300999999999998269e-01
6.999999999999979849e-02
1.047000000000000847e-01
6.869999999999992779e-02
4.690000000000020541e-02
7.549999999999994216e-02
2.979999999999997928e-02
5.390000000000026714e-02
5.370000000000008100e-02
2.480000000000026628e-02
8.429999999999995830e-02
1.348999999999997979e-01
1.541999999999996429e-01
1.280000000000003635e-01
1.643000000000000016e-01
3.981999999999997764e-01
3.080999999999998185e-01
1.482999999999998764e-01
2.127999999999997394e-01
1.818999999999999506e-01
1.601000000000002699e-01
9.199999999999981803e-02
1.028000000000001690e-01
1.277000000000000912e-01
1.295999999999998264e-01
1.203999999999999931e-01
1.802000000000002489e-01
8.000000000000002942e-02
5.040000000000001146e-01
4.492999999999999772e-01
1.355999999999996375e-01
1.904999999999996696e-01
2.879000000000002113e-01
1.228999999999999815e-01
2.201999999999998403e-01
1.825999999999999013e-01
8.129999999999978910e-02
1.479999999999998539e-01
8.059999999999989395e-02
8.720000000000019402e-02
8.219999999999991203e-02
6.530000000000019122e-02
5.579999999999992605e-02
8.630000000000005722e-02
7.370000000000007101e-02
6.099999999999998479e-02
8.390000000000000235e-02
1.716000000000002246e-01
7.859999999999975340e-02
6.279999999999989757e-02
7.700000000000001288e-02
7.320000000000013995e-02
5.929999999999984589e-02
6.129999999999997257e-02
8.829999999999983695e-02
1.842000000000000026e-01
1.054000000000001325e-01
2.623999999999996335e-01
1.158999999999996838e-01
7.780000000000035498e-02
1.535000000000000253e-01
2.133999999999996733e-01
9.869999999999992668e-02
8.099999999999998868e-02
8.220000000000010631e-02
