7.309999999999999831e-02
6.219999999999999141e-02
4.349999999999999700e-02
5.780000000000000415e-02
5.259999999999999398e-02
8.970000000000001583e-02
6.990000000000000380e-02
1.231999999999999901e-01
5.100000000000001754e-02
3.599999999999998340e-02
8.749999999999998057e-02
4.899999999999999495e-02
1.034000000000000058e-01
1.317000000000000115e-01
1.079000000000000237e-01
9.800000000000003153e-02
9.610000000000001874e-02
8.970000000000005747e-02
8.419999999999998319e-02
5.899999999999998995e-02
6.959999999999999520e-02
1.235000000000000125e-01
5.149999999999997635e-02
8.440000000000000280e-02
9.050000000000001099e-02
7.649999999999998468e-02
6.589999999999998637e-02
6.720000000000003748e-02
4.689999999999999725e-02
4.519999999999998325e-02
5.929999999999998467e-02
1.086999999999999911e-01
6.940000000000001723e-02
1.222999999999999921e-01
8.879999999999997617e-02
1.532999999999999918e-01
8.379999999999998561e-02
5.040000000000000729e-02
1.826000000000000401e-01
1.791000000000000369e-01
8.910000000000001252e-02
8.959999999999998521e-02
6.399999999999994582e-02
1.809000000000000330e-01
7.889999999999997016e-02
2.780000000000003302e-02
1.451000000000000068e-01
8.360000000000002152e-02
4.809999999999997611e-02
1.298000000000000265e-01
9.990000000000000269e-02
1.220999999999999586e-01
5.990000000000000879e-02
5.160000000000002779e-02
7.110000000000001041e-02
8.150000000000004463e-02
9.220000000000014295e-02
1.401000000000000578e-01
1.010000000000000203e-01
4.809999999999997611e-02
6.780000000000002691e-02
7.360000000000005427e-02
5.470000000000001250e-02
4.260000000000003367e-02
1.128999999999999310e-01
7.380000000000004612e-02
9.069999999999998896e-02
8.860000000000001208e-02
6.449999999999996014e-02
1.509000000000000064e-01
9.660000000000001918e-02
6.389999999999997071e-02
2.559999999999998943e-01
1.334999999999998965e-01
1.118000000000000105e-01
8.310000000000002107e-02
9.339999999999999691e-02
1.047999999999999765e-01
1.104000000000000259e-01
1.447999999999999843e-01
1.371000000000000274e-01
3.959999999999996856e-02
1.307000000000000384e-01
8.770000000000004181e-02
1.223000000000000198e-01
1.093999999999999695e-01
9.349999999999998590e-02
1.330999999999999128e-01
5.789999999999994457e-02
7.500000000000003886e-02
8.479999999999991711e-02
9.370000000000007490e-02
1.214999999999999969e-01
8.789999999999993652e-02
1.561000000000000165e-01
2.213999999999999857e-01
2.021999999999999353e-01
6.680000000000009541e-02
6.779999999999998528e-02
1.422000000000000763e-01
1.202999999999999486e-01
6.189999999999997587e-02
1.053999999999998827e-01
3.340000000000008240e-02
4.720000000000000584e-02
8.219999999999991203e-02
7.640000000000005120e-02
1.606000000000000483e-01
5.349999999999992956e-02
7.049999999999997935e-02
1.585000000000000020e-01
5.640000000000003344e-02
8.560000000000000941e-02
5.009999999999995013e-02
1.055999999999997635e-01
6.569999999999998064e-02
2.613000000000000878e-01
3.479999999999999760e-02
1.420000000000000706e-01
5.890000000000000097e-02
5.640000000000001262e-02
8.790000000000004754e-02
9.750000000000003109e-02
1.383999999999999120e-01
6.050000000000003986e-02
9.509999999999999010e-02
7.009999999999994014e-02
6.949999999999990907e-02
5.719999999999995921e-02
6.750000000000001832e-02
1.045999999999999708e-01
1.222999999999999643e-01
6.039999999999995373e-02
7.519999999999987805e-02
7.480000000000006088e-02
8.849999999999996758e-02
1.047000000000000014e-01
8.719999999999981932e-02
5.420000000000002593e-02
4.939999999999978436e-02
5.720000000000000084e-02
6.430000000000005156e-02
5.520000000000001295e-02
1.394999999999999296e-01
5.109999999999988163e-02
6.869999999999991391e-02
1.333999999999998520e-01
6.189999999999998281e-02
6.689999999999995950e-02
7.369999999999994611e-02
1.180999999999999273e-01
1.152999999999999581e-01
8.210000000000004794e-02
8.920000000000014029e-02
9.960000000000006348e-02
1.441000000000000059e-01
4.620000000000001189e-02
8.449999999999995015e-02
8.579999999999993188e-02
1.460999999999999799e-01
3.470000000000005025e-02
1.070999999999999452e-01
1.333000000000000573e-01
7.600000000000006750e-02
3.130000000000002225e-02
7.160000000000003861e-02
6.970000000000005358e-02
6.050000000000005373e-02
7.160000000000006637e-02
9.940000000000004388e-02
2.225999999999999923e-01
9.440000000000005331e-02
9.089999999999999469e-02
4.860000000000003206e-02
9.929999999999997162e-02
6.860000000000007758e-02
1.014999999999999930e-01
7.380000000000010163e-02
1.302999999999999159e-01
4.260000000000010306e-02
1.528000000000002134e-01
1.500000000000000777e-01
6.970000000000001195e-02
5.920000000000006507e-02
1.110999999999999488e-01
1.089999999999999719e-01
3.570000000000006501e-02
3.750000000000011657e-02
4.620000000000003271e-02
6.290000000000013636e-02
1.570000000000007501e-02
9.780000000000012295e-02
8.119999999999986950e-02
4.830000000000025939e-02
4.530000000000003468e-02
4.850000000000008471e-02
5.829999999999993521e-02
5.460000000000005127e-02
1.247000000000000192e-01
4.610000000000001597e-02
7.920000000000010365e-02
5.779999999999996252e-02
8.229999999999985938e-02
9.380000000000032756e-02
6.639999999999990354e-02
1.120000000000001550e-02
9.339999999999987201e-02
7.579999999999997851e-02
1.086999999999998662e-01
5.879999999999989402e-02
1.020000000000000212e-01
1.590000000000000857e-01
1.244999999999999718e-01
9.239999999999995439e-02
1.276000000000000467e-01
9.350000000000006917e-02
7.690000000000012104e-02
1.406999999999998252e-01
5.630000000000011384e-02
8.659999999999989928e-02
1.089999999999998886e-01
8.269999999999984308e-02
6.320000000000004781e-02
1.264000000000000956e-01
5.459999999999999576e-02
4.380000000000004723e-02
8.699999999999985523e-02
6.029999999999990923e-02
8.859999999999987330e-02
4.789999999999988711e-02
8.550000000000007594e-02
8.199999999999979527e-02
1.587000000000001187e-01
7.709999999999989084e-02
2.630000000000007332e-02
1.699000000000001065e-01
7.730000000000006311e-02
6.790000000000029345e-02
7.949999999999993183e-02
6.560000000000026921e-02
3.990000000000010205e-02
5.949999999999983080e-02
5.300000000000015810e-02
1.113000000000003153e-01
1.037999999999998368e-01
1.694000000000000783e-01
1.015000000000001734e-01
1.173999999999999488e-01
1.306000000000001604e-01
1.462000000000001076e-01
2.609999999999992881e-02
5.930000000000014426e-02
4.789999999999984548e-02
1.118000000000001493e-01
4.400000000000017786e-02
6.260000000000011389e-02
7.290000000000011748e-02
1.209999999999998577e-01
8.990000000000000768e-02
1.758000000000000118e-01
4.479999999999985383e-02
1.069999999999999840e-01
6.550000000000018308e-02
1.179999999999999105e-01
6.419999999999995155e-02
5.979999999999993654e-02
1.008000000000000562e-01
3.750000000000006106e-02
5.649999999999971712e-02
1.110000000000000153e-01
7.650000000000009570e-02
8.670000000000016582e-02
5.329999999999981974e-02
5.249999999999999112e-02
6.670000000000003704e-02
1.208999999999998964e-01
4.769999999999992302e-02
4.619999999999993556e-02
7.449999999999963596e-02
8.930000000000001825e-02
4.639999999999985802e-02
1.022999999999997522e-01
1.430999999999998107e-01
1.055000000000000243e-01
7.870000000000018647e-02
1.260999999999998233e-01
4.960000000000010234e-02
4.810000000000014264e-02
5.609999999999980280e-02
7.150000000000020228e-02
8.280000000000002636e-02
1.056999999999999190e-01
3.100000000000001366e-02
5.020000000000009177e-02
1.202000000000002788e-01
1.039000000000000062e-01
8.469999999999992812e-02
1.005999999999999256e-01
1.081000000000001404e-01
