1.007999999999999868e-01
1.262999999999999956e-01
5.889999999999999403e-02
1.168999999999999900e-01
1.134999999999999898e-01
1.532000000000000028e-01
1.523000000000000187e-01
1.289000000000000146e-01
1.030999999999999972e-01
1.130000000000000171e-01
1.168999999999999900e-01
6.879999999999998617e-02
2.130000000000000226e-01
1.538999999999999813e-01
1.580000000000000016e-01
1.827000000000000290e-01
1.182999999999999885e-01
8.059999999999999110e-02
1.444999999999999896e-01
1.232999999999999929e-01
3.040000000000001035e-02
1.275999999999999635e-01
8.000000000000000167e-02
1.061000000000000137e-01
1.039999999999999952e-01
1.101000000000000173e-01
8.450000000000001954e-02
6.739999999999998770e-02
7.329999999999997629e-02
8.870000000000000107e-02
9.500000000000001499e-02
7.380000000000000449e-02
8.719999999999999973e-02
1.317999999999999727e-01
1.389999999999999847e-01
1.733999999999999708e-01
1.360000000000000098e-01
1.309999999999999776e-01
1.561999999999999778e-01
7.419999999999997431e-02
3.729999999999999982e-02
7.469999999999998863e-02
1.356999999999999873e-01
1.274000000000000132e-01
1.630999999999999950e-01
5.439999999999999003e-02
8.960000000000002685e-02
7.259999999999999787e-02
5.790000000000000702e-02
5.760000000000000536e-02
5.779999999999997640e-02
7.380000000000000449e-02
8.140000000000002789e-02
1.132999999999999979e-01
5.029999999999998361e-02
7.949999999999998734e-02
1.537999999999999923e-01
1.677999999999999770e-01
1.040999999999999703e-01
2.340999999999999748e-01
1.198999999999999788e-01
7.500000000000001110e-02
1.293999999999999317e-01
1.404999999999999860e-01
9.919999999999999651e-02
9.650000000000000244e-02
9.559999999999999054e-02
5.769999999999998047e-02
8.159999999999999198e-02
4.619999999999996332e-02
5.789999999999998620e-02
1.282000000000000361e-01
1.308999999999999886e-01
1.064000000000000362e-01
4.050000000000001515e-02
8.520000000000005347e-02
8.090000000000002744e-02
7.200000000000000844e-02
1.170000000000000207e-01
1.372999999999999776e-01
5.500000000000001416e-02
9.050000000000001099e-02
1.565000000000000280e-01
1.882999999999999674e-01
1.210999999999999716e-01
1.379999999999999560e-01
9.079999999999997795e-02
8.659999999999998255e-02
9.910000000000003528e-02
9.119999999999996165e-02
7.159999999999985820e-02
1.425000000000000711e-01
1.041000000000000258e-01
5.490000000000003211e-02
1.294000000000000705e-01
5.540000000000004643e-02
1.477999999999999869e-01
1.907000000000000361e-01
1.510000000000000786e-01
8.500000000000007550e-02
1.441000000000000059e-01
1.379999999999999560e-01
1.076999999999999069e-01
1.131999999999999673e-01
4.190000000000001362e-02
9.090000000000009184e-02
2.036000000000000865e-01
2.027999999999999525e-01
8.189999999999997282e-02
1.171999999999999986e-01
1.482000000000000262e-01
1.570999999999999064e-01
8.129999999999991400e-02
4.950000000000011335e-02
6.129999999999999338e-02
1.386999999999999900e-01
1.433999999999999719e-01
7.339999999999990976e-02
6.809999999999996612e-02
1.226000000000000145e-01
1.241000000000000436e-01
8.490000000000005875e-02
1.063000000000000334e-01
1.658000000000000029e-01
1.247999999999999665e-01
7.029999999999993199e-02
1.570000000000000007e-01
1.622999999999999443e-01
1.043000000000000177e-01
1.505999999999999561e-01
7.929999999999995386e-02
1.498000000000001275e-01
5.430000000000002880e-02
8.179999999999996996e-02
3.679999999999997162e-02
1.739000000000000268e-01
3.543999999999999928e-01
2.242000000000000104e-01
2.669999999999999041e-01
1.188000000000000306e-01
5.450000000000000677e-02
6.949999999999995071e-02
6.389999999999992908e-02
9.819999999999995399e-02
7.869999999999999218e-02
5.949999999999998346e-02
1.436000000000000054e-01
9.639999999999999958e-02
1.299000000000000432e-01
6.689999999999997338e-02
1.234000000000000374e-01
2.304999999999999827e-01
1.727000000000000479e-01
2.011999999999999622e-01
7.270000000000002849e-02
1.263999999999999291e-01
7.160000000000003861e-02
5.100000000000004530e-02
7.420000000000004370e-02
1.024999999999999800e-01
1.112999999999999268e-01
1.052999999999999631e-01
7.919999999999988161e-02
7.969999999999990981e-02
9.510000000000007336e-02
1.156000000000000499e-01
1.079000000000000237e-01
1.194999999999999812e-01
7.269999999999993134e-02
1.233999999999999958e-01
9.600000000000008527e-02
1.108000000000000096e-01
1.122000000000000219e-01
7.820000000000010276e-02
1.337000000000000133e-01
1.336999999999999300e-01
9.930000000000005489e-02
8.750000000000011935e-02
8.519999999999994245e-02
9.919999999999998264e-02
1.392000000000000459e-01
9.280000000000004912e-02
5.950000000000001815e-02
1.226999999999999896e-01
1.702999999999999514e-01
1.137000000000001204e-01
7.029999999999991811e-02
6.729999999999990157e-02
1.023000000000000853e-01
9.480000000000014804e-02
1.180000000000000354e-01
1.689000000000000501e-01
1.136999999999999678e-01
1.005999999999999672e-01
6.499999999999994671e-02
6.800000000000001876e-02
1.160999999999999810e-01
6.779999999999999916e-02
5.399999999999999939e-02
8.959999999999983256e-02
1.630999999999999672e-01
7.719999999999999085e-02
1.049999999999999406e-01
1.080000000000000265e-01
1.001000000000001611e-01
7.610000000000016751e-02
6.139999999999995461e-02
8.380000000000001337e-02
7.250000000000006439e-02
6.800000000000004652e-02
3.919999999999998486e-02
9.619999999999991058e-02
6.339999999999991476e-02
9.490000000000003988e-02
1.699999999999999845e-01
1.534999999999999698e-01
1.352000000000000701e-01
1.731000000000000871e-01
1.083000000000000490e-01
9.160000000000015352e-02
1.004999999999998117e-01
7.810000000000000275e-02
1.148999999999999189e-01
2.152999999999998804e-01
9.649999999999991918e-02
7.220000000000000029e-02
6.329999999999999516e-02
5.089999999999997304e-02
1.504000000000000337e-01
6.660000000000004805e-02
1.184000000000000469e-01
5.990000000000002267e-02
1.404999999999999305e-01
1.455000000000000460e-01
1.026000000000001078e-01
7.550000000000003930e-02
1.406000000000001415e-01
1.750000000000001554e-01
1.529000000000000914e-01
5.209999999999998660e-02
1.130999999999999922e-01
1.236999999999999766e-01
1.238000000000000073e-01
9.299999999999997158e-02
7.719999999999994922e-02
9.689999999999998614e-02
1.306999999999999273e-01
6.849999999999990818e-02
6.809999999999999387e-02
1.109999999999999876e-01
1.171999999999999986e-01
7.650000000000001243e-02
1.204000000000000070e-01
1.419999999999999596e-01
1.000000000000000333e-01
8.279999999999999860e-02
1.145000000000000739e-01
1.177000000000001378e-01
6.999999999999996503e-02
1.287999999999999978e-01
1.197999999999999482e-01
1.117999999999999966e-01
8.720000000000004137e-02
8.669999999999998541e-02
8.780000000000000304e-02
6.180000000000007709e-02
1.351000000000000534e-01
9.759999999999993681e-02
3.969999999999997142e-02
1.152999999999999164e-01
1.264999999999999181e-01
1.222999999999999643e-01
1.111999999999999100e-01
1.794999999999999929e-01
8.979999999999989380e-02
8.179999999999988669e-02
6.219999999999992202e-02
7.579999999999988136e-02
9.050000000000001099e-02
6.510000000000007447e-02
4.810000000000000386e-02
1.355000000000000648e-01
1.443000000000001226e-01
7.710000000000007125e-02
4.260000000000004061e-02
8.709999999999985809e-02
1.178999999999999077e-01
5.990000000000003655e-02
6.809999999999993836e-02
2.237999999999999712e-01
1.739999999999999880e-01
1.714000000000000523e-01
1.219000000000000916e-01
1.468999999999998640e-01
1.973999999999998534e-01
1.072999999999998400e-01
9.629999999999991345e-02
7.880000000000005056e-02
5.270000000000020501e-02
