2.654000000000000248e-01
3.855999999999999983e-01
5.469999999999999862e-02
1.967999999999999750e-01
2.644999999999999574e-01
4.794999999999999263e-01
2.998999999999999999e-01
2.352000000000000202e-01
2.124000000000000055e-01
3.876000000000000556e-01
1.292000000000000093e-01
2.149999999999999689e-01
8.739999999999997771e-02
2.559999999999999082e-02
1.883999999999999841e-01
1.208999999999999936e-01
1.782000000000000250e-01
3.393999999999999795e-01
1.611000000000000210e-01
2.566000000000000503e-01
1.791000000000000092e-01
1.848999999999999810e-01
1.529000000000000359e-01
5.309999999999999443e-02
1.014000000000000179e-01
2.023000000000000631e-01
1.928999999999999604e-01
1.907000000000000084e-01
1.268000000000000238e-01
1.023999999999999910e-01
8.350000000000001865e-02
4.640000000000000235e-01
3.578999999999999959e-01
2.955000000000000404e-01
1.880999999999999339e-01
2.656000000000000028e-01
9.229999999999999316e-02
7.039999999999999036e-02
2.099000000000000310e-01
1.299000000000000155e-01
9.780000000000001192e-02
1.684000000000000219e-01
9.349999999999999978e-02
1.230999999999999872e-01
1.593999999999999861e-01
1.703999999999999959e-01
2.187999999999999945e-01
1.956000000000000238e-01
2.590000000000000635e-01
9.329999999999998017e-02
3.189000000000000168e-01
1.999999999999999833e-01
2.649000000000000243e-01
2.212000000000000077e-01
1.236999999999999905e-01
1.821000000000000119e-01
1.995000000000000107e-01
1.319999999999999785e-01
1.751000000000000612e-01
1.507000000000000006e-01
1.547000000000000042e-01
6.291999999999999815e-01
3.360999999999998988e-01
7.821999999999998954e-01
3.414699999999999847e+00
2.187200000000000255e+00
2.046000000000000596e-01
2.968999999999999972e-01
1.018800000000000150e+00
5.124999999999999556e-01
4.880300000000000971e+00
5.480999999999999206e-01
2.610000000000000098e-01
1.881000000000001005e-01
8.681999999999999718e-01
2.981999999999999651e-01
3.670999999999999264e-01
8.700000000000006339e-02
3.613999999999999435e-01
2.982000000000000206e-01
7.062999999999999279e-01
2.269499999999999851e+00
3.558099999999999596e+00
8.143000000000000238e-01
6.091999999999999638e-01
1.936399999999999899e+00
9.604999999999997984e-01
2.525000000000001132e-01
2.219000000000000139e-01
2.510000000000000009e-01
4.380000000000005417e-02
2.380000000000000449e-01
1.799999999999999933e-01
2.509000000000000119e-01
1.273199999999999665e+00
5.956299999999999706e+00
2.265700000000000269e+00
2.905100000000000016e+00
1.042289999999999850e+01
4.889899999999999913e+00
5.579200000000000159e+00
5.899399999999999977e+00
3.670900000000000052e+00
4.304000000000000603e-01
5.401000000000000245e-01
3.438999999999998725e-01
3.644999999999998797e-01
1.942000000000000670e-01
1.400000000000001243e-01
7.144000000000000350e-01
2.087999999999999023e-01
1.413999999999999702e-01
1.963999999999999913e-01
1.557000000000000883e-01
2.290000000000001479e-01
2.551999999999999269e-01
5.856999999999999984e-01
3.765000000000000013e-01
1.889000000000000123e-01
2.045000000000000984e-01
1.514000000000000346e-01
1.945999999999999397e-01
2.693000000000000949e-01
1.645000000000000351e-01
1.177999999999999187e-01
2.282999999999998919e-01
1.970000000000000639e-01
4.273000000000000131e-01
1.891999999999999238e-01
1.152999999999998887e-01
8.330000000000004068e-02
9.439999999999999780e-02
1.029000000000000609e-01
1.741000000000000880e-01
7.259999999999985909e-02
1.167000000000001370e-01
2.253000000000000835e-01
1.172000000000000125e-01
1.502999999999999892e-01
1.780999999999999805e-01
2.285000000000000087e-01
2.147000000000000575e-01
1.280000000000000582e-01
2.852000000000001201e-01
2.480999999999999872e-01
1.959000000000000741e-01
2.784000000000000918e-01
1.173000000000001125e-01
3.210999999999999410e-01
6.156999999999999140e-01
1.005499999999999838e+00
1.474600000000000355e+00
1.594700000000000228e+00
1.993999999999999662e-01
2.285999999999999699e-01
1.038999999999999924e-01
3.188999999999999613e-01
2.814000000000000390e-01
1.077000000000001290e-01
1.874000000000000110e-01
1.512000000000001121e-01
1.018999999999999906e-01
1.607000000000000095e-01
8.879999999999997617e-02
2.038000000000000367e-01
1.296999999999999820e-01
1.944999999999999230e-01
4.376999999999999780e-01
1.447999999999999288e-01
9.149999999999999800e-02
2.002999999999999781e-01
1.371999999999999609e-01
1.025000000000000355e-01
1.734999999999999876e-01
2.143000000000000460e-01
2.196999999999999509e-01
2.293000000000000038e-01
1.377000000000000446e-01
2.941999999999999615e-01
2.875999999999999113e-01
3.800999999999998824e-01
6.370999999999999996e-01
2.474700000000000344e+00
2.603000000000000203e+00
4.623300000000000409e+00
9.536999999999999922e-01
1.193999999999999784e-01
1.497000000000000275e-01
1.594999999999999751e-01
1.867999999999999661e-01
2.113999999999999491e-01
1.264000000000000123e-01
1.786000000000000087e-01
8.830999999999999961e-01
6.207999999999999075e-01
1.767999999999999849e-01
2.764999999999999680e-01
2.559000000000000163e-01
1.759000000000000563e-01
7.339999999999999303e-02
1.763000000000000400e-01
1.956000000000000238e-01
1.559999999999999998e-01
1.284000000000000419e-01
1.533500000000000085e+00
6.168799999999999173e+00
3.484299999999999287e+00
8.558000000000001162e-01
1.272400000000000198e+00
1.315799999999999637e+00
5.923000000000000487e-01
3.433399999999999785e+00
3.000399999999999956e+00
1.874100000000000099e+00
4.482800000000000118e+00
5.923499999999999766e+00
5.764000000000001123e+00
3.726400000000000379e+00
2.338200000000000056e+00
3.646799999999999820e+00
4.481799999999999784e+00
1.590199999999999392e+00
5.100499999999999368e+00
8.863099999999999312e+00
5.864900000000000446e+00
4.783500000000000085e+00
8.291999999999999371e-01
1.061100000000000154e+00
6.944999999999998952e-01
4.810000000000000386e-01
9.900000000000011569e-02
4.198999999999999955e-01
2.053999999999999992e-01
1.953999999999999904e-01
2.448999999999999511e-01
2.953000000000000069e-01
1.482999999999999319e-01
2.959000000000001074e-01
1.988000000000000600e-01
2.972000000000000197e-01
2.848999999999998756e-01
3.049999999999998823e-01
6.860999999999999321e-01
6.868999999999999551e-01
9.776000000000000245e-01
1.746999999999999942e-01
5.625000000000000000e-01
1.428700000000000081e+00
1.273699999999999832e+00
1.495299999999999851e+00
4.771099999999999675e+00
4.298599999999999532e+00
4.031200000000000117e+00
2.104499999999999815e+00
2.260200000000000209e+00
7.478000000000000203e-01
1.427999999999999825e-01
6.539000000000000368e-01
7.584999999999999520e-01
4.821999999999999065e-01
1.142699999999999827e+00
3.938999999999999169e-01
6.188000000000001277e-01
1.236899999999999888e+00
1.829599999999999671e+00
5.060999999999999943e-01
2.169000000000000372e-01
3.148000000000000242e-01
2.134999999999998843e-01
1.774000000000000576e-01
2.064999999999999891e-01
2.946999999999999620e-01
1.417000000000000481e-01
2.236000000000001875e-01
5.442000000000002391e-01
4.019199999999999662e+00
7.484999999999999432e-01
4.615999999999999548e-01
1.095000000000001250e-01
4.128000000000000003e-01
2.402000000000000246e-01
3.737999999999999101e-01
1.602000000000000368e-01
3.688999999999999502e-01
2.383000000000001506e-01
2.523000000000000242e-01
4.020299999999999763e+00
1.626499999999999835e+00
4.019899999999998919e+00
3.478900000000000325e+00
5.295200000000000351e+00
2.785000000000000586e+00
3.563499999999999446e+00
1.481300000000000505e+00
1.321999999999996234e-01
3.232000000000004314e-01
2.411299999999999777e+00
1.568200000000000260e+00
4.454999999999998961e-01
