8.020000000000000739e-02
6.289999999999999758e-02
6.010000000000000064e-02
5.840000000000000746e-02
2.810000000000000345e-02
4.610000000000000209e-02
6.909999999999999476e-02
6.350000000000000089e-02
1.185999999999999832e-01
5.130000000000000532e-02
7.370000000000000162e-02
9.549999999999998768e-02
4.439999999999999503e-02
5.489999999999999741e-02
7.240000000000001990e-02
8.020000000000002127e-02
9.370000000000001938e-02
1.340000000000000080e-01
6.550000000000000266e-02
7.079999999999998794e-02
5.159999999999999309e-02
6.460000000000000464e-02
9.780000000000001192e-02
1.583999999999999853e-01
1.151999999999999968e-01
8.449999999999997791e-02
1.036000000000000115e-01
4.720000000000001278e-02
9.590000000000001301e-02
9.179999999999999272e-02
6.399999999999997358e-02
3.729999999999999982e-02
1.124999999999999889e-01
1.136000000000000065e-01
2.500000000000000833e-02
1.021999999999999853e-01
1.011000000000000093e-01
9.940000000000001612e-02
5.610000000000002485e-02
4.610000000000002290e-02
6.139999999999998931e-02
5.100000000000000366e-02
5.890000000000000097e-02
9.780000000000001192e-02
4.199999999999996791e-02
3.210000000000001741e-02
7.050000000000000711e-02
5.720000000000000084e-02
6.270000000000000573e-02
1.002000000000000113e-01
5.599999999999999423e-02
2.158000000000000196e-01
7.589999999999999525e-02
1.055000000000000243e-01
5.809999999999997805e-02
5.369999999999999774e-02
4.389999999999996683e-02
7.340000000000002078e-02
1.126000000000000195e-01
1.000999999999999807e-01
1.959999999999995079e-02
5.870000000000000218e-02
9.469999999999999252e-02
6.810000000000002163e-02
7.869999999999999218e-02
1.591999999999999527e-01
1.607999999999999707e-01
4.429999999999999216e-02
8.089999999999998581e-02
9.409999999999998921e-02
1.341000000000000247e-01
1.419000000000000261e-01
2.614000000000000212e-01
2.288999999999999924e-01
1.592999999999999972e-01
7.680000000000003491e-02
9.260000000000004339e-02
1.049000000000000210e-01
1.250999999999999890e-01
3.499999999999998945e-02
7.600000000000001199e-02
8.880000000000001781e-02
1.134000000000000147e-01
9.630000000000002447e-02
8.480000000000004201e-02
7.560000000000001441e-02
6.190000000000003832e-02
1.346999999999999587e-01
1.185999999999999555e-01
7.059999999999994058e-02
8.819999999999997287e-02
6.379999999999994009e-02
5.849999999999998257e-02
3.520000000000000906e-02
9.110000000000000042e-02
8.659999999999999643e-02
1.063000000000000611e-01
7.630000000000008997e-02
6.569999999999995288e-02
1.052999999999999492e-01
1.077000000000000457e-01
3.079999999999992813e-02
7.810000000000004439e-02
9.430000000000002269e-02
1.010000000000000064e-01
4.150000000000003686e-02
5.820000000000001561e-02
1.640000000000003955e-02
6.629999999999994231e-02
1.733000000000000096e-01
3.725999999999999868e-01
4.727000000000000091e-01
1.303000000000000269e-01
7.159999999999998310e-02
9.420000000000003371e-02
1.141999999999999682e-01
7.639999999999996794e-02
4.440000000000006442e-02
2.559999999999993184e-02
1.551999999999999769e-01
1.737000000000000210e-01
7.700000000000002676e-02
4.639999999999998986e-02
1.116999999999999937e-01
1.035999999999999976e-01
1.333000000000000018e-01
9.710000000000001963e-02
1.470000000000000195e-01
1.944000000000000172e-01
2.888000000000000012e-01
1.898000000000000798e-01
2.541000000000000481e-01
7.759999999999994680e-02
5.919999999999998874e-02
8.209999999999999243e-02
3.869999999999997053e-02
1.456999999999999962e-01
1.404999999999999583e-01
3.787000000000001476e-01
3.987999999999999878e-01
4.611999999999999988e-01
7.305999999999999162e-01
2.143999999999999795e-01
8.150000000000003075e-02
1.178000000000000019e-01
7.210000000000002518e-02
1.479999999999999927e-01
2.276000000000000800e-01
1.459000000000000297e-01
8.930000000000005989e-02
4.099999999999995315e-02
4.559999999999997389e-02
5.220000000000006579e-02
7.340000000000002078e-02
1.114000000000000268e-01
3.310000000000004605e-02
6.630000000000005334e-02
4.366000000000000436e-01
5.469999999999999307e-01
8.618000000000001215e-01
2.460000000000000520e-01
1.509999999999999676e-01
2.009000000000000230e-01
1.185000000000000359e-01
9.480000000000003701e-02
1.224999999999999700e-01
1.276999999999999524e-01
1.056000000000000411e-01
1.479000000000000037e-01
1.745000000000000162e-01
2.048000000000000653e-01
1.120000000000000162e-01
7.419999999999993268e-02
1.887999999999999678e-01
2.145999999999999852e-01
1.428000000000000380e-01
1.476999999999999424e-01
8.929999999999994886e-02
2.230999999999999650e-01
1.219999999999999696e-01
6.229999999999999427e-02
1.085999999999999188e-01
1.056000000000000133e-01
8.719999999999999973e-02
5.760000000000006781e-02
1.121000000000000330e-01
5.260000000000000092e-02
1.003000000000000974e-01
1.887000000000001176e-01
7.049999999999997935e-02
7.089999999999996305e-02
5.869999999999999524e-02
1.079999999999999710e-01
5.871999999999999442e-01
2.548999999999998489e-01
1.886999999999999234e-01
5.759999999999994291e-02
9.869999999999992668e-02
5.980000000000015165e-02
6.619999999999987006e-02
6.459999999999996301e-02
4.340000000000011904e-02
1.251999999999999780e-01
1.277000000000000079e-01
1.042000000000000010e-01
1.610000000000000042e-01
9.609999999999992160e-02
1.585000000000000298e-01
1.242000000000000048e-01
8.149999999999990585e-02
7.789999999999996927e-02
7.769999999999999130e-02
1.027999999999999470e-01
3.679999999999995774e-02
1.483000000000000984e-01
1.149999999999998523e-01
1.115999999999999492e-01
1.485000000000000209e-01
1.639000000000001012e-01
6.040000000000008556e-02
5.209999999999992415e-02
1.278999999999998749e-01
1.338000000000000023e-01
2.521000000000000463e-01
5.011000000000001009e-01
7.489000000000000101e-01
4.512000000000001565e-01
7.029999999999995974e-02
9.900000000000000466e-02
7.840000000000002522e-02
9.459999999999997577e-02
2.507000000000000339e-01
1.445000000000000451e-01
1.383000000000000063e-01
8.160000000000003362e-02
1.315000000000000613e-01
1.487999999999999878e-01
1.508999999999999786e-01
1.705000000000000127e-01
9.159999999999995923e-02
1.011999999999999844e-01
1.475999999999998979e-01
1.881000000000000172e-01
3.954999999999999627e-01
1.251999999999999780e-01
9.410000000000001696e-02
6.739999999999998770e-02
3.819999999999994234e-02
5.529999999999993254e-02
7.280000000000000360e-02
6.679999999999997051e-02
6.180000000000004240e-02
8.139999999999997238e-02
8.620000000000008211e-02
8.860000000000006759e-02
5.599999999999997341e-02
1.129000000000000281e-01
6.130000000000003502e-02
4.079999999999994048e-02
9.239999999999995439e-02
1.167000000000000121e-01
1.563999999999999835e-01
1.962999999999999190e-01
1.021000000000000102e-01
9.110000000000004206e-02
8.009999999999999065e-02
7.430000000000001881e-02
9.599999999999998812e-02
1.405999999999999472e-01
2.749999999999994810e-02
1.401999999999999635e-01
1.088999999999999968e-01
7.250000000000003664e-02
1.125000000000000444e-01
1.121999999999999803e-01
1.367000000000000159e-01
1.237000000000000044e-01
9.350000000000002753e-02
1.311000000000000221e-01
1.390999999999999459e-01
1.702999999999999792e-01
1.376999999999999891e-01
1.522000000000000297e-01
1.517999999999999350e-01
2.340999999999999748e-01
1.001999999999999280e-01
1.046999999999999320e-01
6.570000000000000839e-02
7.319999999999995954e-02
9.249999999999994338e-02
1.360000000000000098e-01
1.016999999999999293e-01
5.169999999999999596e-02
1.680999999999999717e-01
1.708999999999999964e-01
1.653000000000000025e-01
9.130000000000004778e-02
7.630000000000003446e-02
1.504000000000000614e-01
