7.158000000000001029e-01
3.065999999999999837e-01
2.405999999999999805e-01
1.446999999999999953e-01
1.098999999999999977e-01
8.920000000000000151e-02
1.990999999999999714e-01
1.447000000000000230e-01
1.078000000000000069e-01
8.900000000000002354e-02
4.059999999999997639e-02
1.050999999999999851e-01
5.119999999999999551e-02
3.030000000000000401e-02
1.090999999999999748e-01
6.480000000000002425e-02
6.180000000000000077e-02
5.849999999999998257e-02
3.770000000000001128e-02
6.840000000000001634e-02
2.708000000000000407e-01
3.429000000000000381e-01
1.299000000000000155e-01
6.580000000000002514e-02
1.035999999999999976e-01
3.609999999999998627e-02
6.350000000000002864e-02
6.289999999999995595e-02
8.329999999999995741e-02
4.016999999999999460e-01
4.655000000000000249e-01
2.857999999999999985e-01
4.361000000000000432e-01
2.806999999999999496e-01
9.830000000000001237e-02
1.283000000000000251e-01
9.689999999999997227e-02
1.855999999999999872e-01
9.950000000000000511e-02
1.672999999999999765e-01
8.979999999999997706e-02
7.080000000000001570e-02
4.790000000000000507e-02
1.725000000000000144e-01
1.014999999999999791e-01
1.341999999999999582e-01
5.669999999999995877e-02
6.960000000000003684e-02
4.309999999999999942e-02
5.640000000000001262e-02
5.139999999999998043e-02
5.269999999999995521e-02
5.439999999999996921e-02
1.558999999999999830e-01
5.740000000000000657e-02
8.839999999999999247e-02
1.127000000000000224e-01
4.449999999999998401e-02
5.615000000000001101e-01
4.369000000000001216e-01
1.042999999999999899e-01
9.879999999999998506e-02
2.990000000000004113e-02
6.680000000000002602e-02
1.766000000000000625e-01
2.738000000000000433e-01
3.592000000000000193e-01
2.168999999999999817e-01
5.362000000000000099e-01
3.232000000000000428e-01
1.155000000000000054e-01
9.990000000000004432e-02
8.449999999999999178e-02
1.121000000000000330e-01
7.629999999999997895e-02
1.230000000000000260e-01
8.749999999999993894e-02
7.349999999999996814e-02
9.270000000000003237e-02
1.076000000000000567e-01
7.790000000000001090e-02
6.619999999999995333e-02
5.409999999999998838e-02
1.119999999999999468e-01
5.980000000000001981e-02
5.930000000000002630e-02
1.061000000000000276e-01
4.100000000000000866e-02
4.749999999999999362e-02
1.945000000000000062e-01
7.819999999999993623e-02
4.829999999999998184e-02
7.859999999999998932e-02
7.300000000000003708e-02
8.770000000000002793e-02
1.238999999999999546e-01
6.250000000000000000e-02
7.669999999999996265e-02
2.259999999999994305e-02
2.410000000000005194e-02
9.580000000000001015e-02
8.949999999999999623e-02
9.510000000000004561e-02
1.612999999999999989e-01
8.170000000000003648e-02
1.058000000000000329e-01
6.309999999999996168e-02
2.021000000000000296e-01
1.930999999999999661e-01
1.303999999999999881e-01
1.228000000000000203e-01
4.510000000000001508e-02
3.960000000000003795e-02
7.970000000000002083e-02
4.429999999999995747e-02
5.539999999999997704e-02
5.150000000000005268e-02
3.250000000000001499e-02
3.360000000000005344e-02
8.979999999999994931e-02
7.910000000000005915e-02
1.200000000000000788e-01
8.559999999999999554e-02
5.959999999999998632e-02
4.890000000000001290e-02
6.939999999999990621e-02
7.099999999999995204e-02
9.639999999999997182e-02
6.789999999999998814e-02
1.325999999999999956e-01
8.089999999999999969e-02
1.187000000000000277e-01
7.269999999999997298e-02
7.009999999999991238e-02
4.980000000000000399e-02
4.399999999999995581e-02
4.159999999999998421e-02
9.200000000000005396e-02
9.250000000000001277e-02
6.840000000000009961e-02
9.759999999999996456e-02
1.184000000000000191e-01
6.220000000000004692e-02
1.605000000000000315e-01
4.170000000000001483e-02
9.270000000000003237e-02
5.630000000000001670e-02
8.679999999999997440e-02
1.495999999999999830e-01
8.780000000000004468e-02
7.779999999999995253e-02
8.459999999999995302e-02
5.430000000000002880e-02
5.340000000000000302e-02
6.690000000000000113e-02
5.570000000000005502e-02
4.070000000000004170e-02
5.870000000000000218e-02
7.859999999999997544e-02
1.052999999999999631e-01
1.050000000000000377e-01
1.531000000000000416e-01
7.899999999999998690e-02
2.529999999999999472e-01
8.080000000000003846e-02
9.029999999999997751e-02
1.911999999999999811e-01
6.290000000000006697e-02
9.509999999999994846e-02
1.844999999999999973e-01
8.149999999999997524e-02
1.223000000000000059e-01
2.990000000000002378e-02
7.130000000000003002e-02
5.970000000000003082e-02
8.260000000000003451e-02
4.129999999999998950e-02
5.949999999999999734e-02
7.209999999999994191e-02
8.940000000000000724e-02
2.519999999999999463e-01
9.989999999999994718e-02
1.563000000000000222e-01
6.510000000000004672e-02
4.860999999999999766e-01
3.835999999999999410e-01
2.968000000000000638e-01
4.987000000000000322e-01
2.378999999999999726e-01
2.217999999999999972e-01
1.572999999999999954e-01
2.139000000000000346e-01
2.581999999999999851e-01
2.499000000000000110e-01
2.146000000000000407e-01
6.969999999999999807e-02
9.109999999999990328e-02
1.254000000000000115e-01
6.179999999999996607e-02
1.865000000000000269e-01
1.186000000000000248e-01
6.219999999999996365e-02
1.021999999999999853e-01
7.690000000000002389e-02
1.822999999999999898e-01
6.389999999999997071e-02
1.004000000000000309e-01
4.910000000000000475e-02
1.000999999999999807e-01
1.165000000000000480e-01
6.159999999999994647e-02
8.889999999999996516e-02
1.719000000000000250e-01
6.599999999999990596e-02
9.839999999999994584e-02
1.166000000000000092e-01
1.289000000000000146e-01
7.430000000000003268e-02
8.100000000000001643e-02
3.072000000000000841e-01
4.192000000000000171e-01
3.086999999999999744e-01
3.755000000000000560e-01
1.578000000000000513e-01
1.665999999999999981e-01
1.027499999999999858e+00
6.322000000000000952e-01
1.054999999999999688e-01
8.816000000000001613e-01
6.653999999999999915e-01
3.449999999999999734e-01
3.118999999999999551e-01
8.940000000000003499e-02
1.058999999999999803e-01
1.398000000000000353e-01
1.609000000000000152e-01
1.155000000000000193e-01
1.424000000000000821e-01
8.520000000000005347e-02
1.307000000000001216e-01
1.598999999999999866e-01
8.570000000000001228e-02
1.387999999999999790e-01
7.429999999999997717e-02
1.373999999999999111e-01
2.302999999999999214e-01
9.399999999999991696e-02
1.846000000000000696e-01
1.909999999999999754e-01
6.502999999999999892e-01
6.395000000000000684e-01
3.844000000000000750e-01
1.152999999999999303e-01
7.520000000000003071e-02
1.749000000000001387e-01
1.994000000000000494e-01
2.286999999999999311e-01
3.378000000000000447e-01
3.051000000000000378e-01
1.038000000000001422e-01
1.266000000000001569e-01
6.740000000000004321e-02
6.470000000000004914e-02
1.959000000000000463e-01
1.440999999999998948e-01
1.392999999999999794e-01
1.821000000000000674e-01
6.940000000000001723e-02
9.259999999999998788e-02
4.656999999999999473e-01
4.904999999999999361e-01
2.037999999999999257e-01
9.420000000000014473e-02
9.349999999999997202e-02
6.190000000000006608e-02
7.719999999999996310e-02
1.896999999999999520e-01
2.193999999999999562e-01
4.763999999999999346e-01
2.609999999999998987e-01
2.312999999999999778e-01
2.751000000000000112e-01
6.147000000000000242e-01
5.630000000000001670e-01
4.827999999999999514e-01
4.392999999999999128e-01
2.452000000000000290e-01
3.947999999999999843e-01
2.771000000000000130e-01
1.056000000000000688e-01
2.149000000000000354e-01
2.332999999999999796e-01
2.157999999999999918e-01
2.009000000000001618e-01
3.051000000000000378e-01
4.529000000000000248e-01
1.788999999999998924e-01
2.099999999999999367e-01
2.462000000000001132e-01
