3.109999999999999917e-02
6.750000000000000444e-02
5.550000000000000766e-02
4.289999999999999369e-02
3.319999999999999341e-02
4.290000000000000757e-02
3.550000000000000377e-02
5.030000000000001137e-02
4.820000000000000673e-02
5.300000000000000544e-02
2.860000000000000042e-02
6.379999999999999560e-02
2.420000000000000276e-02
3.280000000000000276e-02
3.759999999999999454e-02
5.550000000000000072e-02
4.499999999999999833e-02
5.739999999999999963e-02
3.069999999999999812e-02
4.870000000000000717e-02
5.599999999999999423e-02
6.350000000000000089e-02
3.130000000000001531e-02
7.530000000000000582e-02
1.949999999999998609e-02
7.339999999999999303e-02
7.330000000000000404e-02
2.460000000000001075e-02
9.850000000000000422e-02
6.139999999999999625e-02
3.330000000000000321e-02
7.300000000000000933e-02
3.430000000000001104e-02
4.649999999999998579e-02
3.760000000000000842e-02
3.409999999999999143e-02
3.850000000000001338e-02
1.339999999999999351e-02
2.850000000000001144e-02
1.940000000000001099e-02
1.969999999999999529e-02
5.899999999999999689e-02
4.170000000000000095e-02
3.139999999999999736e-02
7.359999999999999876e-02
5.319999999999999729e-02
4.729999999999999483e-02
6.199999999999998568e-02
4.769999999999998547e-02
1.194999999999999951e-01
1.132000000000000089e-01
1.030999999999999833e-01
6.659999999999999254e-02
3.789999999999998925e-02
2.929999999999999966e-02
2.280000000000001470e-02
4.100000000000000866e-02
5.990000000000000185e-02
4.190000000000002056e-02
3.780000000000001414e-02
1.024000000000000049e-01
5.050000000000001016e-02
4.709999999999997522e-02
5.299999999999996381e-02
5.880000000000000504e-02
7.350000000000000977e-02
8.619999999999998497e-02
1.194999999999999951e-01
6.350000000000000089e-02
9.639999999999999958e-02
4.579999999999997962e-02
8.450000000000001954e-02
7.070000000000001283e-02
7.470000000000001639e-02
6.610000000000003373e-02
7.370000000000002938e-02
6.970000000000001195e-02
7.239999999999999214e-02
6.649999999999998967e-02
7.449999999999999678e-02
4.349999999999998312e-02
2.789999999999999425e-02
7.900000000000000078e-02
7.170000000000001372e-02
6.400000000000001521e-02
6.290000000000002534e-02
8.569999999999997065e-02
1.222000000000000308e-01
7.910000000000004527e-02
9.590000000000004077e-02
4.340000000000003577e-02
8.529999999999995919e-02
8.950000000000002398e-02
5.320000000000003892e-02
7.520000000000000295e-02
5.939999999999997365e-02
5.359999999999998099e-02
6.869999999999998330e-02
5.009999999999999870e-02
3.740000000000002350e-02
5.640000000000001262e-02
5.640000000000003344e-02
4.880000000000003779e-02
6.129999999999998644e-02
4.900000000000001577e-02
5.229999999999998539e-02
8.200000000000000344e-02
5.649999999999998079e-02
7.739999999999998270e-02
9.010000000000001341e-02
1.433000000000000107e-01
7.879999999999999505e-02
4.819999999999997897e-02
1.153999999999999748e-01
7.149999999999996636e-02
1.060999999999999721e-01
1.217000000000000026e-01
8.709999999999998299e-02
8.060000000000001885e-02
1.141999999999999960e-01
1.272999999999999965e-01
1.362999999999999767e-01
5.499999999999997252e-02
8.409999999999999420e-02
1.198000000000000037e-01
9.450000000000001454e-02
4.319999999999998147e-02
2.680000000000004601e-02
5.710000000000002573e-02
1.151000000000000217e-01
8.400000000000003297e-02
6.150000000000001993e-02
1.028999999999999637e-01
6.790000000000004365e-02
2.009999999999999287e-02
1.221000000000000280e-01
7.159999999999999698e-02
8.779999999999996141e-02
9.039999999999998037e-02
7.889999999999999791e-02
1.596000000000000196e-01
1.164000000000000035e-01
6.600000000000000311e-02
5.070000000000001589e-02
1.077999999999999792e-01
1.423000000000000376e-01
1.498999999999999777e-01
1.032000000000000139e-01
1.032000000000000556e-01
7.500000000000002498e-02
7.300000000000000933e-02
6.820000000000002449e-02
4.499999999999999140e-02
7.619999999999998996e-02
8.599999999999999312e-02
1.079000000000000237e-01
6.790000000000002978e-02
1.160999999999999949e-01
1.154000000000000165e-01
5.559999999999999665e-02
1.005999999999999811e-01
8.279999999999998472e-02
1.602000000000000091e-01
1.345999999999999974e-01
3.649999999999994915e-02
1.323000000000000287e-01
1.321999999999999842e-01
1.364000000000000212e-01
1.279000000000000137e-01
1.127999999999999975e-01
6.879999999999997229e-02
7.899999999999997302e-02
6.719999999999998197e-02
1.057000000000000162e-01
1.134000000000000008e-01
9.509999999999999010e-02
8.890000000000000679e-02
1.499000000000000332e-01
6.800000000000001876e-02
7.539999999999999480e-02
8.709999999999998299e-02
1.079000000000000098e-01
8.689999999999997726e-02
2.539999999999999550e-02
1.059999999999999970e-01
1.732000000000000206e-01
1.266000000000000458e-01
7.639999999999999569e-02
1.042999999999999761e-01
4.979999999999996929e-02
6.880000000000000004e-02
1.108999999999999847e-01
1.162999999999999867e-01
1.572999999999999954e-01
8.850000000000000921e-02
1.219999999999999418e-01
1.331000000000000516e-01
1.755000000000000171e-01
1.386000000000000565e-01
1.696000000000000285e-01
9.520000000000000684e-02
6.360000000000004539e-02
4.340000000000000802e-02
7.419999999999998819e-02
6.579999999999998350e-02
1.513000000000000178e-01
1.122999999999999832e-01
9.659999999999994980e-02
1.152999999999999581e-01
1.214000000000000218e-01
1.357000000000000428e-01
1.348000000000000309e-01
8.739999999999997771e-02
1.175000000000000072e-01
9.920000000000002427e-02
1.329999999999999516e-01
1.281999999999999806e-01
5.170000000000000984e-02
7.460000000000002740e-02
8.669999999999997153e-02
7.930000000000000937e-02
9.180000000000007598e-02
1.022000000000000963e-01
1.097000000000000336e-01
5.129999999999998450e-02
1.040999999999999703e-01
1.501999999999999724e-01
8.350000000000004641e-02
6.979999999999998705e-02
9.319999999999997731e-02
1.070000000000000395e-01
3.919999999999998486e-02
9.149999999999997025e-02
1.421999999999999931e-01
1.161000000000000087e-01
7.140000000000000513e-02
9.399999999999993083e-02
1.817999999999999061e-01
1.554999999999999993e-01
1.877000000000000057e-01
1.547000000000000042e-01
4.839999999999997776e-02
1.029999999999999527e-01
1.378999999999999670e-01
1.829000000000000348e-01
2.372999999999999832e-01
9.550000000000004319e-02
6.990000000000007319e-02
4.709999999999994746e-02
1.598000000000000254e-01
1.159999999999999504e-01
5.959999999999997244e-02
2.319000000000000228e-01
1.042999999999999899e-01
1.090999999999999054e-01
2.740999999999999548e-01
1.127999999999999697e-01
3.929999999999998078e-02
8.799999999999995326e-02
5.049999999999994771e-02
5.810000000000007520e-02
1.760000000000002535e-02
6.260000000000001674e-02
5.490000000000004599e-02
1.359999999999998987e-01
5.550000000000010481e-02
6.519999999999988305e-02
6.169999999999997015e-02
9.809999999999999276e-02
1.553999999999999548e-01
1.281999999999999529e-01
1.509000000000000341e-01
4.939999999999992314e-02
6.949999999999990907e-02
4.120000000000006990e-02
1.074999999999999289e-01
6.640000000000008396e-02
9.360000000000001652e-02
1.696999999999999897e-01
1.015000000000000624e-01
8.040000000000006863e-02
2.689999999999995520e-02
1.131999999999998979e-01
1.236999999999999628e-01
1.714999999999999858e-01
1.452999999999999015e-01
4.949999999999998845e-02
8.550000000000004818e-02
9.370000000000003326e-02
7.390000000000003511e-02
8.029999999999991311e-02
1.014999999999999791e-01
8.769999999999995854e-02
1.201000000000000262e-01
7.050000000000009037e-02
8.239999999999998714e-02
1.248999999999999277e-01
1.000999999999999807e-01
7.029999999999997362e-02
