6.539999999999999980e-02
1.027000000000000135e-01
1.420000000000000151e-01
2.326000000000000012e-01
9.220000000000000417e-02
2.748999999999999777e-01
7.369999999999995999e-02
9.750000000000001721e-02
1.755000000000000171e-01
3.257000000000000450e-01
1.316999999999999837e-01
9.830000000000002625e-02
5.590000000000001218e-02
1.095999999999999752e-01
1.602000000000000091e-01
8.100000000000000255e-02
8.340000000000000191e-02
5.729999999999999677e-02
8.329999999999999905e-02
5.190000000000000863e-02
5.550000000000002154e-02
9.559999999999999054e-02
8.600000000000000699e-02
1.358000000000000040e-01
1.162000000000000116e-01
1.072000000000000036e-01
5.859999999999999931e-02
1.333000000000000018e-01
1.058999999999999941e-01
1.136000000000000065e-01
1.005000000000000060e-01
4.939999999999999253e-02
1.499999999999999944e-01
8.450000000000000566e-02
1.101000000000000034e-01
5.080000000000001181e-02
1.111999999999999933e-01
1.030999999999999972e-01
1.650999999999999690e-01
8.749999999999999445e-02
8.780000000000001692e-02
1.233000000000000485e-01
1.179999999999999938e-01
7.159999999999999698e-02
5.790000000000000008e-02
1.005000000000000060e-01
7.820000000000000562e-02
1.287000000000000366e-01
7.199999999999998068e-02
1.224999999999999978e-01
1.127999999999999836e-01
1.089999999999999997e-01
9.209999999999997355e-02
5.579999999999999544e-02
7.720000000000006024e-02
1.127999999999999836e-01
7.399999999999998246e-02
9.390000000000001124e-02
6.720000000000005136e-02
1.149000000000000021e-01
1.364000000000000212e-01
3.640000000000002955e-02
7.579999999999996463e-02
7.310000000000002607e-02
1.155999999999999805e-01
4.260000000000001286e-02
8.780000000000003080e-02
1.749999999999999889e-01
5.412000000000000144e-01
1.828000000000000735e-01
3.910000000000002363e-02
9.229999999999995153e-02
7.800000000000006928e-02
1.415999999999999759e-01
1.884000000000000119e-01
1.732999999999999818e-01
9.990000000000003044e-02
1.378999999999999948e-01
9.910000000000002141e-02
1.342000000000000415e-01
1.492999999999999883e-01
2.445999999999999841e-01
1.709000000000000519e-01
1.124999999999999611e-01
1.081000000000000572e-01
1.543000000000000482e-01
6.750000000000000444e-02
1.166999999999999843e-01
4.090000000000003355e-02
9.050000000000006650e-02
1.019999999999999934e-01
4.159999999999998421e-02
4.439999999999992564e-02
7.540000000000006419e-02
1.363000000000000878e-01
9.459999999999998965e-02
9.779999999999998417e-02
2.386000000000000065e-01
1.904000000000000414e-01
1.078999999999999682e-01
1.237000000000000877e-01
9.199999999999988742e-02
1.866999999999999771e-01
2.859999999999995185e-02
2.147999999999999909e-01
1.208999999999999797e-01
1.194000000000000616e-01
1.057000000000000300e-01
7.169999999999998597e-02
5.284000000000000918e-01
2.714000000000001411e-01
2.421000000000000096e-01
1.116999999999999660e-01
1.005000000000000615e-01
1.116000000000000048e-01
1.321000000000000507e-01
1.801000000000000378e-01
1.043000000000000871e-01
1.341000000000001635e-01
1.407000000000001028e-01
1.330000000000000626e-01
1.296999999999999542e-01
8.140000000000000013e-02
5.550000000000000766e-02
8.700000000000002176e-02
1.702000000000001012e-01
1.998000000000000331e-01
1.341000000000000525e-01
8.199999999999996181e-02
1.186999999999999722e-01
8.489999999999991998e-02
1.564000000000000667e-01
1.977999999999999758e-01
3.141999999999998128e-01
1.217000000000000859e-01
1.552999999999999381e-01
1.321000000000000785e-01
1.346000000000000529e-01
1.506000000000000116e-01
2.127000000000000002e-01
8.819999999999994511e-02
1.228999999999999815e-01
8.059999999999999110e-02
1.277000000000000635e-01
3.049999999999985362e-02
1.158999999999999891e-01
1.135999999999998955e-01
1.107999999999999402e-01
5.689999999999997143e-02
2.456999999999998907e-01
6.979999999999988991e-02
1.053000000000000463e-01
1.312999999999999168e-01
9.730000000000008087e-02
5.920000000000006507e-02
4.860000000000000431e-02
5.150000000000002492e-02
1.249000000000000665e-01
9.529999999999999583e-02
3.679999999999991611e-02
1.338999999999999635e-01
6.790000000000000202e-02
8.830000000000004512e-02
9.349999999999997202e-02
4.020000000000005513e-02
1.102000000000000479e-01
6.770000000000002405e-02
6.219999999999992202e-02
1.787999999999999867e-01
2.121999999999999165e-01
4.640000000000009395e-02
1.065000000000000391e-01
6.230000000000006366e-02
8.890000000000003455e-02
8.460000000000003628e-02
2.145000000000000517e-01
5.830000000000007399e-02
6.780000000000001303e-02
6.740000000000004321e-02
1.847999999999999365e-01
1.533000000000001584e-01
1.248000000000000359e-01
2.520000000000011120e-02
1.540999999999999870e-01
1.783999999999998642e-01
2.170999999999999319e-01
1.662000000000000699e-01
4.030000000000001359e-01
2.801999999999999491e-01
1.120000000000000578e-01
1.121999999999999942e-01
1.531999999999999473e-01
9.179999999999997884e-02
1.930000000000000049e-01
4.377999999999999670e-01
1.643000000000001126e-01
1.338999999999999635e-01
1.257999999999999674e-01
1.502000000000000834e-01
1.144000000000000433e-01
1.065000000000000113e-01
1.294000000000000150e-01
1.625999999999999668e-01
1.080000000000000127e-01
1.144000000000000711e-01
5.380000000000004223e-02
5.359999999999986997e-02
4.009999999999994819e-02
8.159999999999997811e-02
1.303999999999999604e-01
6.229999999999995264e-02
3.320000000000002116e-02
7.230000000000000315e-02
6.759999999999997955e-02
8.790000000000000591e-02
2.207999999999999408e-01
7.290000000000006197e-02
6.860000000000002207e-02
1.310999999999999388e-01
6.390000000000001235e-02
6.429999999999994054e-02
8.230000000000001203e-02
6.500000000000004385e-02
5.680000000000000326e-02
6.160000000000009912e-02
1.077000000000000873e-01
1.939000000000000445e-01
1.601999999999999535e-01
7.790000000000006641e-02
1.025000000000000355e-01
8.709999999999995524e-02
1.346999999999999864e-01
9.800000000000003153e-02
1.102999999999999259e-01
4.739999999999996994e-02
9.820000000000005114e-02
1.172000000000000125e-01
9.039999999999999425e-02
1.547999999999999654e-01
9.689999999999998614e-02
1.441999999999999671e-01
1.856999999999999484e-01
1.021999999999999298e-01
7.520000000000004459e-02
1.454999999999999905e-01
1.504999999999999671e-01
9.309999999999997444e-02
9.600000000000007139e-02
1.522999999999999909e-01
1.053000000000000047e-01
5.150000000000003186e-02
4.390000000000000846e-02
5.449999999999997902e-02
4.049999999999998046e-02
1.746000000000000052e-01
7.259999999999999787e-02
6.270000000000003348e-02
9.859999999999999321e-02
6.050000000000006067e-02
9.570000000000000728e-02
7.360000000000002651e-02
1.047999999999999765e-01
6.449999999999994627e-02
5.629999999999996813e-02
9.950000000000000511e-02
4.820000000000006224e-02
6.320000000000003393e-02
1.308999999999999053e-01
1.095000000000000140e-01
4.720000000000004053e-02
7.799999999999999989e-02
1.035000000000000364e-01
5.900000000000003159e-02
5.839999999999991726e-02
7.309999999999999831e-02
5.270000000000003848e-02
1.193999999999999923e-01
3.569999999999999563e-02
6.300000000000000044e-02
5.199999999999996292e-02
6.180000000000006322e-02
1.740999999999999492e-01
6.839999999999998859e-02
1.253000000000000780e-01
2.730000000000000482e-02
7.169999999999999984e-02
4.410000000000002807e-02
4.630000000000004945e-02
5.730000000000003146e-02
2.250000000000001998e-02
6.789999999999996039e-02
3.779999999999995169e-02
7.740000000000002434e-02
1.535999999999999865e-01
1.098999999999999977e-01
3.470000000000005025e-02
5.460000000000000964e-02
1.131999999999999951e-01
9.920000000000002427e-02
