1.720000000000000140e-01
2.535999999999999921e-01
9.079999999999999183e-02
1.774999999999999911e-01
1.033999999999999780e-01
1.416000000000000036e-01
1.437999999999999834e-01
9.930000000000001326e-02
3.462999999999999967e-01
4.004999999999999671e-01
6.482000000000001094e-01
3.523999999999999355e-01
1.958999999999999075e-01
1.904999999999999194e-01
8.519999999999994245e-02
4.486999999999999877e-01
2.273999999999999355e-01
1.620000000000000051e-01
1.362000000000000155e-01
7.360000000000004039e-02
9.310000000000000220e-02
6.920000000000001150e-02
2.293999999999999651e-01
1.337299999999999933e+00
1.061199999999999921e+00
8.169999999999996709e-02
3.371000000000000107e-01
2.322999999999999787e-01
4.070999999999999619e-01
7.019999999999999574e-01
3.420000000000000262e-01
3.713000000000000189e-01
3.681999999999999718e-01
1.450700000000000101e+00
1.572799999999999976e+00
4.727999999999999980e-01
2.125000000000000222e-01
7.320000000000005669e-02
1.734999999999999598e-01
1.791999999999999704e-01
1.531000000000000416e-01
2.022999999999999243e-01
2.130999999999999006e-01
1.748000000000000387e-01
1.515000000000000513e-01
1.473700000000000010e+00
6.665999999999999703e-01
3.800000000000000044e-01
2.227000000000000368e-01
1.509000000000000064e-01
9.770000000000006457e-02
9.099999999999998368e-02
1.672999999999999765e-01
1.522000000000000020e-01
3.574999999999999289e-01
2.147000000000000297e-01
2.064000000000000279e-01
1.066000000000000059e+00
5.307000000000000606e-01
2.150999999999999579e-01
8.339999999999998803e-02
1.408000000000000085e-01
1.819999999999999674e-01
9.819999999999998175e-02
3.405000000000000804e-01
1.961999999999999578e-01
1.111999999999999794e-01
2.025999999999999190e-01
2.804999999999999716e-01
2.910000000000000364e-01
1.488999999999999768e-01
9.880000000000001281e-02
6.470000000000000751e-02
6.449999999999998790e-02
1.790999999999999259e-01
1.503999999999999782e-01
2.767999999999999905e-01
2.528999999999999027e-01
1.944999999999999785e-01
1.445000000000000728e-01
1.599000000000000421e-01
5.254999999999999671e-01
2.221999999999999809e-01
2.262999999999999456e-01
9.080000000000000571e-02
2.212999999999999690e-01
1.458999999999999186e-01
1.739999999999999047e-01
2.074999999999999067e-01
1.417499999999999982e+00
1.081700000000000106e+00
2.037999999999999257e-01
1.243999999999999273e-01
9.040000000000003588e-02
9.880000000000008220e-02
7.210000000000002518e-02
1.285000000000001141e-01
1.473999999999998645e-01
1.295000000000000873e-01
1.693999999999999118e-01
1.877000000000000057e-01
4.856000000000000316e-01
1.217700000000000005e+00
3.131999999999999784e-01
9.150000000000003963e-02
9.870000000000006546e-02
9.599999999999997424e-02
1.799999999999999656e-01
4.557999999999999829e-01
2.624000000000000221e-01
1.766999999999999404e-01
1.360999999999999988e-01
3.073000000000000176e-01
5.142000000000001014e-01
2.079999999999999905e-01
1.702000000000000179e-01
3.692999999999999616e-01
3.869000000000000772e-01
8.045999999999998709e-01
6.764000000000000012e-01
2.255000000000000615e-01
4.007000000000000006e-01
3.277999999999999803e-01
3.805000000000000604e-01
2.194999999999999174e-01
1.070000000000000118e-01
3.206000000000000516e-01
1.840999999999999748e+00
1.372200000000000086e+00
1.086899999999999977e+00
6.267000000000001458e-01
2.543999999999999595e-01
1.600200000000000067e+00
1.520899999999999697e+00
6.143000000000000682e-01
4.867999999999999550e-01
3.287000000000000477e-01
2.488000000000000211e-01
3.355999999999998984e-01
3.668000000000000149e-01
2.496999999999999498e-01
5.640999999999999348e-01
2.740999999999999548e-01
2.183999999999999553e-01
9.749999999999992006e-02
6.397000000000000464e-01
4.997800000000000686e+00
3.336199999999999832e+00
1.327299999999999924e+00
1.035000000000000142e+00
1.080600000000000005e+00
3.944999999999999618e-01
5.938999999999999835e-01
3.428999999999999271e-01
1.754000000000000004e-01
2.027999999999999803e-01
1.605999999999999650e-01
1.408999999999999420e-01
7.593999999999999639e-01
1.645399999999999974e+00
9.233000000000000096e-01
2.776999999999999469e-01
1.215000000000000108e-01
4.934000000000000608e-01
2.314000000000000501e-01
3.719999999999999973e-01
3.326000000000000623e-01
2.034000000000000252e-01
2.110000000000000209e-01
2.042000000000000204e-01
2.923000000000000598e-01
3.817000000000000393e-01
1.385199999999999987e+00
7.202999999999999403e-01
1.626900000000000013e+00
9.531000000000000583e-01
4.417299999999999116e+00
8.271999999999998243e-01
1.275700000000000056e+00
8.309999999999998499e-01
1.021300000000000097e+00
2.378999999999999448e-01
4.915000000000000480e-01
1.611399999999999721e+00
4.816999999999999060e-01
2.874999999999999778e-01
2.348999999999998867e-01
3.918000000000001481e-01
5.484999999999999876e-01
4.371999999999999775e-01
3.714999999999999414e-01
2.596000000000000529e-01
2.440000000000001612e-01
8.390000000000008562e-02
1.866500000000000048e+00
2.994299999999999962e+00
3.153799999999999937e+00
3.123000000000000775e-01
3.019000000000000572e-01
1.294200000000000017e+00
3.544499999999999762e+00
3.097700000000000564e+00
3.229999999999998983e-01
7.002000000000000446e-01
2.584000000000000741e-01
7.629999999999995119e-02
4.629999999999999116e-01
9.882000000000001894e-01
6.657999999999999474e-01
5.716999999999999860e-01
2.046300000000000008e+00
1.872599999999999820e+00
2.744899999999999896e+00
3.528999999999999360e-01
9.700000000000025269e-02
1.678000000000000602e-01
3.982999999999999874e-01
6.639999999999972313e-02
2.700400000000000134e+00
9.915000000000000480e-01
3.018500000000000405e+00
2.289900000000000269e+00
1.768100000000000005e+00
5.641000000000000458e-01
2.909999999999999254e-01
1.033999999999999780e-01
2.252000000000000668e-01
3.385999999999999566e-01
1.383999999999999952e-01
2.067000000000000226e-01
5.161999999999999922e-01
1.701400000000000023e+00
1.061399999999999899e+00
8.140999999999999348e-01
2.563999999999998503e-01
2.194000000000000394e-01
1.039999999999999536e-01
2.255000000000001170e-01
8.850000000000012024e-02
1.257000000000000339e-01
8.499999999999999223e-02
1.601999999999999813e-01
9.740000000000001434e-02
2.120000000000000773e-01
4.172999999999999488e-01
3.051999999999998603e-01
2.184999999999999720e-01
1.712999999999998690e-01
1.130000000000000032e-01
2.104999999999999649e-01
1.450000000000000178e-01
3.232999999999999763e-01
1.023999999999999078e-01
1.025000000000000633e-01
1.693999999999999395e-01
5.210000000000001297e-01
2.350999999999998091e-01
1.671999999999999598e-01
6.568000000000000504e-01
3.120999999999999330e-01
6.869999999999981677e-02
8.049999999999990496e-02
2.194000000000001505e-01
9.959999999999993858e-02
1.212000000000000299e-01
1.034000000000001307e-01
1.105000000000001259e-01
1.386000000000001675e-01
2.965000000000001523e-01
1.887799999999999923e+00
3.637000000000000233e-01
2.412500000000000089e+00
7.083999999999998076e-01
1.833099999999999730e+00
7.597000000000000419e-01
1.612000000000000655e-01
1.552999999999999936e+00
7.709000000000001407e-01
8.125999999999999890e-01
5.125999999999999446e-01
3.938999999999999169e-01
2.437000000000000832e-01
1.342999999999999472e-01
1.729000000000000259e-01
9.209999999999998743e-02
6.870000000000000551e-01
1.533900000000000041e+00
8.714999999999998304e-01
2.305000000000002047e-01
2.563000000000000833e-01
1.931000000000000494e-01
1.005999999999999950e-01
8.307999999999998719e-01
1.738500000000000156e+00
2.583800000000000097e+00
1.193700000000000205e+00
1.172499999999999654e+00
3.706999999999999185e-01
2.054999999999998495e-01
