1.015000000000000069e-01
5.609999999999999709e-02
1.028000000000000025e-01
6.720000000000000973e-02
3.370000000000000773e-02
8.830000000000001736e-02
3.420000000000000123e-02
5.569999999999999951e-02
5.799999999999998906e-02
6.210000000000000242e-02
4.520000000000000406e-02
1.016999999999999849e-01
9.099999999999999756e-02
4.239999999999999325e-02
2.759999999999999953e-02
3.890000000000000402e-02
4.190000000000000668e-02
5.919999999999999568e-02
3.589999999999998748e-02
6.109999999999999459e-02
1.938999999999999890e-01
1.610000000000001014e-02
1.968999999999999917e-01
6.209999999999999548e-02
4.989999999999999297e-02
3.239999999999999825e-02
3.459999999999999881e-02
4.059999999999999026e-02
1.384000000000000230e-01
3.732999999999999652e-01
3.515000000000000346e-01
2.850000000000000311e-01
1.511000000000000121e-01
9.291000000000000369e-01
8.870999999999999996e-01
7.586999999999999300e-01
6.029999999999999805e-01
1.653000000000000025e-01
8.080000000000001070e-02
1.668099999999999694e+00
1.459700000000000220e+00
9.314000000000000057e-01
6.497000000000001663e-01
8.719999999999998863e-01
7.184999999999998055e-01
1.860999999999999321e-01
1.730000000000001814e-01
4.254000000000000004e-01
1.476000000000000367e-01
2.375999999999999224e-01
1.881999999999999229e-01
1.242999999999999106e-01
1.027999999999999192e-01
6.403999999999999693e-01
2.384999999999999620e-01
3.548000000000000043e-01
1.466000000000000081e-01
2.240999999999999659e-01
8.919999999999998763e-02
8.119999999999996665e-02
1.438999999999999169e-01
2.028999999999999415e-01
1.666000000000000814e-01
9.579999999999996851e-02
2.793999999999999817e-01
1.790000000000000480e-01
2.283000000000000307e-01
1.633999999999999619e-01
1.408000000000000640e-01
2.884000000000001007e-01
8.542000000000001814e-01
9.097000000000001751e-01
2.515000000000000568e-01
1.658999999999999642e-01
2.242000000000000381e-01
1.809999999999999942e-01
2.015000000000000402e-01
5.119999999999996082e-02
1.160999999999998977e-01
9.510000000000007336e-02
1.840000000000000246e-01
1.145000000000000184e-01
1.169000000000000039e-01
2.288000000000000589e-01
1.069999999999999701e-01
1.745999999999999497e-01
1.539999999999999702e-01
3.760999999999999899e-01
4.779000000000000470e-01
2.034999999999999587e-01
9.779999999999999805e-01
5.798999999999999710e-01
1.979999999999999538e-01
9.949999999999999123e-02
4.791000000000000814e-01
6.402000000000001023e-01
1.825999999999999568e-01
7.199999999999998068e-02
6.100000000000001255e-02
1.426999999999999658e-01
4.528000000000000913e-01
4.735999999999999654e-01
3.380999999999999561e-01
3.472000000000000086e-01
1.465999999999999803e-01
1.700000000000000677e-01
1.476999999999999980e-01
1.449999999999999900e-01
1.372000000000000441e-01
1.834999999999999964e-01
1.644000000000000183e-01
2.415000000000000480e-01
1.400000000000000688e-01
4.870000000000000717e-02
2.134000000000000064e-01
1.923000000000000542e-01
2.278999999999999637e-01
1.126999999999999391e-01
8.180000000000003935e-02
5.930000000000002630e-02
5.350000000000000588e-02
1.720999999999999752e-01
1.327999999999999736e-01
2.872000000000000663e-01
1.643000000000000016e-01
1.430000000000000437e-01
2.111999999999999988e-01
8.408999999999998698e-01
8.868000000000000327e-01
5.019000000000000128e-01
2.210999999999999910e-01
1.853000000000000480e-01
8.880000000000004556e-02
2.642000000000000459e-01
1.791999999999999815e+00
6.830999999999999295e-01
1.012799999999999923e+00
6.362000000000000988e-01
1.871499999999999941e+00
6.304999999999998384e-01
3.595000000000000417e-01
8.095000000000001084e-01
5.570000000000001616e-01
1.010000000000000064e-01
2.779000000000000359e-01
3.639000000000000012e-01
2.909999999999999809e-01
1.481000000000000649e-01
9.448999999999998511e-01
6.542000000000000037e-01
1.103200000000000180e+00
2.462999999999999634e-01
9.949999999999994960e-02
2.949999999999997763e-02
1.140999999999999653e-01
1.605000000000000038e-01
1.653999999999999915e-01
1.167999999999999594e-01
9.979999999999999982e-02
8.830000000000004512e-02
9.140000000000002289e-02
1.335000000000000075e-01
8.950000000000001010e-02
2.212999999999999967e-01
2.376000000000000612e-01
4.790000000000001201e-02
1.178999999999999632e-01
5.179999999999993637e-02
4.066999999999998949e-01
7.713999999999999746e-01
5.020999999999999908e-01
2.182000000000000051e-01
5.611000000000000432e-01
5.156000000000000583e-01
1.133299999999999974e+00
2.156000000000000416e-01
6.089000000000001078e-01
5.887999999999999901e-01
2.384000000000000008e-01
6.197000000000000286e-01
4.538999999999999146e-01
6.351999999999999869e-01
7.915999999999999703e-01
3.082000000000000850e-01
1.478099999999999969e+00
9.394000000000000128e-01
8.747000000000000330e-01
4.403999999999999582e-01
4.385000000000000009e-01
2.363999999999999990e-01
5.122000000000000997e-01
9.990999999999998771e-01
9.602999999999999314e-01
5.325999999999999623e-01
1.849000000000000365e-01
1.113999999999999851e-01
1.535999999999999588e-01
2.121000000000000385e-01
3.261999999999999900e-01
3.029999999999999916e-01
8.919999999999994600e-02
1.014000000000000457e-01
7.089999999999997693e-02
9.010000000000001341e-02
1.858000000000000207e-01
2.683999999999999719e-01
1.172000000000000264e-01
1.437999999999999556e-01
4.709999999999999604e-02
2.317000000000000171e-01
1.636999999999999567e-01
1.640999999999999681e-01
8.360000000000002152e-02
5.150000000000003186e-02
2.901999999999999580e-01
2.559000000000000163e-01
9.769999999999999518e-02
2.015000000000000402e-01
8.540000000000001756e-02
5.009999999999999870e-02
7.099999999999993816e-02
5.179999999999995719e-02
2.133999999999999231e-01
3.039999999999999369e-01
4.579999999999997268e-02
9.789999999999993152e-02
5.131999999999999895e-01
5.132999999999999785e-01
4.333999999999999519e-01
1.300699999999999967e+00
9.716000000000000192e-01
2.037999999999999812e-01
1.282999999999999974e-01
2.074000000000000565e-01
7.910000000000001752e-02
8.470000000000001139e-02
6.440000000000001279e-02
2.033000000000000085e-01
1.094999999999999862e-01
1.342000000000000415e-01
9.479999999999999538e-02
9.129999999999997840e-02
8.640000000000001845e-02
5.350000000000000588e-02
9.099999999999996980e-02
1.307000000000000384e-01
1.511000000000000398e-01
5.354000000000000981e-01
4.356000000000000427e-01
1.914999999999999480e-01
3.855000000000000093e-01
2.943999999999999950e-01
4.429999999999999216e-02
9.029999999999996363e-02
1.857999999999999652e-01
3.907000000000000473e-01
2.521000000000000463e-01
1.004000000000000031e-01
1.379999999999999838e-01
1.171000000000000929e-01
1.325999999999999679e-01
1.033000000000000168e-01
4.131999999999999007e-01
6.829999999999995797e-02
1.152000000000000107e-01
9.310000000000001608e-02
1.457000000000001072e-01
1.092999999999999527e-01
1.574999999999999456e-01
1.303000000000000824e-01
1.636000000000000232e-01
1.300000000000000044e-01
2.226000000000001311e-01
1.175999999999999546e-01
3.911000000000000032e-01
1.638999999999999624e-01
1.599999999999999478e-01
5.779999999999992782e-02
1.710999999999999743e-01
1.286999999999999811e-01
6.870000000000001106e-02
1.124999999999999611e-01
1.430000000000000437e-01
1.331000000000000516e-01
5.760000000000000675e-01
2.536000000000000476e-01
2.765999999999999570e-01
1.611000000000000765e-01
1.735000000000000431e-01
1.885000000000000286e-01
2.239999999999999214e-01
3.535999999999999699e-01
1.733999999999999986e-01
4.910999999999999810e-01
1.741800000000000015e+00
2.164000000000000368e-01
4.853000000000000091e-01
5.440999999999999170e-01
5.185999999999999499e-01
