6.729999999999999871e-02
7.270000000000000073e-02
8.569999999999999840e-02
7.380000000000000449e-02
1.768000000000000127e-01
1.453000000000000125e-01
1.373999999999999944e-01
9.130000000000000615e-02
6.219999999999998447e-02
9.119999999999997553e-02
6.719999999999998197e-02
3.139999999999997654e-02
9.269999999999999074e-02
7.079999999999998794e-02
6.119999999999999746e-02
9.970000000000002471e-02
9.099999999999999756e-02
5.729999999999999677e-02
3.690000000000000918e-02
9.819999999999998175e-02
8.079999999999999682e-02
2.206000000000000183e-01
2.563999999999999613e-01
2.142000000000000293e-01
1.219999999999999835e-01
1.244999999999999996e-01
1.085999999999999743e-01
5.519999999999999907e-02
7.789999999999999702e-02
1.275999999999999912e-01
1.350000000000000089e-01
1.978000000000000036e-01
8.540000000000001756e-02
1.427999999999999825e-01
1.013999999999999763e-01
1.583999999999999575e-01
3.155999999999999917e-01
1.090799999999999992e+00
2.595999999999999974e-01
3.719999999999999973e-01
7.630000000000002058e-02
2.731000000000000094e-01
1.320999999999999952e-01
1.928999999999999604e-01
5.219999999999999640e-02
6.159999999999999504e-02
2.890000000000000902e-02
6.079999999999998600e-02
3.790000000000000313e-02
1.318000000000000005e-01
6.169999999999999790e-02
1.089000000000000246e-01
1.474000000000000310e-01
1.255999999999999894e-01
1.998999999999999944e-01
1.516999999999999738e-01
1.510000000000000231e-01
9.840000000000001523e-02
1.075000000000000122e-01
7.850000000000000033e-02
9.790000000000004254e-02
3.110000000000000611e-02
8.730000000000001648e-02
4.710000000000000298e-02
7.320000000000001505e-02
1.215999999999999720e-01
1.340000000000000080e-01
1.464999999999999913e-01
1.562000000000000055e-01
3.031999999999999695e-01
1.577999999999999958e-01
7.359999999999999876e-02
5.549999999999998684e-02
1.104000000000000259e-01
9.860000000000000708e-02
9.279999999999999361e-02
4.430000000000001298e-02
5.730000000000000371e-02
3.470000000000002943e-02
6.109999999999998072e-02
4.950000000000002315e-02
1.269999999999999740e-01
3.359999999999995629e-02
5.019999999999998075e-02
6.120000000000001134e-02
5.970000000000001000e-02
1.086999999999999633e-01
5.749999999999999556e-02
5.589999999999999136e-02
8.530000000000000082e-02
8.879999999999999005e-02
7.409999999999999920e-02
1.597999999999999698e-01
1.151999999999999830e-01
6.079999999999997906e-02
5.309999999999999443e-02
7.319999999999998730e-02
1.091999999999999915e-01
7.969999999999999307e-02
4.339999999999998026e-02
9.070000000000000284e-02
7.720000000000004636e-02
7.780000000000000804e-02
9.030000000000004690e-02
1.254999999999999727e-01
1.255999999999999894e-01
7.230000000000000315e-02
4.059999999999999720e-02
1.867000000000000326e-01
2.587999999999999745e-01
2.134999999999999953e-01
1.006000000000000089e-01
1.085000000000000131e-01
1.573999999999999844e-01
1.294999999999999762e-01
1.692000000000000171e-01
9.469999999999999252e-02
6.739999999999997382e-02
1.683999999999999941e-01
2.099999999999999922e-01
1.566000000000000170e-01
5.779999999999999027e-02
3.909999999999995424e-02
1.607999999999999707e-01
1.579999999999999738e-01
5.830000000000000460e-02
7.089999999999999081e-02
1.534000000000000086e-01
8.390000000000000235e-02
7.669999999999999041e-02
8.179999999999999771e-02
1.799999999999999933e-01
2.089999999999999636e-01
5.789999999999999314e-02
1.032000000000000278e-01
2.072000000000000230e-01
6.639999999999997293e-02
1.111000000000000598e-01
1.008000000000000146e-01
9.860000000000002096e-02
2.870000000000001023e-02
7.250000000000003664e-02
6.300000000000000044e-02
8.510000000000002285e-02
8.200000000000000344e-02
7.770000000000004681e-02
7.639999999999998181e-02
9.610000000000000486e-02
4.599999999999997841e-02
8.469999999999995588e-02
1.302999999999999714e-01
4.230000000000008059e-02
1.138000000000000123e-01
3.470000000000000862e-02
1.053000000000000602e-01
1.111999999999999100e-01
9.509999999999992071e-02
1.258999999999999564e-01
1.265000000000000013e-01
9.890000000000001568e-02
1.656999999999999584e-01
8.159999999999999198e-02
8.269999999999999574e-02
1.858999999999999819e-01
1.539999999999999980e-01
1.435000000000000164e-01
1.381000000000000005e-01
9.650000000000000244e-02
4.569999999999998369e-02
5.369999999999997692e-02
3.420000000000000817e-02
1.081999999999999490e-01
9.069999999999994733e-02
1.219999999999999973e-01
1.098999999999999699e-01
1.024000000000000049e-01
9.529999999999998195e-02
6.409999999999994869e-02
7.320000000000001505e-02
4.079999999999994048e-02
1.315000000000000058e-01
6.100000000000002642e-02
5.459999999999998188e-02
4.999999999999996114e-02
9.320000000000000506e-02
9.420000000000001983e-02
1.242999999999999938e-01
1.399000000000000521e-01
7.140000000000003288e-02
1.021000000000000241e-01
1.330999999999999961e-01
1.091999999999999915e-01
5.980000000000004756e-02
4.659999999999998171e-02
6.010000000000002840e-02
1.569000000000000117e-01
1.963000000000000578e-01
1.319000000000000172e-01
1.680000000000000104e-01
1.620000000000000329e-01
6.110000000000007786e-02
8.360000000000004927e-02
2.599999999999996064e-02
1.208000000000000462e-01
1.076000000000000845e-01
7.249999999999999500e-02
3.201000000000001067e-01
1.628999999999999893e-01
2.761000000000001231e-01
1.651999999999999580e-01
2.880999999999999117e-01
6.640000000000007008e-02
1.430000000000000715e-01
7.110000000000005205e-02
2.510000000000007364e-02
1.750999999999999501e-01
1.451000000000000068e-01
1.450000000000000733e-01
1.310000000000000331e-01
6.440000000000004055e-02
8.909999999999992926e-02
7.470000000000012741e-02
8.720000000000005524e-02
7.429000000000000048e-01
3.982999999999999874e-01
2.177999999999999658e-01
1.038000000000000034e-01
2.021999999999999076e-01
3.809999999999991172e-02
1.072999999999999510e-01
4.300000000000002431e-02
8.689999999999992175e-02
1.262000000000000344e-01
1.170000000000000345e-01
1.209000000000000907e-01
7.480000000000006088e-02
4.610000000000003678e-02
3.550000000000002459e-02
1.152000000000000524e-01
1.422999999999999821e-01
3.720000000000010104e-02
4.929999999999998966e-02
7.439999999999999392e-02
8.120000000000010543e-02
5.550000000000002154e-02
8.449999999999999178e-02
1.368999999999999939e-01
6.709999999999988196e-02
9.790000000000011193e-02
5.470000000000006107e-02
8.069999999999993845e-02
6.530000000000009408e-02
5.190000000000008495e-02
1.685000000000000386e-01
8.070000000000002172e-02
1.125000000000000583e-01
1.042000000000000842e-01
9.139999999999992575e-02
1.429000000000000825e-01
1.301999999999999824e-01
6.790000000000001590e-02
1.702999999999999792e-01
1.265000000000000568e-01
8.149999999999994749e-02
1.485999999999999266e-01
9.669999999999991103e-02
9.269999999999994911e-02
1.035999999999999421e-01
1.031000000000000666e-01
1.078000000000000624e-01
1.595000000000000862e-01
8.410000000000011910e-02
5.520000000000005458e-02
1.109000000000000541e-01
8.050000000000019640e-02
1.110000000000000986e-01
7.719999999999994922e-02
7.510000000000000009e-02
9.979999999999999982e-02
5.020000000000009177e-02
8.950000000000005174e-02
4.809999999999994835e-02
7.479999999999986660e-02
1.461999999999999966e-01
5.056999999999999273e-01
3.361000000000000654e-01
1.304999999999999216e-01
1.520000000000000517e-01
1.711999999999998801e-01
3.959999999999988529e-02
1.265000000000001124e-01
1.015000000000000346e-01
6.060000000000012599e-02
6.320000000000008944e-02
1.334000000000000741e-01
1.130999999999999783e-01
8.669999999999986051e-02
1.020999999999999130e-01
9.149999999999994249e-02
