1.186000000000000110e-01
1.929999999999999771e-01
1.234000000000000097e-01
2.933999999999999941e-01
2.807000000000000051e-01
3.174999999999999489e-01
1.057000000000000162e-01
3.522999999999999465e-01
1.418999999999999706e-01
5.479999999999995985e-02
7.490000000000004987e-02
3.154000000000000137e-01
1.696999999999999897e-01
1.515000000000000513e-01
2.188999999999999835e-01
3.648999999999999466e-01
4.090999999999999637e-01
1.654000000000000192e-01
2.231000000000000205e-01
2.155000000000000249e-01
1.691999999999999893e-01
3.540000000000000369e-01
2.288999999999999924e-01
2.928000000000000047e-01
1.921999999999999820e-01
3.121999999999999775e-01
1.300000000000000044e-01
3.233000000000000318e-01
7.010000000000005116e-02
1.525000000000000799e-01
2.190000000000000002e-01
2.766999999999999460e-01
3.900000000000004158e-02
6.019999999999996187e-02
1.577999999999999958e-01
1.396000000000000019e-01
4.889999999999997821e-02
7.059999999999994058e-02
2.770999999999999575e-01
1.856999999999999207e-01
1.699000000000000510e-01
3.770999999999999908e-01
2.222000000000000364e-01
1.769000000000000294e-01
1.138000000000000678e-01
9.510000000000004561e-02
1.220999999999999863e-01
8.580000000000001514e-02
1.410999999999999754e-01
8.589999999999999025e-02
1.790999999999999814e-01
1.958999999999999908e-01
3.599999999999999867e-01
6.973000000000000309e-01
4.604000000000000314e-01
1.921999999999999265e-01
5.568000000000000727e-01
8.757000000000002560e-01
2.997000000000000774e-01
2.392000000000000515e-01
4.119000000000000439e-01
7.236000000000000210e-01
7.217999999999999972e-01
5.898999999999999799e-01
1.440000000000000169e-01
4.290000000000006308e-02
7.230000000000005866e-02
9.699999999999996125e-02
7.399999999999984368e-02
1.708000000000000906e-01
8.060000000000006048e-02
2.101999999999998869e-01
9.729999999999991434e-02
4.839999999999998470e-02
1.131999999999999257e-01
8.500000000000001998e-02
1.180000000000000077e-01
2.034000000000000252e-01
2.156000000000000416e-01
3.742000000000000881e-01
1.684999999999999554e-01
5.649999999999999467e-02
8.970000000000007134e-02
1.679999999999999827e-01
1.563999999999999280e-01
4.562000000000000499e-01
1.241500000000000048e+00
2.730999999999999539e-01
7.514999999999999458e-01
2.136999999999999456e-01
1.277999999999999969e-01
1.497000000000000275e-01
2.929999999999995455e-02
9.870000000000000995e-02
1.787000000000000255e-01
2.025000000000000411e-01
1.374999999999999278e-01
6.060000000000002884e-02
9.210000000000001519e-02
1.077999999999998959e-01
1.408000000000000917e-01
1.101999999999999785e-01
1.097999999999999948e-01
1.090999999999999470e-01
9.379999999999996674e-02
1.348999999999999644e-01
3.085999999999999299e-01
5.318000000000000504e-01
2.824999999999999178e-01
1.358999999999998820e-01
6.039999999999993291e-02
3.164000000000000146e-01
1.034999999999999254e-01
1.713999999999998858e-01
2.091999999999999971e-01
1.890000000000000568e-01
1.534000000000000363e-01
6.499999999999997446e-02
1.649999999999999245e-01
2.456000000000000127e-01
9.609999999999996323e-02
1.041999999999999454e-01
6.869999999999996942e-02
8.059999999999999110e-02
5.530000000000000193e-02
8.160000000000003362e-02
1.277000000000000079e-01
8.400000000000000522e-02
6.900000000000003353e-02
1.523999999999999522e-01
9.569999999999993789e-02
6.709999999999996523e-02
3.786000000000000476e-01
4.154999999999999805e-01
1.293000000000000260e-01
1.797999999999999599e-01
3.926999999999999935e-01
2.213000000000000522e-01
1.676000000000000545e-01
1.204999999999999682e-01
1.950999999999999679e-01
1.622000000000000108e-01
2.172000000000000042e-01
1.637000000000000122e-01
1.179000000000000187e-01
8.849999999999993983e-02
1.237999999999999934e-01
5.919999999999994017e-02
3.699999999999996347e-02
1.141999999999999960e-01
7.777000000000000579e-01
4.416300000000000558e+00
4.176700000000000301e+00
8.946000000000000618e-01
9.162999999999998924e-01
1.109199999999999964e+00
1.427000000000000213e-01
4.063000000000000500e-01
1.022000000000000408e-01
5.151000000000001133e-01
5.490000000000005986e-02
2.690000000000003499e-02
7.639999999999996794e-02
1.231000000000000705e-01
7.740000000000002434e-02
5.840000000000000746e-02
4.800000000000002875e-02
5.799999999999991968e-02
9.610000000000007425e-02
1.130999999999999645e-01
1.190000000000000363e-01
1.331000000000000516e-01
1.310000000000000053e-01
9.099999999999994205e-02
1.618999999999999884e-01
8.839999999999999247e-02
1.044999999999999679e-01
6.559999999999997777e-02
2.497000000000000053e-01
2.099999999999999922e-01
3.359000000000000319e-01
1.188000000000000445e-01
1.879000000000000115e-01
2.551999999999999824e-01
2.064999999999999614e-01
4.530000000000002081e-02
8.360000000000003539e-02
2.585000000000001186e-01
6.646000000000000796e-01
2.842799999999999550e+00
2.592000000000000082e+00
1.023000000000000020e-01
1.324999999999999789e-01
9.340000000000002467e-02
1.375000000000000111e-01
2.293999999999999928e-01
1.740000000000000158e-01
2.341999999999999915e-01
7.779999999999998028e-02
1.766999999999999682e-01
2.115999999999999548e-01
1.246999999999999775e-01
6.360000000000001763e-02
6.622000000000000108e-01
2.887000000000000122e-01
4.310000000000002024e-02
1.477000000000000257e-01
8.030000000000001026e-02
1.256000000000000449e-01
7.540000000000003644e-02
2.351999999999999924e-01
2.730000000000000204e-01
1.459000000000000297e-01
1.522000000000000020e-01
1.203000000000000597e-01
1.004000000000000309e-01
7.509999999999998621e-02
1.001999999999999558e-01
9.639999999999998570e-02
1.164000000000000035e-01
1.961000000000000520e-01
7.920000000000000651e-02
9.060000000000002773e-02
1.033999999999999642e-01
6.219999999999996365e-02
7.730000000000004923e-02
1.503000000000000724e-01
1.328999999999999071e-01
1.476999999999999424e-01
1.132000000000000783e-01
9.180000000000002047e-02
2.750999999999999557e-01
7.279999999999994809e-02
1.697999999999999510e-01
7.809999999999997500e-02
6.889999999999996128e-02
4.559999999999993919e-02
1.220000000000000251e-01
1.143000000000000127e-01
1.228999999999999815e-01
9.099999999999998368e-02
9.260000000000001563e-02
5.030000000000003219e-02
1.470000000000000473e-01
3.181000000000000494e-01
8.820999999999998842e-01
8.250999999999999446e-01
9.480000000000003701e-02
1.166999999999999982e-01
7.289999999999999258e-02
9.720000000000006413e-02
1.714999999999999303e-01
1.684999999999999276e-01
7.639999999999991243e-02
2.900000000000006739e-02
1.413000000000000367e-01
6.329999999999999516e-02
7.879999999999993954e-02
1.463000000000000134e-01
1.195999999999999563e-01
7.200999999999999623e-01
6.438000000000000389e-01
2.472000000000000308e-01
1.728999999999999981e-01
1.059000000000000358e-01
5.470000000000010271e-02
1.139999999999999902e-01
4.149999999999998829e-02
8.099999999999996092e-02
5.834000000000000297e-01
1.778000000000000691e-01
2.369999999999999329e-01
1.546000000000000429e-01
1.617000000000000659e-01
6.390000000000001235e-02
9.570000000000003504e-02
9.500000000000004274e-02
2.660000000000000142e-01
1.131999999999999812e-01
1.907000000000000917e-01
1.304000000000000714e-01
9.220000000000007356e-02
1.049000000000000210e-01
1.486999999999999988e-01
1.338000000000000023e-01
8.410000000000007747e-02
1.030999999999999139e-01
8.370000000000003826e-02
1.117000000000000076e-01
3.539999999999994540e-02
7.200000000000002232e-02
1.442999999999999561e-01
8.080000000000003846e-02
5.549999999999992439e-02
1.462000000000000244e-01
9.150000000000005351e-02
7.609999999999991771e-02
1.056999999999999884e-01
1.243000000000000077e-01
