7.780000000000000804e-02
7.859999999999998932e-02
7.030000000000000138e-02
5.550000000000000766e-02
5.069999999999999507e-02
4.540000000000000979e-02
2.999999999999999542e-02
5.910000000000000669e-02
7.729999999999999372e-02
8.040000000000002700e-02
4.379999999999999172e-02
1.169999999999999686e-02
6.760000000000000731e-02
1.177999999999999881e-01
8.379999999999998561e-02
1.831999999999999740e-01
1.487000000000000266e-01
5.309999999999999443e-02
3.500000000000000333e-02
3.819999999999998397e-02
8.139999999999995850e-02
3.529999999999999805e-02
3.210000000000001741e-02
8.970000000000000195e-02
1.189000000000000057e-01
8.489999999999998936e-02
7.049999999999999323e-02
7.600000000000001199e-02
5.380000000000000060e-02
6.199999999999997874e-02
5.060000000000006160e-02
5.380000000000002836e-02
6.089999999999997499e-02
3.819999999999999785e-02
5.550000000000000766e-02
1.969999999999998141e-02
8.200000000000001732e-02
6.459999999999993525e-02
3.080000000000002180e-02
4.649999999999998579e-02
7.320000000000001505e-02
3.980000000000001592e-02
2.899999999999997025e-02
5.250000000000001193e-02
8.859999999999999820e-02
4.740000000000001851e-02
6.870000000000003881e-02
6.257999999999999119e-01
5.451000000000000290e-01
3.785999999999999921e-01
1.057999999999999774e-01
1.322000000000000119e-01
1.058000000000000329e-01
6.039999999999998148e-02
4.019999999999999962e-02
5.859999999999997156e-02
1.042999999999999622e-01
4.379999999999999866e-02
5.130000000000003307e-02
7.230000000000004479e-02
5.140000000000000124e-02
4.900000000000000189e-02
5.450000000000002065e-02
7.200000000000003619e-02
7.680000000000004878e-02
2.835999999999999632e-01
2.099000000000000310e-01
1.750000000000000167e-01
1.258000000000000229e-01
9.469999999999997864e-02
2.880000000000004431e-02
5.100000000000004530e-02
5.250000000000003969e-02
2.080000000000000182e-01
1.129999999999999755e-01
4.429999999999995053e-02
6.240000000000001795e-02
4.580000000000004207e-02
8.929999999999993499e-02
3.089999999999999344e-02
6.569999999999996676e-02
3.590000000000006380e-02
4.079999999999998905e-02
5.909999999999997894e-02
6.439999999999999891e-02
4.969999999999996643e-02
5.799999999999994743e-02
8.780000000000000304e-02
5.539999999999998398e-02
6.800000000000000488e-02
1.910999999999999643e-01
2.004000000000000226e-01
3.480999999999999650e-01
2.029000000000000248e-01
3.066000000000000392e-01
1.349999999999999256e-01
6.590000000000009739e-02
2.869999999999995818e-02
7.600000000000005362e-02
5.870000000000000218e-02
4.819999999999997203e-02
5.080000000000001181e-02
4.759999999999997566e-02
3.950000000000002121e-02
1.057999999999999219e-01
6.879999999999993066e-02
6.160000000000001585e-02
3.170000000000010310e-02
2.157999999999999918e-01
2.103000000000000702e-01
7.080000000000000182e-02
2.389999999999994906e-02
1.083000000000000212e-01
1.185999999999999832e-01
8.939999999999999336e-02
6.170000000000001872e-02
6.919999999999994211e-02
5.389999999999999653e-02
8.810000000000006715e-02
4.400000000000004602e-02
3.019999999999996992e-02
5.089999999999991753e-02
1.321999999999999287e-01
1.571000000000000452e-01
1.919000000000000705e-01
5.020000000000000850e-02
4.379999999999996396e-02
5.500000000000001416e-02
1.220000000000000112e-01
6.380000000000007887e-02
5.419999999999997042e-02
5.749999999999999556e-02
5.590000000000007463e-02
1.027999999999999747e-01
4.949999999999996070e-02
1.800000000000000211e-02
3.880000000000005667e-02
4.590000000000012820e-02
2.579999999999996879e-02
1.035000000000000225e-01
1.202000000000000429e-01
7.770000000000006068e-02
1.043999999999999512e-01
6.930000000000006988e-02
4.430000000000004073e-02
5.510000000000005171e-02
6.329999999999993965e-02
4.270000000000002266e-02
1.017000000000000265e-01
4.880000000000000310e-02
3.980000000000007143e-02
5.949999999999994876e-02
7.109999999999994102e-02
3.189999999999995617e-02
3.890000000000005259e-02
6.579999999999991411e-02
7.389999999999993796e-02
5.709999999999999104e-02
2.200000000000000566e-02
4.499999999999997752e-02
1.750000000000008493e-02
4.849999999999997369e-02
4.159999999999999809e-02
5.669999999999994489e-02
4.599999999999994371e-02
6.999999999999995115e-02
8.579999999999991800e-02
2.370000000000009599e-02
5.149999999999996247e-02
4.269999999999991858e-02
2.720000000000011298e-02
2.539999999999989488e-02
2.019999999999996104e-02
3.960000000000001019e-02
5.070000000000002283e-02
1.599999999999994482e-02
7.560000000000002829e-02
1.809999999999998416e-02
4.190000000000002750e-02
4.569999999999998369e-02
6.429999999999994054e-02
4.460000000000011872e-02
4.509999999999992487e-02
5.689999999999997837e-02
6.869999999999998330e-02
3.739999999999992636e-02
5.240000000000004376e-02
3.630000000000001281e-02
1.830000000000001764e-02
4.089999999999985314e-02
9.179999999999993721e-02
2.619999999999995943e-02
8.609999999999995435e-02
2.469999999999991647e-02
6.200000000000004813e-02
6.469999999999996587e-02
7.400000000000002409e-02
5.819999999999994622e-02
2.680000000000003907e-02
1.880999999999999894e-01
1.349999999999999534e-01
4.590000000000007963e-02
4.190000000000004832e-02
5.290000000000003033e-02
4.929999999999999660e-02
4.360000000000006926e-02
6.770000000000002405e-02
3.030000000000006993e-02
4.509999999999992487e-02
4.999999999999993339e-02
7.429999999999996330e-02
2.410000000000001030e-02
5.129999999999998450e-02
5.159999999999999309e-02
3.570000000000003032e-02
3.300000000000004319e-02
2.000000000000003858e-02
4.050000000000000822e-02
4.580000000000003513e-02
4.820000000000003448e-02
2.490000000000007485e-02
2.349999999999985434e-02
6.329999999999987026e-02
4.169999999999988299e-02
5.079999999999989385e-02
5.629999999999993343e-02
8.460000000000000853e-02
5.770000000000002904e-02
6.990000000000001767e-02
3.090000000000010794e-02
7.920000000000002038e-02
1.022000000000000269e-01
5.710000000000003961e-02
4.620000000000006740e-02
6.119999999999999052e-02
6.969999999999999807e-02
2.789999999999986241e-02
1.871999999999999498e-01
6.510000000000003284e-02
6.719999999999989870e-02
5.099999999999995509e-02
6.229999999999989713e-02
7.919999999999997875e-02
2.940000000000010660e-02
2.739999999999993135e-02
1.919999999999997403e-02
3.859999999999995379e-02
9.930000000000009652e-02
1.967000000000000692e-01
5.197000000000000508e-01
1.918000000000000538e-01
2.360999999999999488e-01
1.138999999999999180e-01
8.040000000000002700e-02
1.273999999999999577e-01
1.090000000000000413e-01
5.079999999999990079e-02
2.893999999999999906e-01
4.102000000000000091e-01
3.045000000000001039e-01
1.470000000000000473e-01
9.179999999999997884e-02
1.558000000000001051e-01
1.493000000000001271e-01
1.130000000000000587e-01
9.340000000000003855e-02
4.539999999999989877e-02
1.548000000000000487e-01
1.510000000000000508e-01
6.010000000000001452e-02
7.440000000000004943e-02
9.759999999999996456e-02
7.670000000000000429e-02
5.879999999999997728e-02
5.419999999999997042e-02
6.749999999999994893e-02
8.290000000000001534e-02
7.369999999999994611e-02
1.085000000000000686e-01
4.359999999999999987e-02
9.720000000000000862e-02
8.539999999999997593e-02
3.890000000000001790e-02
9.900000000000008793e-02
4.010000000000010778e-02
1.101999999999998675e-01
6.629999999999994231e-02
1.255000000000000560e-01
7.300000000000009259e-02
5.839999999999986868e-02
9.599999999999989098e-02
4.120000000000004214e-02
8.729999999999989158e-02
5.359999999999991160e-02
8.039999999999994373e-02
4.910000000000007414e-02
2.079999999999988802e-02
5.830000000000010174e-02
4.110000000000008091e-02
