1.539000000000000090e-01
6.040000000000000230e-02
4.100000000000000172e-02
8.119999999999999440e-02
4.270000000000000878e-02
5.429999999999999410e-02
3.750000000000000555e-02
4.600000000000001310e-02
4.409999999999999337e-02
3.009999999999999828e-02
7.639999999999999569e-02
3.510000000000000620e-02
3.030000000000000054e-02
3.869999999999999829e-02
3.640000000000001568e-02
3.849999999999999950e-02
8.119999999999999440e-02
2.339999999999999719e-02
3.409999999999999143e-02
3.900000000000000688e-02
6.080000000000000682e-02
5.290000000000000951e-02
3.410000000000000531e-02
1.254000000000000115e-01
3.410000000000000531e-02
4.230000000000000426e-02
9.670000000000000817e-02
5.019999999999998769e-02
1.126000000000000056e-01
5.939999999999998753e-02
1.889999999999997932e-02
9.009999999999999953e-02
9.649999999999998856e-02
6.000000000000000472e-02
1.008000000000000146e-01
4.280000000000000471e-02
4.810000000000003162e-02
7.599999999999998423e-02
3.269999999999997908e-02
2.110000000000000070e-02
7.439999999999996616e-02
1.316000000000000225e-01
9.409999999999998921e-02
6.930000000000001437e-02
4.569999999999998369e-02
7.900000000000001465e-02
9.189999999999998170e-02
6.909999999999999476e-02
1.071000000000000008e-01
3.679999999999999938e-02
1.694999999999999840e-01
1.578999999999999848e-01
7.770000000000000517e-02
6.259999999999996123e-02
4.780000000000000221e-02
3.910000000000001669e-02
1.596000000000000474e-01
6.570000000000002227e-02
5.110000000000001347e-02
4.569999999999998369e-02
1.037000000000000005e-01
3.540000000000001479e-02
6.880000000000002780e-02
3.679999999999999938e-02
1.058000000000000052e-01
4.440000000000000890e-02
3.420000000000000817e-02
2.549999999999996367e-02
6.249999999999998612e-02
2.590000000000003411e-02
9.779999999999995641e-02
3.181999999999999829e-01
4.819999999999997203e-02
1.323999999999999899e-01
1.557000000000000051e-01
1.123000000000000248e-01
1.001000000000000223e-01
1.005999999999999950e-01
3.930000000000000854e-02
5.420000000000002593e-02
4.959999999999996356e-02
1.062999999999999362e-01
9.530000000000009297e-02
6.440000000000004055e-02
3.099999999999993733e-02
3.600000000000008749e-02
2.899999999999998759e-02
1.289999999999999480e-01
9.389999999999995572e-02
8.100000000000005806e-02
7.160000000000005249e-02
8.280000000000006799e-02
8.100000000000000255e-02
1.919000000000000150e-01
1.018000000000000016e-01
4.107000000000000095e-01
1.799999999999999378e-01
1.658000000000000584e-01
6.440000000000005442e-02
5.989999999999996716e-02
4.269999999999996715e-02
4.099999999999997397e-02
1.157000000000000667e-01
8.350000000000008804e-02
5.739999999999997188e-02
6.939999999999996172e-02
5.339999999999998914e-02
6.330000000000002292e-02
2.830000000000002999e-02
5.980000000000006144e-02
3.509999999999992293e-02
4.659999999999997478e-02
8.260000000000003451e-02
9.829999999999994298e-02
9.010000000000004117e-02
5.200000000000001149e-02
7.569999999999998952e-02
4.760000000000003118e-02
3.629999999999995036e-02
6.849999999999994982e-02
1.014999999999999791e-01
9.120000000000000329e-02
8.409999999999999420e-02
4.800000000000000794e-02
6.590000000000004188e-02
7.249999999999988398e-02
4.440000000000007829e-02
6.099999999999999867e-02
5.029999999999998361e-02
3.639999999999993935e-02
4.300000000000007983e-02
1.070000000000001089e-01
6.940000000000003111e-02
6.509999999999996345e-02
4.960000000000010928e-02
9.009999999999999953e-02
4.780000000000003690e-02
9.429999999999992555e-02
2.824999999999999734e-01
1.009000000000000036e-01
3.879999999999986238e-02
3.189999999999999780e-02
5.410000000000000919e-02
8.300000000000007372e-02
5.580000000000008564e-02
7.420000000000000207e-02
9.340000000000005242e-02
9.360000000000004428e-02
6.800000000000000488e-02
7.369999999999991835e-02
1.569999999999999729e-01
7.539999999999998093e-02
4.850000000000002920e-02
6.079999999999988192e-02
5.629999999999992649e-02
7.930000000000002325e-02
8.799999999999991163e-02
5.460000000000000964e-02
1.065999999999999032e-01
1.084999999999999715e-01
5.050000000000000322e-02
6.390000000000004010e-02
5.260000000000006337e-02
4.169999999999995932e-02
7.759999999999997455e-02
5.429999999999993165e-02
4.970000000000004275e-02
2.320000000000000534e-02
6.799999999999992162e-02
6.789999999999989100e-02
3.369999999999993834e-02
2.950000000000001232e-02
6.169999999999994933e-02
5.480000000000009863e-02
1.281000000000000472e-01
6.270000000000008900e-02
9.140000000000005065e-02
6.950000000000003397e-02
5.120000000000005103e-02
5.350000000000005446e-02
1.552000000000000324e-01
1.068999999999999395e-01
4.010000000000001064e-02
1.008000000000000423e-01
8.280000000000005411e-02
7.290000000000000646e-02
6.969999999999994256e-02
3.593000000000000638e-01
1.685999999999999999e-01
8.819999999999997287e-02
1.386999999999999345e-01
4.240000000000007652e-02
6.500000000000000222e-02
3.780000000000005578e-02
6.050000000000004680e-02
6.590000000000001412e-02
9.009999999999998566e-02
5.959999999999988918e-02
8.220000000000005080e-02
8.569999999999998452e-02
4.080000000000003763e-02
6.390000000000001235e-02
4.060000000000008047e-02
7.580000000000000626e-02
5.550000000000008399e-02
2.059999999999988229e-02
3.129999999999998062e-02
9.390000000000008062e-02
3.879999999999999422e-02
6.570000000000002227e-02
4.399999999999999051e-02
7.630000000000000671e-02
4.879999999999994065e-02
5.870000000000007156e-02
8.800000000000003653e-02
4.589999999999996166e-02
1.780000000000003108e-02
4.219999999999998752e-02
3.250000000000005662e-02
4.159999999999997033e-02
1.297000000000000375e-01
2.986999999999999655e-01
6.609999999999996434e-02
7.110000000000002429e-02
9.669999999999998042e-02
5.150000000000005962e-02
8.660000000000003806e-02
1.252999999999999670e-01
4.520000000000002488e-02
9.770000000000000906e-02
4.549999999999991551e-02
4.539999999999996816e-02
5.019999999999998075e-02
4.080000000000005150e-02
8.030000000000007965e-02
3.760000000000000842e-02
9.230000000000002092e-02
5.539999999999994235e-02
2.260000000000005754e-02
3.530000000000003968e-02
2.129999999999999255e-02
2.959999999999990417e-02
9.699999999999994738e-02
1.128000000000000114e-01
5.499999999999996558e-02
8.260000000000002063e-02
3.410000000000003306e-02
5.489999999999999047e-02
1.562000000000000610e-01
9.729999999999991434e-02
1.650000000000000078e-01
7.590000000000010627e-02
6.579999999999996962e-02
7.879999999999984239e-02
2.550000000000002959e-02
9.320000000000004670e-02
3.380000000000007998e-02
1.103999999999999704e-01
3.510000000000000620e-02
2.039999999999995636e-02
4.799999999999996630e-02
6.600000000000011413e-02
5.499999999999996558e-02
6.539999999999998592e-02
7.180000000000003046e-02
1.184000000000000330e-01
6.859999999999996656e-02
9.199999999999999845e-02
3.099999999999990263e-02
3.399999999999999550e-02
4.859999999999998349e-02
4.790000000000006058e-02
6.130000000000012522e-02
8.710000000000002462e-02
1.279999999999993296e-02
9.390000000000001124e-02
7.100000000000006306e-02
5.659999999999990039e-02
4.689999999999999031e-02
4.379999999999987376e-02
3.130000000000001531e-02
5.930000000000000548e-02
4.199999999999998179e-02
7.270000000000001461e-02
1.649999999999995567e-02
1.003000000000000558e-01
4.000000000000001471e-02
4.959999999999989417e-02
4.360000000000012477e-02
5.880000000000008831e-02
3.479999999999994209e-02
4.839999999999993613e-02
6.510000000000015774e-02
4.450000000000001177e-02
4.740000000000000463e-02
3.890000000000000402e-02
5.930000000000008181e-02
7.059999999999995446e-02
4.590000000000001024e-02
