1.458000000000000129e-01
1.258999999999999841e-01
1.887999999999999956e-01
1.799999999999999933e-01
1.282999999999999974e-01
1.193999999999999923e-01
1.949999999999998263e-02
4.519999999999999019e-02
3.478999999999999870e-01
1.205000000000000238e-01
9.659999999999999143e-02
1.386999999999999900e-01
1.266000000000000181e-01
2.526999999999999802e-01
2.546999999999999820e-01
3.163000000000000256e-01
2.435999999999999555e-01
9.910000000000000753e-02
1.117999999999999966e-01
8.050000000000000211e-02
1.451000000000000345e-01
1.211000000000000132e-01
8.850000000000002309e-02
1.685000000000000109e-01
1.102000000000000063e-01
1.338999999999999913e-01
6.469999999999999363e-02
4.240000000000000713e-02
8.470000000000001139e-02
1.925000000000000044e-01
7.369999999999998774e-02
7.030000000000000138e-02
2.434000000000000052e-01
2.975999999999999757e-01
1.626000000000000223e-01
1.591000000000000192e-01
1.132000000000000089e-01
2.221999999999999809e-01
5.990000000000000879e-02
1.912000000000000088e-01
2.051000000000000323e-01
7.090000000000001856e-02
5.090000000000000080e-02
8.959999999999999909e-02
1.427999999999999825e-01
1.445000000000000173e-01
6.529999999999999694e-02
2.273999999999999910e-01
1.663999999999999924e-01
9.790000000000002867e-02
2.853999999999999870e-01
1.144000000000000156e-01
1.597000000000000364e-01
8.790000000000000591e-02
1.456999999999999962e-01
1.067999999999999922e-01
5.979999999999999899e-02
7.799999999999998601e-02
1.344000000000000195e-01
1.318000000000000005e-01
1.998000000000000054e-01
8.269999999999999574e-02
1.458999999999999742e-01
1.198999999999999788e-01
1.467999999999999861e-01
6.360000000000004539e-02
1.185000000000000220e-01
5.520000000000000601e-02
1.360000000000000098e-01
4.019999999999999130e-01
4.609000000000000319e-01
1.517999999999999905e-01
9.249999999999997113e-02
1.354999999999999538e-01
7.090000000000000469e-02
1.080000000000000404e-01
3.499999999999997558e-02
6.389999999999997071e-02
1.151999999999999691e-01
1.751000000000000334e-01
4.550999999999999490e-01
2.046000000000000041e-01
1.275999999999999912e-01
8.220000000000003693e-02
2.726000000000000645e-01
2.525000000000000022e-01
2.080000000000000182e-01
1.163000000000000145e-01
9.210000000000004294e-02
1.001000000000000223e-01
1.293999999999999595e-01
3.110000000000000542e-01
1.313000000000000278e-01
9.790000000000001479e-02
1.127000000000000085e-01
5.700000000000000899e-02
1.396999999999999909e-01
9.270000000000001850e-02
7.790000000000002478e-02
9.179999999999999272e-02
1.213000000000000189e-01
9.200000000000002620e-02
1.321000000000000230e-01
4.499999999999995670e-02
6.799999999999997713e-02
9.160000000000002862e-02
8.900000000000005129e-02
1.451999999999999957e-01
9.629999999999999671e-02
7.680000000000000715e-02
1.299000000000000432e-01
6.119999999999996970e-02
9.399999999999994471e-02
2.609000000000000763e-01
6.700000000000000400e-02
1.025999999999999829e-01
6.519999999999998019e-02
4.840000000000000552e-02
1.576000000000000456e-01
1.293999999999999873e-01
1.109000000000000125e-01
1.507000000000000006e-01
1.637000000000000122e-01
7.789999999999992764e-02
3.184000000000000163e-01
1.840999999999999859e-01
9.030000000000004690e-02
1.009000000000000730e-01
1.499999999999999667e-01
9.470000000000000639e-02
9.090000000000000857e-02
1.572999999999999954e-01
1.359999999999999543e-01
9.999999999999997780e-02
1.137999999999999706e-01
1.629000000000000448e-01
7.710000000000001574e-02
6.439999999999997116e-02
7.250000000000000888e-02
1.294000000000000150e-01
1.794999999999999651e-01
9.020000000000000240e-02
1.468999999999999750e-01
2.031000000000000028e-01
1.592999999999999416e-01
7.199999999999999456e-02
8.689999999999994951e-02
7.729999999999997984e-02
4.879999999999996146e-02
9.570000000000004892e-02
5.059999999999997139e-02
5.640000000000004732e-02
8.310000000000002107e-02
6.060000000000001497e-02
6.139999999999999625e-02
6.029999999999999249e-02
5.309999999999998749e-02
7.069999999999998508e-02
1.141000000000000070e-01
1.644999999999999796e-01
1.290999999999999925e-01
1.417000000000000481e-01
1.873000000000000220e-01
1.560000000000000830e-01
5.739999999999995800e-02
7.320000000000001505e-02
7.750000000000001332e-02
7.939999999999997060e-02
8.729999999999997484e-02
9.929999999999994387e-02
2.135999999999999843e-01
1.366000000000000270e-01
8.600000000000002087e-02
9.140000000000005065e-02
1.531000000000000416e-01
1.233000000000000485e-01
3.015000000000000457e-01
1.083000000000000490e-01
1.140000000000000180e-01
6.449999999999998790e-02
8.160000000000001974e-02
1.745000000000000995e-01
1.150999999999999801e-01
6.140000000000000319e-02
5.040000000000000729e-02
5.309999999999999443e-02
1.716999999999999638e-01
1.146999999999999964e-01
1.413999999999999702e-01
9.270000000000004625e-02
1.505000000000000226e-01
1.168999999999999900e-01
8.429999999999991667e-02
5.860000000000004095e-02
7.969999999999995144e-02
1.534999999999999420e-01
1.237000000000000044e-01
8.049999999999997435e-02
1.239999999999999575e-01
1.067999999999999228e-01
2.468000000000000194e-01
4.156999999999999584e-01
1.824999999999999956e-01
1.591000000000000192e-01
6.479999999999999649e-02
1.349000000000000199e-01
1.299999999999999767e-01
1.844000000000000361e-01
9.479999999999993987e-02
1.832000000000000295e-01
1.308999999999999608e-01
1.550999999999999046e-01
5.259999999999995929e-02
4.969999999999998724e-02
6.460000000000007403e-02
5.680000000000011429e-02
7.719999999999999085e-02
1.062000000000001554e-01
6.319999999999989515e-02
5.979999999999992266e-02
1.417000000000000481e-01
3.590000000000000829e-02
1.132000000000000506e-01
6.859999999999995268e-02
7.119999999999997164e-02
7.300000000000012035e-02
8.319999999999995455e-02
1.520000000000000240e-01
7.070000000000002671e-02
3.739999999999996799e-02
2.130000000000002031e-02
5.550000000000013950e-02
1.066000000000000003e-01
8.189999999999990343e-02
3.440000000000006941e-02
8.849999999999996758e-02
4.919999999999984802e-02
6.650000000000011458e-02
6.250000000000008327e-02
8.470000000000005302e-02
1.707000000000000184e-01
1.513999999999999235e-01
1.047999999999999349e-01
8.399999999999996358e-02
1.136000000000000620e-01
2.211999999999999245e-01
1.214999999999999275e-01
4.020000000000000656e-02
4.180000000000000382e-02
1.012000000000000677e-01
7.130000000000018268e-02
6.180000000000006322e-02
9.480000000000000926e-02
9.990000000000000269e-02
1.442999999999999838e-01
7.490000000000000824e-02
3.519999999999992579e-02
8.559999999999987064e-02
7.179999999999997495e-02
9.890000000000005731e-02
1.144000000000000294e-01
1.599000000000001531e-01
1.428000000000000935e-01
5.800000000000010703e-02
6.039999999999996760e-02
3.829999999999995908e-02
2.329999999999998045e-02
5.449999999999988187e-02
3.950000000000000039e-02
4.479999999999994403e-02
5.040000000000003505e-02
9.219999999999996254e-02
1.264999999999999736e-01
2.269999999999997020e-02
5.820000000000000867e-02
1.590999999999999637e-01
1.169999999999999513e-01
1.405000000000000693e-01
4.759999999999985770e-02
8.660000000000010745e-02
1.416000000000000314e-01
5.349999999999990874e-02
2.148000000000000742e-01
1.447999999999999843e-01
5.699999999999995348e-02
1.041000000000000258e-01
7.960000000000003184e-02
8.550000000000007594e-02
1.296000000000000207e-01
5.670000000000004897e-02
1.102000000000001173e-01
8.489999999999998936e-02
5.530000000000000193e-02
1.345999999999999419e-01
6.109999999999989051e-02
8.830000000000000349e-02
5.660000000000003917e-02
6.839999999999989144e-02
1.450999999999999512e-01
