8.160000000000000586e-02
6.200000000000000649e-02
6.779999999999999916e-02
7.500000000000001110e-02
3.143000000000000238e-01
1.366999999999999882e-01
1.173000000000000154e-01
9.419999999999997820e-02
6.570000000000000839e-02
1.469000000000000028e-01
1.921000000000000207e-01
3.460000000000000575e-02
7.339999999999999303e-02
1.368000000000000049e-01
9.670000000000000817e-02
2.014999999999999569e-01
9.929999999999999938e-02
1.895999999999999908e-01
1.667000000000000148e-01
8.929999999999999050e-02
2.353000000000000091e-01
2.705000000000000182e-01
2.064999999999999891e-01
8.240000000000000102e-02
6.100000000000001255e-02
1.724999999999999312e-01
3.685000000000000497e-01
1.063999999999999391e-01
6.790000000000004365e-02
1.484000000000000319e-01
2.812000000000000055e-01
1.448000000000000398e-01
1.707999999999999796e-01
2.696999999999999953e-01
6.710000000000003462e-02
2.452000000000000846e-01
1.176000000000000240e-01
1.212999999999999773e-01
9.489999999999999825e-02
9.349999999999998590e-02
1.067999999999999922e-01
6.045000000000000373e-01
1.675999999999999712e-01
2.396999999999999131e-01
1.087000000000000188e-01
2.281000000000001082e-01
1.538000000000000200e-01
1.388999999999999402e-01
1.571999999999999509e-01
1.924000000000000432e-01
2.853999999999999315e-01
2.953000000000000069e-01
4.013999999999999235e-01
6.730000000000002647e-02
2.451999999999999735e-01
6.340000000000001190e-02
5.799999999999998906e-02
7.860000000000001708e-02
1.482000000000000262e-01
2.880000000000000893e-01
1.372000000000000997e-01
1.122999999999999554e-01
1.977000000000000701e-01
3.910000000000002363e-02
1.184999999999999942e-01
1.076999999999999763e-01
1.906000000000000472e-01
2.642000000000000459e-01
2.732999999999999874e-01
2.695000000000000173e-01
3.219000000000000750e-01
3.014999999999999902e-01
2.186000000000000720e-01
1.685999999999999721e-01
1.557999999999999385e-01
1.027000000000000274e-01
1.354000000000000481e-01
2.404999999999998250e-01
1.762000000000000233e-01
6.229999999999989713e-02
3.669000000000001149e-01
2.583999999999999631e-01
2.383000000000000118e-01
1.661000000000000254e-01
3.494999999999999218e-01
6.420000000000003482e-02
1.650999999999999412e-01
2.031999999999999917e-01
2.752999999999999337e-01
3.110999999999999321e-01
3.204999999999999516e-01
2.834999999999999742e-01
1.913000000000000256e-01
1.423000000000001486e-01
9.720000000000000862e-02
8.490000000000004488e-02
1.498999999999999777e-01
1.144000000000000433e-01
2.539999999999999480e-01
7.409999999999999920e-02
3.105999999999999872e-01
2.187999999999999390e-01
2.677999999999999825e-01
2.324999999999999012e-01
1.897000000000000908e-01
1.455999999999999517e-01
1.432000000000000772e-01
5.969999999999994755e-02
3.920000000000001261e-01
2.979000000000000536e-01
1.194999999999999257e-01
7.512000000000000899e-01
2.594000000000000750e-01
3.001000000000000889e-01
1.779999999999999916e-01
2.893000000000000016e-01
1.367999999999998662e-01
2.777000000000000024e-01
2.642999999999999239e-01
3.293000000000000371e-01
9.279999999999999361e-02
8.859999999999997045e-02
2.747999999999999887e-01
1.591999999999999527e-01
3.049999999999999378e-01
2.647000000000001019e-01
2.241999999999997883e-01
1.229999999999999705e-01
1.773000000000000964e-01
1.801000000000000656e-01
2.833999999999998742e-01
1.779000000000000303e-01
7.710000000000007125e-02
1.033000000000000307e-01
7.390000000000006286e-02
7.969999999999996532e-02
8.980000000000000482e-02
1.781999999999999695e-01
2.079999999999999905e-01
1.203999999999999931e-01
1.109000000000000263e-01
2.152999999999999914e-01
2.039999999999998759e-01
1.430999999999999217e-01
2.578999999999999071e-01
1.054000000000000214e-01
1.881000000000000449e-01
9.989999999999997493e-02
1.636999999999999567e-01
8.310000000000009046e-02
1.635999999999999122e-01
1.784000000000000030e-01
1.103000000000000785e-01
1.911999999999999811e-01
1.510999999999999566e-01
9.360000000000005815e-02
2.445999999999999841e-01
2.099000000000001420e-01
1.733000000000000651e-01
2.297000000000001263e-01
1.537000000000000866e-01
2.456999999999998907e-01
2.933999999999999941e-01
1.232000000000000733e-01
2.598999999999999089e-01
2.384000000000000563e-01
2.995999999999999774e-01
1.035000000000000087e-01
1.839999999999999969e-01
8.400000000000000522e-02
1.905999999999999917e-01
1.774999999999999911e-01
1.131999999999999812e-01
1.805999999999999828e-01
2.087000000000000244e-01
3.009999999999999343e-01
1.254999999999999449e-01
9.739999999999995883e-02
1.104000000000000259e-01
1.024999999999999245e-01
8.240000000000001490e-02
1.954000000000000181e-01
3.356999999999999984e-01
2.310999999999999999e-01
2.855000000000001426e-01
5.003000000000001890e-01
3.524999999999999800e-01
1.226000000000000145e-01
1.762000000000001620e-01
1.043999999999997152e-01
1.251999999999999225e-01
1.322999999999999732e-01
2.095000000000000195e-01
6.090000000000007213e-02
1.972000000000000974e-01
1.583000000000001628e-01
2.492000000000002269e-01
1.688000000000000611e-01
1.502000000000000002e-01
1.336000000000002741e-01
5.899999999999989975e-02
1.118000000000000244e-01
1.128999999999996950e-01
9.969999999999987206e-02
1.942999999999999727e-01
1.472999999999998755e-01
1.931000000000000494e-01
1.788000000000000145e-01
2.291000000000000258e-01
1.591999999999998694e-01
1.468000000000000693e-01
7.869999999999993667e-02
1.189000000000000057e-01
9.180000000000011762e-02
3.327000000000001068e-01
2.408999999999998920e-01
4.819999999999998730e-01
3.640000000000002123e-01
1.261000000000000176e-01
1.253999999999999282e-01
2.629000000000001336e-01
1.757999999999999008e-01
1.322999999999999732e-01
3.117999999999999106e-01
1.402999999999999248e-01
5.850000000000020461e-02
1.215000000000001912e-01
1.710000000000001241e-01
1.040999999999999565e-01
9.940000000000011326e-02
9.689999999999993063e-02
1.198999999999999511e-01
1.676000000000000545e-01
1.245999999999999885e-01
8.079999999999976090e-02
1.699999999999999845e-01
1.603999999999999593e-01
1.484000000000000041e-01
4.199000000000000510e-01
1.398000000000001741e-01
8.660000000000009357e-02
6.670000000000010643e-02
1.558000000000001051e-01
1.037999999999999895e-01
1.935999999999999943e-01
9.620000000000018814e-02
1.043000000000000177e-01
1.109000000000000680e-01
1.203000000000001291e-01
1.624000000000002386e-01
1.387000000000000177e-01
1.797999999999999599e-01
1.540999999999999592e-01
1.147000000000000797e-01
7.949999999999998734e-02
1.127999999999998726e-01
1.346999999999999031e-01
1.360000000000000098e-01
1.829999999999997184e-01
1.070000000000003171e-01
9.730000000000017801e-02
1.209000000000002850e-01
6.147000000000000242e-01
1.339999999999998415e-01
1.165000000000000202e-01
1.536999999999999478e-01
3.771999999999998687e-01
1.764999999999999902e-01
2.455999999999998462e-01
2.300999999999999712e-01
1.323000000000000564e-01
4.198999999999999400e-01
5.781000000000001693e-01
7.006000000000000005e-01
6.260999999999998789e-01
1.454000000000002513e-01
4.310999999999999832e-01
3.431999999999999496e-01
2.979999999999999871e-01
2.678000000000000380e-01
9.930000000000029081e-02
9.399999999999986144e-02
2.201000000000000179e-01
1.469000000000000028e-01
1.368999999999998551e-01
1.813999999999998392e-01
2.523999999999997912e-01
1.823000000000000176e-01
1.295000000000000595e-01
1.155999999999998834e-01
1.200000000000002176e-01
1.405000000000001248e-01
1.109999999999999459e-01
1.600999999999998535e-01
1.023000000000002241e-01
1.036999999999999866e-01
1.434000000000002217e-01
1.063999999999999946e-01
1.727000000000001312e-01
