1.348000000000000032e-01
1.822000000000000008e-01
9.760000000000002007e-02
1.466999999999999971e-01
1.684000000000000219e-01
1.150999999999999940e-01
7.839999999999999747e-02
1.519999999999999685e-01
1.245999999999999885e-01
6.980000000000000093e-02
1.081000000000000016e-01
1.283999999999999864e-01
7.189999999999999170e-02
9.130000000000000615e-02
4.950000000000000233e-02
8.390000000000000235e-02
8.169999999999999485e-02
1.601000000000000201e-01
1.751999999999999946e-01
1.436000000000000054e-01
1.346000000000000529e-01
5.629999999999998894e-02
5.030000000000000443e-02
1.095000000000000140e-01
9.850000000000000422e-02
7.330000000000000404e-02
3.209999999999999659e-02
7.740000000000001046e-02
3.236999999999999877e-01
3.460999999999999632e-01
5.068000000000000282e-01
1.076999999999999763e-01
6.020000000000001045e-02
1.149999999999999772e-01
1.178999999999999909e-01
1.798999999999999766e-01
1.271999999999999797e-01
2.865999999999999659e-01
1.398000000000000076e-01
4.608999999999999764e-01
1.306000000000000494e-01
1.647999999999999465e-01
9.639999999999995794e-02
8.239999999999997327e-02
1.765000000000000180e-01
6.620000000000003659e-02
3.299999999999998768e-02
3.639999999999993935e-02
1.820000000000000229e-01
1.464000000000000856e-01
1.112000000000000210e-01
8.250000000000000389e-02
5.585999999999999854e-01
3.022000000000000242e-01
1.671000000000000263e-01
1.302999999999999992e-01
1.412000000000000199e-01
2.413999999999999757e-01
2.506000000000000449e-01
4.194999999999999840e-01
2.263599999999999834e+00
1.445400000000000240e+00
3.454999999999999738e-01
1.357999999999999763e-01
1.735000000000000431e-01
2.772999999999999909e-01
3.528999999999999915e-01
4.220999999999999197e-01
1.809000000000000052e-01
1.917999999999999983e-01
5.241000000000000103e-01
4.454000000000000181e-01
1.366999999999999882e-01
8.359999999999997988e-02
1.131999999999999951e-01
3.610000000000004872e-02
6.430000000000002380e-02
1.108999999999999847e-01
6.110000000000002929e-02
6.760000000000000731e-02
1.602000000000000091e-01
6.770000000000003793e-02
1.203999999999999793e-01
9.379999999999999449e-02
4.889999999999999902e-02
1.129999999999999755e-01
1.439000000000000001e-01
1.257000000000000339e-01
9.360000000000000264e-02
7.870000000000001994e-02
4.650999999999999579e-01
6.463000000000000966e-01
4.437000000000000943e-01
1.151000000000000079e-01
1.093000000000000221e-01
5.030000000000001137e-02
8.339999999999994640e-02
1.156999999999999834e-01
1.348000000000000309e-01
5.239999999999998825e-02
5.919999999999999568e-02
4.950000000000000233e-02
3.449999999999998901e-02
4.279999999999999083e-02
6.289999999999999758e-02
1.922999999999999710e-01
4.339999999999998026e-02
7.739999999999998270e-02
1.047000000000000153e-01
1.352000000000000424e-01
9.009999999999998566e-02
7.709999999999997411e-02
8.710000000000003850e-02
1.427999999999999825e-01
6.949999999999999234e-02
7.790000000000001090e-02
2.098999999999999755e-01
1.222999999999999921e-01
5.930000000000003324e-02
1.572000000000000064e-01
2.439000000000000057e-01
1.010999999999999954e-01
5.220000000000003110e-02
7.890000000000003955e-02
1.125999999999999363e-01
4.349999999999992761e-02
2.018999999999999961e-01
1.227900000000000214e+00
3.232999999999999763e-01
8.210000000000008957e-02
9.360000000000001652e-02
7.430000000000003268e-02
2.344999999999999307e-01
2.708000000000000407e-01
1.422999999999999821e-01
3.881000000000000005e-01
1.946000000000000507e-01
1.759999999999999898e-01
9.360000000000000264e-02
1.315000000000000335e-01
1.026000000000000523e-01
1.247999999999999943e-01
6.770000000000006568e-02
1.044999999999999818e-01
3.827000000000000401e-01
3.896999999999999353e-01
2.403000000000000136e-01
2.934999999999999831e-01
2.553999999999999604e-01
1.470999999999999808e-01
5.580000000000004401e-02
2.432000000000000273e-01
2.054000000000000270e-01
1.127000000000000224e-01
2.308999999999999941e-01
1.844999999999999973e-01
9.890000000000002955e-02
1.019000000000000183e-01
6.929999999999995886e-02
1.047000000000000430e-01
7.579000000000000181e-01
7.683999999999999719e-01
3.424999999999999711e-01
2.603999999999999648e-01
4.124999999999999778e-01
1.477999999999999869e-01
1.555999999999999606e-01
1.587999999999999690e-01
1.214000000000000079e-01
1.660000000000000087e-01
5.330000000000000709e-02
4.710000000000000298e-02
1.180999999999999550e-01
1.581999999999999795e-01
1.264000000000000123e-01
4.950000000000006478e-02
4.500000000000000527e-02
9.440000000000003944e-02
4.330000000000007454e-02
1.308999999999999608e-01
7.010000000000005116e-02
1.193999999999999367e-01
1.081000000000000433e-01
1.855999999999999872e-01
8.959999999999998521e-02
2.057000000000000217e-01
2.983999999999999986e-01
1.552999999999999658e-01
1.207000000000000017e-01
1.124000000000000138e-01
1.127000000000000224e-01
3.230000000000002314e-02
8.079999999999998295e-02
1.496999999999999997e-01
5.040000000000000729e-02
1.033000000000000168e-01
1.080999999999999739e-01
8.340000000000000191e-02
1.391999999999999627e-01
4.489999999999992608e-02
1.449999999999999900e-01
5.330000000000002791e-02
1.017000000000000126e-01
5.569999999999999951e-02
1.130999999999999506e-01
3.999999999999995920e-02
7.689999999999999614e-02
6.219999999999995671e-02
1.054999999999999549e-01
9.959999999999996634e-02
1.587000000000000077e-01
7.499999999999999722e-02
9.389999999999998348e-02
1.373999999999999944e-01
1.059000000000000080e-01
4.359999999999998599e-02
8.670000000000002705e-02
4.489999999999993302e-02
2.276999999999999857e-01
2.529000000000000692e-01
1.765000000000000180e-01
2.699999999999993378e-02
6.780000000000005467e-02
6.959999999999996745e-02
1.544999999999999429e-01
1.555000000000000271e-01
8.940000000000003499e-02
1.256000000000000727e-01
3.220000000000002027e-02
5.470000000000000556e-02
4.610000000000003678e-02
2.796000000000000152e-01
1.604000000000000148e-01
2.005999999999998895e-01
3.082000000000000295e-01
1.488999999999999768e-01
1.727999999999999536e-01
2.323000000000000342e-01
1.078000000000000347e-01
1.454999999999999627e-01
1.970999999999999974e-01
1.027999999999999609e-01
1.311999999999999833e-01
1.570000000000000562e-01
1.343000000000000860e-01
1.938000000000000278e-01
1.544000000000000372e-01
2.171000000000000152e-01
2.037999999999999257e-01
1.185000000000000220e-01
1.858000000000000207e-01
2.346999999999999642e-01
1.950999999999999401e-01
2.279999999999999527e-01
1.777999999999999026e-01
1.133000000000000118e-01
1.066999999999999754e-01
1.605000000000000038e-01
4.634000000000000341e-01
3.620999999999999219e-01
1.695999999999999175e-01
2.671999999999999931e-01
4.215000000000000413e-01
1.288000000000000256e-01
1.190000000000000502e-01
5.120000000000003021e-02
4.929999999999996885e-02
7.640000000000005120e-02
1.696000000000000840e-01
1.065000000000000668e-01
1.429999999999999050e-01
7.210000000000010845e-02
4.599999999999995759e-02
7.879999999999995342e-02
5.299999999999997768e-02
9.519999999999996521e-02
8.619999999999997109e-02
9.480000000000000926e-02
5.660000000000001141e-02
4.820000000000002061e-02
1.526999999999999469e-01
5.489999999999993496e-02
3.843999999999998529e-01
1.701000000000000567e-01
1.102000000000000479e-01
2.900000000000008127e-02
1.203000000000001013e-01
1.074000000000000232e-01
1.273000000000000242e-01
7.380000000000006000e-02
1.599999999999998646e-01
1.428999999999999992e-01
8.250000000000010103e-02
1.473999999999999200e-01
1.195000000000000784e-01
9.859999999999990994e-02
1.171999999999999154e-01
7.709999999999998799e-02
1.122000000000000081e-01
