4.061000000000000165e-01
3.431000000000000161e-01
4.643000000000000460e-01
5.288000000000000478e-01
5.899999999999999689e-02
2.331000000000000294e-01
4.435999999999999943e-01
2.332000000000000184e-01
4.998000000000000220e-01
2.532999999999999696e-01
2.358000000000000096e-01
5.450999999999999179e-01
2.101000000000000090e-01
5.889999999999999680e-01
2.510000000000000009e-01
5.351000000000000201e-01
1.696000000000000285e-01
5.212999999999999856e-01
1.888000000000000234e-01
5.214999999999999636e-01
1.939000000000000168e-01
5.261000000000000121e-01
2.700000000000000178e-01
6.212999999999999634e-01
2.412999999999999867e-01
7.298000000000000043e-01
1.416999999999999926e-01
4.533000000000000362e-01
3.567000000000000171e-01
5.360000000000000320e-01
2.819999999999999729e-01
2.857000000000000095e-01
2.889999999999999791e-01
3.594000000000000528e-01
3.628000000000000114e-01
6.704999999999999849e-01
2.761000000000000121e-01
4.629000000000000337e-01
8.480000000000000038e-02
5.639000000000000679e-01
2.194000000000000394e-01
4.390999999999999903e-01
2.379999999999999893e-01
4.330000000000000515e-01
2.104000000000000314e-01
5.611000000000000432e-01
2.208999999999999853e-01
4.726000000000000201e-01
3.462000000000000077e-01
3.870000000000000107e-01
6.008000000000000007e-01
3.664999999999999925e-01
4.345999999999999863e-01
9.690000000000001390e-02
3.714000000000000079e-01
4.899000000000000576e-01
3.488999999999999879e-01
5.536000000000000920e-01
3.205999999999999961e-01
3.820000000000000062e-01
3.675999999999999268e-01
3.704999999999999960e-01
3.134000000000000119e-01
3.615000000000000435e-01
2.419000000000000039e-01
4.551000000000000045e-01
3.821999999999999842e-01
5.584000000000000075e-01
2.188999999999999835e-01
4.939999999999999947e-01
2.525000000000000022e-01
2.525999999999999912e-01
3.544999999999999818e-01
2.081999999999999962e-01
6.317000000000000393e-01
2.053999999999999992e-01
5.729999999999999538e-01
3.128999999999999559e-01
2.477000000000000035e-01
3.812999999999999723e-01
3.533999999999999919e-01
6.369000000000000217e-01
2.631000000000000005e-01
5.374000000000000998e-01
5.513000000000000123e-01
4.548999999999999710e-01
4.268999999999999462e-01
5.564000000000000057e-01
3.604000000000000536e-01
4.501999999999999336e-01
5.281000000000000139e-01
6.381000000000000005e-01
1.424000000000000266e-01
4.853999999999999426e-01
1.644000000000000183e-01
4.377999999999999670e-01
2.007999999999999785e-01
1.350999999999999979e-01
1.276999999999999802e-01
1.935999999999999943e-01
3.277999999999999803e-01
1.232000000000000040e-01
1.054000000000000076e-01
2.159999999999999976e-01
1.188999999999999779e-01
2.752999999999999892e-01
3.766999999999999793e-01
3.047000000000000264e-01
2.903999999999999915e-01
2.726000000000000090e-01
3.996000000000000663e-01
3.360999999999999543e-01
3.837999999999999745e-01
3.716999999999999749e-01
2.279999999999999805e-01
4.158999999999999919e-01
1.250000000000000000e-01
3.812999999999999723e-01
4.130000000000000338e-01
