2.530999999999999917e-01
2.253999999999999893e-01
2.134999999999999953e-01
4.158000000000000029e-01
3.872999999999999776e-01
5.927000000000000046e-01
2.717000000000000526e-01
3.094000000000000083e-01
1.216000000000000136e-01
8.589999999999999025e-02
2.367999999999999827e-01
5.353000000000001091e-01
3.985999999999999543e-01
4.378000000000000225e-01
3.695000000000000506e-01
2.585000000000000075e-01
2.066999999999999948e-01
3.655999999999999805e-01
1.808999999999999775e-01
3.128000000000000225e-01
2.570000000000000062e-01
2.942000000000000171e-01
1.443000000000000116e-01
2.615999999999999992e-01
2.607999999999999763e-01
5.493000000000000105e-01
3.841000000000000525e-01
2.902000000000000690e-01
4.990000000000001101e-01
2.423000000000000431e-01
1.826999999999999735e-01
2.465999999999999859e-01
4.976999999999999758e-01
3.627000000000000224e-01
3.618999999999999995e-01
3.850999999999999979e-01
4.257999999999999563e-01
2.149000000000000354e-01
1.566000000000000170e-01
2.905000000000000360e-01
3.239999999999999825e-02
1.044999999999999957e-01
1.544999999999999984e-01
1.490000000000000213e-01
2.262999999999999734e-01
1.683000000000000052e-01
3.419999999999999707e-01
4.584000000000000297e-01
3.557000000000000162e-01
2.654000000000000248e-01
4.888999999999999457e-01
3.846999999999999864e-01
1.349999999999999811e-01
1.544999999999999984e-01
1.934999999999999776e-01
1.722000000000000197e-01
1.161000000000000087e-01
6.800000000000000488e-02
1.595999999999999919e-01
2.573000000000000287e-01
3.295000000000000151e-01
2.376999999999999946e-01
1.697000000000000175e-01
1.115999999999999909e-01
2.595000000000000084e-01
1.307999999999999996e-01
4.228000000000000091e-01
3.916000000000000592e-01
3.467000000000000082e-01
2.486999999999999766e-01
2.884999999999999787e-01
3.524000000000000465e-01
3.367999999999999883e-01
2.827000000000000068e-01
1.838999999999999801e-01
2.635000000000000120e-01
3.005999999999999783e-01
3.757999999999999674e-01
4.377999999999999670e-01
8.080000000000000515e-01
5.298000000000000487e-01
5.464999999999999858e-01
5.388000000000000567e-01
6.342999999999999750e-01
2.923999999999999932e-01
2.165999999999999870e-01
3.457000000000000073e-01
3.316000000000000059e-01
3.900000000000000688e-01
5.708999999999999631e-01
4.159000000000000474e-01
3.461999999999999522e-01
2.774000000000000354e-01
2.253000000000000280e-01
2.115999999999999825e-01
2.198999999999999844e-01
1.823999999999999788e-01
1.656999999999999862e-01
3.160999999999999921e-01
2.731000000000000094e-01
2.766999999999999460e-01
3.142000000000000348e-01
2.574000000000000177e-01
3.312000000000000499e-01
2.232999999999999985e-01
2.964999999999999858e-01
3.346000000000000640e-01
1.743999999999999995e-01
2.374999999999999889e-01
2.159999999999999976e-01
8.059999999999999387e-01
5.055000000000000604e-01
4.422000000000000375e-01
1.753000000000000114e-01
4.971999999999999753e-01
1.824999999999999956e-01
1.701999999999999902e-01
3.593999999999999972e-01
2.993999999999999995e-01
