1.073999999999999955e-01
8.340000000000000191e-02
1.498000000000000165e-01
1.574000000000000121e-01
1.756999999999999951e-01
1.621000000000000218e-01
1.401000000000000023e-01
1.874000000000000110e-01
1.199999999999999956e-01
1.648000000000000020e-01
4.850000000000000838e-02
1.650999999999999968e-01
6.130000000000000032e-02
1.631000000000000227e-01
1.318000000000000005e-01
7.250000000000000888e-02
1.273999999999999855e-01
1.880999999999999894e-01
2.545000000000000040e-01
1.816999999999999726e-01
7.779999999999999416e-02
9.969999999999998308e-02
1.074999999999999983e-01
1.850999999999999868e-01
6.350000000000000089e-02
1.257000000000000062e-01
1.786999999999999700e-01
4.315999999999999837e-01
4.551000000000000045e-01
3.524000000000000465e-01
2.049999999999999878e-01
1.776000000000000079e-01
1.036000000000000115e-01
1.297000000000000097e-01
7.689999999999998226e-02
7.959999999999999021e-02
6.880000000000000004e-02
1.566999999999999782e-01
7.259999999999999787e-02
1.723999999999999977e-01
1.502000000000000002e-01
2.170000000000000054e-02
7.760000000000000231e-02
1.352000000000000146e-01
1.332000000000000128e-01
1.277999999999999969e-01
8.549999999999999267e-02
2.530000000000000027e-01
1.219999999999999973e-01
1.401999999999999913e-01
2.630000000000000740e-02
1.222000000000000031e-01
1.130999999999999922e-01
1.215999999999999998e-01
1.554999999999999993e-01
7.259999999999999787e-02
9.009999999999998566e-02
1.046000000000000124e-01
1.357000000000000151e-01
6.509999999999999121e-02
8.049999999999998823e-02
7.200000000000000844e-02
7.169999999999998597e-02
1.912999999999999978e-01
8.140000000000000013e-02
1.779000000000000026e-01
1.016999999999999849e-01
1.050999999999999851e-01
1.932999999999999996e-01
8.400000000000000522e-02
1.270999999999999908e-01
2.543000000000000260e-01
1.685000000000000109e-01
1.617999999999999994e-01
5.050000000000000322e-02
6.289999999999999758e-02
1.532999999999999918e-01
4.580999999999999517e-01
2.557999999999999718e-01
3.688000000000000167e-01
1.166999999999999843e-01
1.264000000000000123e-01
9.129999999999999227e-02
1.104000000000000120e-01
1.838000000000000189e-01
1.229000000000000231e-01
8.920000000000000151e-02
1.525999999999999857e-01
8.880000000000000393e-02
5.690000000000000613e-02
1.410000000000000142e-01
5.549999999999999378e-02
8.310000000000000719e-02
8.609999999999999598e-02
1.010000000000000064e-01
1.692999999999999783e-01
1.705999999999999739e-01
9.170000000000001761e-02
2.368999999999999995e-01
1.183000000000000163e-01
1.843000000000000194e-01
9.699999999999997513e-02
2.479000000000000092e-01
9.110000000000002818e-02
2.072999999999999843e-01
1.035999999999999838e-01
9.029999999999999138e-02
1.325999999999999956e-01
2.064999999999999891e-01
3.492999999999999994e-01
2.537000000000000366e-01
3.037000000000000255e-01
9.460000000000000353e-02
2.717999999999999861e-01
3.791999999999999815e-01
1.756999999999999951e-01
3.227000000000000424e-01
1.597999999999999976e-01
1.461000000000000076e-01
