2.132999999999999896e-01
2.878000000000000003e-01
2.533000000000000251e-01
2.137999999999999901e-01
1.925999999999999934e-01
2.526999999999999802e-01
3.702999999999999625e-01
4.661999999999999478e-01
2.756000000000000116e-01
1.368000000000000049e-01
1.882999999999999674e-01
2.523999999999999577e-01
2.170999999999999874e-01
6.809999999999999387e-02
2.692999999999999838e-01
2.067999999999999838e-01
2.434000000000000052e-01
4.828999999999999959e-01
5.129000000000000226e-01
3.195999999999999952e-01
6.010000000000000064e-02
1.585000000000000020e-01
1.372999999999999776e-01
4.279000000000000581e-01
4.832000000000000184e-01
5.406999999999999584e-01
3.614000000000000545e-01
1.944000000000000172e-01
2.290000000000000369e-01
1.920000000000000040e-01
2.041000000000000036e-01
3.971999999999999420e-01
2.599000000000000199e-01
3.123000000000000220e-01
2.804999999999999716e-01
2.207000000000000073e-01
2.164999999999999980e-01
1.409000000000000252e-01
2.492999999999999938e-01
1.686000000000000276e-01
1.973999999999999921e-01
2.230000000000000315e-01
1.968999999999999917e-01
2.144999999999999962e-01
1.080999999999999739e-01
2.583999999999999631e-01
5.430000000000000382e-01
7.569000000000001283e-01
2.935999999999999721e-01
4.073999999999999844e-01
1.236000000000000154e-01
2.431000000000000105e-01
6.089999999999998886e-02
2.155999999999999861e-01
3.019999999999999907e-01
2.457000000000000017e-01
9.410000000000000309e-02
1.982000000000000151e-01
3.194000000000000172e-01
1.617999999999999994e-01
1.698999999999999955e-01
2.443000000000000171e-01
2.837000000000000077e-01
5.790000000000000702e-01
5.322999999999999954e-01
3.812999999999999723e-01
3.713000000000000189e-01
3.626999999999999114e-01
3.708000000000000185e-01
3.371999999999999997e-01
3.042000000000000259e-01
2.185000000000000275e-01
4.027000000000000579e-01
6.383000000000000895e-01
2.526999999999999802e-01
1.953999999999999904e-01
1.053000000000000047e-01
1.745999999999999774e-01
1.556000000000000161e-01
1.696000000000000285e-01
3.064000000000000057e-01
3.486000000000000210e-01
1.617000000000000104e-01
2.270999999999999686e-01
2.054000000000000270e-01
3.728000000000000203e-01
1.343000000000000305e-01
1.836000000000000409e-01
4.517000000000001014e-01
3.691999999999999726e-01
2.849000000000000421e-01
2.242000000000000104e-01
4.471999999999999864e-01
7.208000000000001073e-01
4.699000000000000399e-01
2.253000000000000003e-01
1.632000000000000117e-01
1.220000000000000112e-01
2.037000000000000199e-01
4.389999999999999458e-02
1.826999999999999735e-01
1.213999999999999940e-01
2.983999999999999986e-01
2.946000000000000285e-01
2.454999999999999960e-01
1.486000000000000099e-01
2.371999999999999942e-01
2.700000000000000178e-01
4.709000000000000408e-01
3.915000000000000147e-01
2.411999999999999977e-01
9.279999999999999361e-02
1.617999999999999994e-01
1.632000000000000117e-01
3.275000000000000133e-01
6.759999999999999343e-01
5.866999999999999993e-01
1.773000000000000131e-01
5.073999999999999622e-01
