1.324000000000000177e-01
1.319000000000000172e-01
1.680999999999999994e-01
1.085000000000000131e-01
2.981000000000000316e-01
2.097999999999999865e-01
3.598999999999999977e-01
4.895000000000000462e-01
2.851000000000000201e-01
4.000000000000000222e-01
3.651000000000000356e-01
2.071000000000000341e-01
2.902999999999999470e-01
9.149999999999999800e-02
1.865999999999999881e-01
1.334999999999999798e-01
1.436999999999999944e-01
6.176999999999999158e-01
2.282999999999999197e-01
4.273000000000000131e-01
1.755999999999999783e-01
2.769000000000000350e-01
2.381999999999999951e-01
1.108000000000000096e-01
2.195999999999999897e-01
1.718000000000000360e-01
1.966999999999999305e-01
1.611000000000000210e-01
1.413999999999999979e-01
2.532000000000000361e-01
3.388000000000000456e-01
1.677000000000000157e-01
9.240000000000002378e-02
1.060999999999999721e-01
1.683000000000000329e-01
7.320000000000000118e-02
1.118999999999999995e-01
1.514000000000000068e-01
8.250000000000003164e-02
7.159999999999996922e-02
1.341999999999999860e-01
1.487999999999999878e-01
1.026999999999999996e-01
1.693000000000000060e-01
3.798000000000000265e-01
4.812999999999999501e-01
4.938999999999999502e-01
2.012999999999999790e-01
1.927000000000000379e-01
1.524999999999999689e-01
1.563999999999999835e-01
1.199000000000000205e-01
2.269000000000000183e-01
8.740000000000000546e-02
9.749999999999998945e-02
1.293999999999999873e-01
3.995000000000000773e-01
2.872000000000000108e-01
1.779999999999999916e-01
3.455000000000000293e-01
1.996000000000000552e-01
2.738999999999999768e-01
2.006000000000000005e-01
2.555000000000000049e-01
9.750000000000000333e-02
1.885000000000000564e-01
1.322999999999999732e-01
1.277000000000000357e-01
1.397000000000000464e-01
1.465000000000000469e-01
4.395000000000000573e-01
4.531999999999999362e-01
3.094000000000000083e-01
3.190999999999999948e-01
2.620000000000000107e-01
3.278000000000000358e-01
5.030000000000000027e-01
4.538000000000000367e-01
3.830000000000000071e-01
2.922000000000000708e-01
2.647000000000000464e-01
4.737000000000000099e-01
1.643000000000000294e-01
9.554999999999997939e-01
2.832000000000001738e-01
4.625999999999999002e-01
4.904000000000001136e-01
2.534000000000001807e-01
1.878999999999999559e-01
3.447000000000000064e-01
3.358000000000000984e-01
1.766999999999999127e-01
1.370999999999998609e-01
9.120000000000015594e-02
1.983000000000001428e-01
2.019999999999999574e-01
1.363999999999999102e-01
2.140999999999999293e-01
1.571000000000000174e-01
2.691000000000000059e-01
1.787000000000000255e-01
2.468000000000000194e-01
1.166000000000001341e-01
6.581999999999998963e-01
2.211000000000001298e-01
5.513000000000000123e-01
4.551000000000000600e-01
2.230000000000000593e-01
3.059000000000000608e-01
4.702999999999999403e-01
5.707999999999999741e-01
4.730000000000000315e-01
3.412000000000001143e-01
1.082999999999999796e-01
1.923000000000000542e-01
5.330000000000002791e-02
1.670000000000000095e-01
1.479000000000000314e-01
2.430999999999999828e-01
