1.475999999999999812e-01
2.904999999999999249e-01
2.816000000000000170e-01
4.157999999999999474e-01
2.368999999999999995e-01
2.621999999999999886e-01
2.731000000000000094e-01
7.560000000000000053e-02
5.240999999999998993e-01
1.980999999999999983e-01
5.232999999999999874e-01
2.196000000000000174e-01
3.649000000000000021e-01
3.382999999999999896e-01
1.952000000000000124e-01
4.616999999999999993e-01
1.061000000000000137e-01
1.981999999999999873e-01
7.159999999999999698e-02
3.404999999999999694e-01
2.002999999999999781e-01
9.490000000000002600e-02
3.274000000000000243e-01
3.312000000000000499e-01
3.330000000000000737e-01
4.557999999999999829e-01
4.900999999999999801e-01
4.303000000000000158e-01
5.713000000000000300e-01
4.204999999999999849e-01
8.302000000000000490e-01
3.463999999999999857e-01
5.557000000000000828e-01
4.080000000000000293e-01
5.622000000000000330e-01
2.114999999999999658e-01
6.568999999999999284e-01
2.907000000000000139e-01
5.223999999999999755e-01
2.540999999999999925e-01
4.241000000000000325e-01
6.973000000000000309e-01
4.339999999999999969e-01
8.049999999999998823e-02
5.889999999999999680e-01
9.243999999999999995e-01
3.903999999999999693e-01
2.657999999999999807e-01
3.038000000000000145e-01
3.009000000000000008e-01
2.465999999999999859e-01
4.324000000000000621e-01
4.037000000000000033e-01
2.944999999999999840e-01
3.639000000000000012e-01
1.854999999999999982e-01
3.521999999999999575e-01
1.602000000000000091e-01
1.704000000000000237e-01
2.897000000000000131e-01
1.580000000000000293e-01
7.399000000000000021e-01
3.440000000000000280e-01
6.517999999999999350e-01
6.304000000000000714e-01
2.850000000000000311e-01
6.478999999999999204e-01
4.757000000000000117e-01
4.072999999999999954e-01
5.334000000000000963e-01
5.901999999999999469e-01
8.110000000000000542e-02
5.104999999999999538e-01
2.054999999999999882e-01
2.565999999999999948e-01
2.908999999999999919e-01
1.020000000000000073e-01
1.968000000000000027e-01
1.049999999999999961e-01
2.331999999999999906e-01
3.123000000000000220e-01
3.513999999999999901e-01
4.352000000000000313e-01
4.102000000000000091e-01
2.646999999999999909e-01
5.567999999999999616e-01
4.331000000000000405e-01
5.070000000000000062e-01
6.246000000000000441e-01
2.183000000000000496e-01
4.604999999999999649e-01
2.746999999999999997e-01
4.130000000000000338e-01
1.987000000000000155e-01
1.650999999999999690e-01
6.875999999999999890e-01
4.332000000000000850e-01
8.513999999999999346e-01
6.402000000000001023e-01
1.638999999999999901e-01
4.781999999999999584e-01
3.799000000000000155e-01
5.987999999999999989e-01
1.085900000000000087e+00
4.448000000000000842e-01
4.516000000000000014e-01
2.781000000000000139e-01
4.452000000000000401e-01
8.561000000000000831e-01
1.081099999999999950e+00
3.431000000000000161e-01
4.696000000000000174e-01
2.470000000000000251e-01
3.148999999999999577e-01
1.295599999999999863e+00
5.245999999999999552e-01
1.544499999999999984e+00
1.037900000000000045e+00
3.075999999999999845e-01
