1.396000000000000019e-01
1.214999999999999969e-01
1.553999999999999826e-01
1.699000000000000232e-01
2.417999999999999872e-01
1.893999999999999850e-01
2.461000000000000132e-01
3.962000000000000521e-01
4.243999999999999995e-01
4.341000000000000414e-01
2.607999999999999763e-01
1.897999999999999965e-01
1.058000000000000052e-01
8.390000000000001623e-02
1.504000000000000059e-01
6.333999999999998520e-01
5.994999999999999218e-01
5.484999999999999876e-01
4.656000000000000139e-01
1.358999999999999930e-01
5.339999999999999608e-02
8.319999999999999618e-02
9.230000000000002092e-02
1.157000000000000112e-01
3.903999999999999693e-01
1.802999999999999881e-01
5.095000000000000639e-01
2.532000000000000361e-01
1.063999999999999946e-01
1.374999999999999833e-01
1.169000000000000039e-01
6.129999999999999893e-01
3.632000000000000228e-01
3.656000000000000361e-01
2.738999999999999768e-01
7.349999999999999589e-02
1.600999999999999646e-01
1.076999999999999902e-01
1.638999999999999901e-01
2.328000000000000347e-01
1.098400000000000043e+00
1.183599999999999985e+00
9.720999999999999641e-01
9.111000000000000210e-01
3.230999999999999983e-01
1.927999999999999714e-01
1.396000000000000019e-01
1.026999999999999996e-01
1.152000000000000107e-01
1.307000000000000106e-01
3.029000000000000026e-01
3.182999999999999718e-01
2.501999999999999780e-01
2.596999999999999864e-01
1.189999999999999947e-01
1.767999999999999849e-01
8.589999999999999025e-02
1.804000000000000048e-01
9.879999999999999893e-02
4.984999999999999432e-01
3.552000000000000157e-01
1.120400000000000063e+00
1.049399999999999888e+00
6.189999999999999947e-01
6.304999999999999494e-01
1.279000000000000137e-01
1.084000000000000241e-01
2.370000000000000231e-02
3.320000000000000034e-02
1.215000000000000108e-01
8.319999999999999618e-02
9.599999999999998812e-02
6.709999999999999298e-02
7.459999999999999964e-02
7.949999999999998734e-02
1.839999999999999969e-01
1.365999999999999992e-01
2.161000000000000143e-01
8.640000000000001845e-02
2.008000000000000063e-01
3.034000000000000030e-01
6.161999999999999700e-01
4.425000000000000600e-01
4.733999999999999320e-01
2.396000000000000074e-01
1.643999999999999906e-01
1.183999999999999914e-01
7.649999999999999856e-02
1.367000000000000159e-01
1.839999999999999969e-01
8.130000000000001115e-02
1.665000000000000091e-01
1.192999999999999894e-01
3.205000000000000071e-01
2.204000000000000403e-01
1.088800000000000212e+00
9.546999999999999931e-01
8.999000000000000332e-01
5.641000000000000458e-01
9.740000000000000047e-02
8.900000000000000966e-02
8.800000000000002265e-02
7.169999999999999984e-02
1.367000000000000159e-01
1.028000000000000025e-01
6.719999999999999585e-02
1.627000000000000113e-01
3.119999999999999857e-02
1.295000000000000040e-01
1.339000000000000190e-01
7.630000000000000671e-02
8.179999999999999771e-02
5.249999999999999806e-02
5.800000000000000294e-02
2.938999999999999946e-01
1.060799999999999965e+00
7.174999999999999156e-01
8.717000000000000304e-01
1.669199999999999795e+00
