3.114999999999999991e-01
3.364000000000000323e-01
5.324999999999999734e-01
7.459999999999999964e-01
6.401000000000001133e-01
1.596500000000000030e+00
1.151499999999999968e+00
6.990999999999999437e-01
6.429000000000000270e-01
3.024000000000000021e-01
1.496700000000000141e+00
1.165799999999999947e+00
4.150000000000000355e-01
1.015500000000000069e+00
6.204000000000000625e-01
9.067000000000000615e-01
6.229999999999999982e-01
6.740000000000000435e-01
6.908000000000000806e-01
2.586999999999999855e-01
7.539000000000000146e-01
9.309999999999999387e-01
7.260999999999999677e-01
2.505000000000000004e-01
1.138600000000000279e+00
7.562999999999999723e-01
1.448000000000000176e+00
1.362700000000000244e+00
1.279999999999999805e+00
1.153899999999999926e+00
6.087000000000000188e-01
3.928000000000000380e-01
5.750999999999999446e-01
7.611999999999999877e-01
1.688700000000000090e+00
2.263799999999999812e+00
9.596000000000000085e-01
1.442199999999999926e+00
1.716300000000000159e+00
1.018600000000000172e+00
1.358500000000000263e+00
1.578100000000000058e+00
8.808000000000000274e-01
1.280499999999999972e+00
7.080999999999999517e-01
5.574999999999999956e-01
2.311000000000000276e-01
4.955000000000000515e-01
9.995999999999999330e-01
7.291000000000000814e-01
6.934000000000000163e-01
5.258000000000000451e-01
1.307799999999999851e+00
1.680099999999999927e+00
1.680000000000000104e-01
7.130000000000000782e-01
5.359000000000000430e-01
5.210000000000000187e-01
5.640999999999999348e-01
4.833000000000000074e-01
1.358200000000000074e+00
7.826999999999999513e-01
9.212999999999998968e-01
2.127999999999999614e-01
1.006400000000000183e+00
6.290000000000000036e-01
2.206999999999999851e+00
3.702000000000000290e-01
1.145499999999999963e+00
7.084000000000001407e-01
1.399499999999999966e+00
2.996000000000000885e-01
1.172700000000000076e+00
3.475999999999999646e-01
1.039699999999999847e+00
8.125999999999999890e-01
1.458699999999999886e+00
1.421899999999999942e+00
3.697000000000000286e-01
1.044299999999999784e+00
1.322500000000000231e+00
1.288999999999999868e-01
1.351299999999999946e+00
2.750999999999999557e-01
1.087299999999999933e+00
9.628999999999999782e-01
1.063899999999999846e+00
1.432400000000000118e+00
1.413200000000000012e+00
1.037799999999999834e+00
1.787900000000000045e+00
9.493000000000000327e-01
1.524299999999999988e+00
3.744000000000000106e-01
7.180999999999999606e-01
8.865000000000000657e-01
2.729000000000000314e-01
1.056200000000000028e+00
9.082999999999999963e-01
8.394999999999999130e-01
1.425399999999999778e+00
3.799000000000000155e-01
6.670000000000000373e-01
7.365999999999999215e-01
1.159399999999999986e+00
1.739799999999999791e+00
8.766999999999999238e-01
1.719500000000000028e+00
1.066900000000000182e+00
3.104999999999999538e+00
8.741999999999998661e-01
2.704300000000000370e+00
5.990999999999999659e-01
1.436800000000000077e+00
8.983999999999999764e-01
9.866000000000000325e-01
4.727000000000000091e-01
6.120999999999999774e-01
9.573999999999999178e-01
