3.215999999999999970e-01
1.743999999999999995e-01
4.193000000000000060e-01
1.926000000000000212e-01
9.270000000000000462e-02
3.377000000000000002e-01
2.560999999999999943e-01
2.021999999999999909e-01
2.642999999999999794e-01
4.123999999999999888e-01
5.583000000000000185e-01
3.281000000000000028e-01
3.815999999999999948e-01
5.183999999999999719e-01
3.429999999999999716e-01
4.296999999999999709e-01
4.773999999999999910e-01
2.968999999999999417e-01
2.283000000000000029e-01
3.280000000000000138e-01
1.660999999999999976e-01
2.478000000000000203e-01
2.089000000000000024e-01
3.886999999999999345e-01
3.966999999999999971e-01
2.694000000000000283e-01
4.839999999999999858e-01
3.211000000000000520e-01
1.855999999999999872e-01
3.790999999999999925e-01
2.246000000000000218e-01
3.183000000000000274e-01
3.796000000000000485e-01
1.512999999999999901e-01
5.899999999999999689e-01
9.402999999999999137e-01
4.848999999999999977e-01
4.809999999999999831e-01
4.918000000000000149e-01
1.470999999999999808e-01
2.837000000000000077e-01
3.701999999999999735e-01
3.758000000000000229e-01
3.437999999999999945e-01
4.111000000000000210e-01
3.915000000000000147e-01
1.814000000000000057e-01
2.258000000000000007e-01
3.786999999999999811e-01
4.096999999999999531e-01
3.504000000000000448e-01
4.870000000000000440e-01
1.867999999999999938e-01
2.775999999999999579e-01
2.994999999999999885e-01
1.496999999999999997e-01
2.965000000000000413e-01
2.212000000000000077e-01
2.464000000000000079e-01
2.011000000000000287e-01
2.556000000000000494e-01
1.426000000000000045e-01
2.336999999999999911e-01
1.970999999999999974e-01
2.008999999999999952e-01
2.147999999999999909e-01
1.454000000000000292e-01
3.283000000000000362e-01
2.597999999999999754e-01
3.866999999999999327e-01
3.791000000000000481e-01
2.565000000000000058e-01
3.861999999999999877e-01
1.280000000000000027e-01
2.363999999999999990e-01
1.807000000000000273e-01
1.367000000000000159e-01
3.127000000000000335e-01
2.401000000000000079e-01
2.056999999999999940e-01
3.906000000000000583e-01
3.994999999999999662e-01
2.723999999999999755e-01
3.232000000000000428e-01
3.189000000000000168e-01
3.426000000000000156e-01
4.569999999999999618e-01
2.253999999999999893e-01
2.368000000000000105e-01
1.437999999999999834e-01
2.028999999999999693e-01
3.878000000000000336e-01
2.692999999999999838e-01
2.172999999999999932e-01
3.246999999999999886e-01
1.704999999999999849e-01
2.462000000000000022e-01
9.729999999999999760e-02
1.768000000000000127e-01
1.559999999999999998e-01
2.985999999999999766e-01
3.377999999999999892e-01
2.586999999999999855e-01
3.585000000000000409e-01
1.771999999999999686e-01
3.191999999999999282e-01
2.485999999999999877e-01
4.635999999999999566e-01
1.249999999999999861e-01
3.580999999999999739e-01
6.644999999999998685e-01
2.957000000000000184e-01
3.901000000000000023e-01
2.345999999999999752e-01
3.021999999999999686e-01
3.279000000000000248e-01
3.677000000000000268e-01
4.453000000000000291e-01
3.679999999999999938e-01
