6.529999999999999694e-02
8.809999999999999776e-02
4.989999999999999991e-02
2.920000000000000373e-02
1.245000000000000134e-01
9.030000000000000526e-02
1.325999999999999956e-01
7.169999999999999984e-02
1.574000000000000121e-01
1.298999999999999877e-01
1.001999999999999974e-01
1.593000000000000249e-01
1.846000000000000141e-01
1.428999999999999992e-01
2.064000000000000001e-01
1.013000000000000150e-01
1.659000000000000197e-01
6.789999999999998814e-02
1.696000000000000008e-01
1.345000000000000084e-01
2.003000000000000058e-01
1.799000000000000044e-01
1.052000000000000157e-01
1.247999999999999943e-01
1.161999999999999977e-01
1.456000000000000072e-01
1.218000000000000055e-01
2.001000000000000001e-01
8.440000000000000280e-02
9.729999999999999760e-02
1.244999999999999996e-01
1.695000000000000118e-01
1.557999999999999940e-01
6.459999999999999076e-02
1.035999999999999976e-01
1.360999999999999988e-01
1.791000000000000092e-01
7.780000000000000804e-02
7.770000000000000517e-02
5.790000000000000008e-02
6.740000000000000158e-02
1.232000000000000040e-01
1.121000000000000052e-01
1.640999999999999959e-01
1.400000000000000133e-01
1.005000000000000060e-01
7.739999999999999658e-02
1.238000000000000073e-01
6.959999999999999520e-02
1.203000000000000180e-01
4.740000000000001157e-02
3.694999999999999951e-01
1.053999999999999937e-01
2.129000000000000059e-01
1.378000000000000058e-01
1.325000000000000067e-01
1.441000000000000059e-01
1.688000000000000056e-01
4.620000000000000495e-02
1.195999999999999980e-01
7.300000000000000933e-02
9.419999999999999207e-02
1.141000000000000070e-01
1.173000000000000154e-01
1.069999999999999840e-01
2.272000000000000131e-01
2.308999999999999941e-01
4.720000000000000584e-02
1.134000000000000008e-01
1.761999999999999678e-01
1.637000000000000122e-01
1.400000000000000133e-01
1.451999999999999957e-01
1.699000000000000232e-01
2.035000000000000142e-01
1.799999999999999933e-01
1.067000000000000032e-01
1.677000000000000157e-01
1.384999999999999842e-01
1.284000000000000141e-01
1.168000000000000010e-01
1.455999999999999794e-01
1.446999999999999953e-01
1.645000000000000073e-01
1.629000000000000170e-01
8.129999999999999727e-02
7.649999999999998468e-02
1.103000000000000091e-01
1.107000000000000067e-01
1.189999999999999947e-01
2.132999999999999896e-01
1.443000000000000116e-01
8.880000000000001781e-02
1.760999999999999788e-01
2.386999999999999955e-01
1.456000000000000072e-01
2.425000000000000211e-01
2.204000000000000126e-01
1.434999999999999887e-01
8.290000000000000147e-02
7.949999999999998734e-02
1.958000000000000018e-01
7.190000000000001945e-02
2.585000000000000075e-01
1.507000000000000006e-01
1.320999999999999952e-01
1.188000000000000028e-01
8.860000000000001208e-02
6.939999999999998948e-02
8.159999999999999198e-02
6.979999999999998705e-02
1.306999999999999829e-01
1.139000000000000012e-01
9.540000000000001257e-02
8.990000000000000768e-02
7.919999999999999263e-02
1.043999999999999928e-01
6.310000000000001719e-02
8.940000000000000724e-02
