1.076000000000000012e-01
5.980000000000000593e-02
8.619999999999999885e-02
1.268000000000000238e-01
1.439000000000000001e-01
1.521000000000000130e-01
1.935999999999999943e-01
2.116000000000000103e-01
1.525000000000000244e-01
1.073000000000000065e-01
1.956999999999999851e-01
1.009000000000000036e-01
1.271999999999999797e-01
1.391000000000000014e-01
1.729999999999999871e-01
3.588999999999999968e-01
2.436000000000000110e-01
2.892000000000000126e-01
1.693000000000000060e-01
1.486000000000000099e-01
1.213000000000000050e-01
1.777999999999999858e-01
1.821999999999999731e-01
1.129000000000000004e-01
2.174000000000000377e-01
2.294999999999999818e-01
2.194999999999999729e-01
2.918000000000000038e-01
2.011999999999999900e-01
2.942000000000000171e-01
1.610999999999999654e-01
3.677999999999999603e-01
1.660999999999999976e-01
4.133000000000000007e-01
2.667999999999999816e-01
3.142000000000000348e-01
3.128999999999999559e-01
3.261000000000000010e-01
4.007999999999999341e-01
4.058999999999999830e-01
4.167000000000000148e-01
2.182999999999999940e-01
3.155000000000000027e-01
3.701999999999999735e-01
5.836999999999999966e-01
4.250999999999999779e-01
1.805999999999999828e-01
2.819000000000000394e-01
3.186000000000000498e-01
2.342000000000000193e-01
4.197000000000000730e-01
3.635999999999999788e-01
4.512000000000000455e-01
2.939000000000000501e-01
3.928000000000000380e-01
2.542999999999999705e-01
5.023999999999999577e-01
5.991999999999999549e-01
2.749000000000000332e-01
7.177999999999999936e-01
2.212999999999999967e-01
4.622999999999999887e-01
3.323999999999999733e-01
8.844000000000000750e-01
2.183000000000000496e-01
7.507000000000001450e-01
3.465999999999999637e-01
4.273000000000000131e-01
4.819999999999999840e-01
4.294999999999999374e-01
3.326999999999999957e-01
3.972999999999999865e-01
3.543000000000000038e-01
5.003999999999999559e-01
4.444000000000000172e-01
2.935999999999999721e-01
3.693999999999999506e-01
1.256700000000000150e+00
6.692000000000000171e-01
1.016100000000000003e+00
1.955000000000000071e-01
3.016999999999999682e-01
6.100000000000000977e-01
4.409999999999999476e-01
4.987000000000000322e-01
3.012999999999999567e-01
3.941000000000000059e-01
2.858000000000000540e-01
3.586999999999999633e-01
2.985999999999999766e-01
5.139000000000000234e-01
2.747999999999999887e-01
1.710000000000000131e-01
4.349999999999999423e-01
2.196000000000000174e-01
5.573000000000000176e-01
2.847999999999999976e-01
3.661999999999999700e-01
2.658000000000000362e-01
9.382999999999998009e-01
2.804999999999999716e-01
1.089700000000000113e+00
1.856999999999999762e-01
7.228999999999999870e-01
4.143999999999999906e-01
4.062000000000000055e-01
5.880000000000000782e-01
2.260999999999999954e-01
6.159999999999999920e-01
2.467000000000000304e-01
3.082999999999999630e-01
2.469999999999999973e-01
2.177999999999999936e-01
3.742000000000000326e-01
3.169000000000000150e-01
3.904000000000000248e-01
2.863999999999999879e-01
3.566999999999999615e-01
1.580000000000000016e-01
