3.135000000000000009e-01
2.336999999999999911e-01
2.676999999999999935e-01
1.230999999999999872e-01
9.689999999999998614e-02
2.303999999999999937e-01
3.679000000000000048e-01
3.138999999999999568e-01
2.752000000000000002e-01
2.641000000000000014e-01
1.088000000000000078e-01
2.540000000000000036e-01
2.842000000000000082e-01
2.827999999999999958e-01
6.669999999999999540e-02
1.752000000000000224e-01
2.558000000000000274e-01
1.396000000000000019e-01
2.012999999999999790e-01
1.398999999999999966e-01
1.090999999999999748e-01
1.522000000000000020e-01
4.149999999999999800e-01
2.617999999999999772e-01
5.069000000000000172e-01
8.413000000000000478e-01
3.368999999999999218e-01
5.106000000000000538e-01
4.226000000000000312e-01
2.417999999999999872e-01
2.401999999999999968e-01
8.799999999999999489e-02
8.069999999999999396e-02
8.809999999999999776e-02
8.459999999999999465e-02
2.609000000000000208e-01
2.832000000000000073e-01
4.330999999999999850e-01
4.006999999999999451e-01
2.575999999999999956e-01
1.854000000000000092e-01
2.061999999999999944e-01
1.287000000000000088e-01
3.281000000000000583e-01
2.424999999999999933e-01
2.819999999999999729e-01
4.261000000000000343e-01
2.601999999999999869e-01
2.457999999999999630e-01
2.434000000000000052e-01
2.741000000000000658e-01
2.701999999999999957e-01
1.990999999999999992e-01
9.600000000000000200e-02
9.261999999999999122e-01
4.979999999999999982e-01
7.547999999999999154e-01
5.035999999999999366e-01
1.026399999999999979e+00
2.758000000000000451e-01
5.159000000000000252e-01
1.306999999999999829e-01
2.265999999999999959e-01
2.232999999999999985e-01
3.131999999999999784e-01
1.645000000000000073e-01
4.016000000000000125e-01
5.826999999999999957e-01
7.239999999999999769e-01
4.462999999999999745e-01
4.592000000000000526e-01
2.046999999999999931e-01
7.810000000000000275e-02
5.479999999999998761e-02
1.804999999999999938e-01
6.659999999999999254e-02
1.268999999999999850e-01
1.685000000000000109e-01
1.816999999999999726e-01
1.076000000000000012e-01
1.580999999999999905e-01
4.762000000000000122e-01
2.783999999999999808e-01
7.774000000000000909e-01
3.065999999999999837e-01
4.788999999999999924e-01
3.434000000000000385e-01
2.783999999999999808e-01
2.356999999999999929e-01
6.296000000000000485e-01
1.022000000000000020e+00
6.939999999999999503e-01
1.172099999999999920e+00
2.351999999999999924e-01
4.846000000000000307e-01
1.204999999999999960e-01
2.321999999999999897e-01
1.243999999999999828e-01
1.945000000000000062e-01
9.099999999999999756e-02
1.796000000000000374e-01
1.759000000000000008e-01
3.983999999999999764e-01
6.429999999999999050e-01
3.914999999999999591e-01
9.434000000000000163e-01
2.570999999999999952e-01
4.892000000000000237e-01
3.245999999999999996e-01
1.977999999999999758e-01
3.171999999999999820e-01
1.414000000000000257e-01
2.436000000000000387e-01
1.865999999999999881e-01
1.596999999999999809e-01
2.460999999999999577e-01
1.735000000000000153e-01
4.337999999999999634e-01
1.898000000000000242e-01
