2.298000000000000043e-01
1.508000000000000174e-01
2.638000000000000345e-01
3.523000000000000020e-01
4.185999999999999721e-01
6.653999999999999915e-01
3.222999999999999754e-01
7.857000000000000650e-01
6.239000000000000101e-01
4.478000000000000869e-01
7.890999999999999126e-01
2.832000000000000073e-01
7.422999999999999599e-01
1.723000000000000087e-01
7.440999999999999837e-01
2.735000000000000209e-01
6.570000000000000284e-01
2.518000000000000238e-01
6.631000000000000227e-01
2.933999999999999941e-01
6.149000000000000021e-01
2.643999999999999684e-01
6.776999999999999691e-01
1.571000000000000174e-01
5.080999999999999961e-01
2.580999999999999961e-01
4.022999999999999909e-01
4.753000000000000003e-01
5.515999999999999792e-01
5.906000000000000139e-01
5.924000000000000377e-01
5.092999999999999750e-01
7.985999999999999766e-01
3.936000000000000054e-01
6.698000000000000620e-01
3.626000000000000334e-01
5.077000000000000401e-01
3.518000000000000016e-01
5.188000000000000389e-01
3.265000000000000124e-01
3.999999999999999667e-01
5.178000000000000380e-01
3.372999999999999887e-01
6.031999999999999584e-01
3.401000000000000134e-01
6.288000000000000256e-01
2.116000000000000103e-01
5.608999999999999542e-01
2.343999999999999972e-01
4.163999999999999924e-01
5.037000000000000366e-01
3.613000000000000100e-01
6.830000000000000515e-01
6.709000000000000519e-01
4.924999999999999378e-01
8.024999999999999911e-01
1.108999999999999847e-01
9.990999999999998771e-01
1.907999999999999974e-01
8.449999999999999734e-01
3.586000000000000298e-01
3.288999999999999702e-01
6.558999999999999275e-01
1.428999999999999992e-01
6.393999999999999684e-01
2.242999999999999994e-01
5.334000000000000963e-01
3.146999999999999797e-01
5.676000000000001044e-01
3.194000000000000172e-01
3.309999999999999609e-01
7.567999999999999172e-01
3.272999999999999798e-01
6.363000000000000878e-01
3.233000000000000318e-01
3.215999999999999970e-01
1.087000000000000050e-01
3.647999999999999576e-01
4.535000000000000142e-01
2.900000000000000355e-01
6.106000000000000316e-01
2.647999999999999798e-01
5.277000000000000579e-01
2.717999999999999861e-01
5.666999999999999815e-01
4.901000000000000356e-01
3.454999999999999738e-01
5.081999999999999851e-01
4.508999999999999675e-01
6.042999999999999483e-01
1.388999999999999679e-01
3.633000000000000118e-01
3.548999999999999932e-01
3.709999999999999964e-01
2.671999999999999931e-01
6.095999999999999197e-01
2.570999999999999952e-01
3.515000000000000346e-01
4.210000000000000409e-01
2.819000000000000394e-01
3.024999999999999911e-01
1.643000000000000016e-01
5.375000000000000888e-01
5.032000000000000917e-01
2.651999999999999913e-01
2.802999999999999936e-01
3.703999999999999515e-01
5.051999999999999824e-01
3.870000000000000107e-01
3.851999999999999313e-01
2.430999999999999828e-01
2.200000000000000011e-01
2.990000000000000435e-01
1.648999999999999910e-01
2.152999999999999914e-01
2.661000000000000032e-01
3.235000000000000098e-01
2.676999999999999935e-01
1.115000000000000019e-01
