6.339999999999999802e-02
4.989999999999999991e-02
1.068999999999999950e-01
2.949999999999999845e-02
1.098999999999999977e-01
2.989999999999999880e-01
1.752000000000000224e-01
1.875999999999999890e-01
2.065000000000000169e-01
1.353999999999999926e-01
1.913999999999999591e-01
1.543999999999999817e-01
1.596999999999999809e-01
1.214999999999999969e-01
1.409000000000000252e-01
1.343999999999999917e-01
1.879000000000000115e-01
1.161999999999999977e-01
1.494000000000000050e-01
1.528000000000000191e-01
7.560000000000000053e-02
1.105000000000000149e-01
1.519999999999999962e-01
1.704999999999999849e-01
2.525000000000000022e-01
2.041999999999999926e-01
2.273999999999999910e-01
3.167000000000000370e-01
3.588999999999999968e-01
2.824999999999999734e-01
3.524000000000000465e-01
7.495000000000000551e-01
6.302000000000000934e-01
9.092000000000000082e-01
5.306999999999999496e-01
2.886999999999999567e-01
1.023999999999999910e-01
1.629999999999999782e-01
4.800000000000000100e-02
1.313000000000000000e-01
1.726000000000000034e-01
1.416999999999999926e-01
1.020999999999999963e-01
1.058999999999999941e-01
7.749999999999999944e-02
2.172999999999999932e-01
3.328999999999999737e-01
1.001999999999999835e-01
3.900000000000000133e-01
3.726999999999999758e-01
1.045999999999999985e-01
5.917000000000000037e-01
1.758000000000000118e-01
5.615000000000001101e-01
2.792999999999999927e-01
1.376000000000000001e-01
1.754000000000000004e-01
3.709000000000000075e-01
1.403000000000000080e-01
4.125000000000000888e-01
3.267999999999999794e-01
3.850999999999999979e-01
1.922000000000000375e-01
2.115999999999999825e-01
2.418000000000000149e-01
5.940999999999999615e-01
6.985000000000001208e-01
7.897000000000000686e-01
7.224000000000000421e-01
4.241000000000000325e-01
2.756000000000000116e-01
2.308000000000000052e-01
3.349999999999999645e-01
1.746999999999999942e-01
1.653999999999999915e-01
5.680000000000000326e-02
1.629999999999999782e-01
2.701000000000000068e-01
2.602999999999999758e-01
2.772999999999999909e-01
2.162999999999999923e-01
9.539999999999998481e-02
1.323999999999999899e-01
1.148000000000000131e-01
1.029999999999999943e-01
2.534000000000000141e-01
1.349999999999999811e-01
1.309999999999999776e-01
1.637000000000000122e-01
3.247999999999999776e-01
3.267999999999999794e-01
2.409000000000000030e-01
2.923999999999999932e-01
2.137999999999999901e-01
1.358999999999999653e-01
1.465000000000000191e-01
1.105000000000000149e-01
1.632000000000000117e-01
1.147999999999999854e-01
1.463999999999999746e-01
1.381000000000000005e-01
1.390000000000000124e-01
1.305000000000000049e-01
1.413999999999999979e-01
1.832999999999999630e-01
2.685300000000000242e+00
5.587000000000000854e-01
3.899300000000000210e+00
7.358999999999999986e-01
1.256299999999999972e+00
2.767500000000000071e+00
1.125399999999999956e+00
2.486099999999999977e+00
1.196899999999999853e+00
1.319499999999999895e+00
5.273000000000001020e-01
4.907000000000000250e-01
3.185999999999999943e-01
6.991999999999998217e-01
