2.413000000000000145e-01
1.383000000000000063e-01
1.386999999999999900e-01
2.747999999999999887e-01
2.008000000000000063e-01
2.729000000000000314e-01
2.686000000000000054e-01
2.545000000000000040e-01
1.940000000000000058e-01
1.910000000000000031e-01
3.759000000000000119e-01
1.579999999999999738e-01
4.149999999999999800e-01
3.097999999999999643e-01
2.164000000000000090e-01
2.429000000000000048e-01
1.748000000000000109e-01
2.091000000000000081e-01
1.198000000000000176e-01
2.843999999999999861e-01
1.795999999999999819e-01
2.767999999999999905e-01
1.957000000000000406e-01
2.792000000000000037e-01
2.747999999999999887e-01
1.948999999999999622e-01
1.197000000000000147e-01
7.350000000000000977e-02
8.410000000000000808e-02
2.288000000000000034e-01
2.343000000000000083e-01
1.685999999999999999e-01
3.686000000000000387e-01
2.795000000000000262e-01
1.940000000000000058e-01
2.593999999999999639e-01
2.404999999999999916e-01
2.978000000000000091e-01
2.001000000000000278e-01
2.159000000000000086e-01
2.277000000000000135e-01
2.575999999999999401e-01
1.917999999999999705e-01
1.673999999999999932e-01
2.295999999999999985e-01
1.333000000000000018e-01
3.886000000000000010e-01
2.918000000000000038e-01
3.763999999999999568e-01
1.782999999999999585e-01
4.069999999999999729e-01
1.758000000000000118e-01
4.813000000000000056e-01
3.229000000000000203e-01
4.103000000000000536e-01
5.586999999999999744e-01
6.066000000000000281e-01
2.220000000000000029e-01
4.304999999999999938e-01
3.564000000000000501e-01
5.898999999999999799e-01
1.756000000000000061e-01
2.362999999999999823e-01
4.124999999999999778e-01
2.096999999999999975e-01
4.092999999999999972e-01
1.768000000000000127e-01
1.917000000000000370e-01
2.350000000000000422e-01
3.745999999999999330e-01
3.301999999999999935e-01
5.373999999999998778e-01
1.446000000000000063e-01
3.802999999999999714e-01
3.939000000000000279e-01
3.672000000000000819e-01
4.971999999999999753e-01
5.185000000000000719e-01
9.340000000000001079e-02
2.252000000000000390e-01
1.588999999999999857e-01
4.012999999999999901e-01
3.518999999999999906e-01
2.121999999999999997e-01
6.239999999999998881e-01
2.773999999999999799e-01
5.443999999999999950e-01
3.356000000000000094e-01
3.012000000000000233e-01
2.662999999999999812e-01
4.311000000000000387e-01
2.223999999999999866e-01
3.386000000000000121e-01
3.794999999999999485e-01
3.922000000000000486e-01
1.744999999999999885e-01
4.143000000000000016e-01
3.815000000000000613e-01
6.436999999999999389e-01
7.548999999999999044e-01
2.855999999999999650e-01
5.991999999999999549e-01
7.036999999999999922e-01
4.284000000000000030e-01
7.476000000000000423e-01
6.772000000000000242e-01
5.787999999999999812e-01
6.314000000000000723e-01
3.785000000000000586e-01
2.962000000000000188e-01
1.638999999999999901e-01
1.262000000000000066e-01
2.792000000000000037e-01
7.872999999999999998e-01
2.500999999999999890e-01
4.435000000000000053e-01
6.982000000000001538e-01
8.960999999999998966e-01
7.119999999999999662e-01
