2.688000000000000389e-01
2.834999999999999742e-01
2.873999999999999888e-01
4.305000000000000493e-01
4.417000000000000370e-01
5.671000000000000485e-01
3.110999999999999877e-01
3.386000000000000121e-01
3.442000000000000060e-01
5.152999999999999803e-01
2.013000000000000067e-01
7.616999999999999327e-01
3.492999999999999439e-01
5.289000000000000368e-01
2.619000000000000217e-01
6.976999999999999869e-01
5.319000000000000394e-01
3.700999999999999845e-01
2.412999999999999867e-01
4.576000000000000068e-01
2.938000000000000056e-01
1.094000000000000250e-01
2.832999999999999963e-01
1.776000000000000079e-01
2.747999999999999332e-01
2.629000000000000226e-01
1.611999999999999822e-01
6.949999999999999234e-02
1.371999999999999886e-01
3.061000000000000387e-01
3.404000000000000359e-01
1.938000000000000278e-01
1.334000000000000186e-01
2.049000000000000266e-01
2.517000000000000348e-01
2.525999999999999912e-01
2.792999999999999927e-01
1.026999999999999857e-01
2.215000000000000024e-01
1.694999999999999840e-01
2.575000000000000067e-01
1.975000000000000089e-01
4.639999999999999680e-02
6.239999999999999714e-02
1.698999999999999955e-01
1.824999999999999956e-01
2.598000000000000309e-01
2.352000000000000202e-01
1.413000000000000089e-01
1.462999999999999856e-01
1.212000000000000022e-01
1.760000000000000175e-01
3.045999999999999819e-01
2.884999999999999787e-01
1.706999999999999906e-01
2.219000000000000139e-01
1.578999999999999848e-01
2.363999999999999990e-01
2.527999999999999692e-01
1.693999999999999950e-01
1.927000000000000102e-01
1.796999999999999986e-01
9.940000000000000224e-02
1.280000000000000027e-01
1.884999999999999454e-01
3.850999999999999979e-01
3.505999999999999672e-01
2.723999999999999755e-01
3.212999999999999745e-01
1.187000000000000000e-01
1.495999999999999830e-01
2.960999999999999743e-01
1.030999999999999972e-01
8.100000000000000255e-02
1.017000000000000126e-01
2.176000000000000156e-01
1.767999999999999849e-01
2.547000000000000375e-01
1.453000000000000125e-01
8.419999999999999707e-02
6.769999999999999629e-02
1.791999999999999982e-01
1.950999999999999956e-01
2.560999999999999943e-01
2.232999999999999985e-01
1.893999999999999850e-01
1.887999999999999956e-01
2.599000000000000199e-01
2.174000000000000099e-01
2.071000000000000063e-01
2.215999999999999914e-01
2.190999999999999892e-01
2.253999999999999893e-01
1.219999999999999973e-01
1.602999999999999980e-01
2.731999999999999984e-01
3.115999999999999881e-01
2.219999999999999751e-01
2.862999999999999989e-01
4.838000000000000078e-01
2.524000000000000132e-01
5.427999999999999492e-01
4.908000000000000140e-01
1.912000000000000088e-01
2.630000000000000115e-01
2.631000000000000005e-01
1.668999999999999928e-01
1.340000000000000080e-01
1.411000000000000032e-01
2.081000000000000072e-01
3.016000000000000347e-01
3.004000000000000004e-01
1.571000000000000174e-01
3.501000000000000223e-01
2.639000000000000234e-01
7.470000000000000251e-02
2.872999999999999998e-01
2.326000000000000290e-01
1.531000000000000139e-01
