1.421999999999999931e-01
5.439999999999999697e-02
1.383000000000000063e-01
1.721000000000000307e-01
7.130000000000000226e-02
2.157000000000000028e-01
1.188999999999999918e-01
1.050999999999999990e-01
2.254999999999999782e-01
1.341999999999999860e-01
3.381000000000000116e-01
1.779999999999999916e-01
2.225000000000000033e-01
1.933000000000000274e-01
1.461999999999999966e-01
1.468999999999999750e-01
1.338999999999999913e-01
1.798999999999999766e-01
1.268999999999999850e-01
6.569999999999999452e-02
9.259999999999998788e-02
1.809000000000000052e-01
1.612000000000000099e-01
1.655000000000000082e-01
1.441999999999999948e-01
1.506000000000000116e-01
1.014000000000000179e-01
1.122000000000000219e-01
1.835999999999999854e-01
1.907000000000000084e-01
2.738000000000000433e-01
8.790000000000000591e-02
1.826999999999999735e-01
1.790999999999999814e-01
2.500999999999999890e-01
2.412000000000000255e-01
2.869000000000000439e-01
1.681999999999999884e-01
3.314000000000000279e-01
6.441999999999999948e-01
1.243000000000000077e-01
3.822999999999999732e-01
3.365000000000000213e-01
8.039999999999999925e-02
1.905999999999999917e-01
1.243000000000000216e-01
2.958999999999999964e-01
1.854999999999999982e-01
2.858999999999999875e-01
1.758000000000000118e-01
1.708999999999999964e-01
8.879999999999999005e-02
1.377999999999999781e-01
1.537999999999999923e-01
3.104999999999999982e-01
3.899000000000000243e-01
1.638999999999999901e-01
3.789000000000000146e-01
3.317999999999999838e-01
2.562999999999999723e-01
2.671999999999999931e-01
3.440999999999999615e-01
2.575000000000000622e-01
1.863999999999999824e-01
2.255000000000000338e-01
2.303999999999999937e-01
2.670000000000000151e-01
1.841000000000000136e-01
1.639999999999999791e-01
1.678000000000000047e-01
2.473999999999999810e-01
9.910000000000000753e-02
3.172000000000000375e-01
2.539000000000000146e-01
1.744999999999999885e-01
4.567999999999999838e-01
2.365999999999999770e-01
1.228000000000000064e-01
1.204000000000000209e-01
1.915000000000000036e-01
1.534000000000000363e-01
2.305999999999999994e-01
2.484999999999999709e-01
2.338999999999999968e-01
1.262999999999999956e-01
1.955999999999999961e-01
1.370000000000000107e-01
1.169000000000000039e-01
1.840999999999999859e-01
1.608999999999999875e-01
2.212000000000000077e-01
2.587999999999999745e-01
2.014000000000000234e-01
1.486999999999999988e-01
1.354999999999999816e-01
3.176999999999999824e-01
2.812000000000000055e-01
2.678000000000000380e-01
2.566999999999999282e-01
4.242000000000000215e-01
2.993999999999999440e-01
7.225000000000000311e-01
2.168000000000000205e-01
4.943000000000000171e-01
2.211999999999999800e-01
1.514000000000000346e-01
1.696000000000000285e-01
2.746999999999999997e-01
1.120000000000000023e-01
2.187000000000000055e-01
1.900000000000000022e-01
2.056999999999999940e-01
2.140999999999999848e-01
2.454999999999999960e-01
1.849000000000000088e-01
1.537999999999999923e-01
7.189999999999999170e-02
7.550000000000001155e-02
1.594000000000000139e-01
