2.687999999999999834e-01
1.870999999999999885e-01
2.719000000000000306e-01
2.383000000000000396e-01
3.394999999999999685e-01
2.661999999999999922e-01
4.497999999999999776e-01
4.314999999999999947e-01
1.685999999999999999e-01
1.121000000000000052e-01
3.954999999999999627e-01
1.231999999999999762e-01
7.664000000000000812e-01
1.991999999999999882e-01
6.451999999999999957e-01
2.777999999999999914e-01
2.697999999999999843e-01
3.129000000000000115e-01
4.718999999999999861e-01
3.848000000000000309e-01
1.750000000000000167e-01
2.605000000000000093e-01
1.960000000000000075e-01
1.834999999999999964e-01
9.359999999999998876e-02
1.628999999999999615e-01
1.063999999999999946e-01
1.685000000000000386e-01
1.378000000000000058e-01
1.509999999999999953e-01
1.641999999999999849e-01
2.161000000000000143e-01
2.938999999999999946e-01
3.916999999999999926e-01
1.444999999999999896e-01
2.683999999999999719e-01
3.858000000000000318e-01
3.431000000000000161e-01
1.435000000000000164e-01
1.234000000000000097e-01
3.661999999999999700e-01
2.872999999999999998e-01
1.429000000000000270e-01
2.192000000000000060e-01
2.090000000000000191e-01
2.011000000000000010e-01
2.535999999999999921e-01
2.947999999999999510e-01
3.119000000000000106e-01
1.197000000000000008e-01
3.266000000000000014e-01
2.736000000000000099e-01
3.139000000000000123e-01
2.244000000000000439e-01
1.857999999999999929e-01
1.819000000000000061e-01
2.362000000000000210e-01
3.006999999999999673e-01
1.005999999999999950e-01
1.179000000000000048e-01
1.820999999999999841e-01
1.348000000000000309e-01
1.565999999999999892e-01
1.398999999999999966e-01
1.587999999999999967e-01
7.801000000000000156e-01
2.313699999999999868e+00
3.634599999999999831e+00
7.847500000000000142e+00
4.916500000000000092e+00
8.377900000000000347e+00
2.413600000000000190e+00
1.847199999999999953e+00
8.761999999999998678e-01
7.598000000000000309e-01
2.981000000000000316e-01
7.048999999999999710e-01
4.762999999999999456e-01
3.958999999999999742e-01
1.675000000000000100e-01
1.718999999999999972e-01
3.811999999999999833e-01
4.052000000000000046e-01
2.108000000000000429e-01
3.301000000000000045e-01
2.063999999999999724e-01
1.709999999999999853e-01
2.795000000000000262e-01
3.680999999999999828e-01
2.278999999999999915e-01
5.010000000000000009e-01
7.008000000000000895e-01
3.567000000000000171e-01
3.551000000000000267e-01
3.563999999999999946e-01
2.754999999999999671e-01
5.243999999999999773e-01
3.491000000000000769e-01
4.425999999999999934e-01
3.544000000000000483e-01
2.943000000000000060e-01
3.618999999999999995e-01
4.763999999999999346e-01
4.747999999999999998e-01
2.697000000000000508e-01
3.528999999999999915e-01
4.015999999999999570e-01
2.853999999999999870e-01
2.843999999999999861e-01
1.973000000000000032e-01
1.365999999999999992e-01
3.392000000000000015e-01
3.416000000000000147e-01
2.668999999999999706e-01
2.759999999999999676e-01
3.406000000000000139e-01
1.814000000000000057e-01
4.647000000000000020e-01
1.804999999999999938e-01
