1.111000000000000043e-01
1.042000000000000010e-01
6.420000000000000706e-02
1.095000000000000140e-01
2.230999999999999928e-01
7.589999999999999525e-02
3.547000000000000153e-01
2.089000000000000301e-01
1.263999999999999846e-01
1.269999999999999740e-01
1.053000000000000047e-01
1.551999999999999769e-01
1.396999999999999909e-01
1.298999999999999877e-01
1.459000000000000019e-01
1.269000000000000128e-01
1.696000000000000008e-01
1.482999999999999874e-01
1.098000000000000087e-01
1.406000000000000028e-01
8.449999999999999178e-02
8.690000000000000502e-02
1.414000000000000257e-01
2.604000000000000203e-01
2.462000000000000022e-01
1.451000000000000068e-01
1.881000000000000172e-01
5.770000000000000129e-02
8.050000000000001599e-02
6.610000000000001985e-02
9.690000000000001390e-02
8.730000000000000260e-02
9.639999999999999958e-02
9.919999999999999651e-02
2.216000000000000192e-01
1.920000000000000040e-01
2.291999999999999871e-01
3.125000000000000000e-01
2.863999999999999879e-01
5.440000000000000391e-02
1.862999999999999656e-01
1.640999999999999681e-01
1.533999999999999808e-01
2.089999999999999913e-01
2.998999999999999999e-01
1.628999999999999893e-01
2.070000000000000173e-01
1.149000000000000021e-01
3.074999999999999956e-01
3.104999999999999982e-01
2.510000000000000009e-01
2.225000000000000033e-01
2.205999999999999905e-01
1.365000000000000102e-01
9.850000000000000422e-02
1.738000000000000100e-01
2.230000000000000038e-01
1.248000000000000081e-01
2.464999999999999969e-01
1.995000000000000107e-01
1.748999999999999999e-01
1.684999999999999831e-01
2.095999999999999808e-01
1.680999999999999994e-01
1.448000000000000120e-01
1.686999999999999889e-01
1.487999999999999878e-01
1.930000000000000049e-01
1.456999999999999962e-01
2.041999999999999926e-01
1.288999999999999868e-01
1.696000000000000285e-01
1.441999999999999948e-01
2.936000000000000831e-01
2.198000000000000231e-01
3.023000000000000131e-01
2.268000000000000016e-01
1.321999999999999842e-01
1.351999999999999869e-01
1.404999999999999860e-01
8.270000000000000961e-02
1.671999999999999875e-01
1.809999999999999942e-01
1.275000000000000022e-01
1.403000000000000080e-01
1.599000000000000143e-01
1.436999999999999944e-01
1.139000000000000012e-01
1.001000000000000084e-01
1.287999999999999978e-01
1.233000000000000068e-01
1.486999999999999988e-01
1.095000000000000140e-01
5.770000000000000129e-02
6.729999999999999871e-02
1.805000000000000215e-01
1.340000000000000080e-01
1.271000000000000185e-01
1.866000000000000159e-01
2.064000000000000001e-01
1.340000000000000080e-01
2.349999999999999867e-01
1.964000000000000190e-01
1.905999999999999917e-01
3.302000000000000490e-01
4.122000000000000108e-01
1.736000000000000043e-01
2.440999999999999837e-01
1.559999999999999998e-01
1.843000000000000194e-01
1.496999999999999997e-01
2.418999999999999762e-01
1.151999999999999968e-01
2.188000000000000222e-01
1.250000000000000000e-01
4.008999999999999231e-01
2.265000000000000069e-01
4.754999999999999782e-01
2.515999999999999903e-01
