1.398999999999999966e-01
8.879999999999999005e-02
5.790000000000000702e-02
1.382000000000000173e-01
9.860000000000002096e-02
1.687000000000000166e-01
3.281000000000000028e-01
2.679999999999999605e-01
4.393000000000000238e-01
3.305000000000000160e-01
2.960999999999999743e-01
3.958000000000000407e-01
1.734999999999999876e-01
3.326999999999999957e-01
2.560000000000000053e-01
1.360999999999999988e-01
1.799000000000000044e-01
1.675000000000000100e-01
2.751000000000000112e-01
9.389999999999995572e-02
2.111999999999999988e-01
1.611999999999999822e-01
1.145999999999999935e-01
2.620999999999999996e-01
8.960000000000001297e-02
8.799999999999999489e-02
1.461999999999999966e-01
2.328000000000000069e-01
1.232000000000000040e-01
1.285000000000000031e-01
1.683999999999999941e-01
2.253000000000000003e-01
1.378999999999999948e-01
2.457999999999999907e-01
2.401999999999999968e-01
2.121000000000000107e-01
1.390000000000000124e-01
1.695000000000000118e-01
1.310000000000000053e-01
2.263999999999999901e-01
2.937000000000000166e-01
1.637000000000000122e-01
1.310999999999999943e-01
1.144000000000000017e-01
2.319000000000000228e-01
6.600000000000000311e-02
2.105000000000000204e-01
1.244999999999999718e-01
1.391000000000000014e-01
2.999999999999999889e-01
2.173999999999999821e-01
1.782999999999999863e-01
1.769000000000000017e-01
9.090000000000000857e-02
1.466000000000000081e-01
1.068999999999999950e-01
8.460000000000000853e-02
1.106000000000000039e-01
1.238000000000000073e-01
9.070000000000001672e-02
1.422999999999999821e-01
1.764999999999999902e-01
2.316999999999999893e-01
1.272999999999999965e-01
1.862000000000000044e-01
1.774000000000000021e-01
5.809999999999999887e-02
4.939999999999999947e-02
9.249999999999999889e-02
1.653999999999999915e-01
1.912999999999999978e-01
2.843999999999999861e-01
2.650000000000000133e-01
1.682000000000000162e-01
1.286000000000000199e-01
9.590000000000001301e-02
7.739999999999999658e-02
2.539999999999999897e-02
7.739999999999999658e-02
1.055000000000000104e-01
9.350000000000001366e-02
9.840000000000000135e-02
8.450000000000000566e-02
1.396000000000000019e-01
1.321999999999999842e-01
8.240000000000000102e-02
7.649999999999999856e-02
7.389999999999999347e-02
8.779999999999998916e-02
1.054999999999999966e-01
2.416999999999999704e-01
2.505000000000000004e-01
8.929999999999999050e-02
1.180999999999999966e-01
2.484999999999999987e-01
2.751000000000000112e-01
1.273999999999999855e-01
1.617000000000000104e-01
6.039999999999999536e-02
1.234999999999999987e-01
1.220999999999999863e-01
2.994999999999999885e-01
1.453000000000000402e-01
1.360000000000000098e-01
1.844000000000000083e-01
1.690000000000000113e-01
2.253999999999999893e-01
5.920000000000000262e-02
1.789999999999999925e-01
1.527999999999999914e-01
1.492999999999999883e-01
2.125000000000000222e-01
2.658999999999999697e-01
1.560999999999999888e-01
1.814999999999999947e-01
2.434000000000000052e-01
1.318999999999999895e-01
1.380000000000000115e-01
1.145999999999999935e-01
