2.404000000000000303e-01
1.483999999999999764e-01
2.217999999999999972e-01
1.774000000000000021e-01
1.427999999999999825e-01
4.279999999999999777e-02
6.099999999999998479e-02
6.709999999999999298e-02
9.459999999999998965e-02
1.262000000000000066e-01
1.077999999999999931e-01
7.700000000000001288e-02
2.241000000000000214e-01
1.739999999999999880e-01
9.539999999999999869e-02
1.057000000000000162e-01
1.920000000000000040e-01
4.929999999999998272e-02
1.325000000000000067e-01
9.879999999999999893e-02
4.429999999999999216e-02
1.227999999999999925e-01
1.355999999999999983e-01
4.740000000000000463e-02
2.561999999999999833e-01
3.046999999999999709e-01
1.014000000000000179e-01
1.708999999999999964e-01
2.152000000000000302e-01
3.688999999999999502e-01
2.887000000000000122e-01
1.978000000000000314e-01
1.618999999999999884e-01
1.092999999999999805e-01
1.880000000000000282e-01
2.493999999999999551e-01
1.611999999999999822e-01
1.659999999999999809e-01
2.377000000000000224e-01
3.019000000000000017e-01
1.214000000000000079e-01
1.572999999999999954e-01
7.839999999999999747e-02
1.270999999999999908e-01
1.385000000000000120e-01
1.678000000000000047e-01
2.321000000000000285e-01
7.839999999999999747e-02
1.325999999999999956e-01
9.589999999999999913e-02
1.562999999999999945e-01
1.360999999999999988e-01
2.140000000000000235e-01
1.124999999999999889e-01
2.616999999999999882e-01
1.699999999999999567e-01
2.741999999999999993e-01
2.815999999999999615e-01
1.577999999999999958e-01
1.452999999999999847e-01
1.925000000000000044e-01
1.463000000000000134e-01
1.085000000000000131e-01
8.879999999999999005e-02
1.174999999999999933e-01
1.512000000000000011e-01
1.459000000000000019e-01
1.659999999999999809e-01
1.231000000000000011e-01
1.987000000000000155e-01
2.150000000000000244e-01
2.035999999999999477e-01
1.325999999999999956e-01
1.790999999999999814e-01
4.451000000000000512e-01
1.653000000000000302e-01
3.252000000000000446e-01
1.685000000000000109e-01
2.056000000000000050e-01
1.502999999999999892e-01
6.809999999999999387e-02
3.595000000000000417e-01
3.174999999999999489e-01
3.818999999999999617e-01
3.126999999999999780e-01
1.397000000000000186e-01
2.135000000000000231e-01
2.509000000000000119e-01
1.506000000000000116e-01
2.293999999999999651e-01
1.774000000000000021e-01
1.504999999999999949e-01
2.035000000000000142e-01
1.230999999999999872e-01
1.327000000000000124e-01
1.340999999999999970e-01
1.807000000000000273e-01
1.802999999999999881e-01
2.471999999999999753e-01
1.313000000000000000e-01
1.754999999999999893e-01
9.040000000000000813e-02
1.019000000000000183e-01
2.663999999999999702e-01
8.559999999999998166e-02
2.937000000000000166e-01
1.076000000000000012e-01
2.615000000000000657e-01
1.637000000000000122e-01
2.404000000000000026e-01
2.709000000000000297e-01
1.026999999999999857e-01
3.024000000000000021e-01
1.468999999999999750e-01
1.971999999999999864e-01
1.990000000000000102e-01
9.489999999999999825e-02
8.899999999999999578e-02
9.120000000000000329e-02
