2.665000000000000147e-01
2.551999999999999824e-01
1.467999999999999861e-01
1.685999999999999999e-01
3.606000000000000316e-01
3.064999999999999947e-01
2.506999999999999784e-01
2.469999999999999973e-01
4.213000000000000078e-01
3.109999999999999432e-01
3.690999999999999837e-01
1.358000000000000318e-01
3.220000000000000084e-01
4.047999999999999376e-01
4.495999999999999996e-01
1.710000000000000131e-01
4.061000000000000165e-01
2.489999999999999991e-01
1.035999999999999976e-01
1.481999999999999984e-01
1.426000000000000045e-01
2.525999999999999912e-01
2.701999999999999957e-01
2.832999999999999963e-01
2.528000000000000247e-01
2.606999999999999873e-01
2.285000000000000087e-01
1.804000000000000048e-01
2.441999999999999726e-01
1.713000000000000078e-01
2.777000000000000024e-01
2.530000000000000027e-01
3.190999999999999948e-01
2.142999999999999905e-01
3.237999999999999767e-01
2.375000000000000167e-01
2.126999999999999724e-01
3.853000000000000314e-01
3.130000000000000004e-01
2.444000000000000061e-01
2.480999999999999872e-01
1.529000000000000359e-01
2.172999999999999932e-01
1.859000000000000097e-01
1.426999999999999935e-01
1.599000000000000143e-01
2.961000000000000298e-01
2.447000000000000008e-01
3.221999999999999864e-01
2.170000000000000262e-01
2.745999999999999552e-01
3.637999999999999567e-01
1.367999999999999772e-01
2.308000000000000052e-01
4.621999999999999442e-01
1.326999999999999846e-01
3.714999999999999969e-01
1.983000000000000040e-01
1.683999999999999941e-01
2.536999999999999811e-01
7.804000000000000936e-01
1.675000000000000100e-01
6.160999999999999810e-01
3.828000000000000291e-01
1.781999999999999973e-01
4.385999999999999899e-01
4.839999999999999858e-01
3.286000000000000032e-01
2.901000000000000245e-01
2.350999999999999757e-01
9.198999999999999400e-01
7.835000000000000853e-01
8.444000000000000394e-01
5.219000000000000306e-01
3.636000000000000343e-01
2.384999999999999898e-01
4.310000000000000497e-01
3.180999999999999939e-01
5.858999999999999764e-01
1.655000000000000082e-01
3.280999999999999472e-01
2.119000000000000050e-01
4.012999999999999901e-01
2.147000000000000020e-01
2.263000000000000012e-01
2.599000000000000199e-01
2.605999999999999983e-01
3.813000000000000278e-01
3.018000000000000127e-01
3.034000000000000030e-01
1.971999999999999864e-01
1.857999999999999929e-01
3.511999999999999567e-01
2.752000000000000002e-01
4.004999999999999671e-01
2.660000000000000142e-01
2.978999999999999426e-01
4.017999999999999905e-01
2.639000000000000234e-01
2.917000000000000148e-01
3.173000000000000265e-01
5.480000000000001537e-02
4.928000000000000158e-01
3.864999999999999547e-01
3.826000000000000512e-01
5.725999999999999979e-01
3.153000000000000247e-01
2.192000000000000615e-01
4.816999999999999615e-01
3.603999999999999426e-01
5.081999999999999851e-01
2.687999999999999834e-01
2.958999999999999964e-01
2.236999999999999822e-01
3.773000000000000242e-01
2.902000000000000135e-01
6.032999999999999474e-01
4.518999999999999684e-01
