2.774000000000000354e-01
1.068000000000000060e-01
3.761999999999999789e-01
2.174999999999999711e-01
4.818000000000000060e-01
5.433000000000000052e-01
3.875000000000000666e-01
8.162000000000000366e-01
1.373000000000000054e-01
6.137999999999999012e-01
5.142999999999999794e-01
1.712000000000000188e-01
5.238000000000000433e-01
8.951999999999999957e-01
4.680999999999999606e-01
4.969000000000000083e-01
7.081000000000000627e-01
4.477999999999999758e-01
2.449000000000000066e-01
4.624999999999999667e-01
8.972999999999999865e-01
5.555999999999999828e-01
3.815999999999999392e-01
8.101000000000000423e-01
3.940000000000000169e-01
4.155999999999999694e-01
6.679999999999999272e-01
3.522000000000000131e-01
4.500000000000000111e-01
9.256999999999999673e-01
2.237999999999999434e-01
9.358999999999999542e-01
5.590000000000000524e-01
4.950999999999999290e-01
7.388999999999998902e-01
2.836000000000000187e-01
8.284000000000000252e-01
3.476000000000000201e-01
4.618999999999999773e-01
7.127000000000000002e-01
5.914000000000000368e-01
2.251999999999999835e-01
6.712000000000000188e-01
5.493000000000000105e-01
7.600000000000001199e-02
4.052000000000000046e-01
5.950999999999999623e-01
2.754999999999999671e-01
8.513000000000000567e-01
6.465000000000000746e-01
1.645000000000000073e-01
5.707999999999999741e-01
4.359000000000000097e-01
1.737000000000000210e-01
3.901999999999999913e-01
6.239999999999999991e-01
3.148000000000000242e-01
2.010999999999999732e-01
2.736999999999999988e-01
4.560000000000000164e-02
1.072000000000000036e-01
4.807999999999999496e-01
2.027999999999999803e-01
4.449000000000000177e-01
2.505000000000000560e-01
4.262000000000000233e-01
7.540999999999999925e-01
2.769999999999999685e-01
3.973999999999999755e-01
3.938999999999999724e-01
4.648999999999999799e-01
2.540999999999999925e-01
3.091999999999999749e-01
3.014999999999999902e-01
1.688999999999999946e-01
1.100999999999999757e-01
5.040000000000000036e-01
5.869999999999999662e-01
5.628999999999999559e-01
6.938999999999999613e-01
3.227999999999999758e-01
2.510000000000000009e-01
3.057999999999999607e-01
2.590999999999999970e-01
8.150999999999999357e-01
4.239999999999999880e-01
7.551999999999999824e-01
1.481000000000000094e-01
4.597000000000000530e-01
5.298000000000000487e-01
2.809999999999999720e-01
4.667999999999999927e-01
8.872999999999999776e-01
9.050000000000000266e-01
7.935000000000000941e-01
1.154599999999999849e+00
2.722999999999999865e-01
6.046000000000000263e-01
5.231000000000000094e-01
1.072999999999999787e-01
3.781999999999999806e-01
3.969000000000000306e-01
2.699999999999999623e-01
4.626000000000000112e-01
2.235000000000000320e-01
3.302999999999999825e-01
2.972000000000000197e-01
5.558000000000000718e-01
5.052000000000000934e-01
5.659000000000000696e-01
5.488000000000000655e-01
2.190999999999999892e-01
3.316999999999999948e-01
3.991999999999999993e-01
2.713999999999999746e-01
4.458999999999999631e-01
2.678999999999999715e-01
6.912000000000000366e-01
