1.155999999999999944e-01
1.335999999999999965e-01
2.400000000000000189e-01
2.402000000000000246e-01
8.230000000000001203e-02
2.414999999999999925e-01
1.869999999999999996e-01
2.665000000000000147e-01
3.868000000000000327e-01
1.289000000000000146e-01
3.404000000000000359e-01
1.898999999999999855e-01
2.757000000000000006e-01
8.199999999999997569e-02
2.008000000000000063e-01
2.767999999999999905e-01
1.307999999999999718e-01
1.350999999999999979e-01
1.972000000000000142e-01
1.969000000000000195e-01
1.062000000000000166e-01
1.029999999999999527e-01
1.436999999999999944e-01
1.289000000000000146e-01
1.116999999999999799e-01
4.420000000000000318e-02
9.619999999999997997e-02
9.719999999999998086e-02
1.764999999999999625e-01
1.746000000000000052e-01
2.034999999999999865e-01
1.451999999999999957e-01
1.807999999999999607e-01
3.781000000000000472e-01
9.690000000000001390e-02
2.325999999999999734e-01
8.679999999999997440e-02
2.005000000000000115e-01
2.554999999999999494e-01
3.510000000000000342e-01
3.107000000000000317e-01
2.319999999999999840e-01
6.659999999999993703e-02
2.408999999999999753e-01
3.286000000000000032e-01
2.753999999999999782e-01
2.965999999999999748e-01
1.196999999999999731e-01
1.640999999999999959e-01
2.637999999999999790e-01
2.310000000000000109e-01
2.579000000000000181e-01
9.629999999999996896e-02
1.463000000000000411e-01
1.935999999999999943e-01
2.572999999999999732e-01
1.857000000000000040e-01
1.840000000000000524e-01
1.473000000000000420e-01
1.164999999999999925e-01
9.920000000000001039e-02
1.960999999999999965e-01
2.697999999999999843e-01
2.852000000000000091e-01
2.106000000000000094e-01
1.902000000000000079e-01
2.230999999999999928e-01
2.450999999999999845e-01
1.254000000000000670e-01
1.603000000000000813e-01
2.752000000000000002e-01
2.033000000000000362e-01
6.450000000000004341e-02
2.447999999999999621e-01
3.458000000000000518e-01
2.843000000000000527e-01
1.002000000000000252e-01
1.135000000000000175e-01
2.540999999999999925e-01
3.075999999999999845e-01
1.601000000000000201e-01
1.408999999999999697e-01
1.409000000000000807e-01
3.405000000000000249e-01
1.980000000000000093e-01
5.890000000000004954e-02
7.459999999999993026e-02
2.084999999999999631e-01
1.713999999999999968e-01
9.950000000000001898e-02
1.208999999999999242e-01
7.590000000000000913e-02
1.132999999999999979e-01
1.994000000000000217e-01
9.529999999999999583e-02
2.706999999999999407e-01
4.331999999999999740e-01
3.840999999999999970e-01
2.077999999999999570e-01
3.857000000000000428e-01
2.629999999999999560e-01
2.331999999999999906e-01
1.357000000000000151e-01
1.072999999999999787e-01
1.447000000000000230e-01
1.904999999999999749e-01
2.133999999999999508e-01
2.614000000000000212e-01
2.010000000000000953e-01
9.760000000000004783e-02
7.860000000000001708e-02
2.496999999999999498e-01
3.254999999999999005e-01
2.419000000000000317e-01
1.610000000000000042e-01
1.009999999999999371e-01
2.396999999999999686e-01
2.479000000000000092e-01
2.229000000000000425e-01
3.328000000000000402e-01
2.297000000000000153e-01
5.330000000000001403e-02
1.289000000000000146e-01
6.560000000000004716e-02
1.411000000000000587e-01
1.297999999999999987e-01
2.093000000000000138e-01
1.620999999999999663e-01
6.399999999999997358e-02
1.611999999999999822e-01
7.060000000000002385e-02
1.541000000000000980e-01
1.599999999999999478e-01
3.471000000000000196e-01
2.002999999999998393e-01
2.413999999999999480e-01
3.691000000000000392e-01
5.534000000000000030e-01
4.472999999999999754e-01
1.766999999999999682e-01
1.454999999999999627e-01
2.709000000000000297e-01
3.220999999999999974e-01
2.580999999999998851e-01
2.195999999999998786e-01
8.980000000000004645e-02
1.326999999999999569e-01
2.507000000000000339e-01
1.590000000000000580e-01
2.333000000000001184e-01
1.216000000000000969e-01
1.191999999999999171e-01
2.116000000000001491e-01
2.555000000000001714e-01
1.169999999999999096e-01
1.271999999999999797e-01
3.845999999999999974e-01
3.387000000000001121e-01
2.195999999999999619e-01
1.259999999999999454e-01
2.029000000000001913e-01
2.936000000000001942e-01
1.444000000000000561e-01
1.145000000000000462e-01
1.799999999999999933e-01
2.740000000000000213e-01
1.857999999999999929e-01
1.401000000000000301e-01
5.584999999999999964e-01
4.903999999999999471e-01
2.661999999999999922e-01
3.518000000000000016e-01
2.023000000000001186e-01
5.619999999999997220e-02
1.811000000000000387e-01
1.903000000000000802e-01
3.077999999999999070e-01
2.848999999999999866e-01
3.598999999999999422e-01
3.269000000000001349e-01
1.343999999999999917e-01
2.632999999999999785e-01
1.853999999999999260e-01
1.947000000000001230e-01
2.758999999999999231e-01
2.771999999999998909e-01
4.761000000000000232e-01
1.877999999999999947e-01
1.708999999999999686e-01
3.397999999999999909e-01
3.540999999999999703e-01
4.080000000000000293e-01
4.420000000000000595e-01
1.573000000000000509e-01
5.063999999999998503e-01
4.337000000000000299e-01
3.144000000000000128e-01
3.358999999999999209e-01
9.609999999999993547e-02
1.609999999999999765e-01
2.753999999999998671e-01
3.038999999999998924e-01
2.431999999999999718e-01
1.667999999999999483e-01
8.469999999999994200e-02
1.025000000000000910e-01
8.999999999999996891e-02
9.559999999999996279e-02
2.054999999999999050e-01
2.500999999999999335e-01
2.514999999999998903e-01
2.711999999999999966e-01
2.857000000000001760e-01
2.244000000000000439e-01
1.718000000000000638e-01
1.003000000000000003e-01
1.490999999999999548e-01
1.163999999999999202e-01
1.405000000000000693e-01
1.203999999999999237e-01
9.500000000000011213e-02
3.905000000000001803e-01
2.787000000000001698e-01
3.433999999999999275e-01
4.931000000000000938e-01
1.847999999999999088e-01
2.719000000000000306e-01
2.816999999999999504e-01
1.720999999999998642e-01
1.100999999999998369e-01
2.177000000000000879e-01
2.546000000000000485e-01
2.004000000000000781e-01
2.581000000000001071e-01
4.133000000000000007e-01
8.360000000000003539e-02
2.986000000000001986e-01
3.705000000000001625e-01
2.197000000000000897e-01
7.279999999999994809e-02
7.890000000000010894e-02
9.640000000000015223e-02
1.687000000000000444e-01
1.255999999999999894e-01
2.966000000000000858e-01
3.167000000000000925e-01
1.822000000000000286e-01
2.791999999999998372e-01
1.063000000000000334e-01
1.420000000000001261e-01
1.344999999999999807e-01
1.875999999999998502e-01
2.650999999999998913e-01
2.309000000000001052e-01
2.655000000000000693e-01
2.612999999999998657e-01
2.501999999999998670e-01
2.585999999999998855e-01
2.021999999999999909e-01
1.558000000000001606e-01
1.141000000000000902e-01
1.052000000000000157e-01
1.427000000000001323e-01
3.629999999999997118e-02
1.292000000000000093e-01
1.897000000000000075e-01
2.643000000000000904e-01
2.787000000000000033e-01
1.772999999999999854e-01
3.614000000000000545e-01
2.271000000000001073e-01
1.697000000000000453e-01
2.636000000000000565e-01
1.726999999999999924e-01
1.180999999999999550e-01
6.819999999999998286e-02
1.130999999999999228e-01
4.378000000000000780e-01
3.122000000000000330e-01
3.063000000000000167e-01
1.303999999999999326e-01
2.666000000000001147e-01
3.624999999999998224e-01
6.448999999999998067e-01
5.073000000000000842e-01
4.646000000000000130e-01
3.376000000000000112e-01
2.631999999999999895e-01
1.079000000000001069e-01
1.505000000000000504e-01
9.679999999999994165e-02
7.869999999999977014e-02
2.619000000000000217e-01
3.365999999999998993e-01
2.827999999999999403e-01
2.146999999999999464e-01
7.069999999999992957e-02
3.142000000000000348e-01
2.719000000000001416e-01
1.612999999999999989e-01
2.162999999999998535e-01
3.189000000000000168e-01
3.585999999999999188e-01
8.519999999999988693e-02
2.008999999999998565e-01
2.940999999999999170e-01
3.213999999999999080e-01
4.132000000000000117e-01
2.179999999999999161e-01
2.609000000000000208e-01
2.077000000000000235e-01
1.494000000000001160e-01
2.366000000000000325e-01
3.551999999999999602e-01
1.854999999999999427e-01
7.709999999999997411e-02
1.077000000000000735e-01
1.810000000000001330e-01
1.404000000000000525e-01
