2.055000000000000160e-01
3.447000000000000064e-01
1.779999999999999916e-01
5.836000000000000076e-01
3.498999999999999888e-01
2.325000000000000122e-01
2.339000000000000246e-01
1.659999999999999809e-01
1.857999999999999929e-01
1.779000000000000026e-01
2.288000000000000034e-01
1.926999999999999824e-01
1.411999999999999922e-01
4.120000000000000329e-01
4.177999999999999492e-01
3.972999999999999865e-01
3.594999999999999862e-01
3.346000000000000085e-01
2.253999999999999893e-01
3.063000000000000167e-01
3.307999999999999829e-01
3.622999999999999554e-01
2.142000000000000015e-01
3.074000000000000066e-01
5.017000000000000348e-01
2.307000000000000162e-01
3.786999999999999811e-01
2.196000000000000174e-01
1.860999999999999877e-01
1.067999999999999922e-01
1.534000000000000086e-01
2.608999999999999653e-01
3.120000000000000551e-01
4.364999999999999991e-01
3.987999999999999878e-01
1.926999999999999824e-01
1.774999999999999911e-01
2.941000000000000281e-01
2.095999999999999530e-01
1.750999999999999779e-01
2.691000000000000059e-01
1.428999999999999715e-01
2.396999999999999686e-01
2.068999999999999728e-01
1.860999999999999877e-01
5.819999999999999618e-01
5.866999999999999993e-01
5.147000000000000464e-01
2.894999999999999796e-01
3.455000000000000293e-01
3.410000000000000253e-01
5.449999999999999289e-01
1.600999999999999646e-01
1.780999999999999805e-01
1.974999999999999811e-01
2.676999999999999935e-01
2.398000000000000131e-01
3.626999999999999669e-01
1.551000000000000156e-01
1.779000000000000026e-01
1.158000000000000140e-01
1.856999999999999762e-01
2.545000000000000040e-01
1.806000000000000105e-01
3.287999999999999812e-01
6.515999999999999570e-01
7.035000000000000142e-01
1.421000000000000596e-01
1.782000000000000250e-01
1.918999999999999873e-01
3.161999999999999256e-01
8.125000000000000000e-01
7.443000000000000727e-01
2.033999999999999697e-01
2.172999999999999932e-01
1.251000000000000445e-01
3.664000000000000035e-01
5.123999999999999666e-01
4.813000000000000056e-01
1.675999999999999990e-01
3.821999999999999842e-01
4.527999999999999803e-01
3.321999999999999953e-01
3.692999999999999616e-01
2.751000000000000112e-01
1.247000000000000330e-01
1.102000000000000479e-01
4.979999999999996929e-02
2.103000000000000147e-01
2.042999999999999539e-01
4.760000000000003811e-02
1.796000000000000374e-01
3.352000000000000535e-01
3.228000000000000314e-01
2.872999999999999998e-01
2.510999999999999899e-01
1.658999999999999919e-01
1.435999999999999777e-01
1.072000000000000175e-01
7.370000000000000162e-02
1.518999999999999795e-01
1.365000000000000102e-01
1.025999999999999968e-01
1.635999999999999677e-01
2.283000000000000029e-01
1.075999999999999873e-01
1.708999999999999964e-01
1.834999999999999964e-01
1.469999999999999918e-01
2.983000000000000096e-01
1.326999999999999846e-01
3.537000000000000144e-01
1.945000000000000340e-01
3.021000000000000352e-01
4.073000000000000509e-01
2.377000000000001056e-01
4.349000000000000643e-01
4.958000000000000185e-01
6.978999999999999648e-01
5.169999999999999041e-01
9.060000000000002773e-02
1.692000000000000171e-01
7.219999999999995866e-02
1.169999999999999790e-01
1.897000000000000908e-01
1.704999999999999849e-01
6.133000000000000673e-01
5.276999999999999469e-01
1.714999999999999858e-01
2.656999999999999362e-01
3.729000000000000092e-01
3.117999999999999106e-01
1.632000000000000117e-01
1.837999999999999634e-01
2.266000000000000514e-01
3.250000000000000111e-01
2.538000000000000256e-01
5.233999999999999764e-01
3.218999999999999639e-01
2.995999999999999774e-01
3.477999999999998870e-01
3.428999999999999826e-01
3.498999999999999333e-01
9.210000000000001519e-02
2.009999999999999287e-01
2.066999999999998838e-01
2.318000000000000060e-01
4.511000000000000565e-01
3.578999999999999959e-01
3.037000000000000255e-01
1.886999999999999511e-01
1.485999999999998988e-01
8.739999999999996383e-02
1.365000000000000102e-01
1.909000000000000141e-01
1.520000000000000795e-01
1.419999999999999596e-01
3.470000000000000862e-02
2.197000000000000064e-01
1.500000000000000222e-01
4.269999999999990470e-02
1.121999999999998970e-01
1.831999999999998630e-01
8.179999999999998384e-02
1.364000000000000212e-01
7.109999999999996878e-02
1.222999999999999782e-01
1.250999999999999335e-01
1.138999999999999735e-01
1.271999999999999242e-01
1.334999999999999798e-01
1.112000000000000210e-01
1.285000000000000586e-01
2.021000000000000019e-01
2.751000000000000112e-01
2.344999999999999307e-01
1.959000000000001018e-01
1.901000000000000745e-01
1.982999999999999763e-01
2.871999999999998998e-01
2.298999999999999932e-01
1.614999999999999492e-01
2.277999999999999470e-01
3.294999999999999596e-01
3.456999999999999518e-01
3.234999999999998987e-01
4.584999999999999076e-01
2.976999999999999091e-01
7.243999999999999329e-01
6.971000000000000529e-01
3.796000000000000485e-01
2.784000000000000363e-01
5.330999999999997963e-01
5.410999999999999144e-01
2.334999999999999298e-01
1.531000000000001249e-01
8.038999999999998369e-01
8.606000000000000316e-01
3.628000000000000669e-01
2.185000000000000830e-01
1.318000000000000282e-01
1.244999999999999996e-01
1.933999999999999886e-01
1.368999999999999106e-01
1.499999999999999944e-01
1.586999999999999800e-01
9.764000000000000457e-01
6.459000000000001407e-01
3.901000000000001133e-01
2.405000000000001026e-01
1.857999999999998264e-01
9.269999999999999074e-02
2.667999999999999261e-01
1.905000000000001692e-01
2.509999999999998899e-01
1.210000000000000797e-01
1.417000000000000204e-01
1.074999999999999289e-01
6.379999999999991234e-02
1.442000000000000226e-01
1.201999999999998486e-01
8.970000000000001583e-02
3.268999999999999684e-01
3.511000000000000787e-01
2.328999999999998571e-01
1.673999999999998822e-01
1.955999999999998851e-01
2.014999999999999292e-01
1.320000000000000895e-01
1.327000000000000124e-01
1.689000000000000778e-01
2.787999999999998257e-01
1.084999999999998743e-01
1.026999999999999580e-01
3.269999999999991663e-02
1.600000000000000588e-01
1.514000000000000623e-01
3.807999999999999163e-01
6.096000000000000307e-01
5.766000000000000014e-01
2.097999999999999032e-01
2.100999999999998979e-01
7.090000000000010183e-02
3.616000000000000325e-01
1.723999999999998867e-01
1.605000000000001426e-01
8.500000000000001998e-02
2.270999999999998575e-01
4.183999999999998831e-01
2.912000000000001254e-01
1.234999999999998738e-01
2.121000000000000663e-01
3.216999999999998749e-01
2.257999999999999174e-01
2.011999999999999345e-01
1.023999999999998800e-01
1.681000000000000272e-01
2.912000000000000699e-01
2.510999999999999899e-01
3.228999999999999648e-01
4.927000000000000268e-01
2.506000000000000449e-01
4.089999999999998082e-01
4.777999999999999470e-01
1.230999999999999456e-01
2.480999999999999317e-01
6.462000000000001076e-01
6.527000000000000579e-01
2.033999999999999142e-01
2.508999999999999009e-01
2.685999999999998389e-01
1.429999999999998772e-01
1.519999999999999130e-01
8.739999999999996383e-02
7.240000000000003377e-02
1.225000000000000255e-01
1.786000000000000643e-01
2.078000000000001235e-01
2.178000000000000769e-01
2.077000000000000235e-01
1.401000000000000578e-01
1.900999999999998802e-01
2.152999999999998526e-01
6.964999999999997859e-01
3.412999999999999923e-01
5.275999999999999579e-01
2.571000000000001062e-01
1.905999999999998806e-01
2.358999999999998876e-01
1.769999999999999352e-01
2.367000000000000215e-01
9.079999999999999183e-02
4.155000000000001470e-01
2.373999999999999444e-01
1.701000000000001400e-01
1.149000000000000021e-01
1.117999999999999688e-01
9.770000000000000906e-02
2.984999999999999876e-01
1.791999999999999149e-01
2.273000000000001963e-01
2.095000000000001583e-01
1.173000000000000709e-01
3.333000000000000407e-01
2.046999999999999931e-01
2.270000000000000351e-01
6.363999999999998547e-01
7.521999999999999797e-01
2.876000000000000778e-01
3.409999999999999698e-01
2.130999999999999561e-01
1.597000000000000919e-01
1.701000000000001677e-01
3.684999999999998277e-01
2.015000000000001235e-01
1.937000000000000388e-01
8.269999999999980145e-02
3.117000000000000881e-01
5.615999999999999881e-01
