1.193000000000000033e-01
1.156999999999999973e-01
1.925999999999999934e-01
1.729999999999999871e-01
9.349999999999999978e-02
1.754999999999999893e-01
1.930000000000000049e-01
1.326999999999999846e-01
1.704000000000000237e-01
1.517999999999999905e-01
1.148000000000000131e-01
9.920000000000001039e-02
1.020000000000000351e-01
1.877999999999999947e-01
1.183000000000000024e-01
1.323000000000000287e-01
2.648000000000000353e-01
7.400000000000001021e-02
1.093999999999999972e-01
1.600999999999999923e-01
2.122999999999999887e-01
1.336999999999999855e-01
1.491999999999999715e-01
1.890999999999999903e-01
1.599999999999999201e-01
1.609999999999999765e-01
2.170000000000000262e-01
1.638999999999999901e-01
1.645000000000000351e-01
3.197999999999999732e-01
2.707999999999999852e-01
8.280000000000002636e-02
5.180000000000001964e-02
2.719999999999995338e-02
2.089000000000000301e-01
8.209999999999997855e-02
1.050999999999999712e-01
1.901999999999999247e-01
1.367000000000000437e-01
2.231000000000000205e-01
8.320000000000002394e-02
1.865000000000000546e-01
1.817999999999999339e-01
1.522999999999999909e-01
2.208999999999999575e-01
1.152999999999999858e-01
1.650999999999999690e-01
6.439999999999999891e-02
2.316000000000000281e-01
9.899999999999997691e-02
2.171000000000000152e-01
6.119999999999999746e-02
2.001000000000000001e-01
1.140999999999999792e-01
2.077999999999999847e-01
2.065000000000000169e-01
1.817999999999999616e-01
1.284999999999999476e-01
2.277000000000000135e-01
1.185999999999999693e-01
1.958000000000000018e-01
2.106999999999999151e-01
1.315000000000000058e-01
1.994999999999999551e-01
6.680000000000001215e-02
2.425999999999999823e-01
1.424999999999999323e-01
1.830000000000000515e-01
7.800000000000001377e-02
1.933000000000000274e-01
1.058999999999998970e-01
1.208000000000000324e-01
1.006999999999999978e-01
2.088999999999999468e-01
1.625000000000000888e-01
2.152000000000000024e-01
2.397999999999999854e-01
1.784999999999998810e-01
2.052999999999999825e-01
1.194000000000000339e-01
2.596000000000000529e-01
1.205000000000000515e-01
2.125000000000000222e-01
1.138999999999999735e-01
2.059999999999999609e-01
1.089000000000001217e-01
9.209999999999994580e-02
5.990000000000010594e-02
2.591999999999999860e-01
2.886000000000000787e-01
5.940000000000004998e-02
2.283999999999999919e-01
1.139000000000000706e-01
2.387999999999999567e-01
2.057000000000000217e-01
2.022000000000000186e-01
2.715000000000000191e-01
1.102000000000000479e-01
2.312999999999999778e-01
1.860999999999999877e-01
1.710999999999999743e-01
1.910000000000000031e-01
1.789999999999999647e-01
2.530000000000000027e-01
1.239000000000000101e-01
1.832999999999999630e-01
1.610000000000000320e-01
1.134000000000000841e-01
1.628999999999999893e-01
1.298999999999999599e-01
2.184000000000000385e-01
7.089999999999986591e-02
2.017999999999999239e-01
2.041000000000000314e-01
1.466000000000000636e-01
1.664999999999998703e-01
1.387999999999998402e-01
2.104000000000000592e-01
8.430000000000001381e-02
2.511000000000001009e-01
1.085999999999999743e-01
2.861999999999999544e-01
1.360999999999999988e-01
2.338000000000000633e-01
4.400000000000001132e-02
2.488000000000000766e-01
7.770000000000000517e-02
2.195000000000000007e-01
1.373000000000000331e-01
2.054999999999999050e-01
2.327999999999998681e-01
2.238999999999999047e-01
2.700999999999998957e-01
1.289000000000001256e-01
1.361999999999998767e-01
1.312999999999998613e-01
2.411999999999998034e-01
1.247000000000000608e-01
2.140999999999999293e-01
1.698999999999998567e-01
1.529999999999999694e-01
2.451000000000000123e-01
1.340999999999999415e-01
2.280000000000001192e-01
1.382999999999998952e-01
1.911000000000000476e-01
2.155000000000000804e-01
1.525000000000000244e-01
1.507000000000001116e-01
2.100999999999998424e-01
1.171999999999999292e-01
2.559000000000000163e-01
1.498000000000000165e-01
1.426000000000000045e-01
2.725000000000001865e-01
8.240000000000002878e-02
2.441000000000002057e-01
1.097000000000001585e-01
1.718999999999999140e-01
2.004000000000000226e-01
6.729999999999987381e-02
2.168000000000001037e-01
2.408000000000000973e-01
1.136000000000001453e-01
3.212999999999999745e-01
1.862000000000001432e-01
1.728999999999999426e-01
3.015999999999998682e-01
1.600000000000000311e-01
2.500000000000001110e-01
2.364999999999998770e-01
1.558000000000001051e-01
3.077000000000000846e-01
2.412000000000000810e-01
2.301999999999999880e-01
1.646999999999998188e-01
2.835999999999999632e-01
1.996999999999999054e-01
3.255999999999998340e-01
2.006999999999999618e-01
2.505000000000000560e-01
1.865000000000000269e-01
2.298000000000001153e-01
8.960000000000012399e-02
2.532999999999999696e-01
8.850000000000006473e-02
1.869999999999998608e-01
8.929999999999989335e-02
9.219999999999987927e-02
2.459000000000000075e-01
1.689000000000000501e-01
1.415999999999998926e-01
1.373999999999999666e-01
1.702000000000000179e-01
2.580999999999999961e-01
1.715000000000000968e-01
2.221000000000001307e-01
2.486999999999999489e-01
1.009000000000000591e-01
2.490000000000001379e-01
2.768999999999999795e-01
7.199999999999998068e-02
2.095999999999999530e-01
1.374000000000001331e-01
2.489000000000000934e-01
1.864000000000001767e-01
2.182999999999999663e-01
7.830000000000007787e-02
1.501000000000000667e-01
1.147999999999999299e-01
2.157999999999998808e-01
1.951999999999998736e-01
2.047999999999998433e-01
6.480000000000005200e-02
1.018999999999998934e-01
2.134000000000001451e-01
2.843000000000001082e-01
1.171999999999999431e-01
3.129000000000000115e-01
2.026999999999999080e-01
5.560000000000004522e-02
2.263999999999999901e-01
2.050000000000000711e-01
1.124000000000001109e-01
2.635999999999998344e-01
2.183999999999999830e-01
1.019999999999999241e-01
1.732000000000000206e-01
1.566000000000000447e-01
2.249000000000001276e-01
5.480000000000007088e-02
2.325999999999999179e-01
1.336999999999998190e-01
1.953000000000000014e-01
1.383000000000000063e-01
1.822000000000002229e-01
2.311999999999999889e-01
4.870000000000005574e-02
2.437000000000000832e-01
1.649000000000001021e-01
1.264999999999999458e-01
2.686000000000000609e-01
9.510000000000008724e-02
2.675999999999998380e-01
9.490000000000015090e-02
2.175000000000001654e-01
2.272999999999998078e-01
1.152999999999999581e-01
2.053999999999999715e-01
1.877000000000000890e-01
1.131999999999998840e-01
2.263000000000000844e-01
1.928000000000000824e-01
9.220000000000001805e-02
2.353000000000000924e-01
8.200000000000018385e-02
2.198999999999999566e-01
2.799999999999999711e-01
1.806999999999999995e-01
2.848000000000002196e-01
1.448999999999998622e-01
1.861000000000000709e-01
2.129000000000000059e-01
1.009000000000002256e-01
2.934000000000001052e-01
2.306000000000001382e-01
1.091999999999999221e-01
2.721999999999999420e-01
1.129999999999999893e-01
2.159999999999998588e-01
8.361000000000000654e-01
8.070000000000000506e-01
2.864999999999996994e-01
3.094999999999999973e-01
1.754999999999999616e-01
2.699000000000000288e-01
5.899999999999996914e-02
3.045000000000000484e-01
1.400000000000002076e-01
2.455000000000001903e-01
1.525999999999999579e-01
2.538000000000000256e-01
2.382000000000000506e-01
1.393999999999998851e-01
2.602999999999999758e-01
1.130000000000002114e-01
1.257999999999999674e-01
1.973000000000001419e-01
1.687000000000000166e-01
9.759999999999993681e-02
2.661000000000001142e-01
1.748000000000001775e-01
1.500000000000001332e-01
2.150000000000000244e-01
5.980000000000007532e-02
2.148000000000002407e-01
6.229999999999999427e-02
2.205999999999999628e-01
2.049999999999999600e-01
1.453000000000000680e-01
2.359999999999999598e-01
1.714999999999999303e-01
1.010999999999999677e-01
2.638999999999998014e-01
8.279999999999987370e-02
1.278000000000000802e-01
2.440000000000002167e-01
1.922999999999999710e-01
1.141000000000000070e-01
1.927000000000000657e-01
1.819999999999998286e-01
5.129999999999995675e-02
1.921999999999999265e-01
1.352999999999999758e-01
1.242999999999999938e-01
2.143000000000000183e-01
1.340000000000001745e-01
2.234999999999999765e-01
2.231999999999998430e-01
