2.176000000000000156e-01
1.592999999999999972e-01
1.024000000000000049e-01
1.864999999999999991e-01
2.356999999999999651e-01
1.817999999999999616e-01
1.089000000000000107e-01
1.457999999999999852e-01
2.038999999999999979e-01
1.232000000000000178e-01
1.295000000000000040e-01
2.134000000000000064e-01
2.316999999999999893e-01
2.509000000000000119e-01
1.839999999999999691e-01
1.547999999999999932e-01
1.465000000000000191e-01
1.338999999999999635e-01
1.281999999999999806e-01
1.930000000000000604e-01
1.165999999999999953e-01
1.170999999999999680e-01
1.331999999999999851e-01
8.650000000000000744e-02
1.280000000000000027e-01
1.057000000000000162e-01
2.632999999999999785e-01
1.695000000000000118e-01
7.210000000000002518e-02
1.834000000000000075e-01
1.900999999999999912e-01
1.457999999999999852e-01
1.728999999999999981e-01
2.317999999999999505e-01
1.867999999999999661e-01
1.070000000000000118e-01
2.016000000000000014e-01
1.892999999999999960e-01
1.259000000000000674e-01
1.686000000000000554e-01
1.811000000000000387e-01
2.028999999999999693e-01
2.141999999999999738e-01
1.501999999999999724e-01
1.009000000000000175e-01
1.078999999999999682e-01
1.809999999999999942e-01
2.114999999999999936e-01
1.863999999999999824e-01
1.566999999999999782e-01
1.508000000000000451e-01
1.249000000000000665e-01
3.150000000000006267e-02
5.060000000000006160e-02
9.530000000000002358e-02
8.659999999999998255e-02
9.260000000000002951e-02
9.430000000000000882e-02
6.730000000000001259e-02
1.141000000000000070e-01
1.900999999999999635e-01
2.450999999999999290e-01
2.639000000000000234e-01
8.659999999999998255e-02
1.744000000000000272e-01
1.879000000000000115e-01
1.653999999999999915e-01
1.517999999999999905e-01
1.525999999999999579e-01
2.414999999999999647e-01
1.955000000000000071e-01
1.724000000000000254e-01
2.311000000000000276e-01
2.634999999999999565e-01
2.116999999999999993e-01
1.938999999999999613e-01
1.991999999999999049e-01
1.974000000000000199e-01
2.047999999999999543e-01
2.066000000000000336e-01
2.030000000000000415e-01
1.977000000000000424e-01
1.915000000000000591e-01
2.205000000000000293e-01
2.105000000000000759e-01
1.925000000000000600e-01
1.704000000000000514e-01
1.657000000000000417e-01
1.411000000000000587e-01
1.238999999999999824e-01
1.409000000000000252e-01
1.788000000000000145e-01
2.220999999999999641e-01
1.950999999999999679e-01
1.213999999999999246e-01
9.139999999999996738e-02
1.539999999999999702e-01
1.852999999999999370e-01
1.811999999999999722e-01
1.830000000000000238e-01
1.390999999999999459e-01
9.199999999999994293e-02
7.900000000000007017e-02
4.900000000000001577e-02
1.049000000000000210e-01
1.590000000000000302e-01
1.794000000000000317e-01
1.852000000000000035e-01
1.234000000000000236e-01
1.072000000000000175e-01
8.389999999999996072e-02
9.780000000000009519e-02
1.426999999999999935e-01
2.137000000000000566e-01
2.002000000000001001e-01
1.506000000000000671e-01
6.480000000000010751e-02
1.577999999999999681e-01
1.852999999999999647e-01
1.973000000000000032e-01
1.315999999999999392e-01
4.919999999999996598e-02
8.100000000000005806e-02
1.199000000000000066e-01
1.681999999999999607e-01
1.338999999999999913e-01
1.221000000000000002e-01
1.148000000000000131e-01
9.859999999999999321e-02
1.051999999999999602e-01
5.750000000000003719e-02
1.684999999999999831e-01
1.939000000000000445e-01
1.817999999999999894e-01
2.470999999999999863e-01
1.754000000000000559e-01
1.414000000000000812e-01
1.965000000000000635e-01
2.010000000000000675e-01
2.006000000000000005e-01
2.121999999999999720e-01
1.499999999999999944e-01
1.417999999999999261e-01
1.800999999999999268e-01
2.684999999999999609e-01
2.668000000000000371e-01
2.228999999999999870e-01
1.501999999999999447e-01
1.389999999999999292e-01
1.082999999999999657e-01
4.910000000000006026e-02
2.153000000000001024e-01
2.118000000000001548e-01
1.249999999999999722e-01
1.510999999999999843e-01
1.871000000000000441e-01
1.287000000000000366e-01
1.568000000000001060e-01
2.034999999999999587e-01
1.521999999999999742e-01
7.479999999999997762e-02
1.613000000000000544e-01
2.126999999999999447e-01
2.035000000000000420e-01
1.683999999999999941e-01
1.793999999999999762e-01
1.278999999999999304e-01
9.889999999999994629e-02
1.027000000000000135e-01
1.309999999999999776e-01
1.139999999999999764e-01
1.095999999999999752e-01
1.693000000000000060e-01
1.034999999999999809e-01
1.398000000000000353e-01
1.834999999999999964e-01
1.511999999999999456e-01
1.954999999999999793e-01
1.974000000000000199e-01
1.589999999999999747e-01
8.209999999999992304e-02
8.929999999999990723e-02
1.243000000000000493e-01
1.678000000000001157e-01
1.869999999999999996e-01
1.408999999999999975e-01
1.999999999999999556e-01
2.932000000000000162e-01
2.286999999999999311e-01
2.159000000000000363e-01
1.724000000000001087e-01
1.491999999999999438e-01
5.529999999999987009e-02
1.550999999999999046e-01
1.159999999999999920e-01
1.045000000000000928e-01
1.412999999999999812e-01
1.593999999999999861e-01
8.860000000000003983e-02
9.810000000000002052e-02
1.249999999999999445e-01
1.575999999999999623e-01
1.052000000000000851e-01
1.024000000000001021e-01
1.358000000000000318e-01
1.972000000000000419e-01
1.747999999999999832e-01
1.750999999999999779e-01
2.192000000000000060e-01
1.977999999999999203e-01
1.563999999999999280e-01
1.417999999999999816e-01
1.673999999999999655e-01
1.336000000000001076e-01
1.662000000000002087e-01
1.439999999999999059e-01
2.078999999999999737e-01
2.328000000000000069e-01
1.912999999999999701e-01
1.769999999999999352e-01
1.596999999999998976e-01
1.718000000000000360e-01
1.590999999999999637e-01
1.374000000000000221e-01
1.658000000000000029e-01
1.843999999999998973e-01
1.654000000000000470e-01
1.105999999999999900e-01
8.170000000000002260e-02
7.359999999999991549e-02
7.829999999999985583e-02
1.518999999999999240e-01
1.475999999999999535e-01
1.418999999999999428e-01
1.198000000000000453e-01
1.331999999999999018e-01
1.701999999999999624e-01
1.846999999999999198e-01
2.224999999999999478e-01
1.809000000000001163e-01
1.625999999999999945e-01
2.014000000000000234e-01
1.897999999999999410e-01
1.811000000000000387e-01
1.375000000000001499e-01
1.585000000000000020e-01
2.803000000000001046e-01
2.192000000000000615e-01
1.044000000000000344e-01
1.254000000000000670e-01
1.732999999999999263e-01
1.678000000000000325e-01
1.629000000000001003e-01
1.508000000000000174e-01
1.077000000000000179e-01
6.450000000000005729e-02
8.640000000000003233e-02
1.215000000000000246e-01
9.930000000000002713e-02
1.169000000000001149e-01
1.552000000000000046e-01
1.348000000000000864e-01
1.261999999999999234e-01
2.151999999999999191e-01
2.120000000000000218e-01
1.128999999999998893e-01
2.541999999999999815e-01
2.294000000000000761e-01
2.252000000000000390e-01
1.644999999999999796e-01
1.768000000000000682e-01
1.970000000000000084e-01
1.668999999999998263e-01
1.479000000000000592e-01
1.482000000000001649e-01
1.837000000000000577e-01
1.910999999999999366e-01
1.656000000000000250e-01
1.779999999999999083e-01
8.029999999999989924e-02
1.510000000000001341e-01
5.299999999999999156e-02
7.319999999999987628e-02
8.519999999999997020e-02
1.404999999999998750e-01
1.258999999999999009e-01
1.208000000000001017e-01
1.730000000000000149e-01
1.476999999999998314e-01
1.342999999999999750e-01
8.549999999999999267e-02
8.559999999999998166e-02
2.296000000000001373e-01
2.503000000000000225e-01
1.792999999999999594e-01
6.530000000000024674e-02
8.119999999999988338e-02
1.406000000000001138e-01
2.261999999999999011e-01
2.455999999999998185e-01
2.077999999999999292e-01
2.409999999999998810e-01
2.031999999999999917e-01
1.740000000000000435e-01
1.193999999999998951e-01
9.009999999999979137e-02
8.369999999999999662e-02
1.104000000000001647e-01
1.044999999999999818e-01
7.799999999999990274e-02
9.859999999999990994e-02
9.200000000000013722e-02
7.679999999999997939e-02
1.110000000000000431e-01
9.620000000000006324e-02
1.246999999999999498e-01
2.409000000000001418e-01
1.596000000000002972e-01
7.460000000000016618e-02
