1.465299999999999825e+00
8.196999999999999842e-01
5.753999999999999115e-01
2.747999999999999887e-01
3.649000000000000576e-01
3.447999999999999954e-01
3.916999999999999371e-01
2.530000000000000027e-01
1.369000000000000217e-01
1.928000000000000269e-01
2.096000000000000640e-01
1.946000000000000785e-01
2.143000000000000460e-01
1.226999999999999758e-01
1.559999999999999720e-01
2.860000000000000320e-01
2.194999999999999729e-01
2.130999999999998451e-01
1.262999999999999123e-01
1.767999999999998739e-01
2.117999999999999605e-01
1.187999999999999334e-01
1.943000000000000560e-01
2.019000000000000794e-01
2.105999999999999817e-01
2.425999999999998713e-01
2.935999999999999721e-01
3.085999999999999854e-01
2.596999999999998199e-01
8.679999999999990501e-02
2.170999999999999597e-01
2.381999999999999396e-01
2.851999999999998980e-01
3.073000000000000176e-01
3.250000000000001776e-01
1.584000000000001518e-01
1.142999999999999849e-01
2.319000000000000505e-01
3.857000000000001538e-01
3.274000000000001354e-01
2.364999999999999603e-01
1.670999999999999985e-01
7.999999999999990452e-02
2.247000000000000108e-01
1.955000000000000349e-01
2.358999999999999986e-01
4.378000000000000780e-01
3.094000000000000083e-01
2.011000000000001398e-01
1.956000000000000516e-01
8.760000000000001119e-02
2.369999999999997942e-01
2.416999999999997761e-01
1.981999999999998208e-01
1.517999999999998240e-01
1.636000000000001064e-01
1.714999999999999025e-01
3.988999999999998658e-01
3.884000000000000785e-01
3.370000000000000773e-01
2.371000000000000052e-01
2.289999999999999536e-01
2.318999999999998007e-01
2.349999999999998757e-01
6.769999999999989915e-02
1.395000000000001239e-01
2.545000000000000595e-01
3.366000000000000658e-01
3.343999999999999195e-01
2.266999999999999571e-01
1.640999999999999404e-01
2.331000000000001127e-01
3.612999999999999545e-01
3.767000000000001458e-01
1.265999999999999626e-01
1.909000000000000141e-01
2.139999999999998015e-01
2.090999999999997860e-01
1.104000000000000536e-01
3.015999999999999237e-01
3.113999999999999546e-01
3.689000000000000612e-01
2.564000000000000723e-01
4.076999999999998403e-01
2.332000000000000739e-01
1.685000000000000664e-01
2.424000000000002264e-01
2.474000000000000365e-01
1.967000000000000970e-01
1.509999999999999676e-01
2.125999999999999279e-01
1.614999999999999769e-01
2.666000000000000592e-01
3.082000000000001405e-01
3.924000000000000266e-01
2.332999999999999796e-01
3.525999999999999135e-01
2.811000000000000165e-01
1.440999999999998393e-01
2.445999999999998731e-01
3.796999999999997599e-01
3.597000000000001863e-01
2.282999999999999197e-01
2.472999999999999921e-01
2.476999999999998370e-01
3.828000000000000291e-01
3.062000000000001387e-01
5.141999999999999904e-01
2.456999999999999185e-01
3.069999999999999396e-01
2.255000000000000060e-01
1.633000000000000285e-01
7.010000000000005116e-02
2.454999999999998850e-01
2.362999999999999545e-01
3.086000000000000965e-01
3.603000000000000647e-01
3.081000000000000960e-01
1.493000000000000438e-01
9.860000000000010423e-02
1.812999999999998224e-01
2.607000000000000428e-01
2.970999999999999752e-01
3.090999999999999859e-01
2.635999999999998900e-01
1.821000000000000119e-01
1.627000000000002056e-01
9.210000000000007070e-02
1.208999999999998687e-01
2.428999999999998105e-01
2.995999999999999774e-01
2.499000000000000110e-01
1.877000000000001723e-01
1.309000000000001829e-01
2.005999999999998340e-01
2.868999999999998773e-01
2.353999999999997483e-01
2.227000000000000091e-01
1.152999999999998748e-01
2.232999999999999430e-01
3.011000000000001453e-01
1.752000000000001334e-01
1.700999999999999179e-01
2.604999999999998428e-01
2.285999999999999976e-01
3.028000000000000691e-01
3.538000000000001144e-01
2.386999999999999678e-01
1.586000000000000187e-01
7.319999999999993179e-02
2.218999999999999306e-01
2.526999999999999247e-01
3.451000000000001844e-01
1.932999999999999996e-01
2.369999999999998774e-01
2.055000000000000160e-01
1.896000000000000463e-01
2.415999999999999259e-01
3.400000000000001910e-01
2.897999999999999465e-01
3.158999999999998476e-01
2.933000000000001162e-01
2.449999999999999400e-01
3.640999999999999237e-01
2.915000000000000369e-01
3.215999999999998304e-01
5.523999999999998911e-01
5.118000000000000327e-01
6.514999999999999680e-01
1.058799999999999963e+00
1.057600000000000096e+00
1.286200000000000010e+00
1.159499999999999975e+00
4.432999999999999163e-01
4.120000000000000329e-01
5.228999999999999204e-01
3.755999999999997119e-01
5.362000000000000099e-01
5.757999999999999785e-01
5.090000000000000080e-01
2.123999999999998944e-01
1.348999999999999644e-01
1.302000000000000934e-01
1.530999999999999028e-01
3.338999999999998636e-01
2.059999999999999609e-01
4.200000000000002343e-02
2.521999999999999797e-01
1.925000000000000044e-01
2.674999999999999600e-01
1.297000000000000652e-01
2.354999999999998483e-01
2.634999999999999565e-01
2.412000000000000532e-01
1.136999999999997735e-01
1.871999999999999775e-01
3.414000000000001478e-01
1.904999999999999472e-01
3.461999999999998412e-01
