3.760999999999999899e-01
2.381999999999999951e-01
2.149999999999999689e-01
3.427999999999999936e-01
1.287000000000000088e-01
9.760000000000002007e-02
1.383999999999999952e-01
1.613999999999999879e-01
2.256000000000000227e-01
2.541999999999999815e-01
4.916000000000000369e-01
1.653000000000000302e-01
2.650000000000000133e-01
2.267000000000000126e-01
1.584000000000000130e-01
1.912000000000000366e-01
1.441999999999999948e-01
3.140000000000000568e-01
1.325000000000000067e-01
1.738000000000000100e-01
2.695999999999999508e-01
2.868999999999999329e-01
3.237999999999999767e-01
2.945999999999999730e-01
2.534000000000000141e-01
2.311999999999999611e-01
7.110000000000002429e-02
2.220000000000000306e-01
2.580999999999999961e-01
1.858000000000000207e-01
9.680000000000003879e-02
1.304999999999999771e-01
3.146999999999999242e-01
3.273000000000000353e-01
1.072999999999999787e-01
1.558000000000000496e-01
1.796000000000000374e-01
2.178000000000000491e-01
2.255000000000000338e-01
1.611999999999999822e-01
4.199999999999998873e-02
2.352000000000000202e-01
2.354999999999999871e-01
2.981999999999999651e-01
2.577999999999999736e-01
1.916000000000000481e-01
1.882000000000000339e-01
1.636000000000000232e-01
1.934000000000000163e-01
1.745999999999999774e-01
1.232999999999999929e-01
1.783000000000000140e-01
1.740999999999999770e-01
2.134000000000000341e-01
2.196000000000000452e-01
1.683999999999999941e-01
8.619999999999998497e-02
1.183000000000000301e-01
1.070000000000000118e-01
2.384000000000000008e-01
1.721999999999999642e-01
3.545999999999999708e-01
2.303999999999999659e-01
2.101000000000000645e-01
2.318000000000000060e-01
2.568000000000000282e-01
2.300999999999999990e-01
2.262999999999999456e-01
2.783000000000000473e-01
4.188000000000000056e-01
4.373000000000000220e-01
3.762999999999999123e-01
3.290999999999999481e-01
3.482000000000000095e-01
3.184000000000000719e-01
2.617999999999999217e-01
1.975000000000000089e-01
2.124000000000000055e-01
1.963999999999999913e-01
1.113000000000000100e-01
1.930999999999999939e-01
3.311999999999999389e-01
2.450999999999999568e-01
2.185000000000000553e-01
1.480999999999999539e-01
1.438000000000000111e-01
1.343000000000000305e-01
1.152000000000000385e-01
2.379999999999999893e-01
1.867999999999999661e-01
6.880000000000000004e-02
1.537000000000000310e-01
1.687000000000000444e-01
2.228999999999999593e-01
1.421999999999999653e-01
2.625000000000000666e-01
1.978000000000000314e-01
1.522000000000000020e-01
2.270000000000000351e-01
2.725999999999999535e-01
3.133999999999999564e-01
1.121000000000000052e-01
2.182000000000000051e-01
3.610999999999999766e-01
2.560000000000000053e-01
2.001999999999999336e-01
2.545999999999999375e-01
9.270000000000000462e-02
1.975000000000000644e-01
1.652000000000000135e-01
2.458999999999999797e-01
1.569000000000000117e-01
2.367999999999999550e-01
2.244999999999999218e-01
7.339999999999999303e-02
1.701999999999999902e-01
2.064000000000000001e-01
2.832999999999999963e-01
2.478000000000000203e-01
1.155000000000000193e-01
7.620000000000000384e-02
1.536999999999999755e-01
2.210000000000000020e-01
2.106999999999999984e-01
1.047999999999999904e-01
1.601999999999999813e-01
1.272999999999999687e-01
2.032999999999999807e-01
1.330999999999999683e-01
7.769999999999999130e-02
1.760999999999999510e-01
4.366999999999999771e-01
2.404999999999999638e-01
2.476000000000000700e-01
2.896000000000000241e-01
1.530999999999999583e-01
2.048999999999999988e-01
2.776999999999999469e-01
2.026999999999999635e-01
2.918999999999999928e-01
2.558999999999999608e-01
2.069000000000000006e-01
2.637000000000000455e-01
2.735000000000000209e-01
4.922000000000000264e-01
3.466999999999999527e-01
2.257000000000000117e-01
1.256000000000000449e-01
1.854000000000000647e-01
1.913000000000000256e-01
2.042000000000000759e-01
1.948999999999999622e-01
2.971000000000000307e-01
4.068000000000000504e-01
3.981000000000000649e-01
2.817999999999999949e-01
1.678999999999999937e-01
1.542999999999999927e-01
2.300999999999999435e-01
2.455999999999999572e-01
2.049999999999999323e-01
1.464999999999999636e-01
1.635999999999999677e-01
9.120000000000000329e-02
1.915000000000000036e-01
2.031000000000000583e-01
2.969999999999999862e-01
2.463999999999999524e-01
2.928999999999999937e-01
1.650000000000000910e-01
1.779000000000000581e-01
1.514000000000000346e-01
2.902000000000000135e-01
2.368000000000000105e-01
2.038000000000000367e-01
3.659000000000000030e-01
1.560000000000000275e-01
3.878000000000000336e-01
2.906999999999999584e-01
2.385999999999999788e-01
2.649999999999999023e-01
3.498999999999999888e-01
4.037999999999999923e-01
1.883999999999999564e-01
1.811000000000000387e-01
2.797000000000000042e-01
1.823999999999999788e-01
3.919000000000000261e-01
4.405999999999999917e-01
2.922000000000000153e-01
2.288000000000000034e-01
1.932000000000000384e-01
1.814000000000000057e-01
1.090999999999999470e-01
2.129000000000000337e-01
3.472000000000000086e-01
3.145000000000000018e-01
1.745999999999999497e-01
2.171000000000000152e-01
