4.583999999999999742e-01
5.212000000000001076e-01
1.801000000000000101e-01
1.729000000000000259e-01
1.438999999999999724e-01
2.214000000000000135e-01
1.773999999999999744e-01
1.986999999999999877e-01
1.663999999999999924e-01
3.016999999999999682e-01
2.401000000000000356e-01
2.811000000000000165e-01
1.784999999999999643e-01
2.662999999999999812e-01
2.789000000000000368e-01
2.237000000000000099e-01
1.950000000000000067e-01
2.338000000000000078e-01
1.855999999999999595e-01
1.809999999999999942e-01
2.183000000000000496e-01
5.179000000000000270e-01
2.595000000000000084e-01
3.165000000000000036e-01
2.640000000000000124e-01
1.875000000000000000e-01
2.107000000000000262e-01
2.308000000000000329e-01
2.100000000000000200e-01
3.216999999999999860e-01
4.623999999999999222e-01
7.738000000000000433e-01
3.936999999999999389e-01
4.352000000000000868e-01
9.979999999999999982e-01
1.518999999999999517e-01
1.901999999999999802e-01
3.837000000000000410e-01
1.980000000000000093e-01
1.111999999999999794e-01
3.163000000000000256e-01
9.960000000000002185e-02
3.877000000000001001e-01
3.033000000000000140e-01
4.040000000000000258e-01
3.065000000000000502e-01
2.318000000000000060e-01
2.446999999999999731e-01
2.155000000000000804e-01
2.600999999999999979e-01
3.294000000000000261e-01
2.746999999999999997e-01
1.914000000000000146e-01
1.413000000000000089e-01
2.884999999999999787e-01
2.436999999999999722e-01
2.095999999999999530e-01
1.843000000000000194e-01
2.066000000000000059e-01
1.357999999999999763e-01
6.598999999999999311e-01
9.252000000000000224e-01
1.975700000000000012e+00
4.322200000000000486e+00
1.618299999999999850e+00
2.935000000000000386e-01
3.449000000000000954e-01
2.230000000000000315e-01
2.710999999999999521e-01
2.210000000000000020e-01
1.524999999999999689e-01
2.416999999999999149e-01
9.730000000000001148e-02
1.513999999999999790e-01
1.787000000000000255e-01
1.843000000000000194e-01
2.020000000000000129e-01
2.212000000000000632e-01
1.135000000000000037e-01
1.315999999999999392e-01
2.174999999999999711e-01
1.961999999999999855e-01
1.595000000000000862e-01
1.817000000000000282e-01
1.519999999999999962e-01
2.331999999999999906e-01
1.566000000000000447e-01
2.104000000000000314e-01
1.735999999999999766e-01
1.813000000000000167e-01
2.219999999999999474e-01
1.716000000000000303e-01
1.341000000000000525e-01
1.228999999999999815e-01
3.314000000000000279e-01
3.227999999999999758e-01
3.443000000000000504e-01
3.000000000000000444e-01
2.160999999999999865e-01
2.184999999999999443e-01
1.671999999999999875e-01
2.055000000000000160e-01
1.928999999999999604e-01
1.244000000000000244e-01
1.690000000000000113e-01
1.476000000000000645e-01
1.134000000000000424e-01
1.065000000000000113e-01
1.329000000000000181e-01
1.058000000000000329e-01
1.338000000000000023e-01
2.281999999999999862e-01
4.412999999999999146e-01
1.908999999999999586e-01
2.388000000000000678e-01
1.901000000000000190e-01
1.774000000000000021e-01
1.876999999999999780e-01
2.142000000000000015e-01
1.975000000000000644e-01
2.303000000000000047e-01
1.884000000000000119e-01
2.150000000000000244e-01
1.583000000000000240e-01
1.904999999999999472e-01
2.154999999999999694e-01
2.119000000000000328e-01
1.966000000000000525e-01
1.479999999999999649e-01
1.730999999999999761e-01
1.169000000000000178e-01
1.372999999999999776e-01
1.398999999999999688e-01
1.199999999999999956e-01
1.287999999999999701e-01
1.346999999999999031e-01
2.274999999999999800e-01
8.436999999999998945e-01
3.220999999999999419e-01
2.547999999999999710e-01
1.964999999999999525e-01
2.184000000000000108e-01
2.579000000000000181e-01
3.588999999999999968e-01
2.276999999999999857e-01
1.250000000000000000e-01
2.176000000000000434e-01
1.869000000000000106e-01
2.441000000000000114e-01
2.428999999999999770e-01
2.010999999999999455e-01
4.613999999999999768e-01
1.735000000000000431e-01
1.656999999999999584e-01
2.768000000000000460e-01
4.040000000000000258e-01
2.277000000000000135e-01
2.206000000000000183e-01
2.989999999999999880e-01
4.651000000000000134e-01
3.569999999999999840e-01
3.324000000000000288e-01
1.844999999999999973e-01
1.040999999999999565e-01
1.492999999999999328e-01
1.288999999999999313e-01
1.970999999999999697e-01
1.747999999999999832e-01
2.342000000000000193e-01
3.475999999999999091e-01
2.953999999999999959e-01
4.722000000000000086e-01
2.369799999999999685e+00
1.781100000000000128e+00
3.249999999999999556e-01
1.665999999999999703e-01
2.661000000000000032e-01
1.395999999999999741e-01
1.802999999999999881e-01
2.446000000000000674e-01
2.343000000000000638e-01
3.923000000000000931e-01
3.117799999999999461e+00
3.573300000000000143e+00
2.222999999999999976e-01
1.714000000000000523e-01
1.277000000000000357e-01
2.143000000000000460e-01
4.186999999999999611e-01
2.722999999999999865e-01
3.261000000000000010e-01
4.158000000000000029e-01
2.800000000000000266e-01
1.288999999999999868e-01
2.104000000000000314e-01
1.082999999999999657e-01
9.739999999999991720e-02
1.630999999999999117e-01
2.067999999999999283e-01
