3.508000000000000007e-01
3.679000000000000048e-01
2.923000000000000043e-01
3.225999999999999979e-01
2.553999999999999604e-01
3.876999999999999891e-01
5.700000000000000622e-01
4.089999999999999747e-01
2.860000000000000320e-01
2.340999999999999748e-01
4.894000000000000017e-01
5.063999999999999613e-01
1.713999999999999690e-01
1.723000000000000642e-01
1.471000000000000085e-01
4.266999999999999682e-01
5.389999999999999236e-01
1.823999999999999511e-01
5.183999999999999719e-01
5.237000000000000544e-01
2.943000000000000060e-01
3.296999999999999931e-01
8.960000000000009623e-02
7.479999999999992211e-02
5.960000000000006265e-02
1.329000000000000181e-01
1.864999999999999991e-01
1.028999999999999776e-01
2.881000000000000227e-01
5.457000000000000739e-01
1.842000000000000304e-01
3.623000000000000664e-01
4.680000000000000271e-01
2.329000000000000514e-01
3.280000000000000693e-01
3.433999999999999830e-01
3.501000000000001888e-01
3.188000000000001943e-01
3.493000000000000549e-01
1.972000000000000419e-01
3.518000000000000571e-01
1.424999999999999323e-01
3.096999999999999753e-01
2.938999999999999391e-01
5.770999999999997243e-01
6.481000000000001204e-01
7.210999999999998522e-01
3.683000000000001273e-01
2.375000000000000444e-01
4.411000000000000476e-01
4.612000000000001654e-01
3.840000000000000635e-01
4.313000000000001832e-01
3.198999999999999067e-01
3.832999999999998075e-01
6.463000000000000966e-01
4.981999999999999762e-01
5.260999999999999011e-01
3.652999999999998471e-01
1.610999999999999099e-01
1.509000000000000064e-01
1.087000000000000743e-01
5.299999999999982503e-02
6.999999999999981237e-02
1.123999999999996946e-01
1.142999999999999294e-01
7.250000000000006439e-02
9.770000000000000906e-02
3.793000000000000815e-01
4.188999999999998280e-01
4.236999999999999655e-01
2.969000000000000528e-01
3.360000000000000764e-01
1.963999999999999080e-01
5.681000000000000494e-01
1.301000000000001600e-01
4.037000000000002253e-01
2.421999999999997211e-01
2.300000000000000655e-01
2.680000000000000160e-01
3.802000000000000934e-01
2.912000000000001254e-01
2.093900000000000095e+00
1.391299999999999981e+00
4.890000000000001568e-01
3.383000000000000451e-01
5.295999999999999597e-01
4.729999999999999760e-01
4.199000000000000510e-01
3.604000000000000536e-01
3.877999999999999226e-01
3.351999999999998314e-01
3.445000000000000284e-01
2.418000000000000149e-01
2.453000000000000180e-01
3.985999999999998988e-01
6.997000000000002107e-01
1.810999999999999277e-01
3.233999999999999098e-01
2.518000000000001348e-01
5.764000000000000234e-01
3.045999999999999819e-01
5.127999999999999226e-01
6.614999999999999769e-01
6.799999999999993550e-02
2.005999999999999450e-01
1.015999999999999959e-01
2.942000000000001281e-01
4.884000000000001673e-01
5.553000000000000158e-01
1.017800000000000038e+00
4.416999999999998705e-01
2.058500000000000441e+00
1.778400000000000203e+00
6.518000000000000460e-01
4.708000000000000518e-01
4.015999999999998460e-01
5.816000000000000059e-01
7.569000000000001283e-01
6.044000000000000483e-01
6.810000000000000497e-01
4.510000000000000675e-01
2.845999999999999641e-01
6.436999999999999389e-01
5.454999999999998739e-01
9.171000000000000263e-01
5.425999999999999712e-01
5.127999999999999226e-01
1.033400000000000096e+00
6.212000000000001965e-01
7.433000000000000718e-01
4.993000000000000771e-01
3.070999999999999841e-01
6.994000000000001327e-01
3.171999999999999820e-01
3.911000000000001142e-01
4.931999999999999718e-01
9.112999999999999989e-01
8.190999999999999392e-01
5.019000000000000128e-01
2.502999999999998559e-01
8.690000000000002167e-01
4.468000000000000305e-01
6.042000000000000703e-01
2.720999999999999530e-01
1.115000000000000158e-01
5.227999999999999314e-01
4.584000000000001407e-01
9.665000000000001368e-01
4.199000000000000510e-01
4.529000000000000248e-01
1.182300000000000129e+00
8.743000000000000771e-01
1.563000000000000500e-01
8.523999999999997135e-01
4.881999999999998008e-01
5.077000000000000401e-01
6.415999999999999481e-01
2.298999999999999377e-01
1.160999999999999532e-01
1.503000000000000447e-01
2.021999999999999353e-01
1.398000000000000353e-01
7.186000000000001275e-01
4.978999999999998982e-01
2.342999999999997307e-01
1.751000000000000889e-01
2.749000000000000887e-01
2.853999999999998760e-01
9.035999999999999588e-01
3.844999999999999529e-01
8.419999999999999707e-01
4.909999999999998810e-01
4.112999999999998879e-01
2.297000000000000708e-01
3.267000000000001014e-01
6.029999999999992311e-02
5.128000000000000336e-01
3.978999999999998094e-01
2.031000000000000305e-01
2.311000000000001386e-01
4.434000000000002384e-01
2.170999999999998487e-01
1.158000000000001251e-01
1.885000000000001119e-01
4.531999999999999362e-01
3.045000000000002149e-01
2.849000000000000976e-01
2.076999999999999680e-01
6.048999999999999932e-01
8.443000000000000504e-01
1.396200000000000108e+00
1.000999999999999890e+00
4.537999999999999812e-01
8.771000000000001018e-01
3.726999999999999758e-01
2.886000000000000232e-01
5.746999999999999886e-01
2.750999999999998447e-01
