2.392999999999999849e-01
2.744000000000000328e-01
3.406000000000000139e-01
3.144000000000000128e-01
1.098999999999999977e-01
1.123000000000000109e-01
1.570000000000000007e-01
1.081000000000000155e-01
1.483999999999999764e-01
1.433000000000000385e-01
1.219999999999999973e-01
1.210000000000000242e-01
2.601999999999999869e-01
2.126000000000000112e-01
9.940000000000004388e-02
1.044000000000000206e-01
2.306999999999999607e-01
2.296999999999999320e-01
1.471000000000000085e-01
1.008999999999999897e-01
1.451000000000000068e-01
1.927000000000000379e-01
1.904000000000000137e-01
9.800000000000000377e-02
8.719999999999999973e-02
1.519999999999999962e-01
2.110000000000000209e-01
2.099000000000000310e-01
1.944000000000000172e-01
1.809999999999999942e-01
1.246000000000000579e-01
7.600000000000003975e-02
9.889999999999998792e-02
1.006999999999999562e-01
8.340000000000000191e-02
1.968999999999999639e-01
1.958999999999999631e-01
2.176000000000000434e-01
2.016999999999999904e-01
1.426999999999999935e-01
1.416000000000000036e-01
6.429999999999999605e-02
1.141999999999999821e-01
1.444000000000000006e-01
1.551000000000000156e-01
2.001999999999999891e-01
2.306999999999999607e-01
1.893000000000000238e-01
1.080000000000000265e-01
9.770000000000003681e-02
1.090999999999999887e-01
1.933999999999999886e-01
2.139000000000000346e-01
1.705000000000000127e-01
1.018000000000000016e-01
1.142999999999999849e-01
1.218000000000000471e-01
1.836000000000000409e-01
1.446000000000000063e-01
1.724999999999999867e-01
1.768999999999999739e-01
8.409999999999998033e-02
1.005999999999999811e-01
2.473000000000000198e-01
2.518000000000000238e-01
2.036999999999999644e-01
1.180999999999999828e-01
7.640000000000002345e-02
1.310999999999999388e-01
1.782999999999999863e-01
1.413999999999999702e-01
1.925000000000000044e-01
2.223000000000000254e-01
1.945000000000000062e-01
3.000000000000000444e-01
2.410999999999999810e-01
1.638999999999999346e-01
1.379999999999999560e-01
6.589999999999995861e-02
1.668000000000000038e-01
2.286999999999999866e-01
2.807999999999999940e-01
2.696000000000000063e-01
1.942000000000000393e-01
1.078000000000000347e-01
1.288000000000000256e-01
1.130999999999999922e-01
2.229999999999999760e-01
2.612999999999999767e-01
2.347999999999999532e-01
1.607999999999999152e-01
1.153999999999999193e-01
1.107999999999999541e-01
1.116999999999999660e-01
2.106000000000000094e-01
2.683999999999999719e-01
2.560999999999999943e-01
1.300999999999999934e-01
1.033999999999999919e-01
1.111999999999999794e-01
1.146999999999999964e-01
1.925999999999999934e-01
2.537999999999999701e-01
2.471999999999999753e-01
2.068000000000000393e-01
1.309000000000000163e-01
1.413999999999999424e-01
1.293999999999999317e-01
1.096000000000000307e-01
1.372999999999999776e-01
1.887999999999999678e-01
2.449000000000000066e-01
2.440999999999999559e-01
1.993999999999999106e-01
1.693999999999999950e-01
1.465000000000000469e-01
6.740000000000000158e-02
6.050000000000001210e-02
7.309999999999995668e-02
1.227000000000000035e-01
1.527000000000000024e-01
2.291999999999999871e-01
2.535000000000000031e-01
2.817000000000000060e-01
2.990999999999999770e-01
1.658999999999999919e-01
1.792999999999999872e-01
5.530000000000005050e-02
5.130000000000005389e-02
9.609999999999993547e-02
1.702999999999999514e-01
2.853999999999999870e-01
2.952000000000000179e-01
3.024999999999999911e-01
2.152999999999999914e-01
7.729999999999997984e-02
7.220000000000000029e-02
1.254000000000000115e-01
2.661000000000000032e-01
2.216000000000000192e-01
1.754000000000000004e-01
2.152999999999999636e-01
2.261999999999999844e-01
2.666000000000000592e-01
3.013000000000000678e-01
2.342000000000000748e-01
1.155000000000001165e-01
9.900000000000003242e-02
7.829999999999995297e-02
1.692000000000000448e-01
2.550999999999999934e-01
2.794999999999999707e-01
2.512999999999999678e-01
1.513999999999999790e-01
1.281999999999999251e-01
8.949999999999995459e-02
9.059999999999995834e-02
7.080000000000001570e-02
1.659999999999999254e-01
1.838999999999999524e-01
2.214999999999999747e-01
2.162000000000000310e-01
1.348000000000000309e-01
6.499999999999998834e-02
1.624999999999999778e-01
2.394000000000000572e-01
1.891000000000000458e-01
9.000000000000003830e-02
9.660000000000000531e-02
2.045000000000000151e-01
2.580999999999999961e-01
2.043000000000000094e-01
1.930000000000000049e-01
1.548000000000000487e-01
9.059999999999995834e-02
1.080999999999999739e-01
1.196999999999999870e-01
9.479999999999999538e-02
8.670000000000002705e-02
7.139999999999999125e-02
1.348000000000000032e-01
2.326000000000000290e-01
2.474000000000000088e-01
2.839999999999999192e-01
2.805999999999999606e-01
2.601999999999999869e-01
2.293000000000000038e-01
8.700000000000003564e-02
1.598999999999999866e-01
1.122000000000000219e-01
1.619999999999999496e-01
1.604999999999999205e-01
2.047999999999999821e-01
2.111999999999999988e-01
2.746000000000000663e-01
2.872000000000000108e-01
1.376999999999999891e-01
7.729999999999995208e-02
1.465000000000000191e-01
