5.625000000000000000e-01
4.660999999999999588e-01
5.314999999999999725e-01
2.003000000000000336e-01
2.109999999999999654e-01
1.737999999999999545e-01
5.137000000000000455e-01
2.640000000000000124e-01
3.006999999999999673e-01
1.142000000000000237e-01
2.028000000000000080e-01
4.366999999999999771e-01
2.898999999999999910e-01
2.953000000000000069e-01
1.046000000000000263e-01
2.219999999999999751e-01
3.127999999999999670e-01
1.464000000000000301e-01
1.010000000000000203e-01
2.391000000000000347e-01
2.370999999999999774e-01
2.169999999999999707e-01
6.800000000000000488e-02
7.270000000000001461e-02
2.228000000000000258e-01
1.017999999999999738e-01
2.849000000000000421e-01
6.549999999999997491e-02
1.505000000000000226e-01
1.622999999999999443e-01
9.810000000000002052e-02
1.297000000000000097e-01
1.776000000000000079e-01
1.896999999999999797e-01
2.386999999999999678e-01
1.075999999999999873e-01
1.565999999999999615e-01
2.697000000000000508e-01
3.684999999999999942e-01
1.188000000000000167e-01
2.282999999999999752e-01
2.756999999999999451e-01
9.569999999999999341e-02
1.143999999999999739e-01
1.516000000000000125e-01
1.241000000000000020e-01
1.619000000000000161e-01
1.069000000000000228e-01
3.550999999999999712e-01
1.824000000000000343e-01
1.438000000000000389e-01
2.447999999999999621e-01
2.482999999999999374e-01
2.117999999999999883e-01
1.866999999999999771e-01
1.374000000000000221e-01
4.747000000000000108e-01
2.993000000000000105e-01
1.937999999999999723e-01
3.926000000000000045e-01
2.232999999999999985e-01
3.079000000000000070e-01
1.609000000000000152e-01
2.130000000000000226e-01
2.911999999999999589e-01
9.400000000000001410e-02
2.907000000000000139e-01
2.394999999999999907e-01
2.335000000000000409e-01
2.171000000000000152e-01
4.895000000000000462e-01
4.069999999999999174e-01
2.658000000000000362e-01
2.346000000000000030e-01
2.321999999999999897e-01
2.003999999999999948e-01
2.323999999999999677e-01
1.060999999999999860e-01
1.868000000000000216e-01
1.668999999999999928e-01
1.834999999999999687e-01
1.103000000000000091e-01
1.257000000000000339e-01
1.838999999999999801e-01
1.277000000000000079e-01
6.869999999999998330e-02
1.377999999999999226e-01
1.673999999999999932e-01
1.593000000000000249e-01
6.430000000000002380e-02
1.201000000000000123e-01
1.945000000000000062e-01
3.777000000000000357e-01
3.111999999999999766e-01
3.321999999999999953e-01
2.140999999999999848e-01
3.413000000000000478e-01
2.957999999999999519e-01
3.527000000000000690e-01
3.137999999999999678e-01
9.299999999999997158e-02
1.664000000000000201e-01
9.500000000000001499e-02
1.867000000000000326e-01
2.021999999999999909e-01
1.566000000000000170e-01
5.339999999999994751e-02
3.579999999999997767e-02
1.516000000000000125e-01
1.305000000000000049e-01
1.664999999999999813e-01
1.416999999999999649e-01
1.463999999999999746e-01
1.391999999999999627e-01
1.321000000000000230e-01
6.649999999999994804e-02
2.930000000000000382e-01
2.794000000000000372e-01
2.583999999999999631e-01
1.907999999999999696e-01
9.610000000000001874e-02
9.860000000000002096e-02
7.149999999999995248e-02
3.005999999999999783e-01
2.355999999999999484e-01
2.015999999999999459e-01
2.626999999999999336e-01
1.348000000000000309e-01
1.790999999999999537e-01
2.445999999999999563e-01
1.333000000000000296e-01
1.517999999999999905e-01
2.379000000000000004e-01
1.830999999999999850e-01
1.264000000000000401e-01
1.098000000000000365e-01
2.103999999999999759e-01
1.320999999999999952e-01
1.228000000000000341e-01
1.290999999999999925e-01
1.378999999999999670e-01
2.072999999999999843e-01
2.052999999999999547e-01
3.821999999999999287e-01
2.095999999999999530e-01
1.652000000000000135e-01
3.212000000000000410e-01
4.278000000000000691e-01
2.266999999999999571e-01
8.739999999999994995e-02
2.011999999999999345e-01
1.279000000000000137e-01
2.548000000000000265e-01
1.535000000000000253e-01
1.074999999999999706e-01
1.374999999999999833e-01
2.153999999999999249e-01
7.230000000000007254e-02
8.989999999999995217e-02
1.383000000000000063e-01
9.069999999999997509e-02
7.250000000000003664e-02
1.660000000000000919e-01
1.777000000000000246e-01
2.388000000000000123e-01
1.850000000000000533e-01
1.608999999999999875e-01
1.238999999999999824e-01
1.757000000000000228e-01
1.831000000000000127e-01
1.783000000000000140e-01
8.069999999999993845e-02
2.068000000000000393e-01
2.458999999999999797e-01
1.215999999999999998e-01
1.909000000000000141e-01
2.058000000000000385e-01
2.227999999999999980e-01
1.281999999999999806e-01
6.750000000000001832e-02
8.859999999999999820e-02
1.172999999999999599e-01
2.546999999999999265e-01
2.727999999999999869e-01
1.391000000000000292e-01
2.566000000000000503e-01
2.259000000000000175e-01
9.349999999999998590e-02
1.121999999999999387e-01
8.150000000000001688e-02
1.325000000000000067e-01
5.470000000000002638e-02
2.847999999999999976e-01
2.256000000000000227e-01
6.899999999999997802e-02
1.744000000000000550e-01
1.537000000000000588e-01
1.429000000000000270e-01
1.552999999999999381e-01
