1.360999999999999988e-01
3.377999999999999892e-01
2.182999999999999940e-01
1.680999999999999717e-01
1.390999999999999737e-01
8.749999999999999445e-02
1.469000000000000306e-01
1.388999999999999957e-01
2.415999999999999814e-01
2.552999999999999714e-01
9.540000000000001257e-02
1.433000000000000107e-01
2.072999999999999843e-01
2.234000000000000152e-01
1.757000000000000228e-01
1.343000000000000027e-01
1.325000000000000067e-01
1.733999999999999986e-01
2.706999999999999962e-01
2.899999999999999800e-01
1.200000000000000094e-01
1.915000000000000036e-01
1.898000000000000242e-01
1.821000000000000119e-01
1.093999999999999972e-01
1.060999999999999999e-01
1.409999999999999865e-01
1.794999999999999929e-01
1.149999999999999772e-01
1.466999999999999971e-01
1.474000000000000032e-01
2.166000000000000147e-01
1.704000000000000237e-01
1.357999999999999763e-01
3.555000000000000382e-01
1.725999999999999757e-01
5.400000000000000633e-02
3.227999999999999758e-01
2.434999999999999942e-01
1.171999999999999986e-01
1.260000000000000286e-01
1.734999999999999598e-01
2.778999999999999804e-01
1.594000000000000139e-01
1.000000000000000333e-01
2.177000000000000046e-01
1.858000000000000207e-01
1.528000000000000191e-01
1.330999999999999961e-01
2.232000000000000095e-01
2.785000000000000808e-01
2.482000000000000317e-01
2.552999999999999714e-01
2.666999999999999926e-01
2.104999999999999649e-01
2.612999999999999767e-01
1.947999999999999732e-01
2.607999999999999763e-01
2.474999999999999145e-01
1.312000000000000388e-01
1.858000000000000762e-01
3.161999999999999811e-01
2.840000000000000302e-01
2.021000000000000019e-01
1.365999999999999992e-01
2.768999999999999795e-01
1.904000000000000137e-01
2.434000000000000052e-01
2.903000000000000580e-01
9.240000000000002378e-02
1.368000000000000049e-01
2.631000000000000560e-01
1.907000000000000361e-01
2.021999999999999909e-01
2.357000000000000761e-01
1.507000000000000006e-01
1.149999999999999911e-01
1.441999999999999948e-01
1.465000000000000191e-01
1.406000000000000028e-01
2.437000000000000277e-01
2.736000000000000099e-01
8.470000000000002527e-02
1.481999999999999429e-01
2.273000000000000020e-01
2.899999999999999800e-01
1.941999999999999837e-01
8.159999999999999198e-02
7.610000000000000098e-02
1.986999999999999877e-01
2.359999999999999598e-01
2.569000000000000172e-01
1.981000000000000538e-01
1.420000000000000151e-01
2.145000000000000240e-01
1.557000000000000051e-01
1.488999999999999768e-01
3.033999999999999475e-01
2.540000000000000036e-01
1.960000000000000908e-01
1.296999999999999820e-01
1.948000000000000009e-01
2.132000000000000284e-01
2.751000000000000112e-01
2.708000000000000407e-01
3.786000000000000476e-01
2.156000000000000694e-01
9.889999999999993241e-02
2.138999999999999790e-01
2.824000000000000399e-01
3.147000000000000353e-01
2.838999999999999302e-01
4.747999999999999998e-01
4.329999999999999960e-01
3.247999999999999776e-01
1.789999999999999925e-01
1.297000000000000375e-01
1.753000000000000946e-01
1.738999999999999713e-01
1.568999999999999839e-01
1.536999999999998923e-01
1.752000000000000224e-01
1.156999999999999140e-01
2.440000000000001334e-01
2.929000000000000492e-01
2.800000000000000266e-01
1.199999999999999956e-01
1.818000000000001282e-01
3.154000000000000692e-01
2.707999999999999297e-01
2.729000000000000314e-01
2.371000000000000052e-01
2.516999999999999793e-01
1.914000000000001256e-01
1.130000000000000032e-01
1.384000000000000785e-01
1.948999999999999344e-01
2.982999999999999541e-01
2.802000000000001156e-01
2.261000000000000232e-01
5.720000000000004248e-02
1.902000000000000635e-01
2.901000000000000245e-01
3.058999999999999497e-01
2.437000000000000832e-01
3.012999999999999567e-01
2.417999999999999317e-01
2.162000000000000588e-01
1.524000000000000354e-01
2.537999999999999146e-01
1.599000000000000143e-01
1.430999999999999772e-01
1.557000000000000606e-01
9.739999999999993108e-02
1.960999999999999965e-01
1.225999999999999729e-01
1.072000000000000453e-01
9.720000000000009188e-02
1.183000000000000440e-01
2.389000000000000568e-01
2.530999999999999917e-01
2.284999999999999809e-01
2.381000000000000338e-01
1.901000000000000190e-01
1.571999999999999231e-01
2.131999999999999451e-01
1.885000000000000009e-01
1.906999999999999806e-01
2.392000000000000515e-01
2.224000000000000976e-01
1.809999999999999942e-01
2.092000000000000526e-01
1.764000000000000012e-01
2.377999999999999836e-01
2.089999999999999636e-01
8.229999999999997040e-02
1.151000000000000495e-01
2.598000000000000309e-01
2.554000000000000159e-01
1.957000000000000683e-01
5.504000000000001114e-01
8.379999999999999671e-01
1.542999999999999372e-01
2.125999999999999279e-01
1.640000000000000624e-01
1.861999999999999766e-01
2.378999999999999448e-01
2.923999999999998822e-01
3.739999999999998881e-01
2.701000000000000068e-01
3.359999999999999098e-01
2.371999999999999664e-01
7.350000000000003753e-02
2.924999999999999822e-01
2.222999999999999421e-01
2.306999999999998774e-01
2.993999999999998884e-01
2.555999999999998828e-01
2.171000000000000152e-01
