4.432000000000000384e-01
5.052000000000000934e-01
3.400000000000000244e-01
6.128000000000000114e-01
1.085799999999999876e+00
6.296999999999999265e-01
4.483000000000000318e-01
4.146999999999999575e-01
5.433000000000000052e-01
4.560000000000000164e-01
4.364000000000001211e-01
2.777999999999999359e-01
4.234999999999999876e-01
5.377999999999999448e-01
3.375000000000000222e-01
4.587000000000000521e-01
3.845999999999999974e-01
2.137000000000000011e-01
2.668999999999999706e-01
2.356000000000000039e-01
3.756999999999999784e-01
5.372999999999998888e-01
3.911999999999999922e-01
5.819000000000000838e-01
1.594000000000000417e-01
3.603999999999999981e-01
3.415999999999999592e-01
3.217999999999999750e-01
3.038000000000000145e-01
2.181999999999999773e-01
1.489000000000000046e-01
2.589000000000000190e-01
1.318800000000000194e+00
5.417999999999999483e-01
3.315000000000000169e-01
7.748999999999999222e-01
1.079600000000000115e+00
4.987000000000000322e-01
2.943000000000000060e-01
7.685999999999999499e-01
3.344000000000000306e-01
5.166999999999999371e-01
2.950999999999999734e-01
1.488999999999999768e-01
2.437999999999999889e-01
4.818999999999999950e-01
3.477999999999999980e-01
1.601999999999999813e-01
7.366000000000000325e-01
3.850999999999998868e-01
2.232999999999999985e-01
1.590000000000000024e-01
2.515000000000000568e-01
2.005999999999999728e-01
2.434000000000000330e-01
7.047999999999999821e-01
6.474999999999999645e-01
5.245000000000000773e-01
4.309999999999999942e-01
6.417000000000000481e-01
4.161999999999999589e-01
2.953000000000000069e-01
4.707000000000000073e-01
2.998999999999999999e-01
3.511000000000000232e-01
2.785000000000000253e-01
2.246999999999999553e-01
2.990999999999999770e-01
4.623000000000000442e-01
3.746999999999999775e-01
2.765999999999999570e-01
3.970000000000000195e-01
6.844999999999998863e-01
1.231999999999999901e-01
2.742999999999999883e-01
8.744999999999999440e-01
7.984000000000001096e-01
2.820000000000000284e-01
3.006000000000000338e-01
3.173000000000000265e-01
2.002000000000000168e-01
4.199999999999999845e-01
1.904000000000000137e-01
5.552000000000000268e-01
3.338999999999999746e-01
1.127000000000000224e-01
1.882000000000000062e-01
4.185999999999999721e-01
3.956999999999999407e-01
2.998000000000000109e-01
2.926000000000000267e-01
3.321000000000000618e-01
1.329000000000000181e-01
2.835000000000000298e-01
1.450000000000000178e-01
2.766000000000000125e-01
2.513999999999999568e-01
2.772000000000000020e-01
2.859999999999999765e-01
1.940999999999999948e-01
3.125000000000000000e-01
4.206999999999999629e-01
2.264000000000000457e-01
2.523000000000000242e-01
3.155000000000000027e-01
3.733999999999998987e-01
4.255000000000000449e-01
2.567000000000000393e-01
2.963999999999999413e-01
2.056999999999999384e-01
3.124000000000000110e-01
4.785000000000000364e-01
5.067000000000000393e-01
4.588000000000000411e-01
3.712000000000000299e-01
1.853999999999999815e-01
7.352999999999999536e-01
2.449000000000000066e-01
2.772000000000000020e-01
1.159999999999999920e+00
7.015000000000000124e-01
4.812000000000000721e-01
4.994000000000000661e-01
9.359000000000000652e-01
9.957000000000000295e-01
7.662999999999999812e-01
4.833999999999999408e-01
1.129900000000000126e+00
7.941000000000000281e-01
4.157000000000000139e-01
1.668999999999999651e-01
3.119999999999999996e-01
2.348000000000000087e-01
4.425999999999999934e-01
2.844999999999999751e-01
4.863999999999999435e-01
5.343999999999999861e-01
2.123000000000000165e-01
4.155000000000000360e-01
1.375000000000000111e-01
1.218000000000000055e-01
2.872000000000000108e-01
6.121999999999999664e-01
3.265000000000000124e-01
9.464999999999998970e-01
4.610000000000000209e-01
4.317999999999999616e-01
3.044000000000000039e-01
4.535999999999999477e-01
3.240000000000000102e-01
5.461999999999999078e-01
4.683999999999999830e-01
4.744999999999999218e-01
8.014000000000000012e-01
6.524999999999999689e-01
1.191399999999999793e+00
2.100000000000000200e-01
7.189999999999999725e-01
2.190999999999999892e-01
6.179999999999996607e-02
2.205000000000000293e-01
7.948999999999999400e-01
8.513999999999999346e-01
4.019000000000000350e-01
3.862999999999999212e-01
3.290000000000000702e-01
4.056999999999999496e-01
4.780999999999999694e-01
6.083000000000000629e-01
4.842000000000000193e-01
6.069999999999999840e-01
5.969000000000000972e-01
3.655999999999999250e-01
2.550000000000000044e-01
1.650999999999999690e-01
3.029000000000000026e-01
2.842000000000000082e-01
2.697999999999999843e-01
4.984999999999999987e-01
5.390000000000000346e-01
6.074000000000000510e-01
4.415999999999999925e-01
4.224999999999999867e-01
2.132999999999999619e-01
1.407999999999999807e-01
8.135000000000001119e-01
3.781999999999999806e-01
4.335999999999999299e-01
4.241999999999997994e-01
4.851000000000001422e-01
6.781000000000000361e-01
1.203500000000000014e+00
7.101000000000000645e-01
6.338999999999999080e-01
5.248999999999999222e-01
1.943000000000000005e-01
4.445999999999999952e-01
1.817000000000000559e-01
2.331000000000000016e-01
