2.472000000000000031e-01
3.076000000000000401e-01
2.698000000000000398e-01
1.899000000000000132e-01
3.288000000000000367e-01
3.413999999999999813e-01
3.288999999999999702e-01
1.037000000000000144e-01
8.890000000000000679e-02
6.559999999999999165e-02
1.196000000000000119e-01
1.587000000000000077e-01
1.140999999999999653e-01
1.252999999999999670e-01
1.417000000000000481e-01
9.869999999999996831e-02
2.001999999999999891e-01
1.322000000000000119e-01
1.263000000000000234e-01
4.469999999999999668e-02
1.222999999999999921e-01
1.804999999999999660e-01
1.427999999999999825e-01
9.180000000000000659e-02
1.295999999999999930e-01
1.819000000000000061e-01
2.563000000000000278e-01
1.309999999999999776e-01
1.735000000000000431e-01
1.231999999999999901e-01
1.159000000000000030e-01
1.203999999999999793e-01
1.778999999999999748e-01
2.395999999999999797e-01
2.012999999999999512e-01
1.984999999999999543e-01
1.923999999999999599e-01
1.685999999999999721e-01
1.626999999999999835e-01
1.776000000000000356e-01
1.468000000000000138e-01
1.540999999999999592e-01
1.155999999999999805e-01
1.913000000000000256e-01
1.187000000000000138e-01
1.449000000000000565e-01
1.459999999999999909e-01
1.055000000000000104e-01
1.547000000000000319e-01
1.180000000000000215e-01
1.887999999999999678e-01
4.305000000000000493e-01
2.338000000000000633e-01
1.241999999999999493e-01
2.769999999999999685e-01
1.323000000000000009e-01
1.474000000000000588e-01
1.440999999999999781e-01
1.268999999999999573e-01
1.532000000000000584e-01
1.577000000000000068e-01
2.094000000000000306e-01
1.231000000000000705e-01
6.720000000000000973e-02
1.688999999999999946e-01
1.528000000000000191e-01
1.421999999999999653e-01
1.066000000000000558e-01
1.811000000000000110e-01
1.546000000000000152e-01
1.967000000000000415e-01
2.246000000000000218e-01
1.927000000000000102e-01
1.206999999999999740e-01
1.243999999999999828e-01
1.461000000000000631e-01
1.987999999999999767e-01
1.348999999999999644e-01
1.843000000000000194e-01
1.286999999999999811e-01
1.165000000000000202e-01
1.897000000000000353e-01
1.022000000000000131e-01
3.119999999999996387e-02
7.349999999999998201e-02
7.309999999999999831e-02
1.256000000000000449e-01
1.224000000000000088e-01
1.731000000000000316e-01
1.310999999999999943e-01
1.403999999999999970e-01
2.197999999999999954e-01
1.852999999999999925e-01
1.469999999999999918e-01
2.595999999999999974e-01
1.597000000000000364e-01
1.274999999999999745e-01
1.203999999999999793e-01
1.085000000000000270e-01
9.460000000000000353e-02
1.452999999999999847e-01
2.431999999999999995e-01
1.358999999999999653e-01
1.571000000000000174e-01
1.265000000000000013e-01
1.035999999999999976e-01
1.484000000000000319e-01
9.349999999999999978e-02
1.186999999999999722e-01
1.245999999999999885e-01
1.346000000000000252e-01
9.579999999999996851e-02
1.434000000000000274e-01
1.606000000000000205e-01
1.645999999999999686e-01
2.441999999999999726e-01
2.990999999999999770e-01
9.770000000000006457e-02
1.463000000000000411e-01
3.053000000000000158e-01
3.056999999999999718e-01
2.164000000000000368e-01
1.742000000000000215e-01
2.178999999999999826e-01
1.040999999999999565e-01
1.167999999999999872e-01
1.153000000000000136e-01
1.296000000000000485e-01
1.796999999999999986e-01
2.071000000000000341e-01
1.274999999999999745e-01
2.557999999999999718e-01
1.502999999999999892e-01
5.310000000000000830e-02
1.294000000000000150e-01
1.480999999999999817e-01
1.201000000000000401e-01
1.221000000000000280e-01
1.566999999999999782e-01
1.925999999999999934e-01
1.807000000000000273e-01
1.389999999999999014e-01
2.442999999999999339e-01
1.680999999999999717e-01
1.172000000000000125e-01
2.987999999999999545e-01
6.240000000000003183e-02
1.217000000000000026e-01
1.289000000000000701e-01
1.864999999999999991e-01
1.679000000000000492e-01
2.273999999999999910e-01
8.380000000000004112e-02
4.419999999999996154e-02
1.709999999999999853e-01
8.570000000000005391e-02
2.447000000000000286e-01
1.405000000000000138e-01
1.555000000000000548e-01
2.499000000000000665e-01
1.551000000000000156e-01
1.135000000000000314e-01
1.285999999999999921e-01
9.089999999999998082e-02
9.539999999999998481e-02
9.059999999999999998e-02
8.529999999999997307e-02
1.039999999999999813e-01
9.470000000000002027e-02
1.101000000000000034e-01
1.391000000000000292e-01
9.789999999999990377e-02
1.130999999999999645e-01
1.032000000000000139e-01
1.489999999999999658e-01
1.008999999999999619e-01
1.264000000000000123e-01
1.715999999999999748e-01
2.481000000000000150e-01
1.592000000000000082e-01
2.555000000000000049e-01
2.813999999999999835e-01
1.001999999999999974e-01
1.949999999999999512e-01
9.999999999999997780e-02
9.200000000000001232e-02
8.270000000000000961e-02
1.096000000000000169e-01
9.100000000000002531e-02
7.879999999999998117e-02
2.035999999999999754e-01
2.766000000000000125e-01
1.829999999999999405e-01
1.320000000000000062e-01
1.756999999999999673e-01
1.615999999999999936e-01
1.812000000000000000e-01
1.127999999999999975e-01
8.780000000000000304e-02
