3.133000000000000229e-01
4.654000000000000359e-01
2.300999999999999712e-01
3.936000000000000609e-01
5.524999999999999911e-01
3.587999999999999523e-01
2.449000000000000066e-01
2.508000000000000229e-01
4.021000000000000130e-01
4.067999999999999949e-01
3.722999999999999643e-01
2.164000000000000090e-01
3.069999999999999951e-01
1.054999999999999966e-01
1.326999999999999846e-01
3.232999999999999763e-01
3.572999999999999510e-01
4.715000000000000302e-01
3.513999999999999901e-01
2.933999999999999941e-01
2.128000000000000169e-01
2.320999999999999730e-01
3.423000000000000487e-01
4.474000000000000199e-01
4.953000000000000180e-01
2.104999999999999927e-01
1.031000000000000250e-01
1.503000000000000447e-01
2.071999999999999398e-01
1.502999999999999892e-01
2.499000000000000110e-01
3.053000000000000158e-01
5.061999999999999833e-01
4.654000000000000359e-01
3.425000000000000266e-01
1.738999999999999990e-01
1.043000000000000316e-01
4.780000000000000915e-01
3.938000000000000389e-01
2.161999999999999755e-01
2.444999999999999396e-01
1.809999999999999942e-01
1.020999999999999963e-01
2.373000000000000109e-01
3.818000000000000282e-01
4.062999999999999945e-01
4.369000000000000106e-01
3.605000000000000426e-01
2.472000000000000308e-01
1.034000000000000197e-01
1.648999999999999910e-01
4.251999999999999669e-01
4.781000000000000250e-01
2.788999999999999813e-01
3.168999999999999595e-01
4.948000000000000176e-01
3.859000000000000208e-01
3.205999999999999961e-01
2.945999999999999730e-01
3.979000000000000314e-01
4.223000000000000087e-01
4.202000000000000179e-01
3.936000000000000054e-01
4.685000000000000275e-01
3.555000000000000382e-01
2.719000000000000306e-01
1.929000000000000159e-01
3.144000000000000128e-01
2.690000000000000169e-01
4.750999999999999113e-01
4.516000000000000014e-01
3.424000000000000377e-01
2.746000000000000663e-01
2.269999999999999796e-01
1.692999999999999783e-01
8.219999999999996754e-02
2.976999999999999647e-01
3.241999999999999327e-01
2.708000000000000407e-01
1.940999999999999948e-01
1.523000000000000465e-01
2.399000000000000299e-01
3.979999999999999649e-01
4.733000000000000540e-01
2.476000000000000423e-01
1.172999999999999876e-01
1.738000000000000100e-01
4.133999999999999897e-01
3.360000000000000209e-01
4.464999999999999525e-01
5.073999999999999622e-01
5.059000000000000163e-01
4.356999999999999762e-01
1.771000000000000352e-01
3.257999999999999785e-01
2.736000000000000099e-01
2.026000000000000023e-01
2.550999999999999934e-01
3.849000000000000199e-01
1.824000000000000066e-01
2.329999999999999849e-01
2.924999999999999822e-01
1.592000000000000082e-01
3.090000000000000524e-01
3.312999999999999834e-01
5.761000000000000565e-01
5.298000000000000487e-01
5.090999999999999970e-01
5.555999999999999828e-01
6.215000000000001634e-01
4.203000000000000069e-01
2.978000000000000091e-01
1.586000000000000187e-01
4.637000000000000011e-01
4.202999999999999514e-01
1.949999999999999512e-01
1.712999999999999801e-01
2.222000000000000086e-01
3.163000000000000256e-01
3.148000000000000242e-01
2.756999999999999451e-01
2.300999999999999990e-01
2.106000000000000094e-01
2.048000000000000376e-01
3.404000000000000359e-01
3.062999999999999612e-01
2.270000000000000351e-01
4.168000000000000593e-01
1.272999999999999965e-01
3.190000000000000058e-01
1.549999999999999989e-01
2.527999999999999692e-01
3.515999999999999681e-01
4.530000000000000693e-01
4.195999999999999730e-01
3.700999999999999845e-01
2.416999999999999982e-01
2.103999999999999759e-01
3.409999999999999698e-01
2.621999999999999886e-01
2.611999999999999877e-01
4.536000000000000587e-01
4.712999999999999967e-01
2.692999999999999838e-01
1.733999999999999986e-01
1.644000000000000183e-01
1.054999999999999966e-01
8.230000000000001203e-02
2.697999999999999843e-01
4.656999999999999473e-01
6.677999999999999492e-01
4.087000000000000632e-01
3.654000000000000581e-01
5.955000000000000293e-01
4.017999999999999350e-01
2.348999999999999422e-01
5.127999999999999226e-01
3.416999999999998927e-01
3.562000000000000166e-01
3.488999999999999879e-01
2.909000000000000474e-01
3.411000000000000698e-01
1.900000000000000300e-01
2.124999999999999667e-01
4.263999999999999457e-01
3.573000000000000620e-01
6.510000000000000231e-01
1.243600000000000039e+00
5.673000000000000265e-01
1.430999999999999217e-01
1.082000000000000739e-01
1.634999999999999232e-01
9.100000000000003919e-02
2.170000000000000817e-01
3.305999999999998940e-01
8.530000000000004245e-02
2.676000000000000045e-01
2.108000000000000151e-01
2.585000000000000075e-01
2.247000000000000386e-01
1.611999999999999544e-01
2.066000000000000059e-01
1.828999999999999793e-01
2.011000000000000565e-01
3.735999999999999321e-01
4.209999999999999298e-01
3.148999999999999577e-01
3.522999999999999465e-01
3.553000000000000602e-01
2.808000000000000496e-01
4.181999999999999607e-01
2.515000000000000568e-01
1.701000000000000290e-01
2.763000000000000456e-01
2.813999999999999835e-01
2.022999999999999243e-01
2.985000000000000431e-01
4.358999999999998987e-01
4.606999999999999429e-01
