1.124000000000000138e-01
3.999999999999999389e-02
1.474999999999999922e-01
2.260000000000000342e-01
2.152999999999999914e-01
1.202000000000000013e-01
5.850000000000000339e-02
1.864999999999999991e-01
2.086999999999999966e-01
1.313999999999999890e-01
2.490000000000000546e-02
1.237000000000000044e-01
1.833000000000000185e-01
1.601000000000000201e-01
1.582999999999999963e-01
8.749999999999999445e-02
9.859999999999999321e-02
1.743999999999999995e-01
1.854999999999999982e-01
1.285999999999999921e-01
9.840000000000001523e-02
5.490000000000000435e-02
1.421000000000000041e-01
2.047999999999999821e-01
1.572999999999999954e-01
8.699999999999999400e-02
3.950000000000000733e-02
9.150000000000002576e-02
1.799000000000000044e-01
1.688999999999999946e-01
1.045999999999999985e-01
8.760000000000002507e-02
1.552000000000000046e-01
1.219000000000000083e-01
1.285999999999999921e-01
1.259000000000000119e-01
7.020000000000001239e-02
8.599999999999999312e-02
1.334999999999999798e-01
2.205000000000000016e-01
1.091000000000000025e-01
1.189999999999999947e-01
1.018000000000000016e-01
4.229999999999999039e-02
1.211000000000000132e-01
1.796000000000000096e-01
1.669999999999999818e-01
1.457999999999999852e-01
2.058999999999999719e-01
1.461999999999999966e-01
1.461999999999999689e-01
1.534000000000000086e-01
2.854999999999999760e-01
2.086999999999999966e-01
1.895000000000000018e-01
5.000000000000000278e-02
1.129000000000000004e-01
1.896999999999999797e-01
1.678000000000000047e-01
1.471999999999999975e-01
7.349999999999999589e-02
2.949999999999998804e-02
9.469999999999997864e-02
1.590999999999999914e-01
1.838999999999999801e-01
2.061999999999999944e-01
1.441999999999999948e-01
5.689999999999999225e-02
4.709999999999998910e-02
1.180999999999999828e-01
1.816999999999999726e-01
1.762999999999999845e-01
1.903000000000000247e-01
1.507000000000000006e-01
9.170000000000001761e-02
5.250000000000000500e-02
5.420000000000000512e-02
1.093000000000000083e-01
1.433999999999999997e-01
1.634999999999999787e-01
1.890000000000000013e-01
2.075000000000000178e-01
1.517999999999999905e-01
7.100000000000000755e-02
7.319999999999998730e-02
8.859999999999999820e-02
2.149999999999999689e-01
2.031000000000000028e-01
8.890000000000000679e-02
1.282000000000000084e-01
1.486999999999999988e-01
6.089999999999998886e-02
8.390000000000000235e-02
1.111000000000000043e-01
1.201000000000000123e-01
1.431000000000000050e-01
1.773000000000000131e-01
1.960999999999999965e-01
1.529999999999999694e-01
1.601999999999999813e-01
1.590999999999999914e-01
1.667000000000000148e-01
1.120999999999999913e-01
1.031000000000000111e-01
7.340000000000000691e-02
5.559999999999998971e-02
1.068999999999999950e-01
6.420000000000000706e-02
1.553000000000000214e-01
1.577999999999999958e-01
1.668000000000000038e-01
1.440000000000000169e-01
1.345999999999999974e-01
1.520000000000000240e-01
1.656000000000000250e-01
1.446999999999999953e-01
1.663000000000000034e-01
1.282000000000000084e-01
8.740000000000000546e-02
7.839999999999999747e-02
1.512999999999999901e-01
1.631999999999999840e-01
1.841999999999999749e-01
1.562000000000000055e-01
1.271999999999999797e-01
4.769999999999999241e-02
9.020000000000000240e-02
1.391000000000000014e-01
1.197000000000000008e-01
1.423999999999999710e-01
1.648999999999999910e-01
1.895000000000000018e-01
1.406999999999999917e-01
7.839999999999999747e-02
7.580000000000000626e-02
1.215000000000000246e-01
8.980000000000000482e-02
1.618999999999999884e-01
1.587000000000000077e-01
1.602999999999999980e-01
1.018000000000000016e-01
1.108999999999999986e-01
1.264000000000000123e-01
1.357999999999999763e-01
9.440000000000001168e-02
1.122000000000000219e-01
9.820000000000000950e-02
1.687000000000000166e-01
1.946999999999999842e-01
1.548999999999999821e-01
1.483000000000000151e-01
9.170000000000001761e-02
8.679999999999998828e-02
1.307999999999999996e-01
1.165000000000000202e-01
1.532000000000000028e-01
1.685000000000000109e-01
6.850000000000000533e-02
9.079999999999999183e-02
1.297000000000000375e-01
1.783000000000000140e-01
1.607000000000000095e-01
1.711999999999999911e-01
2.006999999999999895e-01
1.599999999999999756e-01
1.459000000000000019e-01
1.095999999999999891e-01
1.386000000000000010e-01
1.738999999999999990e-01
1.341000000000000247e-01
1.159000000000000030e-01
1.437000000000000222e-01
1.207000000000000017e-01
7.589999999999998137e-02
2.790000000000001507e-02
1.325000000000000067e-01
1.715999999999999748e-01
1.506999999999999729e-01
1.254000000000000115e-01
6.170000000000000484e-02
1.267999999999999683e-01
1.532000000000000028e-01
1.703999999999999959e-01
1.239999999999999991e-01
1.020999999999999963e-01
1.287000000000000088e-01
9.199999999999998457e-02
5.340000000000000996e-02
1.064000000000000223e-01
7.769999999999999130e-02
6.519999999999998019e-02
1.129000000000000004e-01
1.328000000000000014e-01
1.985999999999999988e-01
2.010000000000000120e-01
1.050999999999999990e-01
7.749999999999998557e-02
5.920000000000000956e-02
3.429999999999999022e-02
