1.922999999999999710e-01
3.317999999999999838e-01
9.609999999999999098e-02
1.924000000000000155e-01
5.030000000000001831e-02
2.589000000000000190e-01
1.615000000000000047e-01
1.131000000000000061e-01
2.222999999999999421e-01
7.730000000000004923e-02
2.240000000000000047e-01
1.210000000000000242e-01
1.710000000000000409e-01
1.907999999999999696e-01
9.869999999999998219e-02
1.655999999999999694e-01
2.274000000000000188e-01
1.503000000000000447e-01
1.161999999999999561e-01
1.300000000000000044e-01
2.718000000000000416e-01
1.679000000000000492e-01
2.753999999999999226e-01
3.138999999999999568e-01
2.056999999999999662e-01
2.039999999999999869e-01
9.599999999999996037e-02
2.511999999999999789e-01
2.615999999999999992e-01
6.629999999999999782e-02
1.805999999999999828e-01
2.985999999999999766e-01
2.520999999999999353e-01
2.414999999999999925e-01
2.719000000000000306e-01
2.434000000000000052e-01
6.072000000000000730e-01
1.114000000000000268e-01
4.263000000000000123e-01
3.863999999999999657e-01
1.769999999999999907e-01
5.548999999999999488e-01
2.570000000000000062e-01
3.685999999999999832e-01
3.282999999999999807e-01
3.681000000000000383e-01
4.847000000000000197e-01
6.840000000000004410e-02
3.454000000000000403e-01
3.588000000000000078e-01
2.861000000000000210e-01
3.573999999999999955e-01
9.669999999999999429e-02
6.154999999999999361e-01
1.217999999999999916e-01
4.833999999999999408e-01
3.523999999999999910e-01
1.987000000000000155e-01
3.027999999999999581e-01
1.497999999999999887e-01
3.258000000000000340e-01
9.590000000000001301e-02
2.389999999999999902e-01
2.292999999999999483e-01
1.920999999999999930e-01
2.099000000000000310e-01
4.779999999999996058e-02
6.849999999999994982e-02
3.239999999999999547e-01
3.335000000000000187e-01
1.573999999999999844e-01
1.361999999999999600e-01
1.979000000000000759e-01
2.372000000000000219e-01
1.077999999999999792e-01
3.725999999999999313e-01
2.943999999999999950e-01
2.923000000000000598e-01
2.220999999999999641e-01
6.300000000000000044e-01
2.163999999999999813e-01
3.311000000000000054e-01
2.893999999999999906e-01
2.837000000000000077e-01
2.626999999999999891e-01
1.500000000000000222e-01
2.530999999999999917e-01
7.670000000000000429e-02
1.153000000000000275e-01
1.217999999999999639e-01
1.994999999999999829e-01
1.919999999999999762e-01
2.183999999999999830e-01
3.829000000000000181e-01
1.168999999999999762e-01
2.131000000000000394e-01
9.170000000000001761e-02
2.141000000000000403e-01
3.462999999999999412e-01
4.636000000000000121e-01
2.310000000000000386e-01
2.767999999999999350e-01
3.756999999999999229e-01
3.572999999999999510e-01
1.067999999999999922e-01
3.530999999999999139e-01
3.003000000000000114e-01
2.441999999999999726e-01
2.947999999999999510e-01
4.758000000000000007e-01
2.828000000000000513e-01
4.037999999999999923e-01
4.212000000000000188e-01
2.701999999999999957e-01
3.803000000000000269e-01
2.986999999999999655e-01
4.516999999999999904e-01
2.331000000000000294e-01
3.519999999999999796e-01
1.940000000000000613e-01
1.297999999999999710e-01
1.960999999999999965e-01
2.742999999999999883e-01
1.556000000000000438e-01
2.410999999999999532e-01
1.797000000000000819e-01
8.870000000000007045e-02
2.826000000000000179e-01
2.492999999999999938e-01
3.689999999999999947e-01
1.937999999999999723e-01
4.741000000000000769e-01
3.584000000000000519e-01
2.511000000000001009e-01
2.377000000000000224e-01
4.033000000000000473e-01
1.494999999999999662e-01
3.929999999999999605e-01
4.126999999999998447e-01
2.613000000000000322e-01
5.877999999999999892e-01
2.219000000000000417e-01
5.463999999999999968e-01
4.472000000000000974e-01
5.857999999999999874e-01
5.410999999999999144e-01
4.569999999999999618e-01
4.783000000000000029e-01
1.595000000000000862e-01
3.060999999999999832e-01
7.139999999999999680e-01
1.039999999999999397e-01
4.006000000000000671e-01
4.254999999999998783e-01
3.055000000000000493e-01
8.950000000000003786e-02
1.790000000000000202e-01
3.246000000000001107e-01
4.952000000000000846e-01
2.090000000000000191e-01
2.209000000000000963e-01
5.573000000000000176e-01
5.791000000000000592e-01
5.080999999999999961e-01
1.769999999999999907e-01
1.336999999999999300e-01
3.512999999999999456e-01
8.366000000000001213e-01
1.564999999999999447e-01
8.245000000000000107e-01
2.560999999999999388e-01
4.143000000000000016e-01
3.152000000000000357e-01
1.693999999999999118e-01
3.212999999999999745e-01
2.687999999999999834e-01
1.228999999999999954e-01
3.921000000000000596e-01
3.686000000000000387e-01
3.785999999999999366e-01
2.561000000000000498e-01
7.088000000000000966e-01
1.398000000000000353e-01
4.202999999999999514e-01
1.884000000000000119e-01
1.371999999999999886e-01
4.140000000000000902e-01
3.645000000000000462e-01
2.502999999999999670e-01
1.962999999999999190e-01
5.803000000000000380e-01
2.708000000000000407e-01
2.397999999999999576e-01
4.156999999999999584e-01
5.357999999999999430e-01
5.004000000000000670e-01
2.854999999999999760e-01
5.265999999999999570e-01
4.967000000000000304e-01
