1.900999999999999912e-01
9.510000000000000397e-02
1.390000000000000124e-01
1.944999999999999785e-01
2.701999999999999957e-01
1.953000000000000014e-01
1.809000000000000052e-01
1.466000000000000081e-01
1.179999999999999938e-01
1.674999999999999822e-01
2.384000000000000008e-01
1.302499999999999991e+00
5.796000000000001151e-01
4.952000000000000846e-01
3.836999999999999855e-01
3.447000000000000064e-01
3.945999999999999508e-01
1.807000000000000273e-01
2.492999999999999938e-01
1.692000000000000171e-01
1.781000000000000361e-01
2.250000000000000611e-01
1.588999999999999857e-01
2.558000000000000274e-01
1.918999999999999595e-01
1.473000000000000143e-01
1.058999999999999803e-01
1.872000000000000053e-01
1.141000000000000208e-01
2.036000000000000310e-01
1.034000000000000336e-01
1.545000000000000817e-01
4.788999999999999924e-01
6.137000000000001343e-01
7.218999999999999861e-01
8.866000000000000547e-01
1.324199999999999822e+00
2.424999999999999933e-01
1.881000000000000449e-01
1.871999999999999498e-01
1.940000000000000613e-01
1.501000000000000667e-01
1.923000000000000265e-01
2.180000000000000826e-01
1.630000000000000615e-01
2.953999999999999959e-01
2.020999999999999464e-01
1.079000000000000237e-01
1.165000000000001451e-01
8.680000000000005766e-02
2.208999999999999575e-01
2.617999999999999772e-01
1.943000000000000282e-01
1.595000000000000862e-01
1.061999999999999750e-01
1.812999999999999057e-01
2.458000000000000185e-01
1.680999999999999717e-01
1.876999999999999780e-01
2.141999999999999738e-01
1.140999999999999931e-01
7.490000000000000824e-02
1.346999999999999864e-01
1.262000000000000899e-01
1.193999999999999784e-01
1.732999999999999263e-01
1.285000000000000031e-01
2.080999999999999517e-01
3.005000000000000449e-01
3.882999999999999785e-01
2.639000000000000234e-01
9.320000000000003282e-02
2.061999999999999944e-01
1.954000000000000181e-01
1.930999999999999939e-01
1.923999999999999877e-01
2.260999999999999677e-01
1.457000000000000517e-01
6.579999999999999738e-02
3.430000000000000826e-01
2.584999999999999520e-01
1.729999999999999871e-01
1.633000000000001117e-01
1.495000000000001328e-01
2.305000000000000382e-01
1.940999999999999392e-01
1.936999999999999833e-01
1.494299999999999962e+00
6.389999999999999014e-01
2.154000000000000359e-01
3.480000000000000870e-01
2.936000000000000276e-01
2.724999999999998535e-01
2.169999999999999984e-01
3.896999999999999909e-01
5.053999999999998494e-01
7.511000000000002119e-01
1.270299999999999763e+00
6.289999999999998925e-01
4.699999999999999734e-01
7.184999999999998055e-01
4.990000000000000546e-01
2.562999999999999723e-01
1.328000000000000291e-01
9.660000000000000531e-02
1.013999999999999624e-01
2.455000000000000238e-01
3.102999999999998537e-01
3.062999999999999057e-01
3.070999999999999841e-01
2.243000000000000549e-01
2.389000000000000012e-01
2.107999999999999874e-01
1.885999999999999899e-01
1.342000000000000415e-01
5.919999999999998874e-02
6.099999999999997091e-02
7.200000000000011946e-02
9.560000000000003217e-02
7.300000000000005096e-02
1.026999999999999857e-01
8.889999999999997904e-02
1.677999999999999492e-01
2.859000000000000430e-01
3.044999999999999929e-01
2.710000000000000187e-01
2.293000000000000038e-01
2.510999999999999899e-01
2.372999999999999554e-01
1.441999999999999393e-01
1.527999999999999359e-01
1.939999999999998948e-01
2.136999999999999456e-01
2.122999999999999887e-01
1.922000000000000097e-01
2.191999999999999227e-01
2.794999999999999707e-01
2.078000000000000125e-01
1.477999999999999314e-01
1.222000000000000586e-01
1.229999999999999843e-01
1.490999999999998993e-01
8.389999999999994684e-02
7.759999999999991904e-02
1.054000000000000076e-01
9.199999999999998457e-02
1.624999999999999778e-01
1.532999999999999363e-01
8.340000000000001579e-02
6.679999999999991500e-02
7.800000000000011091e-02
9.929999999999991611e-02
1.566999999999999504e-01
1.768000000000000405e-01
1.601000000000000478e-01
1.438999999999998614e-01
3.232999999999999208e-01
2.954999999999999849e-01
2.161000000000000143e-01
2.059999999999999609e-01
1.178000000000000436e-01
1.619000000000000716e-01
1.243999999999998995e-01
1.629000000000000170e-01
2.682000000000001050e-01
1.536000000000000421e-01
2.446999999999998066e-01
2.416999999999998316e-01
2.338000000000000633e-01
1.862000000000001709e-01
1.851000000000000978e-01
2.278000000000000580e-01
1.829999999999999960e-01
2.122000000000000275e-01
2.011999999999999900e-01
2.282000000000000972e-01
2.188000000000000778e-01
5.314999999999999725e-01
3.141999999999999238e-01
3.315000000000000724e-01
1.015999999999999265e-01
6.619999999999996720e-02
9.559999999999996279e-02
1.427999999999999825e-01
1.857000000000000317e-01
2.300999999999999712e-01
2.001000000000000278e-01
2.234999999999999765e-01
2.064000000000001389e-01
2.251000000000000223e-01
2.752000000000000002e-01
2.140000000000001623e-01
1.862999999999999934e-01
3.097000000000000863e-01
2.977999999999999536e-01
4.604000000000000870e-01
1.783999999999999475e-01
1.028000000000000025e-01
2.480999999999999317e-01
