1.416999999999999926e-01
1.003000000000000141e-01
1.516000000000000125e-01
2.163000000000000200e-01
2.190999999999999892e-01
1.804999999999999660e-01
1.305000000000000049e-01
1.042999999999999899e-01
1.842000000000000304e-01
2.274000000000000188e-01
1.674999999999999822e-01
1.113999999999999713e-01
6.179999999999999383e-02
1.643000000000000016e-01
1.890999999999999903e-01
1.666999999999999871e-01
3.476999999999999535e-01
3.768999999999999573e-01
4.287000000000000255e-01
1.907000000000000084e-01
2.348000000000000087e-01
1.725000000000000144e-01
1.996999999999999886e-01
1.986999999999999600e-01
8.409999999999999420e-02
1.733000000000000096e-01
1.506000000000000116e-01
1.092999999999999944e-01
1.811000000000000110e-01
2.115999999999999825e-01
7.399999999999999634e-02
1.386000000000000010e-01
1.904000000000000137e-01
1.303999999999999881e-01
8.550000000000000655e-02
1.143999999999999878e-01
1.499999999999999667e-01
8.020000000000000739e-02
1.486999999999999988e-01
1.743999999999999995e-01
1.472999999999999865e-01
1.306999999999999829e-01
1.158000000000000002e-01
1.676999999999999880e-01
1.864999999999999991e-01
1.010000000000000064e-01
1.247999999999999943e-01
1.887999999999999956e-01
8.990000000000002156e-02
8.599999999999999312e-02
2.138000000000000178e-01
1.254000000000000115e-01
6.959999999999999520e-02
1.812000000000000000e-01
2.151000000000000134e-01
8.960000000000001297e-02
1.127000000000000085e-01
1.773000000000000131e-01
1.175999999999999823e-01
1.243000000000000077e-01
2.265000000000000069e-01
1.801999999999999713e-01
7.510000000000000009e-02
1.309000000000000163e-01
2.034000000000000252e-01
1.859000000000000097e-01
6.599999999999997535e-02
1.105999999999999900e-01
1.607000000000000095e-01
1.445000000000000173e-01
1.078000000000000347e-01
7.149999999999999412e-02
1.244000000000000106e-01
1.572000000000000342e-01
8.930000000000001825e-02
1.209999999999999826e-01
1.135999999999999788e-01
1.648999999999999910e-01
1.905999999999999917e-01
2.065000000000000169e-01
1.374999999999999833e-01
1.713999999999999968e-01
1.892000000000000071e-01
1.021999999999999992e-01
9.150000000000001188e-02
1.604000000000000425e-01
1.899000000000000132e-01
1.013999999999999901e-01
1.237999999999999795e-01
1.370999999999999996e-01
8.790000000000000591e-02
8.760000000000001119e-02
1.199999999999999956e-01
1.734000000000000263e-01
1.348000000000000032e-01
1.183000000000000163e-01
1.339000000000000190e-01
1.497000000000000275e-01
9.050000000000001099e-02
1.625000000000000056e-01
1.583000000000000240e-01
5.460000000000000270e-02
1.275000000000000022e-01
1.789999999999999925e-01
1.093999999999999972e-01
9.890000000000001568e-02
8.799999999999998102e-02
1.861999999999999766e-01
1.598999999999999866e-01
1.241000000000000020e-01
1.518999999999999795e-01
1.844000000000000083e-01
2.148000000000000187e-01
1.270999999999999908e-01
7.910000000000000364e-02
2.258000000000000007e-01
1.954999999999999793e-01
1.178999999999999632e-01
1.228999999999999954e-01
1.527999999999999914e-01
8.759999999999999731e-02
1.789000000000000035e-01
1.735000000000000153e-01
6.450000000000000178e-02
1.631000000000000227e-01
1.851999999999999758e-01
8.159999999999999198e-02
1.383999999999999675e-01
1.915000000000000036e-01
1.875000000000000000e-01
1.197999999999999898e-01
9.719999999999998086e-02
1.747000000000000219e-01
1.547999999999999932e-01
9.700000000000000289e-02
1.232999999999999791e-01
1.486000000000000099e-01
1.057000000000000162e-01
9.319999999999999118e-02
1.449000000000000010e-01
1.021999999999999853e-01
1.248000000000000081e-01
1.402000000000000191e-01
1.829000000000000070e-01
1.159000000000000308e-01
7.070000000000001283e-02
1.543999999999999817e-01
1.717000000000000193e-01
1.805999999999999828e-01
1.890999999999999903e-01
2.118999999999999773e-01
3.072000000000000286e-01
2.761000000000000121e-01
1.989000000000000490e-01
1.323000000000000009e-01
6.600000000000000311e-02
6.979000000000000759e-01
5.419000000000000483e-01
1.143000000000000127e-01
1.103000000000000230e-01
1.990000000000000102e-01
9.230000000000002092e-02
1.764000000000000012e-01
1.771999999999999686e-01
8.810000000000001164e-02
1.708000000000000074e-01
1.984000000000000208e-01
8.279999999999999860e-02
8.859999999999998432e-02
1.587000000000000077e-01
1.313000000000000000e-01
8.520000000000001183e-02
1.134000000000000008e-01
1.463999999999999746e-01
1.355999999999999983e-01
1.113000000000000100e-01
1.367000000000000159e-01
9.270000000000000462e-02
8.279999999999999860e-02
1.750000000000000167e-01
1.725000000000000144e-01
8.609999999999998210e-02
1.595999999999999641e-01
2.135000000000000231e-01
1.318000000000000282e-01
7.829999999999995297e-02
1.217000000000000165e-01
1.656000000000000250e-01
1.804999999999999938e-01
1.096999999999999920e-01
9.939999999999998836e-02
1.189999999999999947e-01
1.887999999999999678e-01
1.614000000000000434e-01
8.279999999999995697e-02
8.180000000000001159e-02
1.224000000000000088e-01
1.920000000000000318e-01
1.340000000000000080e-01
