1.184000000000000052e-01
1.025000000000000078e-01
1.666000000000000258e-01
2.099000000000000032e-01
1.911999999999999811e-01
1.184999999999999942e-01
1.191000000000000114e-01
1.650999999999999968e-01
2.072000000000000230e-01
2.032999999999999807e-01
8.590000000000000413e-02
1.407999999999999807e-01
2.074999999999999623e-01
1.163999999999999896e-01
1.220999999999999863e-01
1.335999999999999965e-01
1.732000000000000206e-01
1.542000000000000037e-01
6.119999999999999052e-02
1.705999999999999739e-01
1.980999999999999983e-01
1.050999999999999851e-01
1.976999999999999869e-01
1.929000000000000159e-01
7.250000000000000888e-02
1.650000000000000078e-01
2.071000000000000063e-01
9.779999999999999805e-02
1.073999999999999955e-01
9.969999999999999696e-02
1.748999999999999722e-01
2.396999999999999964e-01
1.474999999999999922e-01
2.692999999999999838e-01
1.707000000000000184e-01
8.679999999999998828e-02
7.489999999999999436e-02
1.139000000000000012e-01
1.596000000000000196e-01
2.091000000000000081e-01
1.819999999999999951e-01
1.081000000000000294e-01
9.009999999999999953e-02
1.153000000000000136e-01
2.031000000000000028e-01
2.427999999999999881e-01
2.285999999999999976e-01
1.524999999999999967e-01
1.233999999999999958e-01
1.174999999999999933e-01
2.485999999999999877e-01
2.576000000000000512e-01
1.108999999999999986e-01
1.272999999999999965e-01
1.791999999999999982e-01
1.085999999999999882e-01
8.889999999999999292e-02
2.556000000000000494e-01
1.297999999999999987e-01
1.353999999999999926e-01
1.785000000000000198e-01
1.030999999999999833e-01
7.549999999999998379e-02
1.239999999999999991e-01
1.636000000000000232e-01
1.800999999999999823e-01
5.159999999999999309e-02
1.988999999999999935e-01
3.286000000000000032e-01
2.368999999999999995e-01
2.528000000000000247e-01
1.677000000000000435e-01
1.141000000000000070e-01
7.670000000000000429e-02
1.659000000000000197e-01
2.305999999999999994e-01
2.447000000000000008e-01
2.515000000000000568e-01
2.031000000000000305e-01
2.319000000000000228e-01
1.705000000000000404e-01
2.494000000000000106e-01
1.980999999999999983e-01
1.564000000000000390e-01
1.976999999999999869e-01
2.429000000000000048e-01
3.636999999999999678e-01
1.228000000000000341e-01
8.470000000000005302e-02
1.390999999999999182e-01
1.806000000000000105e-01
2.252999999999999725e-01
8.290000000000004310e-02
1.063000000000000056e-01
1.512999999999999901e-01
1.872000000000000053e-01
2.335999999999999743e-01
1.824999999999999956e-01
1.651000000000000523e-01
1.215000000000000246e-01
1.139999999999999902e-01
1.660000000000000364e-01
1.933000000000001106e-01
7.210999999999998522e-01
2.589000000000000190e-01
1.225000000000000117e-01
1.156000000000000499e-01
1.775000000000000189e-01
3.304000000000000270e-01
1.815000000000000224e-01
1.421000000000000041e-01
1.022000000000000131e-01
7.609999999999997322e-02
1.355000000000000371e-01
2.326000000000000567e-01
2.656999999999999917e-01
1.574000000000000121e-01
7.669999999999999041e-02
1.925000000000000044e-01
2.737999999999999878e-01
3.019999999999999907e-01
1.791000000000000092e-01
1.450999999999999790e-01
7.799999999999998601e-02
1.842999999999999916e-01
2.263999999999999901e-01
1.898000000000000242e-01
1.547000000000000042e-01
6.949999999999997846e-02
2.003000000000000336e-01
1.857000000000000317e-01
8.049999999999997435e-02
2.129999999999999949e-01
2.263000000000000012e-01
1.330999999999999961e-01
1.142999999999999849e-01
1.230999999999999872e-01
2.011000000000000010e-01
2.372000000000000219e-01
1.722000000000000197e-01
1.587999999999999967e-01
8.769999999999998630e-02
1.963999999999999913e-01
2.359999999999999876e-01
1.901999999999999802e-01
2.026000000000000301e-01
1.804000000000000326e-01
1.401000000000000023e-01
1.260000000000000009e-01
1.457000000000000239e-01
9.389999999999999736e-02
2.237999999999999712e-01
2.222999999999999976e-01
2.080999999999999517e-01
1.012999999999999595e-01
1.370999999999999996e-01
1.329000000000000181e-01
1.522000000000000020e-01
1.093999999999999972e-01
7.690000000000002389e-02
1.780000000000000193e-01
1.957000000000000128e-01
4.560000000000002940e-02
1.271000000000000185e-01
2.330000000000000404e-01
2.368000000000000105e-01
1.943000000000000282e-01
1.038000000000000311e-01
8.809999999999999776e-02
1.591000000000000192e-01
1.890999999999999903e-01
2.270000000000000073e-01
2.366999999999999937e-01
1.783000000000000140e-01
1.481999999999999706e-01
1.254000000000000115e-01
1.186000000000000110e-01
9.809999999999999276e-02
7.900000000000000078e-02
1.162000000000000255e-01
1.694000000000000228e-01
2.056000000000000050e-01
2.319999999999999840e-01
1.369000000000000217e-01
8.490000000000000324e-02
9.900000000000000466e-02
2.043000000000000094e-01
2.111000000000000099e-01
1.838999999999999801e-01
1.589000000000000412e-01
8.799999999999999489e-02
6.820000000000001061e-02
1.443000000000000116e-01
2.652999999999999803e-01
2.518000000000000238e-01
1.617999999999999716e-01
6.679999999999998439e-02
1.198000000000000037e-01
2.249000000000000166e-01
