1.331999999999999851e-01
2.033999999999999975e-01
2.447999999999999898e-01
2.476000000000000145e-01
2.723999999999999755e-01
2.661999999999999922e-01
3.044000000000000039e-01
3.709999999999999964e-01
2.636999999999999900e-01
2.550000000000000044e-01
2.422999999999999876e-01
2.412999999999999590e-01
2.704999999999999627e-01
2.251000000000000223e-01
2.096000000000000085e-01
8.079999999999998295e-02
1.376000000000000001e-01
8.990000000000000768e-02
2.361000000000000321e-01
1.400000000000000133e-01
3.636000000000000343e-01
3.113000000000000211e-01
2.516999999999999793e-01
9.019999999999997464e-02
1.748000000000000109e-01
1.460999999999999799e-01
1.150999999999999801e-01
1.890999999999999903e-01
3.245999999999999996e-01
3.366000000000000103e-01
1.497999999999999887e-01
9.840000000000000135e-02
2.400000000000000189e-01
3.956000000000000072e-01
3.173000000000000265e-01
1.654999999999999805e-01
1.290000000000000036e-01
1.743000000000000105e-01
3.054000000000000048e-01
4.455000000000000071e-01
2.073999999999999178e-01
1.587000000000000632e-01
4.062999999999998835e-01
4.298000000000000154e-01
2.755000000000000782e-01
2.591999999999999860e-01
1.373000000000000054e-01
1.710999999999999743e-01
2.721999999999999975e-01
2.202999999999999958e-01
7.080000000000000182e-02
2.938999999999999946e-01
2.298999999999999655e-01
3.628999999999999448e-01
3.471999999999999531e-01
2.134999999999999676e-01
1.252999999999999670e-01
1.166000000000000508e-01
2.888000000000000012e-01
2.988000000000000100e-01
2.273999999999999355e-01
1.269000000000000128e-01
1.892999999999999683e-01
1.481999999999999429e-01
2.633999999999999675e-01
2.281000000000000527e-01
1.883000000000000229e-01
2.611000000000000543e-01
3.210000000000000631e-01
2.655999999999998917e-01
1.747999999999999277e-01
2.248999999999999055e-01
1.391000000000000014e-01
6.909999999999998088e-02
1.601000000000000201e-01
1.863000000000001322e-01
2.653000000000000358e-01
2.603999999999999648e-01
1.591000000000000469e-01
7.029999999999994587e-02
1.908000000000000251e-01
2.754000000000000892e-01
2.112999999999999878e-01
1.541999999999999760e-01
1.623000000000000553e-01
1.077000000000000457e-01
2.164999999999999980e-01
2.900000000000000910e-01
2.075000000000000455e-01
2.749999999999999667e-01
1.396999999999999631e-01
2.830999999999999628e-01
1.659999999999999809e-01
2.545999999999999930e-01
2.056999999999999940e-01
1.598000000000000531e-01
2.408000000000000973e-01
2.009000000000001063e-01
8.980000000000003257e-02
1.162999999999999590e-01
2.702999999999999847e-01
2.719000000000000306e-01
1.074999999999999983e-01
3.289999999999999591e-01
1.700999999999999179e-01
2.781999999999999473e-01
1.838999999999999801e-01
1.612000000000000099e-01
3.581999999999999629e-01
1.399999999999999023e-01
2.086999999999999966e-01
2.638000000000000900e-01
2.311000000000000554e-01
1.884999999999999454e-01
2.476000000000000423e-01
1.138999999999999457e-01
8.289999999999993208e-02
1.383999999999999675e-01
2.441999999999999726e-01
3.616999999999999105e-01
3.316000000000001169e-01
3.278000000000000913e-01
3.151000000000000467e-01
1.805999999999999828e-01
5.830000000000014337e-02
1.362000000000001265e-01
1.598999999999999311e-01
1.933999999999998776e-01
1.185000000000000497e-01
8.890000000000002067e-02
1.627999999999999725e-01
2.099000000000000310e-01
2.870000000000000329e-01
3.549999999999999822e-01
2.574999999999999512e-01
2.524999999999999467e-01
2.141000000000000680e-01
1.806000000000000105e-01
6.520000000000000795e-02
1.447000000000000230e-01
1.460999999999998966e-01
2.607999999999999763e-01
3.222999999999999754e-01
2.686000000000000054e-01
2.856999999999998985e-01
2.894999999999999796e-01
2.814000000000000945e-01
4.839999999999999303e-01
1.679999999999998439e-01
4.595000000000000195e-01
2.293999999999999651e-01
1.516999999999999738e-01
1.502000000000000002e-01
2.113000000000000433e-01
2.249000000000000443e-01
1.444999999999999341e-01
2.464999999999999969e-01
2.675999999999999490e-01
2.545999999999999930e-01
2.013999999999999679e-01
3.160999999999999921e-01
1.180999999999999550e-01
1.142999999999999988e-01
9.590000000000001301e-02
1.097999999999999254e-01
9.079999999999993632e-02
6.180000000000006322e-02
1.055000000000000659e-01
8.850000000000006473e-02
7.760000000000008558e-02
1.281999999999998696e-01
1.542999999999999372e-01
1.736000000000000321e-01
2.413999999999999757e-01
4.055000000000000271e-01
1.860999999999999321e-01
2.836000000000000187e-01
3.401000000000000134e-01
3.417000000000000592e-01
1.996000000000001107e-01
1.522999999999999632e-01
1.442000000000000226e-01
9.409999999999998921e-02
1.488999999999999768e-01
1.045000000000000651e-01
2.192999999999999949e-01
1.983000000000000318e-01
3.377000000000000557e-01
3.307999999999999274e-01
3.185000000000000053e-01
2.040000000000000702e-01
1.256999999999999229e-01
2.554999999999999494e-01
3.704000000000000070e-01
2.800999999999999046e-01
1.778999999999999748e-01
6.690000000000009828e-02
8.100000000000003031e-02
1.744000000000001105e-01
