1.062000000000000027e-01
1.100999999999999895e-01
6.579999999999999738e-02
1.300000000000000044e-01
1.786000000000000087e-01
6.199999999999999956e-01
9.139999999999998126e-02
2.716000000000000081e-01
2.165000000000000258e-01
1.266000000000000181e-01
6.900000000000003353e-02
1.116999999999999937e-01
7.880000000000000893e-02
1.003000000000000419e-01
5.780000000000000415e-02
1.619999999999999774e-01
2.879999999999999782e-01
1.894000000000000128e-01
1.044000000000000067e-01
1.170999999999999819e-01
1.050000000000000100e-01
9.249999999999999889e-02
8.020000000000000739e-02
1.194000000000000061e-01
1.464000000000000024e-01
1.039999999999999813e-01
8.469999999999999751e-02
8.799999999999999489e-02
1.035000000000000087e-01
1.231000000000000150e-01
8.039999999999999925e-02
9.890000000000000180e-02
7.660000000000002918e-02
8.379999999999999949e-02
1.276000000000000190e-01
1.159000000000000030e-01
6.459999999999999076e-02
8.320000000000001006e-02
1.590000000000000302e-01
1.673999999999999932e-01
8.069999999999999396e-02
9.180000000000000659e-02
1.256999999999999784e-01
6.999999999999996503e-02
8.130000000000001115e-02
6.050000000000002598e-02
8.940000000000000724e-02
8.409999999999999420e-02
8.319999999999999618e-02
9.969999999999998308e-02
1.106000000000000039e-01
1.150000000000000189e-01
6.410000000000003195e-02
1.245000000000000273e-01
1.161000000000000087e-01
8.460000000000000853e-02
4.949999999999996764e-02
1.079999999999999988e-01
6.189999999999998281e-02
6.829999999999999960e-02
8.260000000000000675e-02
9.790000000000000091e-02
3.749999999999999167e-02
7.339999999999999303e-02
7.650000000000005407e-02
6.040000000000000924e-02
6.860000000000000819e-02
9.790000000000001479e-02
6.379999999999999560e-02
4.960000000000001213e-02
5.660000000000001141e-02
5.279999999999997889e-02
4.970000000000001500e-02
2.849999999999998715e-02
3.850000000000002726e-02
6.190000000000003832e-02
8.799999999999999489e-02
1.398000000000000076e-01
9.439999999999998392e-02
8.029999999999999638e-02
1.075999999999999734e-01
7.110000000000002429e-02
5.220000000000000334e-02
2.788999999999999813e-01
3.054999999999999938e-01
1.881999999999999784e-01
1.343000000000000305e-01
7.940000000000001223e-02
5.650000000000002243e-02
3.250000000000002887e-02
7.589999999999998137e-02
9.429999999999999494e-02
3.699999999999997735e-02
6.819999999999998286e-02
9.559999999999997666e-02
8.990000000000000768e-02
5.749999999999994699e-02
9.559999999999999054e-02
1.228999999999999815e-01
7.130000000000000226e-02
9.270000000000001850e-02
7.820000000000004725e-02
1.624000000000000166e-01
1.334000000000000186e-01
1.029999999999999805e-01
1.408999999999999697e-01
6.509999999999997733e-02
8.350000000000001865e-02
5.070000000000000895e-02
7.050000000000000711e-02
9.889999999999994629e-02
3.919999999999999180e-02
4.830000000000000959e-02
8.130000000000002502e-02
1.127999999999999975e-01
7.039999999999999036e-02
7.030000000000000138e-02
1.058000000000000052e-01
9.509999999999999010e-02
5.910000000000004139e-02
1.155999999999999667e-01
1.297000000000000097e-01
8.510000000000003673e-02
1.310000000000000053e-01
1.018000000000000155e-01
5.859999999999999237e-02
6.349999999999997313e-02
7.809999999999998888e-02
7.680000000000000715e-02
5.779999999999998334e-02
1.035000000000000225e-01
1.062999999999999778e-01
7.149999999999999412e-02
1.053000000000000047e-01
1.085000000000000409e-01
1.032000000000000001e-01
6.800000000000003264e-02
8.839999999999997859e-02
8.690000000000003277e-02
9.850000000000001810e-02
5.489999999999997660e-02
3.389999999999999958e-02
7.090000000000007407e-02
6.679999999999999827e-02
5.199999999999997680e-02
6.280000000000003635e-02
9.299999999999998546e-02
1.400999999999999468e-01
9.989999999999998881e-02
3.880000000000001503e-02
4.169999999999996626e-02
7.050000000000003486e-02
8.650000000000000744e-02
2.580000000000002430e-02
4.740000000000001157e-02
1.037999999999999895e-01
8.010000000000000453e-02
9.469999999999999252e-02
4.370000000000001661e-02
2.910000000000000434e-02
7.600000000000001199e-02
4.829999999999998184e-02
5.649999999999997385e-02
5.070000000000003670e-02
5.059999999999999221e-02
5.419999999999999818e-02
6.460000000000000464e-02
6.310000000000001719e-02
9.530000000000002358e-02
9.519999999999997908e-02
6.270000000000000573e-02
7.630000000000002058e-02
7.380000000000000449e-02
5.929999999999998467e-02
4.879999999999998922e-02
1.095000000000000279e-01
1.010000000000000064e-01
3.939999999999998365e-02
5.989999999999996022e-02
5.479999999999999455e-02
5.890000000000003566e-02
5.070000000000000895e-02
7.300000000000000933e-02
1.386999999999999900e-01
1.020999999999999963e-01
1.276000000000000467e-01
1.323999999999999622e-01
7.320000000000000118e-02
2.128000000000000169e-01
2.484000000000000097e-01
1.277000000000000357e-01
1.350999999999999701e-01
2.111999999999999711e-01
1.358999999999999653e-01
6.950000000000002010e-02
6.510000000000000508e-02
8.970000000000000195e-02
4.329999999999998433e-02
8.499999999999999223e-02
