2.217000000000000082e-01
1.982999999999999763e-01
1.944999999999999785e-01
2.134999999999999676e-01
1.127999999999999975e-01
1.648000000000000020e-01
3.654000000000000581e-01
2.779999999999999694e-01
3.274000000000000243e-01
2.785999999999999588e-01
1.402999999999999803e-01
1.964999999999999802e-01
1.839999999999999691e-01
1.858999999999999819e-01
1.529999999999999694e-01
2.185999999999999888e-01
1.256000000000000172e-01
3.029000000000000026e-01
1.658999999999999919e-01
2.505000000000000004e-01
1.581999999999999795e-01
1.509999999999999953e-01
1.990000000000000102e-01
1.885999999999999899e-01
2.049999999999999878e-01
2.029000000000000248e-01
1.612999999999999989e-01
1.021999999999999853e-01
1.373000000000000054e-01
2.199000000000000121e-01
1.671000000000000263e-01
1.704000000000000237e-01
2.397999999999999576e-01
2.207999999999999963e-01
2.267000000000000126e-01
3.063000000000000167e-01
1.632000000000000672e-01
4.786000000000000254e-01
1.934999999999999776e-01
2.216000000000000192e-01
7.301000000000000822e-01
3.952999999999999847e-01
2.542999999999999705e-01
1.743000000000000382e-01
2.281000000000000250e-01
2.020000000000000129e-01
4.373000000000000220e-01
3.411999999999999478e-01
2.365000000000000158e-01
1.199999999999999817e-01
2.400000000000000189e-01
1.657000000000000139e-01
1.920999999999999930e-01
1.403999999999999970e-01
2.374999999999999889e-01
1.930999999999999939e-01
2.288999999999999924e-01
1.470000000000000195e-01
1.602000000000000646e-01
1.701000000000000012e-01
1.562000000000000055e-01
1.797999999999999599e-01
1.913999999999999868e-01
8.450000000000000566e-02
1.199999999999999956e-01
1.849000000000000088e-01
2.316999999999999893e-01
1.580000000000000293e-01
2.438999999999999779e-01
7.320000000000000118e-02
2.871000000000000218e-01
5.211999999999999966e-01
2.355000000000000149e-01
4.285999999999999810e-01
6.932000000000000384e-01
3.093000000000000194e-01
3.925000000000000155e-01
2.724999999999999645e-01
2.029999999999999583e-01
1.275000000000000022e-01
1.416000000000000036e-01
2.180000000000000271e-01
3.136999999999999789e-01
1.627000000000000113e-01
2.402000000000000246e-01
2.490999999999999881e-01
1.769000000000000572e-01
1.348999999999999644e-01
1.474000000000000310e-01
1.037000000000000560e-01
1.343000000000000860e-01
9.819999999999994011e-02
4.000000000000000777e-02
1.326999999999999846e-01
1.627000000000000390e-01
1.707999999999999796e-01
1.384000000000000508e-01
1.040000000000000369e-01
1.638999999999999901e-01
1.457999999999999852e-01
2.052999999999999825e-01
1.485999999999998711e-01
1.369999999999998996e-01
1.004000000000000170e-01
9.489999999999994273e-02
1.361999999999999600e-01
1.889000000000001511e-01
1.966000000000001080e-01
2.233999999999999875e-01
1.749000000000000554e-01
1.950000000000000344e-01
1.650000000000000078e-01
3.848000000000000864e-01
2.019999999999999574e-01
2.547000000000000375e-01
3.495000000000000329e-01
1.545000000000000262e-01
2.225999999999999923e-01
1.320999999999999952e-01
1.260999999999998789e-01
1.206999999999999185e-01
1.699000000000000510e-01
1.288100000000000023e+00
1.050599999999999978e+00
1.397399999999999975e+00
3.177999999999999714e-01
3.030999999999999250e-01
2.757000000000000006e-01
2.055000000000000993e-01
1.595000000000000029e-01
5.479999999999991822e-02
1.166000000000000092e-01
1.916000000000001036e-01
1.356000000000000538e-01
2.908000000000000029e-01
4.265000000000000457e-01
4.896000000000000352e-01
1.066999999999999477e-01
2.151999999999999469e-01
1.477999999999999869e-01
1.650999999999999135e-01
1.399999999999999301e-01
1.271999999999998965e-01
1.708999999999999964e-01
1.243999999999999828e-01
8.639999999999997682e-02
1.335999999999999688e-01
1.348000000000000309e-01
3.754000000000000670e-01
4.515000000000001235e-01
1.310000000000001719e-01
1.632000000000000395e-01
1.365000000000000102e-01
2.094999999999999085e-01
1.263999999999999291e-01
3.442000000000000615e-01
9.629999999999999671e-02
2.116000000000000103e-01
3.144000000000000683e-01
1.053000000000000325e-01
1.953999999999999626e-01
1.621999999999999553e-01
2.127000000000001112e-01
1.085000000000000686e-01
1.133000000000000812e-01
1.522000000000000575e-01
1.427000000000000490e-01
8.810000000000003939e-02
1.187000000000000416e-01
1.547000000000000597e-01
2.240000000000000324e-01
1.944000000000000172e-01
1.996000000000000274e-01
1.956000000000000516e-01
2.646000000000000574e-01
2.125000000000000222e-01
1.916999999999999260e-01
1.458999999999998631e-01
1.551999999999999491e-01
1.846000000000001251e-01
1.556000000000000161e-01
5.380000000000001448e-01
6.117999999999998995e-01
5.109000000000000208e-01
3.536000000000000254e-01
1.262000000000001176e-01
1.874999999999998612e-01
6.749999999999997669e-02
2.354999999999998761e-01
1.925999999999999934e-01
1.750999999999999779e-01
1.916999999999998705e-01
1.840999999999999026e-01
1.586000000000000187e-01
1.313000000000000833e-01
1.401999999999999358e-01
1.205999999999999017e-01
1.713999999999999968e-01
2.583000000000000851e-01
