7.419999999999999929e-01
4.958000000000000740e-01
2.736999999999999988e-01
2.624000000000000221e-01
2.301000000000000267e-01
2.718000000000000416e-01
2.879000000000000448e-01
2.481000000000000150e-01
2.328999999999999959e-01
2.749000000000000332e-01
2.004000000000000226e-01
1.335000000000000075e-01
1.365999999999999992e-01
4.004000000000000337e-01
1.747999999999999832e-01
1.903000000000000247e-01
1.529000000000000081e-01
1.570000000000000007e-01
7.150000000000000799e-02
1.751999999999999946e-01
1.698000000000000065e-01
2.139999999999999958e-01
3.522000000000000131e-01
3.566000000000000281e-01
2.691000000000000059e-01
1.348000000000000032e-01
9.210000000000000131e-02
2.341000000000000303e-01
2.127000000000000002e-01
4.403000000000000247e-01
2.181000000000000161e-01
3.183000000000000274e-01
1.534999999999999976e-01
2.342000000000000193e-01
2.188000000000000500e-01
1.471999999999999142e-01
2.467999999999999639e-01
1.842999999999999639e-01
1.813000000000000722e-01
1.769000000000000017e-01
1.680999999999999994e-01
2.862999999999999989e-01
2.620999999999999996e-01
3.059000000000000608e-01
2.558000000000000274e-01
3.491000000000000214e-01
2.431999999999999162e-01
1.611000000000000765e-01
1.521999999999999464e-01
1.814999999999999947e-01
2.538000000000000256e-01
1.726000000000000867e-01
1.355000000000000093e-01
9.019999999999991913e-02
1.302000000000000379e-01
1.416999999999999926e-01
1.178999999999999215e-01
4.318000000000000171e-01
4.930000000000001048e-01
1.903999999999999304e-01
3.141999999999999238e-01
2.978000000000000091e-01
4.072000000000000619e-01
2.471999999999999753e-01
2.815999999999999615e-01
2.098000000000000420e-01
1.433000000000000385e-01
1.930999999999999661e-01
2.381999999999999951e-01
1.714999999999999303e-01
1.813999999999999502e-01
3.410999999999999588e-01
4.798999999999999932e-01
7.164000000000000368e-01
1.905000000000000027e-01
1.513000000000000178e-01
1.844000000000000361e-01
5.354000000000000981e-01
5.083999999999998520e-01
2.104999999999999094e-01
1.615999999999999659e-01
6.490000000000004099e-02
5.569999999999999396e-01
4.543000000000000371e-01
3.726000000000000423e-01
1.678000000000000047e-01
4.747000000000000108e-01
1.483999999999999764e-01
2.806999999999999496e-01
4.210000000000000409e-01
3.330000000000000182e-01
1.996000000000000274e-01
3.558999999999999941e-01
1.708999999999999686e-01
2.472000000000000031e-01
1.545999999999999319e-01
1.627000000000000668e-01
1.487000000000000821e-01
1.691000000000000003e-01
1.689999999999999281e-01
1.644999999999998963e-01
1.910999999999999366e-01
2.443999999999999506e-01
2.698000000000000398e-01
1.494000000000000328e-01
1.821999999999999731e-01
3.242999999999999772e-01
2.585000000000000075e-01
1.829000000000000070e-01
2.439000000000000057e-01
1.091000000000000025e-01
2.539000000000000146e-01
1.524199999999999777e+00
5.016299999999999315e+00
4.405900000000000816e+00
5.041999999999998705e-01
1.226800000000000335e+00
2.226000000000000201e-01
6.746999999999999664e-01
3.233000000000001428e-01
1.881000000000001005e-01
6.821000000000001506e-01
8.390000000000000790e-01
6.530999999999999028e-01
3.367999999999999883e-01
1.994000000000000217e-01
2.025999999999999468e-01
3.906000000000000583e-01
2.408999999999999753e-01
1.207999999999999630e-01
2.606999999999999318e-01
1.863999999999997326e-01
1.612000000000000655e-01
1.020000000000000212e-01
2.547000000000000375e-01
2.332000000000000461e-01
1.299000000000001542e-01
1.407000000000000473e-01
1.672000000000000985e-01
3.167999999999998595e-01
2.824000000000000954e-01
3.808999999999999608e-01
3.055000000000000493e-01
2.951000000000001955e-01
1.960000000000000075e-01
3.069999999999999951e-01
3.087000000000000854e-01
3.450000000000001954e-01
3.780000000000001137e-01
2.450999999999999290e-01
1.363999999999999935e-01
3.716000000000001524e-01
2.439000000000001445e-01
1.654999999999998139e-01
1.265999999999998515e-01
9.739999999999995883e-02
2.600999999999999979e-01
7.019999999999974871e-02
6.459999999999999076e-02
1.905000000000000582e-01
2.377999999999999836e-01
2.789000000000000368e-01
2.188000000000001055e-01
1.137100000000000000e+00
3.692299999999999915e+00
4.846600000000000463e+00
1.021600000000000064e+00
1.937000000000001776e-01
2.339999999999999858e-01
8.165999999999999925e-01
3.810999999999998278e-01
4.819999999999999840e-01
6.234999999999999432e-01
4.050999999999999601e-01
3.837999999999999190e-01
3.709999999999998854e-01
5.323700000000000543e+00
1.789599999999999858e+00
1.378100000000000103e+00
3.621999999999997444e-01
6.030000000000009658e-02
2.411999999999998867e-01
2.645999999999998353e-01
1.819000000000000061e-01
1.478999999999998094e-01
2.578000000000003067e-01
1.403000000000000080e-01
3.629999999999996563e-01
2.179999999999998050e-01
1.984000000000000208e+00
5.287300000000000111e+00
1.817800000000000082e+00
4.823000000000001730e-01
3.251000000000000001e-01
1.804999999999999938e-01
1.871000000000000163e-01
2.002999999999998670e-01
2.265999999999999681e-01
3.088999999999999524e-01
