9.450000000000000067e-02
1.701000000000000012e-01
1.139999999999999902e-01
9.170000000000000373e-02
7.749999999999999944e-02
6.800000000000000488e-02
1.212999999999999912e-01
1.438999999999999724e-01
6.400000000000000133e-02
1.207999999999999907e-01
1.040999999999999981e-01
1.083000000000000074e-01
1.075000000000000122e-01
7.119999999999998552e-02
1.085000000000000131e-01
1.333000000000000018e-01
1.038999999999999924e-01
5.760000000000000536e-02
8.300000000000000433e-02
1.314000000000000168e-01
1.227000000000000035e-01
4.390000000000000152e-02
1.266999999999999793e-01
9.469999999999999252e-02
1.099999999999999867e-01
7.519999999999998908e-02
7.169999999999999984e-02
1.232000000000000040e-01
1.098999999999999838e-01
4.030000000000000249e-02
1.522000000000000020e-01
1.512000000000000011e-01
8.729999999999998872e-02
1.170999999999999958e-01
1.423999999999999710e-01
1.157999999999999863e-01
1.027000000000000135e-01
1.028999999999999915e-01
1.525000000000000244e-01
1.102000000000000063e-01
2.790000000000000119e-02
8.480000000000000038e-02
1.413999999999999979e-01
1.376999999999999891e-01
9.769999999999998130e-02
5.399999999999999939e-02
7.459999999999998577e-02
1.305999999999999939e-01
9.699999999999998901e-02
4.879999999999998922e-02
1.040999999999999981e-01
1.338999999999999913e-01
7.739999999999999658e-02
8.070000000000000784e-02
1.124999999999999889e-01
1.085999999999999882e-01
5.930000000000000548e-02
4.698999999999999844e-01
2.382000000000000506e-01
4.608000000000000984e-01
1.788999999999999757e-01
1.264000000000000123e-01
1.151000000000000079e-01
5.000000000000000971e-02
1.403999999999999970e-01
1.311000000000000221e-01
9.250000000000001277e-02
1.027000000000000135e-01
1.524999999999999967e-01
1.586000000000000465e-01
5.140000000000002206e-02
1.360000000000000098e-01
1.353999999999999648e-01
6.379999999999998173e-02
7.120000000000001328e-02
1.557000000000000051e-01
1.257999999999999952e-01
5.020000000000000850e-02
1.308000000000000274e-01
1.468999999999999750e-01
7.959999999999997633e-02
7.580000000000000626e-02
1.159999999999999920e-01
8.960000000000001297e-02
3.820000000000000479e-02
5.419999999999999818e-02
9.460000000000000353e-02
1.156999999999999834e-01
1.565000000000000002e-01
7.619999999999998996e-02
7.050000000000000711e-02
1.391999999999999904e-01
1.532000000000000028e-01
7.919999999999999263e-02
2.989999999999998215e-02
7.300000000000002320e-02
1.000000000000000056e-01
9.689999999999998614e-02
8.799999999999996714e-02
6.490000000000001323e-02
9.879999999999999893e-02
1.436999999999999944e-01
1.300000000000000322e-01
7.140000000000001901e-02
1.003000000000000141e-01
1.051000000000000267e-01
1.206999999999999740e-01
5.059999999999995751e-02
8.939999999999999336e-02
1.451999999999999680e-01
9.599999999999997424e-02
3.520000000000001600e-02
1.160999999999999949e-01
1.331999999999999573e-01
1.512999999999999901e-01
1.209000000000000075e-01
7.670000000000001816e-02
1.299000000000000155e-01
1.267000000000000071e-01
1.192000000000000143e-01
6.439999999999998503e-02
4.959999999999999826e-02
7.280000000000000360e-02
8.159999999999999198e-02
1.249000000000000110e-01
4.429999999999999216e-02
1.015000000000000069e-01
1.299999999999999767e-01
1.128999999999999726e-01
1.486999999999999988e-01
5.430000000000002880e-02
9.870000000000000995e-02
1.377999999999999226e-01
1.207999999999999630e-01
7.000000000000000666e-02
4.090000000000001967e-02
9.990000000000001656e-02
1.118000000000000105e-01
1.567999999999999949e-01
9.780000000000001192e-02
7.230000000000003091e-02
4.789999999999999813e-02
7.019999999999998463e-02
7.239999999999995051e-02
5.104999999999999538e-01
6.937999999999999723e-01
8.793999999999999595e-01
2.597000000000000419e-01
1.531999999999999473e-01
1.345000000000000362e-01
8.550000000000000655e-02
6.429999999999999605e-02
9.129999999999999227e-02
1.150999999999999801e-01
1.194999999999999674e-01
1.917000000000000093e-01
1.151999999999999691e-01
3.419999999999995266e-02
1.004000000000000448e-01
1.384000000000000785e-01
1.957000000000000128e-01
1.213000000000000050e-01
4.430000000000002686e-02
1.261999999999999789e-01
1.332999999999999741e-01
1.001999999999999835e-01
4.559999999999998777e-02
9.319999999999999118e-02
1.413999999999999979e-01
1.416000000000000314e-01
9.899999999999997691e-02
6.659999999999996478e-02
1.185999999999999555e-01
1.175000000000000211e-01
1.108999999999999569e-01
2.041999999999999649e-01
6.289999999999998370e-02
9.629999999999999671e-02
1.612000000000000099e-01
1.070000000000000534e-01
1.269000000000000128e-01
9.400000000000000022e-02
1.057999999999999496e-01
5.556000000000000938e-01
6.154999999999999361e-01
5.361000000000000210e-01
1.001000000000000500e-01
1.088000000000000078e-01
3.789999999999996844e-02
1.073999999999999677e-01
9.820000000000009277e-02
9.689999999999987512e-02
7.979999999999991267e-02
9.279999999999991034e-02
1.042999999999999483e-01
1.504999999999999949e-01
2.236999999999999267e-01
1.551999999999999491e-01
5.299999999999998462e-02
