1.280000000000000027e-01
2.778999999999999249e-01
3.467999999999999972e-01
2.745000000000000218e-01
7.880000000000002280e-02
1.839999999999999969e-01
8.659999999999999643e-02
8.649999999999999356e-02
8.510000000000000897e-02
3.659999999999998671e-02
9.859999999999999321e-02
1.239999999999999991e-01
1.272999999999999965e-01
3.100000000000000533e-01
3.401000000000000689e-01
2.493999999999999551e-01
1.784000000000000030e-01
8.639999999999999070e-02
9.579999999999999627e-02
1.234999999999999987e-01
1.913999999999999591e-01
3.702999999999999625e-01
3.008000000000000118e-01
3.588000000000000078e-01
1.018999999999999767e-01
9.630000000000002447e-02
1.687999999999999778e-01
2.031999999999999917e-01
1.637999999999999734e-01
1.513999999999999790e-01
1.654999999999999805e-01
2.204999999999999738e-01
3.435999999999999610e-01
4.121000000000000218e-01
3.468999999999999861e-01
4.956999999999999740e-01
5.908999999999999808e-01
5.449999999999997208e-02
2.009000000000000230e-01
7.340000000000002078e-02
3.046000000000000929e-01
3.471000000000000196e-01
3.439999999999999725e-01
1.979999999999999816e-01
2.682000000000000495e-01
1.792999999999999594e-01
1.211000000000000132e-01
2.949999999999999845e-01
3.281000000000000028e-01
2.597999999999999754e-01
2.068000000000000116e-01
5.616999999999998661e-01
2.225999999999999368e-01
1.488000000000000433e-01
3.709000000000000075e-01
4.511999999999999900e-01
2.638000000000000345e-01
1.615999999999999659e-01
2.249000000000000443e-01
2.706000000000000072e-01
1.159000000000000030e-01
2.429000000000000048e-01
1.306000000000000494e-01
3.149000000000000132e-01
8.030000000000001026e-02
7.929999999999995386e-02
4.949999999999997458e-02
2.486000000000000154e-01
2.264999999999999791e-01
2.480999999999999872e-01
1.859000000000000929e-01
1.790999999999999814e-01
3.695000000000000506e-01
1.235000000000000542e-01
7.380000000000000449e-02
2.994999999999999885e-01
1.738999999999999990e-01
1.565000000000000280e-01
8.729999999999998872e-02
2.543999999999999595e-01
1.643999999999999906e-01
1.485000000000000209e-01
9.500000000000002887e-02
1.254000000000000392e-01
1.889000000000000123e-01
2.641999999999999904e-01
1.597999999999999698e-01
1.213000000000000189e-01
1.491999999999999438e-01
4.499999999999995670e-02
9.229999999999999316e-02
2.948000000000000620e-01
3.547000000000000153e-01
4.130000000000000893e-01
6.028000000000000025e-01
1.743999999999999717e-01
2.294000000000000206e-01
3.504000000000000448e-01
2.492999999999999661e-01
2.671999999999999931e-01
1.815999999999999559e-01
1.001000000000000223e-01
1.838999999999999801e-01
1.040000000000000091e-01
4.590000000000001024e-02
9.500000000000001499e-02
1.160999999999999810e-01
2.571999999999999842e-01
2.607999999999999763e-01
3.606000000000000316e-01
3.692999999999999616e-01
1.133000000000000534e-01
1.485000000000000209e-01
1.829000000000000348e-01
1.450000000000000178e-01
2.229000000000000425e-01
1.906999999999999806e-01
2.033999999999999697e-01
4.398000000000000242e-01
2.319999999999999840e-01
2.923999999999999932e-01
2.308000000000000052e-01
1.684000000000000219e-01
2.444000000000000061e-01
1.612000000000000099e-01
3.827000000000000401e-01
5.504999999999999893e-01
2.449999999999999956e-01
3.074000000000000066e-01
8.880000000000008720e-02
1.764000000000000012e-01
1.623000000000000276e-01
1.329999999999999793e-01
7.679999999999997939e-02
4.259999999999998510e-02
6.499999999999997446e-02
1.352000000000000424e-01
1.172000000000000264e-01
1.205999999999999850e-01
8.799999999999999489e-02
1.424999999999999878e-01
6.120000000000004603e-02
7.880000000000003668e-02
1.038000000000000589e-01
5.970000000000001694e-02
9.090000000000002245e-02
2.321000000000000285e-01
8.220000000000000917e-02
1.436999999999999944e-01
1.233000000000000207e-01
9.279999999999997973e-02
1.446999999999999953e-01
1.834000000000000075e-01
2.620000000000000107e-01
2.590999999999999970e-01
1.217000000000000026e-01
4.205999999999999739e-01
1.308999999999999608e-01
2.225000000000000033e-01
1.344000000000000472e-01
1.330999999999999961e-01
1.992999999999999772e-01
1.473999999999999755e-01
1.680999999999999717e-01
1.638000000000000012e-01
1.881999999999999784e-01
1.179000000000000603e-01
1.745999999999999774e-01
6.739999999999998770e-02
2.291999999999999871e-01
2.306000000000000272e-01
2.017000000000000182e-01
1.986000000000000265e-01
2.673999999999999710e-01
3.136000000000000454e-01
3.128000000000000225e-01
2.046000000000000041e-01
9.089999999999999469e-02
1.615000000000000324e-01
1.559999999999999720e-01
1.133999999999999869e-01
1.684999999999999831e-01
9.019999999999997464e-02
6.170000000000000484e-02
1.517000000000000570e-01
1.610000000000000597e-01
2.363999999999999990e-01
3.335000000000000187e-01
3.605000000000000426e-01
4.436000000000001053e-01
2.705999999999998962e-01
2.666000000000000036e-01
4.644999999999999130e-01
2.755999999999999561e-01
1.697999999999999232e-01
1.314000000000000168e-01
1.962000000000000410e-01
1.594999999999999751e-01
1.990999999999999992e-01
