1.272000000000000075e-01
2.786999999999999478e-01
1.129000000000000004e-01
1.607999999999999985e-01
6.869999999999996942e-02
1.418999999999999706e-01
3.747999999999999665e-01
9.830000000000001237e-02
2.423999999999999766e-01
1.650000000000000078e-01
9.819999999999998175e-02
2.596999999999999864e-01
1.185999999999999693e-01
1.211000000000000132e-01
1.375000000000000111e-01
9.629999999999998284e-02
1.736000000000000321e-01
1.599000000000000143e-01
1.272999999999999687e-01
1.811000000000000110e-01
1.393999999999999684e-01
1.145999999999999797e-01
1.555999999999999883e-01
5.340000000000000996e-02
1.507999999999999896e-01
1.845999999999999863e-01
1.462999999999999856e-01
2.043999999999999984e-01
1.567000000000000060e-01
1.612999999999999989e-01
8.799999999999999489e-02
1.601000000000000201e-01
9.689999999999998614e-02
1.479999999999999927e-01
1.980999999999999983e-01
1.723000000000000087e-01
1.363000000000000045e-01
2.177999999999999936e-01
2.067000000000000226e-01
3.109999999999999987e-01
2.172999999999999932e-01
5.410000000000000225e-02
1.457999999999999852e-01
1.743999999999999995e-01
1.652000000000000690e-01
1.666000000000000536e-01
1.220999999999999724e-01
2.798000000000000487e-01
1.185000000000000081e-01
3.692999999999999616e-01
1.804999999999999938e-01
1.246999999999999637e-01
1.122999999999999970e-01
3.717000000000000304e-01
2.148999999999999799e-01
2.015000000000000402e-01
1.002999999999999448e-01
2.210000000000000020e-01
2.983999999999999986e-01
1.295999999999999930e-01
1.673000000000000043e-01
8.119999999999999440e-02
1.577999999999999958e-01
6.152000000000000801e-01
3.382000000000000561e-01
1.518000000000000183e-01
1.661000000000000254e-01
1.179000000000000048e-01
2.176000000000000156e-01
2.199999999999999734e-01
1.338999999999999913e-01
1.549999999999999989e-01
1.810999999999999832e-01
1.353999999999999648e-01
1.615000000000000047e-01
1.190999999999999975e-01
1.883999999999999564e-01
1.677000000000000157e-01
6.099999999999998479e-02
9.659999999999999143e-02
1.259000000000000119e-01
2.615999999999999992e-01
2.710000000000000187e-01
6.940000000000000335e-02
1.425000000000000155e-01
1.665000000000000091e-01
1.847000000000000031e-01
1.879000000000000115e-01
8.969999999999997420e-02
2.135000000000000508e-01
3.484999999999999765e-01
1.982000000000000151e-01
3.327000000000000512e-01
3.364000000000000323e-01
1.892000000000000348e-01
2.210999999999999632e-01
7.789999999999995539e-02
2.554000000000000159e-01
1.025999999999999829e-01
1.211000000000000132e-01
9.670000000000004980e-02
1.194999999999999535e-01
1.472999999999999587e-01
6.480000000000005200e-02
1.481000000000000094e-01
1.267999999999999683e-01
6.410000000000004583e-02
2.199000000000000121e-01
1.374000000000000221e-01
7.450000000000003841e-02
1.781999999999999695e-01
1.057000000000000162e-01
8.920000000000000151e-02
1.155999999999999944e-01
1.595999999999999641e-01
1.201999999999999735e-01
1.096999999999999920e-01
8.900000000000002354e-02
2.462000000000000022e-01
1.745999999999999774e-01
2.412999999999999590e-01
3.802999999999999714e-01
2.240999999999999659e-01
1.414999999999999869e-01
1.681000000000000272e-01
2.748000000000000442e-01
1.333000000000000296e-01
2.438000000000000167e-01
2.043999999999999984e-01
1.575000000000000011e-01
4.689999999999995561e-02
2.620999999999999996e-01
1.645000000000000351e-01
1.796999999999999986e-01
2.639000000000000234e-01
1.236000000000000154e-01
2.160000000000000253e-01
1.195999999999999841e-01
1.544999999999999707e-01
2.956999999999999629e-01
2.530999999999999917e-01
2.206999999999999795e-01
2.771000000000000130e-01
1.932999999999999718e-01
9.290000000000001035e-02
1.910000000000000031e-01
1.626000000000000223e-01
8.289999999999997371e-02
1.592999999999999972e-01
1.919000000000000150e-01
2.260999999999999954e-01
8.179999999999994220e-02
1.837999999999999634e-01
2.480999999999999872e-01
1.347000000000000419e-01
3.640000000000001568e-02
2.587999999999999745e-01
2.416999999999999704e-01
1.294999999999999485e-01
2.189999999999999725e-01
2.457000000000000017e-01
9.379999999999996674e-02
2.419000000000000594e-01
2.954999999999999849e-01
2.173999999999999821e-01
2.444999999999999396e-01
1.870999999999999608e-01
1.567000000000000060e-01
2.487000000000000877e-01
1.371000000000000274e-01
1.443999999999999173e-01
2.212000000000000077e-01
1.487999999999999878e-01
1.979000000000000481e-01
2.340000000000000135e-01
1.423000000000000098e-01
2.275000000000000355e-01
1.803999999999999770e-01
1.265000000000000291e-01
2.158999999999999808e-01
1.041999999999999593e-01
1.310000000000000608e-01
1.907000000000000361e-01
2.038000000000000367e-01
1.134999999999999898e-01
1.853000000000000203e-01
2.212000000000000355e-01
9.750000000000001721e-02
1.271000000000000463e-01
1.965000000000000080e-01
2.382000000000000228e-01
1.217000000000000165e-01
2.492000000000000604e-01
2.599000000000000199e-01
3.629999999999999893e-01
2.129000000000000614e-01
3.014999999999999902e-01
3.729000000000000092e-01
2.305000000000000937e-01
