1.654999999999999805e-01
2.261999999999999844e-01
4.298999999999999488e-01
8.890000000000000124e-01
6.006000000000000227e-01
2.783999999999999808e-01
3.003999999999999448e-01
2.326999999999999902e-01
5.620000000000000551e-01
7.370999999999999774e-01
1.117199999999999971e+00
8.370999999999999552e-01
4.750999999999999668e-01
9.341999999999998083e-01
1.104499999999999815e+00
6.731000000000000316e-01
3.810000000000000053e-01
1.671999999999999875e-01
3.181999999999999829e-01
5.460000000000000409e-01
8.300000000000000711e-01
6.725000000000000977e-01
6.658999999999999364e-01
7.759000000000000341e-01
5.554999999999998828e-01
2.494999999999999440e-01
2.956999999999999074e-01
8.983999999999999764e-01
6.730000000000000426e-01
4.692000000000000615e-01
2.186999999999999500e-01
7.267000000000001236e-01
6.266000000000000458e-01
6.570000000000000284e-01
4.959999999999999964e-01
1.873999999999999000e-01
4.740000000000000324e-01
6.084000000000000519e-01
7.546999999999999265e-01
8.034000000000000030e-01
7.857000000000000650e-01
3.706999999999999740e-01
6.028000000000000025e-01
8.737000000000000322e-01
6.086000000000000298e-01
1.537999999999999923e-01
7.357000000000000206e-01
7.531999999999999806e-01
3.923999999999999710e-01
1.501000000000000112e-01
4.330999999999999850e-01
1.358299999999999841e+00
1.679599999999999982e+00
1.534999999999999920e+00
8.171999999999999265e-01
7.853999999999998760e-01
7.385000000000000453e-01
2.952999999999999514e-01
2.269000000000000183e-01
1.677999999999999770e-01
6.161000000000000920e-01
4.629999999999999116e-01
4.212000000000000188e-01
2.347000000000000197e-01
1.169000000000000039e-01
3.146999999999999797e-01
7.493000000000000771e-01
6.433999999999999719e-01
1.376999999999999891e-01
4.830999999999999739e-01
7.424000000000001709e-01
4.378999999999999559e-01
6.441000000000000059e-01
8.167999999999999705e-01
5.904000000000000359e-01
2.379000000000000559e-01
4.807000000000000162e-01
4.415000000000000036e-01
5.293999999999999817e-01
3.707000000000000295e-01
4.807000000000000162e-01
4.395000000000000018e-01
4.138000000000000012e-01
3.176999999999999824e-01
1.309999999999999776e-01
3.185999999999999943e-01
4.958000000000000185e-01
4.970999999999999863e-01
4.167000000000000703e-01
3.600000000000000977e-01
1.537999999999999368e-01
5.829999999999999627e-01
6.247999999999999110e-01
3.474000000000000421e-01
1.996000000000000552e-01
2.872999999999999998e-01
5.816999999999999948e-01
6.121000000000000885e-01
2.935000000000000941e-01
3.440999999999999615e-01
6.392999999999999794e-01
8.190999999999999392e-01
1.016100000000000003e+00
6.252999999999999670e-01
5.769999999999999574e-01
3.248000000000000331e-01
4.776999999999998470e-01
9.070000000000000284e-01
7.618000000000000327e-01
5.752000000000000446e-01
7.240000000000006153e-02
5.995999999999999108e-01
6.004999999999999227e-01
4.099999999999999756e-01
1.318999999999999617e-01
2.969999999999999862e-01
4.230000000000000426e-01
4.974000000000000088e-01
4.994999999999999996e-01
4.174999999999999822e-01
2.847000000000000086e-01
3.407000000000000028e-01
3.949000000000000288e-01
6.276000000000000467e-01
6.622000000000000108e-01
6.829000000000000625e-01
3.948000000000000398e-01
4.562999999999999834e-01
9.503000000000000336e-01
6.697999999999999510e-01
3.194000000000000172e-01
6.147999999999999021e-01
9.905000000000001581e-01
8.951000000000000068e-01
2.921000000000000263e-01
5.551000000000001489e-01
8.098999999999998423e-01
8.618000000000001215e-01
2.951000000000000845e-01
3.503999999999999337e-01
6.452999999999999847e-01
3.363000000000000433e-01
2.719000000000000306e-01
5.493999999999999995e-01
8.537999999999997813e-01
9.390999999999999348e-01
4.924999999999999933e-01
3.441999999999999504e-01
1.973000000000000587e-01
1.207100000000000062e+00
7.996999999999999664e-01
4.423000000000000265e-01
5.052000000000000934e-01
8.921000000000001151e-01
1.021700000000000053e+00
8.709999999999999964e-01
1.124199999999999866e+00
6.498000000000001553e-01
3.139000000000000679e-01
2.206000000000000461e-01
6.068999999999999950e-01
5.950999999999998513e-01
1.044099999999999806e+00
4.153000000000000025e-01
2.341999999999999915e-01
3.429000000000000381e-01
4.273000000000000131e-01
5.172999999999999821e-01
6.095000000000001528e-01
6.732000000000000206e-01
1.817999999999999894e-01
5.731999999999999318e-01
4.362000000000000322e-01
1.657000000000000695e-01
8.331999999999999407e-01
1.063899999999999846e+00
4.536999999999999922e-01
1.249300000000000299e+00
1.136000000000000121e+00
7.507000000000000339e-01
7.033000000000000362e-01
1.502099999999999769e+00
1.150900000000000034e+00
7.030000000000000693e-01
3.783000000000000251e-01
2.727999999999999314e-01
7.943999999999999950e-01
1.491900000000000004e+00
8.676999999999999158e-01
4.795000000000000373e-01
5.639000000000000679e-01
8.455000000000001403e-01
4.688999999999999835e-01
5.674000000000001265e-01
9.231000000000000316e-01
9.316999999999999726e-01
5.768999999999999684e-01
6.749999999999999334e-01
1.252400000000000180e+00
