2.369999999999999885e-01
1.356999999999999873e-01
3.435000000000000275e-01
2.156000000000000139e-01
2.092999999999999861e-01
1.986999999999999877e-01
1.523999999999999799e-01
3.462000000000000077e-01
1.626000000000000223e-01
2.180000000000000271e-01
1.590000000000000302e-01
2.664000000000000257e-01
1.481999999999999984e-01
1.501999999999999724e-01
2.064999999999999891e-01
2.033000000000000085e-01
1.791999999999999704e-01
2.085999999999999521e-01
2.265999999999999681e-01
2.011000000000000010e-01
1.931999999999999829e-01
1.806000000000000105e-01
2.392000000000000237e-01
2.247000000000000108e-01
1.431999999999999940e-01
1.926000000000000489e-01
8.059999999999994946e-02
1.101999999999999924e-01
1.234999999999999709e-01
1.015000000000000069e-01
1.773000000000000409e-01
2.397000000000000242e-01
1.941999999999999837e-01
1.558999999999999830e-01
2.551000000000000489e-01
1.250999999999999890e-01
5.649999999999999467e-02
1.771000000000000074e-01
3.065999999999999837e-01
1.222999999999999921e-01
1.411000000000000587e-01
2.131000000000000116e-01
1.393000000000000349e-01
1.403999999999999970e-01
3.487999999999999989e-01
2.245999999999999663e-01
8.209999999999999243e-02
1.268999999999999850e-01
2.474999999999999978e-01
1.799000000000000321e-01
1.982999999999999208e-01
2.190000000000000280e-01
1.812000000000000000e-01
2.416000000000000369e-01
4.490000000000000102e-01
3.326999999999999957e-01
5.020999999999999908e-01
5.060999999999999943e-01
2.008999999999999952e-01
2.676000000000000600e-01
3.361999999999999988e-01
3.285000000000000142e-01
3.265999999999999459e-01
2.062999999999999834e-01
1.260999999999999899e-01
2.003000000000000613e-01
2.046999999999999931e-01
2.020000000000000129e-01
2.209999999999999742e-01
4.170000000000000373e-01
1.612000000000000099e-01
1.582999999999999963e-01
1.983000000000000040e-01
1.394000000000000239e-01
4.059000000000000941e-01
1.513999999999999790e-01
1.021000000000000102e-01
1.225999999999999868e-01
3.424000000000000932e-01
2.000000000000000111e-01
2.562999999999999723e-01
2.337000000000000188e-01
8.590000000000003189e-02
1.452000000000000235e-01
1.487000000000000266e-01
1.521000000000000130e-01
1.850999999999999313e-01
1.534000000000000363e-01
2.068999999999999728e-01
2.246999999999999553e-01
1.397999999999999798e-01
2.042999999999999816e-01
1.659999999999999254e-01
2.023999999999999688e-01
2.255000000000000615e-01
2.883999999999999897e-01
2.038999999999999702e-01
2.108000000000000984e-01
1.659999999999999809e-01
4.011000000000000121e-01
1.218599999999999905e+00
6.402000000000002133e-01
2.952999999999999514e-01
2.316999999999999060e-01
1.717000000000000748e-01
1.412999999999999257e-01
2.229000000000000981e-01
1.347999999999999754e-01
1.184999999999999665e-01
1.165999999999999676e-01
3.528000000000001690e-01
2.424000000000001154e-01
2.039000000000000257e-01
1.211999999999999744e-01
1.337999999999999468e-01
8.500000000000008937e-02
2.299999999999999822e-01
2.394999999999999352e-01
3.338999999999998636e-01
3.169999999999999485e-01
1.775000000000000466e-01
1.811999999999999444e-01
2.463999999999999801e-01
1.604000000000000703e-01
1.976999999999999591e-01
1.460000000000000187e-01
1.044999999999999124e-01
2.308999999999999664e-01
1.835999999999999299e-01
3.187999999999999723e-01
2.138000000000001288e-01
1.811999999999999722e-01
2.049999999999998768e-01
2.089999999999999913e-01
2.825000000000000289e-01
1.956999999999999296e-01
2.631999999999998785e-01
9.609999999999999098e-02
2.477999999999999092e-01
4.950999999999999290e-01
2.671000000000000041e-01
6.189999999999999947e-01
4.638000000000000456e-01
1.809000000000000885e-01
2.156000000000000416e-01
2.946000000000000840e-01
1.616999999999998716e-01
2.966000000000000858e-01
3.078000000000000180e-01
2.693999999999999173e-01
1.265999999999999903e-01
1.876000000000000167e-01
1.392999999999999794e-01
1.599999999999999478e-01
1.607999999999999430e-01
2.405999999999999805e-01
1.240000000000000824e-01
2.338999999999999968e-01
1.051000000000001794e-01
2.300000000000000933e-01
3.059999999999999387e-01
2.630000000000001226e-01
2.682000000000000495e-01
3.215000000000000080e-01
3.673000000000000154e-01
4.398000000000000242e-01
2.262000000000000122e-01
2.194000000000000394e-01
6.520000000000003570e-02
1.488999999999999768e-01
2.011999999999999900e-01
1.286999999999999256e-01
2.405000000000001026e-01
1.163000000000000284e-01
1.085000000000000686e-01
2.256000000000001338e-01
2.003000000000000891e-01
1.304999999999998939e-01
3.173999999999999044e-01
1.439999999999999614e-01
1.899000000000000687e-01
1.054999999999999827e-01
1.073999999999999122e-01
9.089999999999999469e-02
1.412000000000001310e-01
2.553000000000000269e-01
2.433999999999999497e-01
1.528999999999999249e-01
1.502000000000000002e-01
1.405000000000000138e-01
1.065999999999999170e-01
1.848999999999999810e-01
1.496999999999999165e-01
2.055000000000000993e-01
1.198000000000000731e-01
2.200000000000000844e-01
1.754999999999999338e-01
1.345999999999999419e-01
1.236999999999999489e-01
