1.958000000000000018e-01
2.901999999999999580e-01
2.101000000000000090e-01
1.750999999999999779e-01
2.641000000000000014e-01
2.209999999999999742e-01
5.210000000000000048e-02
1.776000000000000079e-01
1.451000000000000068e-01
2.366000000000000048e-01
4.264999999999999902e-01
1.381999999999999618e-01
1.421000000000000041e-01
1.569000000000000394e-01
2.765999999999999570e-01
9.119999999999996165e-02
2.620999999999999996e-01
2.055000000000000160e-01
1.500000000000000222e-01
1.064000000000000362e-01
1.207000000000000017e-01
2.026999999999999913e-01
2.034000000000000252e-01
1.790999999999999814e-01
5.279999999999998583e-02
1.489999999999999936e-01
2.922000000000000153e-01
3.014000000000000012e-01
1.444999999999999896e-01
2.715999999999999526e-01
2.466999999999999749e-01
8.799999999999999489e-02
1.158999999999999753e-01
1.778999999999999471e-01
2.742999999999999883e-01
2.677000000000000490e-01
2.614000000000000212e-01
4.600000000000005473e-02
2.217000000000000082e-01
2.016000000000000014e-01
3.075999999999999845e-01
1.249999999999999861e-01
1.198000000000000176e-01
3.611000000000000876e-01
2.078000000000000680e-01
1.509999999999999676e-01
2.495000000000000273e-01
1.884000000000000119e-01
1.146999999999999409e-01
2.439000000000000334e-01
2.055000000000000160e-01
1.029000000000000054e-01
6.890000000000004454e-02
6.160000000000003667e-02
1.077000000000000041e-01
3.100000000000000533e-01
2.787000000000000033e-01
4.290000000000002145e-02
1.415000000000000147e-01
7.899999999999998690e-02
1.477999999999999869e-01
2.698999999999999178e-01
1.836000000000000409e-01
3.071000000000000396e-01
7.599999999999992872e-02
1.655000000000000360e-01
3.356000000000000649e-01
2.651999999999999913e-01
1.114000000000000129e-01
1.068999999999999950e-01
1.199999999999999817e-01
1.437999999999999556e-01
8.779999999999996141e-02
3.859000000000000208e-01
4.201000000000000290e-01
2.124999999999999112e-01
1.162999999999999035e-01
1.064000000000000778e-01
2.649999999999999578e-01
2.137000000000000288e-01
1.461000000000000076e-01
2.934000000000001052e-01
1.198999999999999788e-01
2.345000000000000140e-01
1.836000000000000409e-01
1.838000000000000744e-01
1.974000000000000754e-01
1.830000000000000515e-01
9.880000000000002669e-02
1.970000000000000362e-01
2.167999999999999650e-01
1.668000000000000038e-01
3.087000000000000299e-01
2.138000000000000456e-01
1.204000000000000070e-01
2.560000000000000053e-01
1.686000000000000276e-01
9.999999999999992228e-02
7.390000000000004898e-02
6.049999999999998435e-02
7.269999999999998685e-02
1.272000000000000353e-01
1.704999999999999849e-01
1.843000000000001304e-01
2.557000000000000384e-01
1.227000000000000313e-01
2.111000000000000654e-01
2.415000000000001035e-01
1.386000000000001120e-01
1.524999999999999689e-01
1.713999999999998858e-01
1.771999999999999131e-01
1.570000000000000007e-01
1.308000000000000274e-01
2.615999999999999437e-01
1.326999999999998736e-01
1.970999999999999974e-01
1.721000000000000307e-01
1.302999999999999714e-01
7.939999999999994285e-02
2.073000000000001508e-01
2.363999999999999158e-01
1.174999999999999517e-01
2.510000000000000009e-01
2.687000000000000499e-01
1.124000000000000415e-01
6.199999999999999956e-02
4.439999999999989788e-02
9.549999999999993217e-02
1.549000000000000932e-01
1.817999999999998784e-01
1.023999999999998800e-01
1.033999999999999364e-01
7.229999999999997540e-02
2.027999999999999248e-01
2.341000000000000303e-01
1.076999999999999069e-01
2.977999999999999536e-01
1.048999999999999655e-01
2.423999999999999766e-01
2.159999999999999143e-01
9.969999999999988594e-02
2.051000000000000878e-01
1.043000000000001010e-01
1.193000000000000449e-01
2.063000000000000389e-01
1.358999999999998542e-01
2.753999999999999782e-01
1.497999999999999610e-01
6.309999999999998943e-02
9.010000000000008280e-02
2.281999999999999862e-01
1.680000000000000382e-01
7.629999999999995119e-02
2.496000000000000441e-01
2.065000000000000169e-01
1.035000000000000225e-01
2.011999999999998789e-01
1.282999999999999974e-01
7.389999999999999347e-02
1.340999999999999415e-01
1.085999999999999605e-01
1.319000000000000172e-01
1.664999999999999258e-01
1.824999999999999956e-01
2.460000000000000520e-01
1.601999999999998980e-01
9.329999999999993854e-02
1.094999999999999168e-01
1.076999999999999624e-01
1.099999999999999867e-01
1.164999999999999508e-01
1.039999999999999952e-01
2.012000000000000732e-01
5.700000000000008532e-02
2.102999999999999869e-01
2.046000000000000596e-01
1.549999999999999989e-01
7.299999999999989830e-02
1.579999999999999738e-01
2.751000000000000112e-01
2.393000000000000682e-01
1.341999999999999582e-01
1.192000000000000420e-01
9.169999999999992046e-02
7.859999999999997544e-02
1.932999999999999441e-01
2.553999999999999604e-01
2.714000000000000856e-01
2.384000000000000563e-01
5.359999999999993242e-02
1.790000000000000202e-01
2.158999999999999808e-01
1.978999999999998261e-01
9.120000000000000329e-02
1.349999999999999534e-01
2.252000000000000113e-01
2.618000000000000327e-01
2.438999999999999502e-01
