5.555999999999999828e-01
5.717999999999999750e-01
4.700999999999999623e-01
3.379999999999999671e-01
5.533000000000000140e-01
3.810000000000000053e-01
3.108999999999999542e-01
2.435000000000000220e-01
7.398000000000001242e-01
3.064999999999999392e-01
4.310999999999999832e-01
5.633000000000000229e-01
3.847000000000000419e-01
2.023000000000000076e-01
2.301999999999999880e-01
5.228000000000000425e-01
4.984000000000000652e-01
2.762000000000000011e-01
1.700999999999999734e-01
3.306000000000000605e-01
4.099000000000000421e-01
4.086999999999999522e-01
3.970000000000000195e-01
1.850999999999999868e-01
2.025000000000000133e-01
4.580000000000000182e-01
5.424999999999999822e-01
3.357999999999999874e-01
1.811000000000000110e-01
4.407999999999999696e-01
4.148000000000000576e-01
2.814999999999999725e-01
2.753999999999999782e-01
1.667000000000000148e-01
1.313999999999999613e-01
2.867000000000000104e-01
4.974000000000000088e-01
3.112000000000000322e-01
1.743000000000000105e-01
2.404000000000000303e-01
4.418000000000000815e-01
4.270000000000000462e-01
1.660000000000000364e-01
5.085999999999999410e-01
5.540000000000000480e-01
2.626999999999999891e-01
1.089000000000000246e-01
4.299000000000000044e-01
4.692999999999999949e-01
5.927000000000002267e-01
4.284999999999999920e-01
2.483000000000000207e-01
1.772999999999999854e-01
1.071000000000000008e-01
2.471999999999999753e-01
4.085000000000000298e-01
5.155000000000000693e-01
1.925000000000000322e-01
7.016999999999999904e-01
3.456000000000000738e-01
7.146000000000000130e-01
2.773999999999999799e-01
2.391000000000000070e-01
2.021000000000000019e-01
3.436999999999999500e-01
3.937000000000000499e-01
4.749999999999999778e-01
2.857000000000000095e-01
1.705000000000000127e-01
3.435999999999999610e-01
4.379999999999999449e-01
4.651999999999999469e-01
4.867000000000000770e-01
1.829999999999999405e-01
3.152000000000000357e-01
2.831000000000000183e-01
2.273999999999999910e-01
1.504000000000000059e-01
2.184000000000000108e-01
4.791999999999999593e-01
3.784000000000000141e-01
2.116999999999999438e-01
4.259999999999999343e-01
3.680999999999999828e-01
2.016000000000000014e-01
2.721000000000000085e-01
2.572000000000000952e-01
1.372000000000000441e-01
3.312999999999999279e-01
4.039999999999999147e-01
3.840000000000000080e-01
2.625000000000000666e-01
2.445999999999999286e-01
4.249999999999999334e-01
4.102999999999999980e-01
2.310000000000000109e-01
2.206000000000000183e-01
2.842999999999999972e-01
3.065999999999999837e-01
3.069999999999999951e-01
1.823999999999999511e-01
3.183000000000000274e-01
4.459999999999999520e-01
2.762999999999999901e-01
1.369999999999999829e-01
2.978999999999999426e-01
3.906999999999999917e-01
2.468999999999999806e-01
1.822999999999999621e-01
1.323000000000000009e-01
4.366999999999999216e-01
4.868000000000000105e-01
3.768000000000000238e-01
1.340000000000000080e-01
1.406000000000000305e-01
2.923999999999999932e-01
3.633999999999999453e-01
3.996000000000000107e-01
2.178999999999999826e-01
2.090999999999999526e-01
4.901999999999999691e-01
2.574000000000000732e-01
4.817999999999999505e-01
4.299000000000000044e-01
2.448000000000000176e-01
3.091999999999999749e-01
4.032000000000000028e-01
3.978000000000000425e-01
3.023000000000000131e-01
1.192000000000000143e-01
2.580000000000000626e-01
3.452000000000000624e-01
1.300000000000000877e-01
4.983000000000000207e-01
1.670000000000000928e-01
4.663999999999999813e-01
5.321000000000000174e-01
2.054000000000000270e-01
2.300000000000000377e-01
4.742999999999999994e-01
5.947999999999999954e-01
1.522000000000000297e-01
1.318000000000000282e-01
2.773999999999999799e-01
3.543999999999999373e-01
2.893999999999999906e-01
3.092000000000000304e-01
2.146000000000000130e-01
6.439999999999992952e-02
3.635999999999999788e-01
4.292999999999999594e-01
3.190000000000000613e-01
1.815000000000001057e-01
3.308000000000000385e-01
3.957999999999999852e-01
2.959999999999999853e-01
1.408000000000000085e-01
5.475999999999999757e-01
3.831999999999999851e-01
2.999999999999999334e-01
2.810999999999999055e-01
1.965999999999999692e-01
3.734999999999999432e-01
4.908000000000000140e-01
4.299000000000000044e-01
1.649000000000000188e-01
5.821000000000000618e-01
5.423000000000000043e-01
6.805000000000001048e-01
1.360500000000000043e+00
2.838999999999999302e-01
1.160000000000001447e-01
4.301000000000000378e-01
1.218399999999999928e+00
6.435999999999999499e-01
9.500000000000000111e-02
8.260000000000000675e-02
2.653999999999999138e-01
4.609999999999998543e-01
6.176000000000000378e-01
6.797999999999999599e-01
4.157999999999999474e-01
6.096000000000001418e-01
5.552999999999999048e-01
3.521000000000000241e-01
3.456000000000000738e-01
4.154999999999999805e-01
5.016000000000000458e-01
3.034000000000001140e-01
2.252000000000000113e-01
1.978999999999999648e-01
5.615999999999999881e-01
6.392999999999999794e-01
1.814999999999999392e-01
6.149000000000000021e-01
3.728000000000000203e-01
3.756999999999999784e-01
1.415000000000000147e-01
2.388999999999999457e-01
