2.012999999999999790e-01
4.869999999999999885e-01
3.043000000000000704e-01
2.338000000000000078e-01
7.069999999999999896e-02
7.460000000000001352e-02
1.341999999999999860e-01
1.284999999999999754e-01
1.763000000000000123e-01
1.237999999999999934e-01
1.271999999999999797e-01
7.684999999999999609e-01
1.690000000000000391e-01
1.828999999999999793e-01
3.391000000000000680e-01
2.274000000000000188e-01
2.188000000000000778e-01
2.991000000000000325e-01
1.691999999999999893e-01
1.423000000000000376e-01
2.402000000000000801e-01
1.702000000000000735e-01
2.283000000000000029e-01
1.592999999999999972e-01
2.525000000000000577e-01
1.983999999999999653e-01
3.019000000000000572e-01
2.674999999999999600e-01
2.116000000000000381e-01
4.659999999999999698e-01
7.104999999999999094e-01
4.246999999999999664e-01
1.265000000000000568e-01
3.333999999999999742e-01
1.584999999999999187e-01
1.683999999999999941e-01
5.999999999999994921e-02
1.573000000000000786e-01
8.040000000000002700e-02
1.647999999999999465e-01
1.035000000000000364e-01
3.223000000000000309e-01
9.650000000000005795e-02
3.988000000000000433e-01
1.202999999999999486e-01
1.411000000000000587e-01
3.822999999999999177e-01
3.505000000000000893e-01
2.441000000000000392e-01
1.589000000000000690e-01
1.567000000000000060e-01
1.536000000000001253e-01
2.132999999999998786e-01
1.713000000000000911e-01
1.285999999999999921e-01
2.482000000000000040e-01
1.255000000000000560e-01
9.159999999999993148e-02
1.657000000000001527e-01
1.049999999999998990e-01
1.659000000000000474e-01
1.552999999999999936e-01
1.974000000000000199e-01
1.128000000000000391e-01
1.557000000000001161e-01
9.070000000000001672e-02
1.774000000000000021e-01
1.739000000000000268e-01
1.423000000000000931e-01
1.466000000000000358e-01
9.939999999999996061e-02
1.304000000000000159e-01
1.838999999999999246e-01
1.583999999999999575e-01
9.129999999999995064e-02
2.297999999999998932e-01
1.188000000000000583e-01
1.436000000000000609e-01
1.336999999999999855e-01
1.451999999999999957e-01
1.919999999999999762e-01
1.508000000000000451e-01
1.561000000000000443e-01
1.022000000000000408e-01
8.290000000000002922e-02
1.685000000000000109e-01
1.323999999999999899e-01
1.378999999999999670e-01
2.139999999999999958e-01
2.066999999999999948e-01
1.193999999999999367e-01
1.494999999999999662e-01
1.566000000000000170e-01
8.409999999999993869e-02
8.820000000000005613e-02
7.619999999999993445e-02
6.059999999999999415e-02
1.205999999999999156e-01
1.945999999999999119e-01
2.749000000000000332e-01
9.520000000000002072e-02
3.748999999999999555e-01
1.979000000000000759e-01
1.078999999999999126e-01
9.969999999999992757e-02
3.009999999999991849e-02
5.379999999999995897e-02
8.690000000000001890e-02
1.363000000000000322e-01
1.797000000000000264e-01
1.532000000000001139e-01
1.226999999999999758e-01
1.117999999999999966e-01
5.600000000000007749e-02
1.229000000000001064e-01
9.950000000000003286e-02
1.171999999999999986e-01
1.208000000000000740e-01
1.130999999999998673e-01
1.214999999999999969e-01
3.004999999999999338e-01
2.817000000000000060e-01
1.626000000000000500e-01
2.452000000000000568e-01
3.188999999999999613e-01
1.353999999999999371e-01
1.025000000000000633e-01
1.090000000000000968e-01
1.171999999999999986e-01
1.382000000000000173e-01
1.536000000000000698e-01
1.374999999999999556e-01
6.890000000000001679e-02
1.044000000000000206e-01
9.829999999999999849e-02
1.882000000000000062e-01
2.835999999999999632e-01
1.902999999999999414e-01
9.029999999999996363e-02
8.299999999999996270e-02
1.321000000000000507e-01
1.033999999999999364e-01
1.097000000000000336e-01
2.293000000000000593e-01
2.695000000000000728e-01
1.293000000000000815e-01
1.554000000000000659e-01
1.663000000000000034e-01
1.123000000000000803e-01
1.459000000000000297e-01
3.843999999999999639e-01
2.835999999999999632e-01
1.859000000000000097e-01
2.053000000000000380e-01
1.169999999999999651e-01
8.610000000000000986e-02
1.226999999999999758e-01
1.328000000000000846e-01
1.798999999999999488e-01
1.147000000000001074e-01
8.139999999999997238e-02
4.839999999999997082e-02
8.570000000000005391e-02
8.790000000000006142e-02
4.610000000000008535e-02
1.081999999999999629e-01
9.580000000000001015e-02
1.189000000000001028e-01
1.041999999999998761e-01
2.019000000000000516e-01
2.618000000000000327e-01
2.514999999999999458e-01
1.163999999999999757e-01
1.423999999999999710e-01
1.144000000000000017e-01
9.469999999999992313e-02
1.190000000000000085e-01
1.394999999999999851e-01
1.278000000000000247e-01
8.559999999999992615e-02
5.490000000000004599e-02
7.110000000000010756e-02
1.955000000000000626e-01
1.042999999999999761e-01
1.098000000000000781e-01
6.200000000000008976e-02
8.349999999999993539e-02
9.980000000000001370e-02
2.008999999999999952e-01
9.729999999999996985e-02
7.209999999999988640e-02
1.442000000000000226e-01
2.140000000000000513e-01
2.179000000000001214e-01
1.277999999999998582e-01
1.476999999999999702e-01
1.151999999999999691e-01
9.879999999999998506e-02
1.101999999999999230e-01
