3.018000000000000682e-01
1.456999999999999962e-01
1.172999999999999876e-01
2.313999999999999946e-01
1.748999999999999999e-01
2.301000000000000267e-01
1.275999999999999912e-01
1.294000000000000150e-01
1.952999999999999736e-01
1.911999999999999811e-01
1.401999999999999913e-01
1.346000000000000252e-01
1.216999999999999887e-01
9.550000000000000155e-02
8.460000000000000853e-02
2.472999999999999921e-01
2.035000000000000142e-01
1.839000000000000079e-01
1.862999999999999656e-01
6.620000000000000884e-02
7.450000000000001066e-02
2.674000000000000266e-01
1.725000000000000144e-01
1.842999999999999639e-01
1.431999999999999940e-01
1.968000000000000027e-01
1.595000000000000306e-01
1.224999999999999978e-01
1.525999999999999857e-01
1.418999999999999706e-01
8.730000000000003035e-02
1.655999999999999972e-01
7.980000000000002369e-02
8.940000000000000724e-02
1.289000000000000146e-01
1.507999999999999896e-01
1.507999999999999896e-01
2.026999999999999635e-01
8.369999999999999662e-02
1.076999999999999902e-01
2.792000000000000592e-01
1.431000000000000327e-01
3.293000000000000371e-01
1.436000000000000054e-01
1.633000000000000007e-01
1.986999999999999877e-01
1.797999999999999876e-01
1.738000000000000100e-01
1.672000000000000153e-01
1.092999999999999805e-01
1.598999999999999866e-01
1.143999999999999601e-01
8.450000000000001954e-02
6.999999999999999278e-02
2.559000000000000719e-01
2.762999999999999345e-01
3.563999999999999946e-01
6.121999999999999664e-01
2.853999999999999870e-01
1.530999999999998751e-01
6.869000000000000661e-01
3.043000000000000149e-01
1.960000000000000075e-01
2.028999999999999970e-01
2.804999999999999716e-01
2.270999999999999686e-01
1.632999999999999730e-01
2.127000000000000002e-01
2.223000000000000254e-01
2.123999999999999500e-01
1.136999999999999539e-01
2.330000000000000404e-01
1.660000000000000087e-01
1.620000000000000329e-01
1.668999999999999928e-01
1.436999999999999944e-01
1.235999999999999738e-01
5.462000000000000188e-01
4.452999999999999181e-01
3.895999999999999464e-01
1.989000000000000212e-01
1.700000000000000122e-01
1.376000000000000556e-01
1.880000000000000004e-01
2.511999999999999789e-01
4.003999999999999782e-01
4.082999999999999408e-01
2.439000000000000057e-01
1.962000000000000410e-01
1.708000000000000351e-01
7.030000000000001525e-02
7.580000000000002014e-02
1.095000000000000279e-01
6.889999999999997515e-02
3.650000000000000466e-02
4.730000000000006422e-02
7.050000000000003486e-02
5.779999999999999027e-02
1.440000000000000169e-01
3.423999999999999266e-01
1.436999999999999389e-01
1.466999999999999971e-01
7.689999999999999614e-02
5.870000000000000218e-02
1.131000000000000200e-01
2.739000000000000323e-01
2.068999999999999728e-01
2.520999999999999908e-01
1.348000000000000309e-01
3.950000000000002121e-02
5.989999999999999492e-02
9.240000000000005154e-02
1.590999999999999914e-01
2.057000000000000217e-01
1.622000000000000663e-01
1.953000000000000291e-01
3.526000000000000245e-01
3.960000000000000187e-01
6.980000000000000648e-01
1.905000000000000304e-01
4.736000000000000210e-01
2.350999999999999757e-01
2.661999999999999922e-01
1.440000000000000169e-01
1.126999999999999669e-01
1.036999999999999589e-01
1.944000000000000172e-01
2.599000000000000199e-01
1.252000000000000057e-01
2.617000000000000437e-01
1.265999999999999903e-01
8.279999999999995697e-02
5.560000000000001052e-02
5.489999999999999047e-02
6.790000000000000202e-02
1.023000000000000020e-01
1.077999999999999653e-01
1.723000000000000087e-01
1.221999999999999753e-01
1.279999999999999749e-01
9.799999999999994826e-02
5.129999999999999838e-02
8.719999999999998586e-02
9.729999999999999760e-02
6.709999999999999298e-02
1.126999999999999807e-01
2.207999999999999963e-01
1.380999999999999450e-01
1.195999999999999425e-01
1.295999999999999930e-01
1.416999999999999926e-01
6.649999999999996192e-02
8.479999999999997262e-02
7.689999999999996838e-02
1.005000000000000199e-01
6.679999999999999827e-02
6.820000000000001061e-02
1.093999999999999695e-01
9.329999999999998017e-02
1.654999999999999805e-01
6.119999999999997664e-02
1.595000000000000306e-01
1.070000000000000395e-01
5.250000000000002581e-02
9.639999999999999958e-02
1.251999999999999780e-01
1.552999999999999658e-01
1.806999999999999718e-01
1.824999999999999956e-01
1.832999999999999630e-01
1.432000000000000217e-01
1.278000000000000247e-01
1.495000000000000218e-01
1.746999999999999664e-01
1.845999999999999863e-01
1.829000000000000625e-01
1.742999999999999550e-01
1.820999999999999841e-01
1.112000000000000210e-01
1.200999999999999845e-01
1.283999999999999864e-01
1.376000000000000001e-01
1.647999999999999743e-01
1.739999999999999325e-01
1.300999999999999657e-01
1.048000000000000320e-01
1.089000000000000246e-01
1.499999999999999667e-01
1.086000000000000021e-01
1.275999999999999357e-01
9.399999999999997247e-02
1.128999999999999865e-01
1.057999999999999913e-01
1.112999999999999962e-01
4.420000000000002399e-02
9.100000000000001144e-02
9.890000000000004343e-02
8.149999999999997524e-02
1.209999999999999826e-01
