1.691999999999999893e-01
1.545000000000000262e-01
1.489199999999999857e+00
3.657000000000001361e-01
3.248999999999999666e-01
2.038999999999999979e-01
2.071999999999999953e-01
8.010000000000004616e-02
9.629999999999994120e-02
1.254000000000000115e-01
1.170999999999999819e-01
1.643999999999999906e-01
1.231000000000000427e-01
2.008999999999999675e-01
2.158000000000000196e-01
1.471999999999999975e-01
2.943000000000000060e-01
6.989999999999997604e-02
8.560000000000003717e-02
1.798000000000000154e-01
4.299999999999999933e-01
9.084000000000000963e-01
3.706000000000000405e-01
1.320999999999999952e-01
1.716000000000000025e-01
2.069000000000000006e-01
1.596000000000000474e-01
1.392000000000000459e-01
1.035000000000000642e-01
8.819999999999997287e-02
9.780000000000006743e-02
1.160999999999999810e-01
2.301000000000000545e-01
8.289999999999997371e-02
2.309999999999999554e-01
1.495999999999999275e-01
2.185000000000000275e-01
1.444000000000000283e-01
1.696000000000000008e-01
2.403999999999999471e-01
1.126999999999999807e-01
1.691999999999999615e-01
1.211999999999999744e-01
1.648999999999999633e-01
1.966000000000000247e-01
3.062000000000000277e-01
1.172999999999999737e-01
1.916000000000000203e-01
1.240000000000000130e-01
1.156000000000000222e-01
1.781999999999999973e-01
2.014000000000000512e-01
1.532000000000000306e-01
1.433999999999999997e-01
1.512999999999999901e-01
7.089999999999996305e-02
1.207999999999999630e-01
2.142000000000000015e-01
1.218000000000000055e-01
1.847999999999999921e-01
1.600000000000000033e-01
1.124999999999999750e-01
1.370000000000000107e-01
7.700000000000001288e-02
5.259999999999999398e-02
1.079999999999999988e-01
2.220000000000000029e-01
6.650000000000001743e-02
1.736000000000000043e-01
8.110000000000000542e-02
6.709999999999999298e-02
9.720000000000003637e-02
7.009999999999996789e-02
6.819999999999998286e-02
1.213000000000000189e-01
7.869999999999999218e-02
7.360000000000001263e-02
5.339999999999998220e-02
1.715999999999999748e-01
8.290000000000001534e-02
1.286000000000000199e-01
9.700000000000000289e-02
9.690000000000000002e-02
5.300000000000001932e-02
1.191000000000000114e-01
4.730000000000000870e-02
7.009999999999998177e-02
1.242999999999999938e-01
3.880000000000000809e-02
1.406999999999999917e-01
2.060000000000000164e-01
6.559999999999999165e-02
1.411999999999999922e-01
6.270000000000000573e-02
6.140000000000001013e-02
9.600000000000000200e-02
1.130000000000000032e-01
7.960000000000000409e-02
1.648999999999999910e-01
5.059999999999999915e-02
1.020999999999999963e-01
1.842999999999999639e-01
8.969999999999998808e-02
1.334000000000000186e-01
5.590000000000000524e-02
2.270000000000001183e-02
1.223999999999999949e-01
8.809999999999998388e-02
9.540000000000001257e-02
7.379999999999999061e-02
7.680000000000000715e-02
1.810999999999999832e-01
4.589999999999998942e-02
1.264000000000000123e-01
1.252999999999999947e-01
1.080999999999999878e-01
8.649999999999999356e-02
1.093000000000000083e-01
5.759999999999998455e-02
8.479999999999998650e-02
1.423999999999999988e-01
1.021999999999999853e-01
1.019000000000000183e-01
1.203999999999999931e-01
4.979999999999999705e-02
1.412999999999999812e-01
1.214000000000000218e-01
6.640000000000000069e-02
8.379999999999999949e-02
8.440000000000000280e-02
9.719999999999998086e-02
8.960000000000002685e-02
7.420000000000002982e-02
1.366000000000000270e-01
9.509999999999999010e-02
7.130000000000000226e-02
7.000000000000003442e-02
1.404000000000000248e-01
9.380000000000000837e-02
1.136000000000000065e-01
7.669999999999999041e-02
2.641999999999999904e-01
1.646999999999999575e-01
1.960000000000000075e-01
1.567000000000000060e-01
1.034000000000000197e-01
1.889000000000000123e-01
9.740000000000000047e-02
2.503999999999999559e-01
8.510000000000000897e-02
1.341999999999999860e-01
6.530000000000002469e-02
1.834999999999999964e-01
7.630000000000000671e-02
1.687999999999999778e-01
3.492999999999999994e-01
9.828999999999998849e-01
2.647000000000000464e-01
1.552000000000000601e-01
1.009999999999999648e-01
1.463999999999999191e-01
1.393999999999999684e-01
5.489999999999999047e-02
7.759999999999994680e-02
6.769999999999991303e-02
1.189000000000000057e-01
1.154999999999999638e-01
8.189999999999994507e-02
2.969999999999995213e-02
7.829999999999998073e-02
1.263999999999999568e-01
8.550000000000004818e-02
1.265000000000000013e-01
6.240000000000003877e-02
1.140999999999999931e-01
1.361000000000000265e-01
1.407000000000000195e-01
1.291000000000000481e-01
1.379000000000000503e-01
2.007999999999999785e-01
1.525000000000000244e-01
1.880999999999999617e-01
8.710000000000003850e-02
1.696999999999999897e-01
3.306999999999999940e-01
1.535999999999999588e-01
2.659999999999998477e-02
1.158000000000000140e-01
9.419999999999996432e-02
1.177000000000000546e-01
9.970000000000003859e-02
7.240000000000001990e-02
1.837999999999999634e-01
1.105999999999999484e-01
1.193000000000000310e-01
9.410000000000004472e-02
2.833999999999999853e-01
2.378600000000000048e+00
1.604000000000000981e-01
