1.265000000000000013e-01
2.091000000000000081e-01
1.320999999999999952e-01
1.211000000000000132e-01
1.111999999999999933e-01
8.629999999999998783e-02
1.518999999999999795e-01
1.614000000000000434e-01
1.450999999999999512e-01
1.217999999999999916e-01
1.596999999999999809e-01
1.617999999999999994e-01
7.629999999999997895e-02
1.518999999999999795e-01
6.270000000000003348e-02
1.371000000000000274e-01
1.135000000000000175e-01
6.279999999999999472e-02
1.244000000000000244e-01
1.757000000000000228e-01
9.350000000000001366e-02
1.068000000000000199e-01
1.042000000000000148e-01
1.983000000000000040e-01
1.036999999999999866e-01
1.644999999999999518e-01
1.340999999999999970e-01
1.472999999999999865e-01
1.183000000000000163e-01
8.789999999999997815e-02
1.207999999999999491e-01
1.410999999999999754e-01
2.034000000000000252e-01
1.796999999999999986e-01
1.226999999999999619e-01
1.044000000000000206e-01
9.560000000000000442e-02
1.107999999999999818e-01
7.280000000000000360e-02
1.214999999999999691e-01
1.173999999999999488e-01
6.329999999999996740e-02
1.148999999999999744e-01
1.183999999999999775e-01
1.395999999999999741e-01
7.169999999999993046e-02
1.127999999999999836e-01
4.760000000000001730e-02
1.681999999999999607e-01
5.660000000000000586e-01
4.023999999999999799e-01
1.486000000000000376e-01
1.876000000000000167e-01
1.667999999999999761e-01
2.494999999999999718e-01
1.585999999999999632e-01
8.669999999999998541e-02
7.960000000000004572e-02
9.130000000000000615e-02
1.535999999999999865e-01
1.522000000000000020e-01
9.050000000000002487e-02
1.041000000000000258e-01
7.370000000000002938e-02
1.151999999999999691e-01
1.062000000000000166e-01
1.463999999999999746e-01
1.179000000000000464e-01
9.540000000000006808e-02
7.380000000000006000e-02
6.280000000000000859e-02
2.919999999999998291e-02
7.119999999999998552e-02
9.249999999999990175e-02
2.011999999999999900e-01
8.799999999999999489e-02
2.213999999999999579e-01
1.318000000000000282e-01
1.715999999999999748e-01
1.276999999999999247e-01
1.474999999999999645e-01
8.570000000000002616e-02
1.210999999999999577e-01
8.209999999999996467e-02
7.339999999999999303e-02
1.814000000000000057e-01
1.261999999999999234e-01
8.380000000000001337e-02
1.491000000000000381e-01
2.879000000000000448e-01
2.754000000000000337e-01
2.626999999999999891e-01
7.019999999999997076e-02
1.379999999999999560e-01
1.385999999999998900e-01
1.285999999999999921e-01
1.256000000000000449e-01
1.039000000000000062e-01
1.264999999999999181e-01
1.361999999999999322e-01
7.409999999999992981e-02
1.063999999999999946e-01
1.244999999999999440e-01
9.749999999999997558e-02
1.343000000000000582e-01
9.509999999999999010e-02
6.590000000000006963e-02
1.466000000000000636e-01
2.015000000000000124e-01
1.255999999999998784e-01
7.309999999999994280e-02
9.660000000000004694e-02
8.639999999999986580e-02
1.226999999999998092e-01
7.489999999999991109e-02
8.399999999999999134e-02
9.929999999999999938e-02
9.050000000000005262e-02
1.136000000000000343e-01
6.040000000000001618e-02
1.006000000000000227e-01
1.295999999999999930e-01
8.730000000000007199e-02
7.880000000000000893e-02
2.110000000000000209e-01
8.049999999999993272e-02
4.250999999999999224e-01
2.122999999999999610e-01
1.226000000000000145e-01
6.879999999999997229e-02
1.639000000000000179e-01
1.591000000000000469e-01
1.490000000000000213e-01
9.909999999999997977e-02
6.569999999999999452e-02
1.023999999999999772e-01
1.476999999999999980e-01
1.106000000000000316e-01
1.045999999999999153e-01
7.659999999999994591e-02
1.676000000000000267e-01
1.207999999999999907e-01
1.590000000000000024e-01
4.439999999999994645e-02
8.979999999999999094e-02
9.019999999999997464e-02
1.228999999999999676e-01
6.450000000000001565e-02
9.279999999999995197e-02
