3.752999999999999670e-01
8.947000000000000508e-01
5.368000000000000549e-01
1.933000000000000274e-01
4.869999999999999885e-01
3.700999999999999845e-01
2.445999999999999841e-01
3.172000000000000375e-01
3.709999999999999964e-01
2.859999999999999765e-01
2.996999999999999664e-01
3.826999999999999846e-01
2.817999999999999394e-01
2.665999999999999481e-01
2.352999999999999536e-01
1.073999999999999955e-01
1.089999999999999858e-01
1.712000000000000188e-01
2.463999999999999801e-01
2.213999999999999857e-01
1.941999999999999837e-01
2.911000000000000254e-01
2.935999999999999721e-01
3.303999999999999715e-01
3.311000000000000054e-01
1.759000000000000008e-01
4.440000000000002278e-02
1.021999999999999992e-01
2.998999999999999999e-01
4.284999999999999920e-01
3.045999999999999819e-01
2.592999999999999750e-01
2.938000000000000056e-01
1.997000000000000164e-01
8.930000000000004601e-02
2.129000000000000059e-01
2.490000000000000269e-01
2.441000000000000114e-01
2.876999999999999558e-01
3.185999999999999943e-01
3.750000000000000000e-01
3.115999999999999881e-01
1.596999999999999809e-01
3.119000000000000106e-01
1.485000000000000209e-01
2.341000000000000303e-01
3.284000000000000252e-01
3.782999999999999696e-01
2.782999999999999918e-01
9.819999999999998175e-02
1.608000000000000262e-01
2.142999999999999905e-01
2.888000000000000012e-01
1.967999999999999750e-01
1.389000000000000234e-01
1.275000000000000022e-01
2.793999999999999817e-01
3.535999999999999699e-01
4.606000000000000094e-01
3.794000000000000150e-01
1.909000000000000141e-01
4.760000000000001036e-02
2.078999999999999737e-01
3.170999999999999930e-01
3.129000000000000670e-01
2.833000000000001073e-01
2.217000000000000082e-01
2.220000000000000584e-01
2.088999999999999746e-01
2.205000000000000016e-01
1.894000000000000405e-01
3.637000000000000233e-01
3.516000000000000236e-01
1.638999999999999901e-01
8.210000000000004794e-02
1.905000000000000304e-01
3.003000000000000114e-01
2.276999999999999580e-01
1.309999999999999776e-01
1.176000000000000101e-01
4.447000000000000397e-01
7.856000000000000760e-01
2.558000000000000274e-01
1.179999999999999660e-01
2.849999999999998368e-02
7.569999999999998952e-02
1.178000000000000158e-01
2.020000000000000129e-01
2.919999999999999818e-01
2.719999999999999640e-01
3.119999999999999996e-01
2.166999999999999760e-01
9.049999999999999711e-02
1.171999999999999986e-01
2.878999999999999337e-01
3.659999999999999920e-01
3.518999999999999351e-01
3.661999999999999700e-01
3.706000000000000405e-01
2.945999999999999730e-01
2.336000000000000298e-01
2.146000000000000130e-01
9.799999999999998990e-02
6.989999999999998992e-02
1.476999999999999980e-01
2.696999999999999398e-01
2.592999999999999750e-01
2.969999999999999862e-01
2.245999999999999941e-01
2.885000000000000342e-01
3.643000000000000127e-01
3.568999999999999950e-01
3.941999999999999948e-01
3.937000000000000499e-01
3.780000000000000027e-01
4.728000000000000536e-01
3.540999999999999703e-01
1.119000000000000133e-01
2.008999999999999675e-01
1.748999999999999999e-01
1.518999999999999795e-01
3.208999999999999631e-01
2.585000000000000075e-01
3.593999999999999417e-01
3.486000000000000210e-01
3.124999999999999445e-01
2.154999999999999416e-01
2.048999999999999710e-01
1.762000000000000233e-01
8.259999999999997899e-02
1.785999999999999532e-01
2.518000000000000238e-01
2.916000000000000814e-01
3.576000000000000290e-01
4.095000000000000306e-01
3.425000000000000266e-01
1.971999999999999587e-01
2.334999999999999576e-01
2.878000000000000003e-01
4.170000000000000373e-01
4.332999999999999630e-01
3.949999999999999623e-01
3.631999999999999673e-01
3.855999999999999428e-01
3.844000000000000195e-01
3.619999999999999885e-01
2.101999999999999424e-01
2.496999999999999775e-01
1.747999999999999554e-01
