2.316000000000000003e-01
2.382000000000000228e-01
1.973999999999999921e-01
1.585000000000000020e-01
1.940999999999999948e-01
5.979999999999998650e-01
9.696000000000000174e-01
1.132600000000000051e+00
1.213600000000000012e+00
3.014999999999999347e-01
4.156000000000000250e-01
2.128000000000000169e-01
1.146000000000000074e-01
2.030000000000000138e-01
3.116999999999999771e-01
3.112999999999999101e-01
2.258999999999999342e-01
1.753999999999999726e-01
1.314000000000000168e-01
1.488999999999999768e-01
1.823999999999999511e-01
2.614999999999999547e-01
2.819999999999999729e-01
7.410000000000002696e-02
1.564999999999999725e-01
1.608999999999999597e-01
1.396999999999999631e-01
2.628999999999999670e-01
2.003000000000000058e-01
3.578000000000000069e-01
4.433000000000000274e-01
2.782000000000000028e-01
1.026000000000000384e-01
2.071000000000000063e-01
1.636000000000000232e-01
2.889000000000000457e-01
2.007999999999999785e-01
3.578000000000000069e-01
2.697999999999999843e-01
4.809999999999996223e-02
3.257999999999999785e-01
2.495999999999999608e-01
1.053000000000000047e-01
1.771000000000000352e-01
1.546999999999999764e-01
1.012000000000000122e-01
3.282000000000000473e-01
3.589999999999999858e-01
3.218999999999999639e-01
3.294000000000000261e-01
1.567000000000000060e-01
1.804999999999999383e-01
2.150999999999999857e-01
1.579999999999999738e-01
1.279000000000000137e-01
2.073999999999999733e-01
1.815999999999999837e-01
3.008000000000000118e-01
2.011000000000000287e-01
7.156000000000000139e-01
4.630999999999999561e-01
3.027999999999999581e-01
5.478000000000000647e-01
2.298000000000000043e-01
2.072999999999999843e-01
1.286999999999999811e-01
1.856000000000000427e-01
1.731999999999999651e-01
1.494999999999999940e-01
1.894000000000000128e-01
7.909999999999999254e-01
1.390600000000000058e+00
4.064999999999999725e-01
3.362999999999999323e-01
1.773000000000000131e-01
1.464999999999999913e-01
1.776999999999999691e-01
2.573999999999999622e-01
1.378000000000000058e-01
2.867000000000000659e-01
4.872000000000000774e-01
2.641000000000000014e-01
6.231999999999999762e-01
6.592000000000000082e-01
1.759000000000000563e-01
6.140000000000001013e-02
1.594999999999999751e-01
1.398000000000000076e-01
1.778999999999999748e-01
1.920999999999999375e-01
5.959999999999998632e-02
1.232000000000000040e-01
1.895000000000000018e-01
2.249000000000000443e-01
1.446000000000000341e-01
2.351999999999999924e-01
1.080999999999999739e-01
2.800999999999999601e-01
3.316999999999999948e-01
2.015000000000000124e-01
1.577999999999999403e-01
1.221999999999999476e-01
1.183999999999999081e-01
1.587000000000000077e-01
1.319999999999999507e-01
1.567999999999999672e-01
2.452000000000000290e-01
2.955999999999999739e-01
1.653999999999999915e-01
1.788000000000000422e-01
1.816999999999999449e-01
2.583999999999999631e-01
2.157999999999999363e-01
1.833999999999998687e-01
1.711999999999998801e-01
2.653999999999999693e-01
2.083000000000000684e-01
1.703000000000000624e-01
1.933999999999999608e-01
1.744000000000000272e-01
2.081999999999999962e-01
1.938999999999999335e-01
1.722999999999999809e-01
1.731999999999999373e-01
1.052999999999999353e-01
9.489999999999994273e-02
1.223000000000000476e-01
1.834000000000000630e-01
3.482000000000000650e-01
2.768000000000000460e-01
2.858000000000000540e-01
2.027000000000000468e-01
9.140000000000003677e-02
1.485000000000000209e-01
9.950000000000003286e-02
1.543000000000000205e-01
1.742000000000000770e-01
1.270000000000000018e-01
2.456999999999999740e-01
3.424000000000000377e-01
2.901000000000000245e-01
2.142000000000000293e-01
2.224000000000000421e-01
2.287999999999999756e-01
2.006000000000000005e-01
1.935999999999999388e-01
1.735999999999999488e-01
1.612000000000000099e-01
1.281000000000000194e-01
