1.088999999999999968e-01
9.969999999999999696e-02
9.849999999999999034e-02
1.502000000000000002e-01
1.604000000000000148e-01
1.738000000000000100e-01
2.391999999999999682e-01
1.659999999999999809e-01
1.150999999999999940e-01
1.055000000000000104e-01
1.386000000000000010e-01
1.778000000000000136e-01
1.055999999999999994e-01
1.353000000000000036e-01
1.195999999999999980e-01
1.272999999999999965e-01
1.028999999999999915e-01
8.519999999999999796e-02
1.026999999999999996e-01
8.800000000000000877e-02
1.185999999999999971e-01
1.255000000000000004e-01
1.009000000000000175e-01
1.461999999999999966e-01
1.373000000000000054e-01
1.415000000000000147e-01
1.628999999999999893e-01
6.719999999999999585e-02
6.400000000000000133e-02
8.109999999999999154e-02
1.044999999999999957e-01
8.350000000000000477e-02
1.221000000000000002e-01
1.325999999999999956e-01
8.279999999999999860e-02
1.237000000000000044e-01
1.443999999999999728e-01
1.881999999999999784e-01
1.617000000000000104e-01
1.368000000000000049e-01
1.877000000000000057e-01
1.945000000000000062e-01
2.353999999999999981e-01
2.043999999999999706e-01
1.444000000000000283e-01
1.446000000000000063e-01
1.588999999999999857e-01
1.831000000000000127e-01
1.602999999999999980e-01
1.272999999999999965e-01
9.520000000000000684e-02
1.074999999999999983e-01
1.525000000000000244e-01
1.975999999999999979e-01
1.804999999999999938e-01
9.040000000000000813e-02
5.650000000000000855e-02
1.489999999999999936e-01
1.960999999999999965e-01
1.362000000000000155e-01
1.055999999999999855e-01
1.047000000000000014e-01
1.362000000000000155e-01
1.099999999999999867e-01
1.129000000000000004e-01
9.779999999999999805e-02
1.523000000000000187e-01
1.885000000000000009e-01
2.012999999999999790e-01
9.750000000000000333e-02
5.090000000000000080e-02
8.499999999999999223e-02
5.380000000000000060e-02
8.890000000000000679e-02
1.119000000000000133e-01
1.185000000000000220e-01
1.405000000000000138e-01
1.194000000000000061e-01
1.040999999999999981e-01
9.160000000000001474e-02
4.700000000000001399e-02
7.220000000000001417e-02
1.713999999999999968e-01
1.876999999999999780e-01
2.006999999999999895e-01
2.273000000000000020e-01
2.955999999999999739e-01
2.273000000000000298e-01
9.539999999999999869e-02
8.169999999999999485e-02
1.546000000000000152e-01
1.980000000000000093e-01
2.057999999999999829e-01
1.476999999999999980e-01
1.081000000000000016e-01
9.650000000000000244e-02
1.728999999999999981e-01
1.872999999999999943e-01
1.735000000000000153e-01
8.579999999999998739e-02
5.869999999999997442e-02
1.029999999999999805e-01
5.319999999999999729e-02
1.370999999999999996e-01
1.181000000000000105e-01
1.574000000000000121e-01
2.227999999999999980e-01
1.731999999999999929e-01
1.474000000000000032e-01
1.852000000000000035e-01
1.976999999999999869e-01
1.260999999999999899e-01
9.689999999999998614e-02
6.390000000000001235e-02
8.450000000000000566e-02
6.949999999999999234e-02
1.026999999999999996e-01
5.480000000000001537e-02
9.270000000000000462e-02
1.120000000000000023e-01
1.223999999999999949e-01
1.008999999999999758e-01
8.899999999999999578e-02
1.963000000000000023e-01
1.418999999999999984e-01
8.539999999999997593e-02
9.359999999999998876e-02
7.500000000000001110e-02
1.078999999999999959e-01
1.285999999999999921e-01
1.259000000000000119e-01
9.099999999999998368e-02
9.279999999999999361e-02
1.275999999999999912e-01
1.290000000000000036e-01
1.320000000000000062e-01
1.640999999999999959e-01
1.518000000000000183e-01
1.542000000000000037e-01
1.824999999999999956e-01
1.224999999999999978e-01
1.050000000000000100e-01
8.390000000000001623e-02
1.638000000000000012e-01
1.287999999999999978e-01
1.000000000000000056e-01
6.399999999999998745e-02
4.599999999999997841e-02
7.939999999999998448e-02
