6.950000000000000622e-02
1.314000000000000168e-01
1.559000000000000108e-01
1.799999999999999933e-01
1.452999999999999847e-01
8.739999999999999158e-02
1.048000000000000043e-01
1.571000000000000174e-01
1.163000000000000006e-01
8.329999999999999905e-02
1.257999999999999952e-01
1.335000000000000075e-01
2.786000000000000143e-01
1.735999999999999766e-01
1.013000000000000012e-01
1.136000000000000065e-01
1.380000000000000115e-01
1.902999999999999969e-01
2.932000000000000162e-01
1.176999999999999991e-01
1.198999999999999927e-01
1.111999999999999933e-01
1.184999999999999803e-01
1.221999999999999892e-01
7.609999999999998710e-02
1.268000000000000238e-01
7.180000000000003046e-02
1.620999999999999941e-01
1.532000000000000028e-01
1.679999999999999827e-01
1.767999999999999849e-01
1.539000000000000090e-01
1.016999999999999849e-01
1.905999999999999917e-01
1.373000000000000331e-01
1.172000000000000680e-01
1.339000000000000190e-01
1.026999999999999996e-01
1.778000000000000413e-01
2.988000000000000655e-01
1.726999999999999647e-01
1.638999999999999901e-01
1.502999999999999337e-01
1.612000000000000099e-01
6.020000000000003126e-02
1.527000000000000024e-01
1.259000000000000674e-01
1.952000000000000401e-01
1.364999999999999547e-01
9.199999999999995681e-02
1.819000000000000339e-01
1.679000000000000770e-01
1.878000000000000225e-01
1.479999999999999927e-01
1.161000000000000087e-01
2.580999999999999961e-01
1.481999999999999706e-01
1.043000000000000177e-01
1.936000000000000498e-01
2.265000000000000346e-01
2.465999999999999859e-01
1.793000000000000427e-01
1.351999999999999313e-01
1.625999999999999390e-01
6.850000000000001921e-02
1.274999999999999745e-01
9.359999999999994713e-02
1.069999999999999701e-01
1.429000000000000270e-01
1.575000000000000289e-01
1.642000000000000681e-01
2.486999999999999766e-01
1.162000000000000255e-01
1.022999999999999743e-01
1.404999999999999583e-01
1.591000000000000469e-01
1.310000000000000608e-01
7.659999999999997367e-02
1.869000000000000106e-01
1.818999999999999784e-01
2.067999999999999838e-01
2.037999999999998701e-01
1.700999999999998902e-01
3.252999999999998670e-01
1.820000000000000506e-01
1.148999999999999744e-01
1.275999999999999357e-01
1.734999999999998488e-01
1.358000000000000318e-01
1.790000000000001312e-01
1.518000000000000183e-01
9.199999999999994293e-02
1.286000000000000476e-01
2.056999999999999107e-01
1.513000000000000178e-01
1.884999999999998621e-01
7.349999999999999589e-02
1.220000000000000945e-01
1.442999999999999838e-01
1.458000000000000684e-01
1.355000000000000093e-01
1.552999999999999381e-01
7.749999999999998557e-02
1.786999999999999977e-01
1.947000000000000397e-01
2.849000000000000421e-01
1.202000000000001123e-01
1.113999999999999713e-01
2.194000000000000117e-01
1.641000000000000236e-01
1.333000000000000018e-01
8.279999999999997085e-02
1.924999999999999767e-01
2.166999999999999482e-01
1.779999999999998805e-01
1.066000000000000142e-01
1.522999999999999354e-01
8.389999999999986358e-02
1.468000000000000971e-01
1.156000000000000083e-01
1.623999999999999888e-01
6.699999999999986522e-02
8.889999999999999292e-02
1.199000000000000066e-01
1.135000000000000175e-01
1.814000000000000057e-01
8.789999999999999203e-02
9.410000000000001696e-02
2.145000000000000240e-01
1.758999999999998343e-01
1.280999999999999084e-01
1.252999999999998559e-01
1.366999999999999327e-01
1.103999999999997622e-01
1.743000000000000105e-01
1.597999999999999976e-01
2.422999999999999321e-01
3.257000000000000450e-01
9.600000000000001588e-02
1.781999999999998030e-01
1.255999999999997674e-01
1.022099999999999786e+00
1.191899999999999959e+00
3.361999999999998878e-01
1.450999999999999512e-01
2.210000000000000020e-01
3.443999999999999284e-01
3.912000000000000477e-01
1.162999999999999867e-01
