2.372000000000000219e-01
9.779999999999999805e-02
1.726000000000000034e-01
2.605999999999999983e-01
2.414999999999999647e-01
4.519999999999999019e-02
1.777000000000000246e-01
2.547000000000000375e-01
2.167000000000000037e-01
1.658000000000000029e-01
1.673999999999999932e-01
1.407000000000000195e-01
1.446999999999999953e-01
1.229000000000000092e-01
1.576000000000000179e-01
1.928999999999999881e-01
2.203999999999999848e-01
1.854999999999999705e-01
1.202000000000000013e-01
1.060000000000000109e-01
6.959999999999999520e-02
1.089999999999999858e-01
3.166999999999999815e-01
3.476999999999999535e-01
5.549999999999999378e-02
1.333000000000000018e-01
8.469999999999999751e-02
1.771999999999999686e-01
2.818999999999999839e-01
1.343000000000000027e-01
7.109999999999998266e-02
2.006000000000000005e-01
6.650000000000000355e-02
1.156000000000000083e-01
1.697000000000000175e-01
1.666000000000000258e-01
2.107999999999999874e-01
1.596999999999999809e-01
2.343000000000000083e-01
2.110000000000000209e-01
1.577000000000000068e-01
1.163999999999999896e-01
1.734000000000000263e-01
2.091000000000000081e-01
1.385000000000000120e-01
6.819999999999998286e-02
2.079999999999999905e-01
2.457999999999999907e-01
2.064999999999999891e-01
1.915999999999999925e-01
1.842999999999999639e-01
6.229999999999999427e-02
1.211999999999999744e-01
1.334999999999999798e-01
1.738000000000000100e-01
1.506000000000000116e-01
1.080000000000000127e-01
1.162999999999999867e-01
1.599999999999999756e-01
9.769999999999999518e-02
1.338000000000000023e-01
2.202999999999999958e-01
1.562999999999999945e-01
1.457999999999999852e-01
2.031000000000000028e-01
1.161000000000000087e-01
1.399999999999999578e-01
2.376999999999999669e-01
2.228999999999999870e-01
1.348999999999999921e-01
1.286000000000000199e-01
1.380999999999999728e-01
2.047999999999999821e-01
2.692999999999999838e-01
1.853999999999999537e-01
1.669999999999999818e-01
1.675999999999999990e-01
2.611999999999999877e-01
2.234999999999999765e-01
2.220999999999999919e-01
1.861999999999999766e-01
2.265999999999999959e-01
1.111999999999999933e-01
1.395999999999999741e-01
1.340000000000000080e-01
6.109999999999998765e-02
1.556999999999999773e-01
8.759999999999998344e-02
1.516000000000000125e-01
1.937000000000000111e-01
1.126000000000000056e-01
7.100000000000003531e-02
1.726000000000000034e-01
1.989999999999999547e-01
7.570000000000001728e-02
2.395000000000000184e-01
2.260999999999999677e-01
1.446999999999999953e-01
3.242000000000000437e-01
2.305999999999999994e-01
1.370999999999999719e-01
9.389999999999998348e-02
1.388000000000000345e-01
1.975999999999999979e-01
1.513999999999999790e-01
2.915999999999999703e-01
2.651000000000000023e-01
1.056000000000000272e-01
9.360000000000000264e-02
2.124999999999999944e-01
1.594999999999999751e-01
1.391999999999999904e-01
2.191000000000000447e-01
1.185000000000000220e-01
5.500000000000002109e-02
1.373000000000000331e-01
2.204999999999999738e-01
2.507999999999999674e-01
1.913000000000000256e-01
9.699999999999998901e-02
1.560000000000000275e-01
2.434999999999999942e-01
1.270000000000000018e-01
1.723999999999999699e-01
4.425000000000000044e-01
6.522999999999999909e-01
3.478999999999999870e-01
6.859999999999996656e-02
4.739999999999998381e-02
8.429999999999997218e-02
1.201000000000000123e-01
1.593000000000000249e-01
1.009000000000000175e-01
1.068000000000000616e-01
1.400000000000000411e-01
1.386000000000000010e-01
9.099999999999999756e-02
1.031000000000000250e-01
1.853000000000000203e-01
1.842000000000000304e-01
2.084999999999999631e-01
2.068999999999999728e-01
1.724000000000000254e-01
8.230000000000001203e-02
2.076000000000000068e-01
1.800999999999999823e-01
1.129000000000000281e-01
2.157000000000000306e-01
1.313000000000000278e-01
