2.852000000000000091e-01
1.738999999999999990e-01
9.579999999999998239e-02
1.567999999999999949e-01
2.276000000000000245e-01
2.376000000000000056e-01
3.328999999999999737e-01
1.417000000000000204e-01
9.429999999999999494e-02
8.959999999999995746e-02
1.295999999999999652e-01
1.748000000000000109e-01
1.236999999999999905e-01
6.799999999999994937e-02
1.155000000000000054e-01
1.316000000000000225e-01
1.754000000000000004e-01
2.299900000000000055e+00
7.277000000000000135e-01
1.328999999999999626e-01
2.194999999999999729e-01
6.217000000000001414e-01
2.629000000000000226e-01
1.481000000000000094e-01
1.265000000000000013e-01
1.763000000000000123e-01
9.480000000000000926e-02
1.105999999999999484e-01
1.562999999999999390e-01
2.221999999999999531e-01
1.133099999999999996e+00
9.156999999999998474e-01
8.242000000000000437e-01
2.364000000000000545e-01
1.197999999999999898e-01
2.089000000000000579e-01
1.630999999999999672e-01
2.240000000000000602e-01
1.927000000000000379e-01
1.989999999999999547e-01
1.118000000000000244e-01
1.502999999999999892e-01
1.054000000000000076e-01
1.024000000000000049e-01
1.032999999999999335e-01
1.661000000000000254e-01
1.029800000000000049e+00
4.621000000000001773e-01
2.330000000000000404e-01
1.294000000000000983e-01
1.795999999999999264e-01
2.319000000000000505e-01
1.176000000000000656e-01
1.166000000000000508e-01
1.439999999999999059e-01
1.052999999999999353e-01
1.541999999999999760e-01
2.089000000000000024e-01
2.045000000000000706e-01
1.899000000000000687e-01
1.895000000000000018e-01
1.440999999999999781e-01
3.306000000000000050e-01
2.365999999999999770e-01
4.425000000000000044e-01
3.556000000000000272e-01
1.151000000000000356e-01
1.298999999999999599e-01
4.389000000000000679e-01
7.845000000000000862e-01
1.374600000000000044e+00
1.190399999999999903e+00
4.163999999999999924e-01
2.947000000000000175e-01
1.599999999999999478e-01
1.287999999999998035e-01
1.720000000000000417e-01
1.792999999999999594e-01
1.428999999999999160e-01
1.428999999999998882e-01
1.294999999999998375e-01
1.849000000000000088e-01
1.650999999999999412e-01
3.937999999999999834e-01
1.200000000000000649e-01
1.726000000000000589e-01
8.209000000000000741e-01
4.426000000000001600e-01
1.761999999999999122e-01
1.881000000000001837e-01
1.640999999999999681e-01
1.980000000000000648e-01
2.293000000000000593e-01
2.798000000000001042e-01
2.162400000000000322e+00
1.767399999999999860e+00
9.942999999999999616e-01
1.154399999999999871e+00
4.414999999999997815e-01
3.368000000000002103e-01
2.298000000000000043e-01
2.067999999999998728e-01
1.337999999999998635e-01
1.055000000000000521e-01
2.056999999999999940e-01
1.626999999999999835e-01
5.141000000000000014e-01
3.624000000000000554e-01
1.953000000000000846e-01
1.555999999999999606e-01
1.893999999999999573e-01
2.306999999999999329e-01
2.844999999999998641e-01
1.550999999999999324e-01
1.605000000000000315e-01
2.569000000000001283e-01
9.920000000000005203e-02
1.127000000000001750e-01
1.403000000000001468e-01
2.439999999999999669e-01
2.591999999999999860e-01
1.711999999999999078e-01
2.155999999999998196e-01
2.072000000000001063e-01
1.910000000000000586e-01
2.108999999999999764e-01
1.079000000000001624e-01
2.029999999999999583e-01
1.310000000000001164e-01
1.995999999999998609e-01
2.398999999999999466e-01
2.386000000000001176e-01
2.187000000000000888e-01
1.976000000000001089e-01
2.049000000000000543e-01
2.430999999999999273e-01
4.046499999999999986e+00
8.181999999999999273e-01
2.553000000000000824e-01
4.931999999999998607e-01
2.280999999999999417e-01
2.033000000000000640e-01
4.838999999999999968e-01
7.583199999999999719e+00
1.543499999999999428e+00
2.755000000000000782e-01
4.250000000000003775e-01
2.120999999999997332e-01
1.627000000000001501e-01
