2.087999999999999856e-01
1.209999999999999964e-01
1.680999999999999994e-01
2.313000000000000056e-01
1.897000000000000075e-01
9.550000000000000155e-02
4.844000000000000528e-01
3.585999999999999743e-01
1.871000000000000441e-01
2.852000000000000091e-01
6.920000000000001150e-02
8.089999999999998581e-02
1.096000000000000169e-01
9.369999999999997775e-02
7.889999999999999791e-02
1.417000000000000204e-01
1.369000000000000217e-01
1.224000000000000088e-01
2.088999999999999746e-01
1.804000000000000048e-01
8.879999999999999005e-02
1.725999999999999757e-01
9.459999999999998965e-02
9.010000000000001341e-02
1.648999999999999910e-01
1.539999999999999980e-01
1.379000000000000226e-01
1.747000000000000219e-01
2.162000000000000033e-01
1.373000000000000054e-01
2.540000000000000036e-01
2.988999999999999990e-01
2.247000000000000108e-01
1.173999999999999905e-01
1.988000000000000045e-01
2.054999999999999882e-01
8.579999999999995963e-02
6.759999999999999343e-02
1.336000000000000520e-01
2.177000000000000046e-01
1.562000000000000055e-01
1.173999999999999766e-01
1.435999999999999499e-01
2.008999999999999675e-01
1.536000000000000143e-01
1.759000000000000286e-01
1.403000000000000358e-01
1.612999999999999989e-01
1.995000000000000662e-01
1.323000000000000287e-01
1.466000000000000636e-01
1.791000000000000092e-01
9.699999999999997513e-02
1.139000000000000012e-01
2.525000000000000022e-01
2.121999999999999997e-01
8.070000000000000784e-02
9.450000000000000067e-02
9.810000000000002052e-02
9.660000000000001918e-02
2.222999999999999976e-01
2.263000000000000289e-01
1.923000000000000265e-01
1.983000000000000040e-01
1.297000000000000097e-01
1.567999999999999949e-01
1.223999999999999810e-01
1.000000000000000194e-01
1.662000000000000144e-01
1.326999999999999846e-01
1.229999999999999982e-01
1.393999999999999961e-01
2.052999999999999825e-01
1.887999999999999678e-01
1.775999999999999801e-01
1.692999999999999505e-01
1.563999999999999557e-01
1.146000000000000074e-01
1.619999999999999774e-01
2.159999999999999420e-01
2.278999999999999637e-01
3.230999999999999983e-01
2.329999999999999571e-01
3.330000000000000182e-01
2.037000000000000477e-01
1.644999999999999796e-01
1.637000000000000122e-01
3.733999999999999542e-01
1.798000000000000154e-01
2.802999999999999936e-01
1.578999999999999571e-01
1.064000000000000362e-01
1.343999999999999917e-01
2.069999999999999618e-01
2.176000000000000156e-01
2.109000000000000041e-01
2.442000000000000282e-01
2.040000000000000147e-01
2.179999999999999716e-01
3.831999999999999851e-01
1.464999999999999636e-01
1.001999999999999696e-01
1.254999999999999449e-01
1.191999999999999588e-01
1.038000000000000728e-01
7.220000000000002804e-02
8.720000000000001361e-02
7.539999999999996705e-02
1.642000000000000404e-01
1.157000000000000112e-01
1.937999999999999723e-01
1.910999999999999921e-01
1.245999999999999608e-01
1.324999999999999512e-01
1.602999999999999425e-01
1.608999999999999875e-01
2.008000000000000618e-01
1.629000000000000170e-01
1.760999999999999233e-01
1.603999999999999315e-01
1.726999999999999924e-01
1.853999999999999815e-01
9.619999999999997997e-02
1.083999999999999825e-01
1.454000000000000292e-01
2.012000000000000732e-01
1.623000000000000276e-01
1.173000000000000154e-01
1.544000000000000650e-01
1.286000000000000199e-01
1.333999999999999908e-01
1.721000000000000030e-01
1.236999999999999766e-01
1.602000000000000091e-01
1.071000000000000840e-01
2.193999999999999839e-01
2.148999999999999522e-01
1.736999999999999933e-01
1.651000000000000245e-01
1.511000000000000398e-01
1.235999999999999877e-01
1.355999999999999983e-01
2.235000000000000042e-01
1.641000000000000236e-01
1.431000000000000605e-01
4.079999999999998628e-01
2.635000000000000120e-01
1.212000000000000577e-01
6.560000000000008880e-02
