2.279999999999999805e-01
3.606000000000000316e-01
2.690000000000000169e-01
2.116999999999999993e-01
2.716999999999999971e-01
2.151000000000000134e-01
1.806000000000000105e-01
2.187999999999999945e-01
2.050000000000000155e-01
9.009999999999999953e-02
1.511000000000000121e-01
1.325999999999999956e-01
2.062999999999999834e-01
3.316000000000000059e-01
1.393999999999999961e-01
2.092999999999999861e-01
1.975999999999999979e-01
1.488000000000000156e-01
2.678000000000000380e-01
2.707000000000000517e-01
2.779000000000000359e-01
2.384000000000000008e-01
1.567000000000000060e-01
1.169000000000000178e-01
1.502000000000000002e-01
9.789999999999998703e-02
8.039999999999999925e-02
1.318999999999999617e-01
1.735999999999999766e-01
1.788000000000000145e-01
9.319999999999999118e-02
1.676999999999999602e-01
1.228000000000000064e-01
2.134000000000000064e-01
2.823999999999999844e-01
2.827000000000000624e-01
1.512000000000000011e-01
5.130000000000001226e-02
2.058000000000000107e-01
2.638999999999999679e-01
1.443999999999999728e-01
3.180000000000000049e-01
2.055000000000000160e-01
1.261999999999999789e-01
1.643999999999999906e-01
1.806000000000000383e-01
2.012999999999999790e-01
2.365999999999999492e-01
2.111999999999999988e-01
1.926999999999999824e-01
1.779999999999999916e-01
1.669999999999999818e-01
1.428999999999999715e-01
3.440999999999999615e-01
3.064000000000000057e-01
1.030999999999999972e-01
3.219999999999999529e-01
3.109999999999999432e-01
7.249999999999998113e-02
5.070999999999999952e-01
6.169000000000000039e-01
2.725000000000000200e-01
4.559999999999999609e-01
4.346999999999999753e-01
9.649999999999998856e-02
3.802999999999999714e-01
4.173000000000000043e-01
1.701999999999999902e-01
1.071999999999999897e-01
4.699999999999997236e-02
1.219999999999999696e-01
2.051999999999999658e-01
4.108999999999999875e-01
3.610999999999999766e-01
1.644999999999999796e-01
1.813000000000000167e-01
1.208000000000000462e-01
1.779000000000000026e-01
7.719999999999999085e-02
1.260999999999999899e-01
1.352000000000000146e-01
9.329999999999999405e-02
1.615999999999999936e-01
1.491999999999999993e-01
1.044000000000000206e-01
1.154999999999999916e-01
9.940000000000001612e-02
8.600000000000002087e-02
6.510000000000001896e-02
1.133999999999999869e-01
9.900000000000001854e-02
1.718999999999999972e-01
3.294999999999999596e-01
2.195999999999999619e-01
1.361999999999999877e-01
7.539999999999995317e-02
1.723000000000000087e-01
2.267000000000000126e-01
2.263999999999999901e-01
1.926000000000000212e-01
2.292999999999999761e-01
5.289999999999999564e-02
2.010999999999999732e-01
2.755999999999999561e-01
2.568999999999999062e-01
3.068000000000000171e-01
2.312000000000000166e-01
3.368000000000000438e-01
1.706000000000000849e-01
2.419000000000000317e-01
1.378999999999999670e-01
1.471999999999999420e-01
1.218000000000000471e-01
2.020000000000000684e-01
2.616000000000000547e-01
2.539000000000000146e-01
1.825000000000000511e-01
1.963999999999999913e-01
9.410000000000001696e-02
1.137999999999999984e-01
1.441999999999999948e-01
8.099999999999998868e-02
1.158000000000000279e-01
7.489999999999996660e-02
6.029999999999997862e-02
4.220000000000000140e-02
1.668000000000000593e-01
8.519999999999997020e-02
2.046999999999999931e-01
2.459000000000000352e-01
1.485999999999999543e-01
1.512999999999999623e-01
1.621000000000000218e-01
1.637999999999999734e-01
2.036999999999999922e-01
3.046999999999999709e-01
3.281000000000000028e-01
3.053000000000000158e-01
2.752000000000000557e-01
1.924999999999999489e-01
1.781999999999999973e-01
3.354999999999999094e-01
3.773000000000000798e-01
2.952000000000000179e-01
1.654999999999999805e-01
3.206999999999999851e-01
3.472999999999999976e-01
1.592999999999999694e-01
2.963999999999999968e-01
