1.972000000000000142e-01
2.024999999999999856e-01
2.421999999999999986e-01
2.127999999999999892e-01
3.476000000000000201e-01
4.236999999999999655e-01
3.716000000000000414e-01
4.993000000000000216e-01
5.455999999999999739e-01
4.624000000000000332e-01
4.047000000000000042e-01
3.818000000000000282e-01
3.802000000000000379e-01
2.258999999999999897e-01
2.411000000000000087e-01
1.816000000000000114e-01
2.058999999999999719e-01
3.709000000000000075e-01
4.293000000000000149e-01
3.770000000000000018e-01
4.288999999999999480e-01
3.961999999999999966e-01
4.876000000000000334e-01
4.536000000000000032e-01
3.854000000000000203e-01
2.928000000000000047e-01
1.932000000000000106e-01
2.542999999999999705e-01
2.209999999999999742e-01
2.497999999999999943e-01
3.609999999999999876e-01
3.798000000000000265e-01
1.915999999999999648e-01
3.788000000000000256e-01
4.420999999999999930e-01
3.747000000000000330e-01
2.195000000000000007e-01
2.107999999999999874e-01
2.631999999999999895e-01
3.044999999999999929e-01
3.213000000000000300e-01
2.387000000000000233e-01
3.318999999999999728e-01
3.814000000000000168e-01
1.685999999999999999e-01
2.134999999999999953e-01
2.506999999999999784e-01
1.656000000000000250e-01
2.575000000000000067e-01
3.169999999999999485e-01
3.901999999999999913e-01
3.721999999999999753e-01
3.912999999999999812e-01
5.288000000000000478e-01
4.067000000000000615e-01
4.412000000000000366e-01
4.828000000000000069e-01
1.840999999999999859e-01
1.060999999999999860e-01
1.450999999999999790e-01
4.084999999999999742e-01
3.251999999999999891e-01
2.901000000000000245e-01
4.400999999999999912e-01
3.620999999999999774e-01
3.746000000000000441e-01
2.056999999999999940e-01
2.713999999999999746e-01
3.238000000000000322e-01
2.981000000000000316e-01
1.533999999999999808e-01
1.521000000000000130e-01
2.043999999999999984e-01
4.342999999999999639e-01
3.379999999999999671e-01
1.851000000000000145e-01
2.111000000000000099e-01
2.216000000000000192e-01
2.651000000000000023e-01
2.628000000000000336e-01
1.048000000000000043e-01
9.629999999999999671e-02
1.453999999999999737e-01
5.003999999999999559e-01
7.489000000000000101e-01
9.567999999999998728e-01
4.418000000000000815e-01
1.252999999999999670e-01
2.518000000000000238e-01
2.654000000000000248e-01
3.301000000000000600e-01
4.344000000000000083e-01
4.168999999999999928e-01
5.201000000000000068e-01
5.776000000000000023e-01
5.538000000000000700e-01
4.644000000000000350e-01
2.454999999999999960e-01
2.789999999999999147e-01
4.061000000000000165e-01
4.052999999999999936e-01
4.920999999999999819e-01
5.705999999999999961e-01
4.128999999999999893e-01
5.763000000000000345e-01
3.928999999999999715e-01
4.512999999999999790e-01
3.251999999999999336e-01
4.880999999999999783e-01
3.356000000000000094e-01
3.739999999999998881e-01
3.185999999999999943e-01
2.920000000000000928e-01
5.691000000000000503e-01
7.310999999999998611e-01
4.459999999999999520e-01
4.772000000000000131e-01
6.150999999999999801e-01
2.156000000000000694e-01
6.354000000000000759e-01
6.979999999999999538e-01
5.666999999999999815e-01
1.731999999999999929e-01
2.707000000000000517e-01
3.078999999999999515e-01
1.513000000000000456e-01
3.247000000000000441e-01
5.374999999999999778e-01
2.206999999999999518e-01
5.344999999999999751e-01
2.275000000000000910e-01
1.202000000000000013e-01
1.672999999999998655e-01
3.169999999999999485e-01
2.021000000000000296e-01
3.971000000000000085e-01
3.320999999999999508e-01
3.605999999999999761e-01
2.898999999999999910e-01
4.370999999999999885e-01
1.602000000000001201e-01
1.154999999999999638e-01
2.386000000000000898e-01
3.337999999999999301e-01
7.138999999999999790e-01
1.482999999999999874e-01
3.036000000000000365e-01
2.475999999999999313e-01
4.518000000000000349e-01
