1.800000000000000211e-01
7.739999999999999658e-02
1.108999999999999986e-01
1.241000000000000297e-01
9.570000000000000728e-02
1.590999999999999914e-01
7.430000000000000493e-02
1.026999999999999996e-01
1.469000000000000028e-01
1.045000000000000095e-01
8.499999999999999223e-02
8.709999999999999687e-02
3.047000000000000264e-01
3.428999999999999826e-01
6.078000000000001180e-01
1.227799999999999780e+00
4.583000000000000407e-01
3.793999999999999595e-01
2.154999999999998861e-01
2.546000000000000485e-01
2.809999999999998610e-01
1.506000000000000394e-01
1.939999999999999503e-01
1.732000000000000761e-01
7.009999999999995401e-02
2.000999999999999168e-01
1.099999999999999589e-01
2.149999999999999967e-01
1.977999999999999481e-01
7.109999999999998266e-02
1.006999999999999423e-01
1.211999999999999467e-01
1.864000000000000379e-01
2.639000000000000234e-01
1.406000000000000028e-01
1.289999999999999758e-01
2.656999999999999917e-01
1.931000000000000216e-01
9.488000000000000878e-01
9.111000000000000210e-01
1.987000000000001543e-01
2.633999999999999675e-01
1.069999999999999979e-01
1.659000000000000474e-01
2.258000000000000007e-01
1.794999999999999651e-01
1.907999999999999141e-01
7.860000000000010034e-02
6.757999999999998453e-01
6.799000000000001709e-01
3.235000000000001763e-01
3.172000000000000375e-01
1.120999999999999913e-01
1.985000000000000098e-01
1.275000000000000300e-01
2.139000000000000068e-01
4.767000000000000681e-01
3.452000000000000068e-01
1.065000000000000391e-01
1.524999999999999134e-01
7.499999999999998335e-02
1.665999999999999426e-01
9.570000000000003504e-02
2.647999999999999798e-01
1.783999999999999475e-01
1.385999999999998900e-01
1.145000000000000184e-01
1.672000000000000708e-01
2.137000000000000566e-01
1.189000000000000751e-01
2.103000000000000147e-01
1.702999999999999237e-01
2.283999999999999919e-01
1.250000000000000000e-01
1.002000000000000252e-01
1.996999999999999331e-01
3.667000000000000259e-01
3.385000000000000231e-01
2.060999999999998944e-01
2.199999999999999734e-01
9.069000000000002615e-01
1.104999999999999982e+00
8.538000000000000034e-01
3.770000000000000018e-01
5.586000000000002075e-01
1.806000000000000383e-01
2.160999999999999310e-01
1.752999999999999836e-01
1.385000000000001785e-01
2.482000000000000040e-01
2.235999999999998822e-01
1.899000000000001243e-01
2.052000000000001600e-01
1.634000000000000730e-01
9.400000000000009737e-02
1.177999999999998076e-01
2.040999999999999481e-01
1.251999999999999780e-01
8.170000000000006424e-02
2.078000000000001235e-01
1.009999999999999926e-01
3.620000000000000440e-01
1.214000000000000634e-01
1.219000000000000361e-01
6.709999999999988196e-02
1.330000000000001736e-01
2.984000000000001096e-01
2.242000000000000104e-01
2.504000000000000115e-01
1.369000000000001049e-01
1.031299999999999883e+00
1.052599999999999980e+00
1.123699999999999921e+00
5.874000000000000332e-01
2.411000000000001198e-01
1.366000000000000825e-01
1.728999999999999981e-01
2.269999999999999241e-01
1.635000000000000620e-01
9.860000000000002096e-02
9.239999999999991276e-02
1.525000000000000244e-01
1.835000000000000520e-01
8.750000000000010547e-02
2.038000000000000367e-01
1.977999999999999758e-01
9.539999999999997093e-02
1.803999999999999770e-01
2.027999999999999803e-01
1.830000000000001348e-01
1.634999999999999232e-01
1.692999999999999228e-01
1.231999999999999762e-01
1.801000000000002044e-01
1.925999999999999934e-01
1.025999999999999968e-01
6.520000000000011897e-02
2.122999999999998499e-01
7.880000000000000893e-02
1.417999999999998983e-01
1.424000000000000543e-01
8.760000000000009446e-02
1.538000000000001033e-01
9.530000000000002358e-02
8.849999999999993983e-02
1.424999999999999600e-01
8.319999999999994067e-02
1.525000000000000799e-01
1.635999999999998566e-01
