1.353999999999999926e-01
1.127000000000000085e-01
8.970000000000001583e-02
5.730000000000000371e-02
2.019000000000000239e-01
1.394999999999999851e-01
8.020000000000000739e-02
1.046999999999999875e-01
1.347999999999999754e-01
5.979999999999998511e-02
3.256999999999999895e-01
2.640000000000000124e-01
8.879999999999999005e-02
1.402999999999999803e-01
7.699999999999998512e-02
2.658000000000000362e-01
2.570000000000000062e-01
1.158000000000000140e-01
1.638000000000000012e-01
2.439999999999999947e-01
2.562999999999999723e-01
9.319999999999997731e-02
1.035999999999999976e-01
6.719999999999998197e-02
9.390000000000001124e-02
2.376999999999999946e-01
2.242999999999999994e-01
2.677000000000000490e-01
1.837999999999999634e-01
1.781999999999999695e-01
1.710000000000000131e-01
7.620000000000001772e-02
1.260000000000000009e-01
8.519999999999999796e-02
2.370999999999999774e-01
1.648000000000000020e-01
1.745999999999999774e-01
1.025999999999999690e-01
1.597999999999999976e-01
1.823000000000000176e-01
1.708999999999999964e-01
1.222000000000000447e-01
8.480000000000001426e-02
1.471000000000000085e-01
1.521000000000000130e-01
1.827000000000000013e-01
1.252000000000000057e-01
1.200000000000000094e-01
2.057999999999999829e-01
1.062999999999999778e-01
1.635999999999999954e-01
1.087999999999999801e-01
7.899999999999998690e-02
8.799999999999999489e-02
2.469000000000000083e-01
1.697000000000000175e-01
1.221999999999999753e-01
1.857000000000000040e-01
1.696999999999999897e-01
1.175000000000000211e-01
3.965000000000000191e-01
1.473000000000000143e-01
1.733999999999999986e-01
1.130000000000000032e-01
7.989999999999999880e-02
4.949999999999998845e-02
2.066999999999999948e-01
1.023999999999999772e-01
1.532000000000000028e-01
8.789999999999997815e-02
1.343000000000000027e-01
1.163999999999999618e-01
2.067999999999999838e-01
1.895000000000000018e-01
1.222000000000000031e-01
1.601000000000000201e-01
1.521000000000000130e-01
6.160000000000002973e-02
1.148000000000000131e-01
1.574000000000000399e-01
1.055999999999999994e-01
4.359999999999999293e-02
2.044000000000000261e-01
1.384999999999999565e-01
1.666999999999999593e-01
6.280000000000002247e-02
1.277000000000000635e-01
2.826000000000000179e-01
1.580000000000000293e-01
2.104999999999999649e-01
7.050000000000000711e-02
1.011999999999999983e-01
1.260000000000000009e-01
1.917999999999999983e-01
1.604000000000000148e-01
2.814000000000000390e-01
1.638999999999999624e-01
1.437999999999999834e-01
2.219000000000000417e-01
2.212999999999999690e-01
3.281000000000000583e-01
1.512000000000000011e-01
9.149999999999999800e-02
2.330000000000000404e-01
1.659999999999999531e-01
2.486999999999999766e-01
1.293000000000000260e-01
2.469999999999999973e-01
1.384000000000000230e-01
8.130000000000001115e-02
7.029999999999998750e-02
1.660000000000000642e-01
8.509999999999998122e-02
1.406999999999999917e-01
1.950000000000000622e-01
2.267000000000000126e-01
1.962999999999999745e-01
1.228000000000000480e-01
1.948999999999999899e-01
1.433999999999999997e-01
1.995000000000000107e-01
1.694999999999999840e-01
2.537999999999999701e-01
4.651999999999999469e-01
2.174999999999999989e-01
1.730000000000000149e-01
2.457999999999999907e-01
3.159999999999999476e-01
4.054000000000000381e-01
4.448999999999999622e-01
4.164000000000000479e-01
3.408999999999999808e-01
1.625999999999999668e-01
1.496999999999999997e-01
1.914999999999999203e-01
1.727000000000000202e-01
1.540000000000000258e-01
9.039999999999992486e-02
1.037000000000000283e-01
1.372999999999999776e-01
1.626999999999999558e-01
4.019999999999998574e-02
1.301000000000000212e-01
1.423999999999999155e-01
1.508000000000000174e-01
1.600999999999999091e-01
2.740000000000000213e-01
2.830000000000000293e-01
1.996000000000000274e-01
