9.849999999999999034e-02
6.490000000000001323e-02
1.026000000000000106e-01
1.421999999999999931e-01
1.257999999999999674e-01
1.015999999999999959e-01
9.690000000000000002e-02
1.481999999999999984e-01
1.040000000000000091e-01
8.149999999999998912e-02
9.580000000000001015e-02
2.924999999999999822e-01
2.408000000000000140e-01
7.380000000000000449e-02
1.297000000000000097e-01
5.870000000000000218e-02
2.255000000000000060e-01
1.848999999999999810e-01
1.171999999999999986e-01
2.436999999999999722e-01
2.311999999999999889e-01
2.089000000000000301e-01
1.968999999999999917e-01
1.323000000000000009e-01
1.152999999999999997e-01
1.781999999999999973e-01
1.403999999999999693e-01
9.179999999999999272e-02
1.403999999999999970e-01
1.136999999999999955e-01
1.100999999999999895e-01
9.299999999999999933e-02
1.741999999999999937e-01
6.909999999999998088e-02
1.640000000000000069e-01
1.648999999999999910e-01
6.120000000000000440e-02
8.549999999999999267e-02
1.080000000000000127e-01
1.502000000000000002e-01
1.325999999999999956e-01
6.130000000000002114e-02
1.626000000000000223e-01
3.280000000000000138e-01
1.892999999999999960e-01
1.199000000000000066e-01
4.120000000000000051e-02
1.072000000000000175e-01
1.748999999999999999e-01
3.023000000000000131e-01
2.026999999999999913e-01
3.820000000000000062e-01
2.808999999999999830e-01
3.873999999999999666e-01
2.828999999999999848e-01
5.645999999999999908e-01
3.620999999999999774e-01
1.250099999999999989e+00
8.071999999999999176e-01
3.614999999999999325e-01
3.165999999999999925e-01
1.654000000000000470e-01
1.690999999999999726e-01
1.737000000000000210e-01
1.074000000000000093e-01
1.043999999999999512e-01
1.159999999999999643e-01
1.408999999999999142e-01
1.153000000000000136e-01
9.689999999999998614e-02
1.351000000000000534e-01
3.867999999999999772e-01
1.459999999999999631e-01
1.005999999999999811e-01
3.875000000000000666e-01
1.774999999999999911e-01
7.290000000000000646e-02
8.179999999999996996e-02
5.020000000000005014e-02
8.420000000000001095e-02
5.943000000000000504e-01
4.467999999999999750e-01
9.793999999999999373e-01
1.980999999999999983e-01
1.203999999999999654e-01
1.406999999999999917e-01
7.209999999999998355e-02
1.316999999999999837e-01
8.870000000000000107e-02
1.153000000000000691e-01
9.210000000000007070e-02
3.043000000000000704e-01
3.902000000000000468e-01
1.337999999999999190e-01
1.399999999999999856e-01
9.300000000000008260e-02
1.451000000000000068e-01
9.229999999999999316e-02
1.341999999999999305e-01
6.709999999999990972e-02
8.559999999999998166e-02
9.509999999999990683e-02
6.789999999999998814e-02
1.279999999999999749e-01
1.226000000000000145e-01
1.478000000000000980e-01
1.491999999999999715e-01
1.973999999999999921e-01
9.889999999999996017e-02
3.812000000000000943e-01
3.305000000000001270e-01
1.456000000000000627e-01
8.539999999999997593e-02
1.138999999999999735e-01
1.566000000000000447e-01
1.165000000000000480e-01
9.689999999999998614e-02
3.974999999999999645e-01
1.561900000000000066e+00
6.185000000000000497e-01
5.845000000000000195e-01
1.615500000000000158e+00
5.731000000000001648e-01
1.373999999999998833e-01
6.779999999999997140e-02
1.236000000000000154e-01
1.210999999999999577e-01
1.347000000000000142e-01
1.725000000000000144e-01
1.144999999999999629e-01
1.073999999999999955e-01
1.219000000000000083e-01
1.355000000000001481e-01
1.822000000000001119e-01
1.335000000000000353e-01
6.369999999999997886e-02
1.064999999999999281e-01
9.879999999999994342e-02
2.239000000000000434e-01
6.579999999999988636e-02
1.936000000000000776e-01
2.089000000000000856e-01
1.436000000000000332e-01
1.268999999999999850e-01
9.909999999999999365e-02
1.129000000000001114e-01
9.819999999999992624e-02
1.071000000000000840e-01
6.640000000000001457e-02
