2.437000000000000000e-01
1.033000000000000029e-01
5.254999999999999671e-01
5.186999999999999389e-01
2.620999999999999441e-01
3.770999999999999908e-01
1.965000000000000080e-01
2.958999999999999964e-01
1.856999999999999762e-01
5.044999999999999485e-01
4.342000000000000304e-01
3.643000000000000127e-01
2.827000000000000624e-01
1.563000000000000222e-01
1.806999999999999718e-01
3.004000000000000004e-01
2.252000000000000668e-01
2.050999999999999490e-01
3.113999999999998991e-01
3.794000000000000150e-01
1.885999999999999899e-01
1.989000000000000212e-01
2.141000000000000125e-01
1.685000000000000664e-01
4.985999999999999321e-01
1.832999999999999907e-01
2.404999999999999916e-01
2.853999999999999870e-01
3.532999999999999474e-01
1.722000000000000197e-01
1.394000000000000516e-01
3.051999999999999713e-01
1.925000000000000322e-01
1.780000000000000193e-01
1.665000000000000091e-01
7.390000000000004898e-02
3.020999999999999241e-01
2.844999999999999196e-01
1.867999999999999661e-01
2.675000000000000155e-01
1.645000000000000073e-01
3.281000000000000028e-01
3.561000000000000276e-01
1.310999999999999388e-01
1.772999999999999576e-01
1.616000000000000214e-01
1.178999999999999632e-01
1.630000000000000060e-01
2.762000000000000011e-01
3.047000000000000264e-01
3.508000000000000007e-01
3.981000000000000094e-01
3.820999999999999952e-01
1.176999999999999713e-01
9.370000000000006102e-02
3.366000000000000103e-01
3.729000000000000092e-01
3.892999999999999794e-01
2.629000000000000226e-01
1.430000000000000715e-01
3.154000000000000137e-01
3.166999999999999260e-01
2.714999999999999636e-01
2.628000000000000336e-01
3.391000000000000680e-01
3.259000000000000230e-01
7.006999999999999895e-01
2.467999999999999916e-01
3.238999999999999657e-01
2.166000000000000425e-01
1.116999999999999243e-01
1.751000000000000056e-01
3.658000000000000140e-01
1.345000000000000084e-01
1.241000000000000297e-01
1.515000000000000235e-01
1.725000000000000422e-01
1.617999999999999716e-01
1.615000000000000879e-01
2.134000000000000064e-01
1.700999999999999179e-01
2.275999999999999690e-01
2.200000000000000011e-01
1.189999999999999392e-01
2.243999999999999884e-01
1.447999999999999288e-01
7.380000000000001836e-02
2.067999999999999838e-01
2.921000000000000263e-01
9.960000000000002185e-02
2.274999999999999523e-01
1.362999999999999490e-01
3.372999999999999887e-01
1.728999999999999704e-01
9.129999999999999227e-02
3.081000000000001515e-01
1.099799999999999889e+00
3.321999999999999398e-01
2.972999999999998977e-01
3.730999999999998762e-01
2.514999999999999458e-01
2.410999999999999810e-01
1.416000000000001147e-01
2.802000000000000601e-01
1.754000000000000559e-01
2.452999999999999903e-01
2.585999999999999965e-01
1.409000000000000252e-01
1.841999999999999749e-01
2.393999999999999739e-01
3.710000000000001075e-01
2.711000000000001742e-01
2.066000000000000059e-01
1.462999999999999856e-01
2.206999999999998963e-01
2.552999999999999159e-01
1.848999999999999255e-01
2.006999999999998785e-01
7.750000000000009659e-02
2.411999999999999700e-01
3.597000000000000197e-01
1.819999999999999951e-01
2.090999999999999803e-01
8.589999999999992086e-02
1.236000000000000570e-01
2.973999999999999977e-01
1.297999999999999710e-01
1.245000000000000828e-01
1.397999999999999798e-01
1.345999999999999974e-01
1.157999999999999308e-01
2.498000000000000775e-01
1.629000000000000725e-01
1.651000000000000800e-01
1.363999999999999935e-01
2.432999999999999330e-01
3.657999999999999585e-01
4.174999999999999822e-01
3.031999999999999140e-01
1.976000000000000534e-01
1.928000000000001379e-01
1.371000000000000274e-01
1.360999999999999988e-01
2.720999999999998975e-01
2.625999999999999446e-01
3.822999999999999732e-01
1.957000000000000406e-01
1.205999999999999989e-01
1.016999999999999432e-01
