1.189000000000000057e-01
5.279999999999999971e-02
1.875999999999999890e-01
8.349999999999999090e-02
8.599999999999999312e-02
6.259999999999998899e-02
1.848000000000000198e-01
1.445000000000000173e-01
1.524000000000000077e-01
1.051999999999999880e-01
6.350000000000000089e-02
9.679999999999999716e-02
8.079999999999999682e-02
1.159000000000000030e-01
1.770999999999999797e-01
1.153999999999999887e-01
7.679999999999997939e-02
7.040000000000000424e-02
1.436999999999999944e-01
7.549999999999999767e-02
9.599999999999998812e-02
2.270000000000000351e-01
2.018000000000000349e-01
2.818000000000000504e-01
1.647000000000000131e-01
1.726000000000000034e-01
1.474000000000000032e-01
1.778000000000000136e-01
1.346999999999999864e-01
1.406999999999999917e-01
1.228000000000000064e-01
1.280000000000000027e-01
2.863999999999999879e-01
3.388999999999999790e-01
1.927999999999999714e-01
1.751999999999999669e-01
6.769999999999995466e-02
1.619000000000000161e-01
1.127999999999999975e-01
1.174000000000000044e-01
4.970000000000001500e-02
8.950000000000002398e-02
1.103000000000000647e-01
2.837999999999999412e-01
1.657999999999999474e-01
1.481000000000000094e-01
2.559000000000000719e-01
1.681000000000000272e-01
7.989999999999992941e-02
1.772999999999999576e-01
8.920000000000002927e-02
8.270000000000005125e-02
2.600000000000000089e-01
1.544000000000000372e-01
1.972000000000000419e-01
1.666999999999999593e-01
1.205999999999999434e-01
1.939999999999999503e-01
1.921000000000000485e-01
1.067999999999999367e-01
1.143000000000000960e-01
1.512000000000000011e-01
8.599999999999999312e-02
1.381999999999999895e-01
1.468999999999999750e-01
1.121000000000000052e-01
6.829999999999995797e-02
1.147000000000000519e-01
1.784999999999999643e-01
2.197999999999999676e-01
1.721999999999999087e-01
1.187999999999999334e-01
9.600000000000005751e-02
4.500000000000001915e-02
1.101999999999999230e-01
5.890000000000001484e-02
1.513999999999999235e-01
8.679999999999997440e-02
1.708000000000000074e-01
8.190000000000000058e-02
5.579999999999988441e-02
7.289999999999997871e-02
1.455000000000001015e-01
1.324000000000000732e-01
1.684000000000000219e-01
1.777999999999999858e-01
1.200999999999999290e-01
1.038000000000000034e-01
9.950000000000003286e-02
1.282999999999999696e-01
7.609999999999988995e-02
8.220000000000000917e-02
1.194999999999999951e-01
6.119999999999994195e-02
1.132999999999999563e-01
1.565999999999999892e-01
7.119999999999998552e-02
5.789999999999993763e-02
1.241999999999999632e-01
1.609999999999999210e-01
2.522000000000000353e-01
2.222000000000000086e-01
1.922999999999999987e-01
1.599000000000000421e-01
1.656000000000000250e-01
1.861000000000000432e-01
1.199000000000000898e-01
4.299999999999992717e-02
1.055999999999999994e-01
1.165999999999999953e-01
1.408000000000000362e-01
2.859999999999998654e-02
7.679999999999997939e-02
1.178000000000000713e-01
7.970000000000000695e-02
1.767000000000001070e-01
2.179000000000001214e-01
1.502000000000000002e-01
1.306999999999999829e-01
2.373000000000000387e-01
1.373000000000000609e-01
3.600000000000005279e-02
1.537000000000001698e-01
1.523999999999998967e-01
5.115999999999999437e-01
2.652000000000000468e-01
1.474000000000001143e-01
1.913999999999998203e-01
7.480000000000013027e-02
1.095999999999998226e-01
1.042999999999998373e-01
4.220000000000012630e-02
2.288999999999998813e-01
1.786000000000001475e-01
1.129000000000000420e-01
9.030000000000001914e-02
1.796000000000000374e-01
6.040000000000002311e-02
1.130000000000000449e-01
3.334999999999999076e-01
9.884999999999999343e-01
1.080000000000000071e+00
3.706000000000000405e-01
7.029999999999997362e-02
1.050999999999999435e-01
1.209000000000000075e-01
7.910000000000008691e-02
1.739000000000000268e-01
4.790000000000002589e-02
