8.569999999999999840e-02
5.649999999999999467e-02
2.800000000000000405e-02
7.379999999999999061e-02
7.089999999999999081e-02
8.870000000000000107e-02
3.520000000000000906e-02
4.040000000000000535e-02
7.480000000000000537e-02
5.500000000000000722e-02
1.055999999999999994e-01
1.706999999999999906e-01
1.993999999999999939e-01
2.065000000000000169e-01
1.006999999999999840e-01
2.194000000000000117e-01
2.200000000000000289e-01
7.009999999999999565e-02
4.749999999999999362e-02
1.133999999999999730e-01
8.819999999999998674e-02
1.350000000000000089e-01
5.289999999999998870e-02
1.909000000000000141e-01
2.970999999999999752e-01
1.894000000000000128e-01
1.095000000000000140e-01
2.051999999999999935e-01
1.170000000000000207e-01
3.790000000000001007e-02
8.540000000000000369e-02
3.479999999999998372e-02
7.909999999999997589e-02
1.557999999999999940e-01
7.739999999999996882e-02
1.181000000000000105e-01
8.369999999999999662e-02
7.230000000000000315e-02
5.560000000000001746e-02
7.710000000000000187e-02
6.939999999999998948e-02
5.069999999999996038e-02
5.020000000000002238e-02
5.269999999999994827e-02
6.399999999999998745e-02
8.559999999999998166e-02
1.733999999999999708e-01
2.767000000000000015e-01
1.855000000000000537e-01
6.710000000000002074e-02
9.439999999999998392e-02
7.470000000000000251e-02
1.040999999999999981e-01
7.090000000000000469e-02
5.100000000000000366e-02
8.570000000000002616e-02
1.347000000000000419e-01
7.920000000000000651e-02
4.869999999999996554e-02
4.659999999999998865e-02
3.959999999999996856e-02
3.839999999999998970e-02
1.287000000000000088e-01
1.259000000000000119e-01
7.970000000000000695e-02
1.424999999999999600e-01
1.335999999999999688e-01
8.820000000000001450e-02
1.266999999999999515e-01
4.609999999999997433e-02
7.950000000000004285e-02
6.099999999999995703e-02
2.380000000000000171e-01
2.555000000000000049e-01
1.849000000000000643e-01
1.487000000000000266e-01
1.351999999999999869e-01
1.003000000000000419e-01
1.145000000000000323e-01
7.139999999999996350e-02
6.240000000000001101e-02
6.270000000000000573e-02
6.469999999999999363e-02
5.190000000000000169e-02
9.170000000000003149e-02
5.840000000000006297e-02
9.760000000000004783e-02
1.189999999999999530e-01
2.077000000000000512e-01
2.721999999999999975e-01
1.744999999999999329e-01
1.982000000000000706e-01
3.225999999999999979e-01
1.606999999999999262e-01
1.149999999999999217e-01
8.730000000000005811e-02
1.004000000000000448e-01
1.249000000000000526e-01
9.290000000000006586e-02
1.547000000000000042e-01
2.015000000000000679e-01
2.061999999999999944e-01
4.528999999999999693e-01
4.118999999999999884e-01
1.708999999999999964e-01
1.105999999999999067e-01
1.074000000000000371e-01
1.129999999999998783e-01
8.459999999999982812e-02
1.212000000000000993e-01
1.315999999999999115e-01
2.221999999999999253e-01
2.907000000000000695e-01
2.618000000000000327e-01
1.038999999999999369e-01
1.572000000000000897e-01
3.236000000000000543e-01
3.363000000000000989e-01
1.033000000000000307e-01
2.006000000000000283e-01
2.521999999999999797e-01
2.389999999999998792e-01
8.600000000000002087e-02
1.107000000000000622e-01
1.876000000000000167e-01
6.139999999999998237e-02
3.081999999999999740e-01
2.414000000000000590e-01
1.235000000000000542e-01
1.685999999999999166e-01
1.192000000000000559e-01
2.664000000000000812e-01
5.049999999999998240e-02
2.185000000000000275e-01
2.202999999999999958e-01
8.149999999999993361e-02
3.990000000000010205e-02
6.179999999999993832e-02
7.039999999999999036e-02
4.329999999999988025e-02
1.016000000000000236e-01
1.118999999999999995e-01
1.345999999999999974e-01
1.317999999999999727e-01
5.059999999999990894e-02
5.240000000000005764e-02
8.019999999999999352e-02
9.670000000000000817e-02
2.800000000000001793e-02
