2.555999999999999939e-01
2.380999999999999783e-01
1.270000000000000018e-01
1.118999999999999995e-01
1.401000000000000023e-01
2.777000000000000024e-01
2.220000000000000029e-01
1.552000000000000046e-01
8.390000000000000235e-02
8.110000000000000542e-02
5.619999999999999302e-02
1.074999999999999983e-01
9.189999999999999558e-02
9.660000000000001918e-02
7.459999999999998577e-02
1.268000000000000238e-01
1.736999999999999655e-01
2.440999999999999837e-01
2.182000000000000051e-01
2.198999999999999566e-01
1.565999999999999615e-01
7.050000000000002098e-02
1.235000000000000125e-01
1.447000000000000230e-01
1.068000000000000477e-01
1.380000000000000671e-01
2.177000000000000601e-01
1.356999999999999873e-01
9.049999999999994160e-02
1.807999999999999607e-01
1.692999999999999505e-01
4.090000000000000580e-02
1.253000000000000225e-01
2.061999999999999944e-01
2.690000000000000169e-01
2.669000000000000261e-01
2.050000000000000155e-01
1.687000000000000166e-01
1.177999999999999742e-01
3.853999999999999648e-01
4.375999999999999890e-01
8.510000000000000897e-02
1.833000000000000185e-01
1.451000000000000345e-01
1.828000000000000180e-01
2.785999999999999588e-01
1.976999999999999869e-01
1.933999999999999608e-01
2.060999999999999777e-01
2.632000000000000450e-01
1.692999999999999505e-01
2.435999999999999555e-01
1.987000000000000710e-01
2.709000000000000297e-01
1.956000000000000516e-01
1.171000000000000513e-01
1.543999999999999817e-01
1.658999999999999642e-01
1.246999999999999359e-01
1.618000000000000271e-01
1.723999999999999699e-01
2.378999999999999171e-01
1.449000000000000010e-01
2.582999999999999186e-01
1.737000000000000210e-01
1.230000000000000676e-01
1.281000000000000194e-01
1.921999999999999542e-01
8.970000000000000195e-02
8.749999999999996669e-02
9.380000000000003613e-02
1.376000000000000278e-01
7.720000000000003249e-02
7.319999999999997342e-02
5.800000000000000294e-02
1.269000000000000128e-01
8.820000000000000062e-02
3.479999999999994903e-02
1.059999999999999554e-01
2.006999999999999618e-01
1.731000000000000039e-01
2.437999999999999889e-01
2.185000000000000553e-01
1.077999999999999792e-01
9.160000000000001474e-02
6.579999999999996962e-02
1.514999999999998848e-01
1.676999999999999325e-01
1.525999999999999579e-01
1.945000000000000895e-01
2.404000000000000026e-01
1.183000000000000024e-01
1.112000000000000766e-01
1.003999999999999754e-01
2.397000000000000242e-01
1.454000000000000015e-01
1.450999999999999790e-01
2.038999999999999702e-01
2.210000000000000575e-01
1.613999999999999879e-01
1.544000000000000095e-01
2.182000000000000606e-01
1.470999999999999530e-01
1.150000000000000328e-01
2.144999999999999685e-01
2.184000000000000385e-01
1.163000000000000839e-01
1.904000000000000414e-01
1.997000000000000164e-01
9.649999999999996081e-02
1.626000000000000778e-01
2.112999999999999046e-01
1.863000000000000211e-01
1.734999999999999598e-01
1.628000000000000003e-01
1.148999999999999327e-01
1.395000000000000129e-01
1.295999999999999375e-01
3.636999999999997457e-01
9.809999999999988174e-02
2.531999999999999806e-01
2.308000000000000607e-01
2.023000000000001186e-01
1.442000000000001059e-01
1.989000000000000212e-01
1.765000000000000457e-01
7.160000000000003861e-02
1.873000000000000498e-01
2.880999999999998007e-01
2.760000000000000786e-01
2.330999999999999739e-01
1.911999999999998701e-01
1.463999999999999468e-01
3.384999999999999121e-01
2.430999999999998717e-01
2.339999999999999303e-01
2.148999999999999522e-01
4.690000000000001390e-01
1.994000000000000217e-01
1.930000000000001159e-01
2.514999999999998348e-01
1.044000000000000483e-01
6.949999999999992295e-02
8.800000000000002265e-02
1.770000000000001017e-01
2.096999999999999975e-01
1.452999999999999015e-01
1.426000000000000323e-01
1.819999999999999396e-01
