9.245999999999999774e-01
1.433200000000000029e+00
1.671100000000000030e+00
8.261000000000000565e-01
1.044599999999999973e+00
3.324000000000000288e-01
1.945199999999999818e+00
8.176000000000001044e-01
3.643000000000000127e-01
7.515999999999999348e-01
2.597999999999999199e-01
1.075800000000000090e+00
7.903999999999998805e-01
3.892599999999999838e+00
3.480199999999999960e+00
3.961999999999999411e-01
4.802999999999999492e-01
1.004399999999999959e+00
4.458999999999998520e-01
3.468999999999999861e-01
4.955999999999999295e-01
4.258999999999999453e-01
2.211000000000000465e-01
1.142199999999999882e+00
1.667499999999999982e+00
1.198000000000000176e+00
8.800000000000000044e-01
2.445500000000000007e+00
1.228999999999999870e+00
5.791000000000000592e-01
1.447400000000000020e+00
1.895999999999999908e+00
1.924499999999999655e+00
1.312599999999999989e+00
4.295000000000001039e-01
2.008399999999999963e+00
2.004999999999999893e+00
1.279700000000000060e+00
1.580200000000000049e+00
5.513999999999998902e-01
6.187000000000001387e-01
1.338200000000000056e+00
1.232599999999999918e+00
4.282000000000001916e-01
1.665199999999999569e+00
6.139999999999999902e-01
6.204999999999999405e-01
2.254500000000000171e+00
1.260000000000000231e+00
2.668200000000000127e+00
8.948999999999998067e-01
6.227000000000001423e-01
1.936100000000000154e+00
1.105399999999999938e+00
5.210000000000001297e-01
8.204999999999998961e-01
4.345999999999999863e-01
9.445000000000001172e-01
1.383399999999999963e+00
2.180299999999999905e+00
1.033000000000000140e+00
1.882099999999999884e+00
1.102200000000000069e+00
9.303000000000001268e-01
2.383999999999999453e-01
9.041999999999998927e-01
6.638000000000000567e-01
3.589000000000000523e-01
5.540000000000000480e-01
5.589999999999999414e-01
7.620999999999999996e-01
7.180999999999999606e-01
2.082999999999999297e-01
9.484000000000001318e-01
1.153699999999999726e+00
5.282999999999998808e-01
2.286000000000000809e-01
2.049999999999999045e-01
6.906000000000002137e-01
5.906000000000000139e-01
4.414000000000000146e-01
1.233100000000000085e+00
2.102799999999999780e+00
7.903000000000000025e-01
9.070000000000000284e-01
6.842000000000000304e-01
4.382999999999999119e-01
9.503000000000002556e-01
1.211899999999999977e+00
6.641999999999999016e-01
1.718700000000000117e+00
4.442000000000000948e-01
9.213000000000000078e-01
6.405999999999999472e-01
1.365299999999999958e+00
7.921000000000000263e-01
5.742000000000000437e-01
3.789000000000000146e-01
1.552599999999999980e+00
7.661000000000000032e-01
5.568999999999999506e-01
4.262000000000000233e-01
7.666000000000000592e-01
9.549999999999999600e-01
6.437999999999999279e-01
3.039400000000000102e+00
1.135599999999999943e+00
2.227999999999998870e-01
7.073999999999999178e-01
4.747999999999999998e-01
1.070999999999999730e+00
3.268000000000000904e-01
6.271999999999999797e-01
1.169799999999999951e+00
2.976099999999999746e+00
5.347999999999999421e-01
1.641999999999996795e-01
5.708000000000003071e-01
1.224499999999999922e+00
