2.888999999999999901e-01
6.795999999999999819e-01
1.711999999999999911e-01
6.620999999999999108e-01
5.262000000000000011e-01
4.393999999999999573e-01
4.358000000000000207e-01
2.646000000000000019e-01
3.042000000000000259e-01
3.508000000000000007e-01
4.544000000000000261e-01
2.122999999999999887e-01
4.360000000000000542e-01
8.165999999999999925e-01
1.993599999999999817e+00
9.213000000000000078e-01
3.280000000000000138e-01
2.364999999999999047e-01
1.447000000000000230e-01
1.881000000000000172e-01
6.499999999999997446e-02
2.134000000000000064e-01
4.117999999999999439e-01
5.524999999999999911e-01
1.887999999999999678e-01
1.163000000000000145e-01
2.132999999999999063e-01
1.905999999999999361e-01
5.280000000000000249e-01
4.823000000000000620e-01
1.841000000000000414e-01
2.998999999999998334e-01
2.218999999999999584e-01
1.892999999999999960e-01
1.515999999999999015e-01
8.799999999999993938e-02
7.329999999999989302e-02
1.748000000000001497e-01
5.077000000000000401e-01
1.113199999999999745e+00
4.240999999999999215e-01
1.707000000000001572e-01
7.459999999999994413e-02
9.839999999999993197e-02
1.332000000000001516e-01
1.618000000000001659e-01
6.666999999999998483e-01
4.911999999999998590e-01
4.306999999999998607e-01
4.184000000000003827e-01
3.511999999999998456e-01
2.919999999999999818e-01
7.791999999999998927e-01
7.549999999999996714e-01
5.629999999999997229e-01
7.600999999999999979e-01
4.876999999999998558e-01
2.046999999999999098e-01
4.129999999999997562e-01
3.694999999999999951e-01
1.158300000000000107e+00
3.923999999999999155e-01
5.657999999999998586e-01
5.091000000000001080e-01
3.948999999999999178e-01
3.267000000000000459e-01
1.149299999999999988e+00
1.280399999999999983e+00
5.372000000000001219e-01
2.789999999999999702e-01
1.927000000000000934e-01
1.464999999999999913e-01
6.450000000000011280e-02
9.700000000000000289e-02
2.534000000000000141e-01
4.189999999999996505e-02
1.067999999999998950e-01
8.016999999999998572e-01
5.267999999999999350e-01
2.143999999999998685e-01
1.292999999999999150e-01
1.504000000000000059e-01
3.195000000000001172e-01
1.117999999999997329e-01
3.739000000000001211e-01
9.249999999999981848e-02
1.349999999999997036e-01
3.073999999999998956e-01
3.431000000000000716e-01
2.238999999999997104e-01
1.798999999999998378e-01
1.024000000000000882e-01
2.914000000000001034e-01
1.437000000000003830e-01
2.302999999999999492e-01
1.693999999999999395e-01
5.069999999999996732e-02
1.144000000000000433e-01
1.520999999999999575e-01
1.743999999999999717e-01
1.799999999999997158e-01
8.750000000000016098e-02
1.267000000000002291e-01
3.041000000000000925e-01
1.960000000000000908e-01
7.590000000000013403e-02
1.358999999999999653e-01
1.230999999999997929e-01
2.605000000000000648e-01
1.811000000000000387e-01
6.234999999999997211e-01
5.002999999999999670e-01
5.871999999999998332e-01
4.954999999999999960e-01
5.060999999999997723e-01
7.236999999999997879e-01
4.084999999999999187e-01
2.992999999999999550e-01
1.859999999999999432e-01
