1.945999999999999952e-01
4.596000000000000085e-01
3.086999999999999744e-01
9.019999999999997464e-02
1.069000000000000228e-01
8.529999999999995919e-02
9.039999999999996649e-02
4.899999999999998107e-02
8.039999999999997149e-02
1.370999999999999996e-01
7.170000000000001372e-02
6.670000000000000928e-02
1.556999999999999773e-01
4.852000000000000202e-01
1.476000000000000090e-01
1.442999999999999838e-01
1.030999999999999972e-01
1.272000000000000353e-01
7.669999999999999041e-02
1.169000000000000039e-01
1.851999999999999758e-01
1.106999999999999929e-01
2.188999999999999835e-01
2.363000000000000100e-01
2.688999999999999724e-01
1.593999999999999861e-01
2.230999999999999650e-01
2.838999999999999857e-01
1.079999999999999988e-01
2.258000000000000007e-01
1.315999999999999948e-01
2.104999999999999927e-01
5.560000000000001052e-02
1.739999999999999880e-01
2.030999999999999750e-01
1.512999999999999901e-01
5.339999999999999608e-02
5.039999999999999342e-02
6.370000000000000662e-02
7.309999999999999831e-02
7.309999999999997056e-02
4.599999999999999922e-02
9.189999999999999558e-02
7.220000000000000029e-02
1.426000000000000045e-01
1.149000000000000021e-01
1.131000000000000061e-01
1.304000000000000159e-01
6.879999999999998617e-02
9.939999999999998836e-02
6.070000000000001089e-02
1.106000000000000039e-01
5.490000000000001823e-02
8.469999999999999751e-02
8.320000000000005169e-02
2.820000000000000978e-02
4.930000000000001048e-02
9.009999999999997178e-02
1.145999999999999658e-01
7.719999999999999085e-02
7.109999999999998266e-02
8.259999999999999287e-02
8.949999999999999623e-02
6.899999999999999190e-02
7.419999999999998819e-02
1.910000000000000031e-01
1.601999999999999813e-01
9.120000000000003104e-02
4.880000000000000310e-02
9.019999999999998852e-02
1.874999999999999722e-01
8.429999999999998606e-02
7.420000000000001594e-02
9.010000000000001341e-02
8.589999999999997637e-02
4.179999999999998994e-02
7.320000000000001505e-02
8.490000000000000324e-02
1.141000000000000070e-01
5.430000000000000104e-02
5.960000000000002796e-02
5.029999999999996974e-02
4.559999999999998083e-02
1.092000000000000193e-01
6.609999999999999210e-02
7.680000000000000715e-02
6.020000000000001739e-02
4.780000000000002996e-02
2.999999999999998501e-02
5.290000000000000258e-02
8.050000000000001599e-02
5.089999999999997998e-02
1.152000000000000107e-01
7.360000000000006815e-02
3.850000000000001338e-02
2.120000000000000356e-02
4.770000000000001322e-02
6.199999999999997180e-02
5.499999999999999334e-02
5.910000000000003445e-02
1.274000000000000410e-01
7.089999999999996305e-02
6.940000000000001723e-02
5.260000000000007031e-02
3.025999999999999246e-01
1.719000000000000250e-01
1.818000000000000171e-01
1.819999999999997314e-02
9.310000000000004383e-02
3.310000000000004605e-02
3.749999999999996392e-02
6.890000000000001679e-02
5.800000000000000294e-02
9.410000000000000309e-02
1.030999999999999972e-01
1.456000000000000072e-01
1.225000000000000117e-01
6.010000000000002840e-02
2.450000000000003564e-02
