1.187000000000000000e-01
7.870000000000000606e-02
1.760000000000000453e-02
3.059999999999999526e-02
5.790000000000000702e-02
1.260999999999999899e-01
1.439000000000000001e-01
9.820000000000000950e-02
1.427999999999999825e-01
5.480000000000000149e-02
3.899999999999999994e-02
9.429999999999999494e-02
4.650000000000000661e-02
4.279999999999999083e-02
9.199999999999999845e-02
8.299999999999999045e-02
1.472999999999999865e-01
1.534000000000000086e-01
1.083999999999999964e-01
1.341999999999999860e-01
9.760000000000000620e-02
5.440000000000001085e-02
1.193999999999999923e-01
5.890000000000001484e-02
5.070000000000001589e-02
1.023000000000000020e-01
7.919999999999999263e-02
7.739999999999999658e-02
2.750000000000000361e-02
3.560000000000001358e-02
4.599999999999999922e-02
7.520000000000000295e-02
5.679999999999998245e-02
1.770000000000000392e-02
5.080000000000001181e-02
6.970000000000001195e-02
8.560000000000000941e-02
5.200000000000000455e-02
6.099999999999999867e-02
7.039999999999999036e-02
4.829999999999999571e-02
6.040000000000000924e-02
1.176999999999999991e-01
4.119999999999998663e-02
3.230000000000000926e-02
4.289999999999997288e-02
8.659999999999999643e-02
1.117999999999999966e-01
8.490000000000000324e-02
6.359999999999998987e-02
1.253999999999999837e-01
8.130000000000001115e-02
2.026000000000000301e-01
1.291999999999999815e-01
9.589999999999999913e-02
8.240000000000000102e-02
7.620000000000001772e-02
4.709999999999997522e-02
3.820000000000002560e-02
6.389999999999998459e-02
6.549999999999997491e-02
1.859999999999999154e-02
5.689999999999999919e-02
4.620000000000000495e-02
6.289999999999998370e-02
5.514000000000000012e-01
3.525000000000000910e-01
1.635600000000000165e+00
4.180000000000000382e-01
8.407999999999997698e-01
2.404999999999999916e-01
1.068000000000000754e-01
7.549999999999992828e-02
1.284000000000000141e-01
6.480000000000001037e-02
4.540000000000002367e-02
5.440000000000001085e-02
5.190000000000002250e-02
8.429999999999998606e-02
8.130000000000001115e-02
7.875000000000000888e-01
3.127999999999999670e-01
3.898999999999999688e-01
2.502000000000000335e-01
8.890000000000000679e-02
1.549000000000000099e-01
4.374999999999998890e-01
3.884400000000000297e+00
1.917100000000000248e+00
1.482000000000001649e-01
9.330000000000009119e-02
1.775999999999999801e-01
6.227000000000002533e-01
7.747000000000002773e-01
1.937000000000000111e-01
5.319999999999994178e-02
4.286000000000000920e-01
1.943600000000000216e+00
2.054699999999999971e+00
1.380700000000000260e+00
1.117299999999999960e+00
2.605999999999999428e-01
4.579999999999996574e-02
9.979999999999999982e-02
8.232999999999999208e-01
7.852999999999999980e-01
6.118999999999998884e-01
2.148000000000000465e-01
3.767999999999999683e-01
1.935999999999999388e-01
7.230000000000000315e-02
1.045000000000000928e-01
3.859999999999992604e-02
8.109999999999994991e-02
8.120000000000002216e-02
1.267999999999999683e-01
3.779999999999998639e-02
7.839999999999998359e-02
1.875999999999999335e-01
