4.780000000000000221e-02
5.240000000000000213e-02
1.034999999999999948e-01
9.070000000000000284e-02
7.090000000000000469e-02
7.069999999999999896e-02
6.981000000000000538e-01
1.081499999999999906e+00
2.058900000000000396e+00
6.045000000000000373e-01
5.117999999999999217e-01
2.847000000000000641e-01
1.399000000000000243e-01
3.067999999999999616e-01
2.409000000000000030e-01
1.393000000000000071e-01
1.930999999999999661e-01
2.707000000000000517e-01
2.210999999999999854e+00
1.959500000000000020e+00
4.144999999999999241e-01
2.122999999999999887e-01
1.002000000000000390e-01
2.313000000000000056e-01
1.303000000000000269e-01
7.340000000000003466e-02
6.980000000000000093e-02
3.290000000000001257e-02
8.949999999999996847e-02
5.190000000000002944e-02
4.779999999999999527e-02
9.190000000000002334e-02
8.560000000000003717e-02
2.639000000000000234e-01
4.012999999999999901e-01
1.150100000000000122e+00
1.565400000000000125e+00
5.946999999999998954e-01
2.652999999999999803e-01
3.638999999999999457e-01
6.441999999999999948e-01
1.316999999999999282e-01
9.500000000000004274e-02
1.359000000000000208e-01
4.719999999999990870e-02
6.190000000000002445e-02
3.190000000000005331e-02
3.349999999999991179e-02
3.350000000000004363e-02
3.189999999999997699e-02
3.293999999999999151e-01
1.907699999999999951e+00
1.127500000000000169e+00
6.000999999999998558e-01
2.561999999999999278e-01
2.246000000000000496e-01
4.513999999999998014e-01
1.373999999999999666e-01
8.949999999999996847e-02
4.033000000000000473e-01
2.357999999999998708e-01
5.167999999999999261e-01
5.776999999999998803e-01
5.778999999999999693e-01
7.100000000000000755e-01
1.456999999999999851e+00
7.982000000000000206e-01
4.033999999999999808e-01
2.830000000000000293e-01
3.947999999999999843e-01
2.791999999999999482e-01
3.125000000000000000e-01
1.208899999999999864e+00
1.053400000000000336e+00
1.561299999999999910e+00
6.952999999999998071e-01
6.070800000000000196e+00
3.925399999999999778e+00
6.367100000000000648e+00
1.623100000000000209e+00
3.904000000000000803e-01
5.444999999999999840e-01
3.048000000000000709e-01
1.679999999999999549e-01
4.021000000000000130e-01
5.127000000000001556e-01
3.945999999999999508e-01
5.243999999999999773e-01
3.287999999999999812e-01
3.639999999999999902e-01
3.961999999999999411e-01
4.123999999999999333e-01
1.933999999999999886e-01
1.917999999999998872e-01
3.525999999999999690e-01
2.486000000000000432e-01
2.572700000000000209e+00
1.953100000000000280e+00
6.757000000000000783e-01
3.456000000000000183e-01
1.001999999999999696e-01
8.370000000000009377e-02
1.382000000000000450e-01
5.541000000000000369e-01
3.996000000000000107e-01
9.922000000000000819e-01
4.556000000000000050e-01
1.454000000000000292e-01
1.519000000000000072e-01
1.422000000000000486e-01
1.424900000000000277e+00
1.225000000000000311e+00
3.309999999999999609e-01
2.562999999999997502e-01
2.810000000000000275e-01
9.956000000000000405e-01
4.260999999999998678e-01
6.014999999999999236e-01
4.166999999999999593e-01
