1.502000000000000002e-01
5.199999999999999761e-02
6.270000000000000573e-02
5.210000000000000048e-02
4.979999999999999011e-02
1.214999999999999969e-01
2.739999999999999380e-02
9.889999999999998792e-02
7.710000000000001574e-02
5.710000000000001186e-02
6.169999999999999790e-02
2.779999999999999138e-02
4.560000000000000164e-02
1.361999999999999877e-01
1.383999999999999952e-01
2.011999999999999900e-01
6.380000000000000948e-02
6.019999999999997575e-02
1.025000000000000078e-01
1.940999999999999948e-01
8.940000000000000724e-02
4.163000000000000034e-01
6.700000000000000400e-02
6.479999999999998261e-02
9.429999999999996718e-02
1.977999999999999481e-01
3.459999999999997800e-02
1.016999999999999987e-01
1.046000000000000263e-01
4.650000000000001354e-02
5.620000000000001383e-02
3.380000000000000365e-02
3.880000000000000115e-02
7.809999999999998888e-02
7.730000000000000759e-02
4.130000000000000338e-02
8.230000000000001203e-02
2.570000000000002491e-02
7.290000000000000646e-02
7.939999999999999836e-02
6.370000000000002049e-02
5.300000000000000544e-02
3.550000000000001765e-02
6.690000000000000113e-02
4.300000000000001737e-02
5.209999999999997966e-02
1.146000000000000768e-01
4.789999999999997732e-02
4.779999999999996751e-02
1.128000000000000114e-01
6.939999999999997560e-02
5.879999999999993565e-02
1.402000000000000191e-01
3.640000000000001568e-02
8.669999999999999929e-02
6.929999999999997273e-02
5.630000000000003058e-02
8.080000000000001070e-02
6.160000000000002279e-02
3.580000000000001237e-02
7.900000000000001465e-02
5.090000000000001468e-02
3.239999999999997049e-02
5.199999999999996292e-02
5.359999999999999487e-02
6.600000000000000311e-02
1.171000000000000235e-01
2.187000000000000055e-01
1.653000000000000025e-01
5.149999999999997635e-02
4.550000000000005429e-02
9.099999999999998368e-02
1.044999999999999540e-01
8.399999999999999134e-02
5.990000000000002267e-02
7.519999999999998908e-02
6.260000000000005838e-02
1.350000000000000089e-01
9.959999999999999409e-02
5.800000000000000294e-02
8.779999999999998916e-02
8.709999999999998299e-02
5.189999999999998087e-02
1.710000000000000131e-01
1.355000000000000093e-01
2.585000000000000631e-01
2.698999999999999733e-01
2.399999999999999634e-01
7.389999999999996572e-02
1.807999999999999607e-01
3.250000000000001499e-02
6.540000000000001368e-02
4.670000000000002621e-02
1.572999999999999954e-01
1.356000000000000538e-01
2.289999999999999813e-01
1.455000000000000182e-01
2.321999999999999620e-01
2.018000000000000071e-01
1.064000000000000223e-01
1.521000000000000130e-01
1.197999999999999343e-01
1.737000000000000210e-01
2.350999999999999202e-01
1.476000000000000090e-01
1.351000000000000256e-01
8.800000000000005040e-02
6.500000000000000222e-02
7.139999999999999125e-02
5.210000000000000742e-02
4.290000000000000063e-02
4.170000000000000789e-02
6.550000000000003042e-02
3.290000000000002645e-02
6.460000000000001852e-02
8.180000000000003935e-02
1.049999999999999128e-01
5.110000000000004122e-02
1.258000000000000229e-01
