7.969999999999999307e-02
3.405000000000000249e-01
2.047999999999999821e-01
4.336999999999999744e-01
2.819999999999999729e-01
2.001000000000000001e-01
9.849999999999997646e-02
1.685000000000000386e-01
3.928000000000000380e-01
1.197999999999999954e+00
7.036000000000000032e-01
1.045500000000000096e+00
2.256999999999999840e-01
3.714000000000000079e-01
7.208000000000001073e-01
6.285999999999999366e-01
3.939499999999999780e+00
1.623999999999997668e-01
8.542999999999999483e-01
1.897899999999999920e+00
1.330500000000000016e+00
7.637000000000000455e-01
5.469999999999999307e-01
9.300000000000013811e-02
8.570000000000002616e-02
9.568000000000000949e-01
6.286999999999999256e-01
3.990999999999998993e-01
2.717999999999999861e-01
9.421000000000001595e-01
2.429800000000000182e+00
1.165599999999999969e+00
3.583999999999999964e-01
3.757000000000000339e-01
4.048999999999999266e-01
2.585000000000000631e-01
1.650000000000000910e-01
3.598000000000000087e-01
6.735999999999999766e-01
4.644000000000000350e-01
3.514999999999999236e-01
4.346999999999999753e-01
5.328999999999999293e-01
4.408000000000001362e-01
3.062999999999999057e-01
1.672999999999999488e-01
2.906999999999999584e-01
6.040999999999999703e-01
7.419999999999999929e-01
1.034599999999999742e+00
1.903999999999999915e+00
9.321000000000001506e-01
3.799999999999998934e-01
1.507799999999999807e+00
1.095499999999999918e+00
4.895000000000001572e-01
3.815000000000001168e-01
7.772000000000001130e-01
7.741000000000000103e-01
1.270700000000000163e+00
1.072799999999999976e+00
6.682000000000001272e-01
6.676999999999999602e-01
3.715999999999999859e-01
1.138000000000001094e-01
5.079999999999989385e-02
1.301000000000000489e-01
1.198599999999999888e+00
1.284799999999999942e+00
3.361999999999999988e-01
1.042699999999999960e+00
9.020000000000000240e-01
3.823999999999999067e-01
1.785999999999999810e-01
3.336999999999999966e-01
6.725999999999999757e-01
1.882999999999999674e-01
7.480999999999999872e-01
5.743999999999999106e-01
3.294999999999999041e-01
1.842000000000001414e-01
5.500000000000000444e-01
5.198000000000000398e-01
1.839999999999998304e-01
8.782000000000000917e-01
8.909000000000000252e-01
2.863999999999999879e-01
3.588999999999999968e-01
1.832000000000000073e+00
7.567999999999999172e-01
2.250999999999999390e-01
5.796999999999999931e-01
1.350900000000000212e+00
5.311000000000001275e-01
7.878000000000000558e-01
4.374000000000000665e-01
2.937000000000000166e-01
4.108999999999999320e-01
7.012000000000000455e-01
4.420000000000000595e-01
3.363000000000000433e-01
1.035200000000000120e+00
4.981000000000000982e-01
1.094700000000000006e+00
8.780000000000001137e-01
4.223999999999999977e-01
1.274500000000000188e+00
3.057599999999999874e+00
7.011999999999998234e-01
8.783000000000000806e-01
1.219600000000000017e+00
2.705000000000001847e-01
6.179000000000000048e-01
3.708000000000000185e-01
6.062999999999998391e-01
4.985000000000001652e-01
6.706000000000001959e-01
2.746999999999999997e-01
4.490000000000000657e-01
