1.734999999999999876e-01
2.008000000000000063e-01
1.853999999999999815e-01
1.832999999999999907e-01
4.289999999999999369e-02
5.669999999999999346e-02
1.123999999999999999e-01
1.041999999999999871e-01
1.558999999999999830e-01
9.889999999999996017e-02
1.479000000000000037e-01
9.469999999999999252e-02
8.599999999999999312e-02
1.001999999999999974e-01
7.710000000000000187e-02
1.492000000000000270e-01
1.696000000000000285e-01
1.332000000000000406e-01
9.409999999999998921e-02
9.799999999999996214e-02
1.356999999999999873e-01
2.174000000000000377e-01
1.189000000000000057e-01
6.702000000000000179e-01
3.702000000000000290e-01
1.000999999999999807e-01
6.919999999999995599e-02
8.199999999999998956e-02
1.222999999999999643e-01
1.238999999999999407e-01
1.567000000000000337e-01
1.025000000000000633e-01
1.291999999999999815e-01
3.525000000000000355e-01
2.583000000000000296e-01
2.316000000000000558e-01
1.001999999999999835e-01
1.268000000000000238e-01
9.749999999999993394e-02
9.030000000000003302e-02
5.339999999999997526e-02
5.530000000000001581e-02
4.400000000000001132e-02
1.040999999999999981e-01
1.685999999999998888e-01
8.280000000000012350e-02
6.989999999999997604e-02
1.251000000000000167e-01
1.226000000000000423e-01
4.550000000000013062e-02
3.569999999999989154e-02
8.550000000000000655e-02
6.979999999999994542e-02
9.120000000000010043e-02
8.390000000000003011e-02
1.401000000000000301e-01
7.780000000000004967e-02
5.240000000000001601e-02
7.240000000000000602e-02
1.556999999999999496e-01
3.909999999999992648e-02
1.177000000000000407e-01
6.229999999999998039e-02
7.760000000000001619e-02
7.170000000000011087e-02
6.510000000000007447e-02
6.029999999999989535e-02
1.114000000000000684e-01
1.212999999999999495e-01
1.211999999999999467e-01
1.934999999999999776e-01
7.700000000000005451e-02
6.289999999999990044e-02
7.030000000000005689e-02
1.196000000000000535e-01
5.070000000000009222e-02
3.220000000000002027e-02
5.660000000000005305e-02
4.210000000000001241e-02
8.299999999999993494e-02
7.349999999999998201e-02
7.319999999999998730e-02
6.829999999999995797e-02
1.174000000000000737e-01
4.029999999999991922e-02
2.523000000000000798e-01
1.277999999999999692e-01
4.657000000000001139e-01
1.883000000000000507e-01
1.070999999999999452e-01
1.906999999999999806e-01
1.673000000000001153e-01
7.219999999999990314e-02
1.416999999999999371e-01
9.094999999999999751e-01
3.230000000000000093e-01
2.163999999999999257e-01
1.844999999999999418e-01
6.849999999999997757e-02
5.150000000000007350e-02
7.010000000000009279e-02
9.789999999999997315e-02
1.916999999999999815e-01
1.700999999999999179e-01
6.300000000000004208e-02
1.280000000000000582e-01
6.339999999999994251e-02
1.169000000000000039e-01
1.039000000000000062e-01
4.559999999999990450e-02
1.399999999999999023e-01
1.255000000000000560e-01
1.041999999999999871e-01
1.036000000000000115e-01
7.500000000000003886e-02
9.489999999999995661e-02
4.279999999999999083e-02
3.700000000000017164e-02
5.149999999999987921e-02
