4.686000000000000165e-01
4.908199999999999008e+00
2.563400000000000123e+00
5.038000000000000256e-01
5.876000000000000112e-01
7.648000000000001464e-01
2.035000000000000142e-01
2.676000000000000045e-01
8.314000000000001389e-01
1.559999999999999165e-01
4.699999999999999734e-01
4.074999999999999178e-01
8.477000000000001201e-01
4.871999999999999664e-01
1.013000000000000983e-01
5.540000000000001867e-02
7.406999999999999140e-01
1.017700000000000049e+00
1.427499999999999769e+00
1.399399999999999977e+00
3.936999999999998834e-01
7.996999999999999664e-01
1.815999999999999559e-01
1.393999999999999684e-01
1.553999999999999826e-01
7.459999999999997189e-02
6.120000000000003215e-02
3.031000000000000361e-01
1.849000000000000365e-01
4.016000000000000125e-01
3.732000000000000317e-01
1.212999999999999912e-01
2.141000000000000125e-01
9.249000000000000554e-01
2.853000000000000536e-01
3.567999999999999505e-01
6.866999999999999771e-01
1.494999999999999662e-01
3.049000000000001154e-01
2.228999999999999870e-01
2.345999999999999752e-01
2.187000000000000610e-01
1.436999999999999944e-01
1.647999999999999465e-01
1.092000000000000054e-01
9.719999999999996698e-02
1.476999999999999424e-01
2.354999999999999871e-01
9.910000000000004916e-02
4.985999999999999877e-01
4.469999999999999529e-01
3.900999999999999468e-01
3.340000000000000191e-01
6.011000000000000787e-01
3.882000000000000450e-01
6.784999999999999920e-01
4.535000000000000142e-01
2.297000000000001541e-01
4.415000000000000036e-01
3.940000000000000724e-01
1.811000000000000110e-01
4.771000000000000241e-01
2.934999999999999831e-01
1.195999999999999952e+00
5.986000000000000210e-01
7.268000000000001126e-01
2.382000000000001338e-01
2.980000000000000426e-01
4.197000000000000175e-01
1.159999999999999920e-01
2.143000000000000183e-01
1.132000000000000506e-01
2.525999999999999912e-01
4.369000000000000106e-01
1.504000000000000892e-01
3.760000000000000842e-02
1.855999999999999595e-01
6.739999999999994607e-02
3.029999999999993809e-02
1.281000000000000472e-01
1.330999999999999406e-01
1.506000000000000116e-01
1.436000000000000054e-01
4.948999999999999511e-01
2.135000000000001064e-01
2.966000000000000303e-01
1.046500000000000208e+00
1.020599999999999952e+00
4.147000000000000131e-01
5.513999999999998902e-01
4.222999999999999532e-01
1.484999999999999931e-01
2.003000000000000058e-01
2.576000000000000512e-01
1.627999999999999725e-01
1.665999999999999703e-01
3.070000000000005363e-02
4.679999999999996663e-02
3.889000000000001345e-01
1.718000000000000083e-01
3.062000000000000832e-01
3.126999999999999780e-01
4.916999999999999149e-01
1.658999999999999364e-01
7.230000000000001703e-02
5.707999999999999741e-01
2.345000000000000417e-01
2.704999999999999627e-01
1.898999999999999577e-01
2.092999999999999861e-01
7.160000000000001086e-02
3.160999999999999921e-01
1.877999999999999670e-01
7.329999999999996241e-02
1.108000000000000651e-01
2.769999999999999685e-01
5.680000000000002408e-02
2.039999999999999591e-01
1.099599999999999911e+00
