1.667000000000000148e-01
1.190000000000000085e-01
2.258999999999999897e-01
9.070000000000000284e-02
1.973000000000000032e-01
2.717999999999999305e-01
2.686000000000000054e-01
9.410000000000003084e-02
6.940000000000000335e-02
7.970000000000000695e-02
3.457999999999999963e-01
2.798699999999999743e+00
2.438500000000000334e+00
5.665999999999999925e-01
7.633999999999999675e-01
5.771000000000000574e-01
4.152000000000000135e-01
8.023000000000000131e-01
2.469999999999999418e-01
6.382999999999999785e-01
1.891100000000000003e+00
1.831599999999999673e+00
1.017999999999999794e+00
4.149999999999999245e-01
1.759000000000001118e-01
5.289000000000000368e-01
1.222999999999999088e-01
2.307999999999999774e-01
1.674999999999999822e-01
2.734999999999999654e-01
1.256499999999999728e+00
5.592999999999999083e-01
1.610000000000000042e-01
1.457999999999999297e-01
2.932000000000000717e-01
7.370000000000004325e-02
6.710000000000006237e-02
3.710000000000000103e-02
2.248000000000000553e-01
5.808999999999998609e-01
6.679999999999999272e-01
9.312000000000000277e-01
2.999000000000001109e-01
3.258999999999999675e-01
8.104000000000000092e-01
6.348000000000000309e-01
7.533999999999999586e-01
5.397999999999999465e-01
6.760000000000002118e-02
1.086999999999999633e-01
4.591000000000000636e-01
1.839000000000000634e-01
2.350000000000000699e-01
1.420699999999999852e+00
1.481700000000000017e+00
4.620999999999999552e-01
6.654999999999999805e-01
4.569000000000001394e-01
2.523000000000000242e-01
2.035999999999999477e-01
2.478999999999999537e-01
1.988000000000000045e-01
4.724999999999999201e-01
1.935099999999999820e+00
2.477700000000000014e+00
2.429600000000000204e+00
1.112700000000000022e+00
1.791599999999999859e+00
2.349600000000000577e+00
1.714300000000000157e+00
1.299699999999999855e+00
9.471000000000001640e-01
2.762999999999999901e-01
3.209000000000000186e-01
3.103000000000000203e-01
2.079999999999999072e-01
1.387999999999999790e-01
2.275000000000001188e-01
4.440000000000009217e-02
1.556999999999998940e-01
9.626000000000001222e-01
7.817000000000000615e-01
5.380000000000000338e-01
1.164399999999999880e+00
2.150600000000000289e+00
8.404000000000000359e-01
7.763000000000002121e-01
3.439999999999999725e-01
4.829999999999999571e-02
3.620999999999999774e-01
1.168000000000000010e-01
1.160399999999999876e+00
9.749999999999998668e-01
1.410399999999999876e+00
9.596000000000000085e-01
2.748999999999999222e-01
7.893000000000001126e-01
6.108000000000001206e-01
2.687999999999998724e-01
6.622000000000001219e-01
9.593000000000000416e-01
1.427300000000000013e+00
4.098999999999998756e-01
5.556000000000000938e-01
2.534000000000000696e-01
2.612999999999999767e-01
3.232999999999998098e-01
1.779999999999998250e-01
1.402999999999999525e-01
3.560000000000000941e-01
8.131999999999998119e-01
2.948999999999999955e-01
4.773000000000000576e-01
4.004999999999998561e-01
5.924000000000000377e-01
2.346000000000000030e-01
1.393599999999999728e+00
1.529799999999999827e+00
1.726100000000000190e+00
