1.133000000000000118e-01
1.825999999999999845e-01
2.424000000000000044e-01
2.149000000000000077e-01
2.624000000000000221e-01
1.402999999999999803e-01
5.560000000000001052e-02
2.659999999999999865e-02
7.819999999999999174e-02
3.790000000000000313e-02
1.264000000000000123e-01
9.390000000000001124e-02
1.204000000000000070e-01
1.424000000000000266e-01
7.400000000000001021e-02
1.018000000000000016e-01
1.886000000000000176e-01
2.520000000000000018e-01
1.187000000000000277e-01
1.251999999999999780e-01
7.889999999999999791e-02
5.779999999999999027e-02
1.104000000000000120e-01
1.920000000000000040e-01
7.020000000000001239e-02
7.209999999999999742e-02
1.323000000000000009e-01
7.839999999999999747e-02
1.090000000000000135e-01
2.605000000000000093e-01
2.532999999999999141e-01
6.409999999999999032e-02
3.268000000000000904e-01
2.620000000000000107e-01
1.325999999999999956e-01
1.234000000000000236e-01
1.172999999999999599e-01
1.028000000000000302e-01
1.461999999999999966e-01
8.549999999999996492e-02
6.019999999999996881e-02
7.329999999999999016e-02
7.490000000000002212e-02
8.089999999999999969e-02
7.350000000000002365e-02
7.790000000000001090e-02
5.859999999999999237e-02
7.209999999999994191e-02
7.299999999999998157e-02
5.430000000000000104e-02
3.119999999999996040e-02
6.790000000000000202e-02
3.819999999999995621e-02
5.659999999999998366e-02
7.219999999999998641e-02
1.646999999999999575e-01
9.400000000000002798e-02
1.704999999999999849e-01
1.325999999999999401e-01
1.581000000000000183e-01
7.869999999999995055e-02
5.919999999999998180e-02
5.810000000000002662e-02
6.869999999999995555e-02
6.689999999999998725e-02
1.129000000000000281e-01
9.099999999999996980e-02
4.099999999999998090e-02
8.430000000000001381e-02
1.050999999999999712e-01
6.360000000000000375e-02
7.699999999999995737e-02
8.949999999999996847e-02
1.077999999999999931e-01
1.502000000000000557e-01
9.739999999999997271e-02
8.449999999999996403e-02
1.016999999999999432e-01
4.570000000000004614e-02
7.800000000000005540e-02
1.115999999999999770e-01
1.016000000000000236e-01
9.689999999999994451e-02
1.268000000000000238e-01
6.880000000000004168e-02
6.040000000000000924e-02
5.510000000000003784e-02
2.390000000000000457e-02
6.769999999999999629e-02
9.270000000000006013e-02
4.449999999999995626e-02
2.966999999999999638e-01
1.334000000000000741e-01
1.396999999999999631e-01
6.360000000000000375e-02
1.087999999999999801e-01
1.427000000000000213e-01
6.839999999999997471e-02
5.239999999999998825e-02
1.046000000000000540e-01
1.126000000000001444e-01
7.100000000000006306e-02
7.520000000000001683e-02
5.370000000000006712e-02
8.229999999999992877e-02
8.099999999999996092e-02
4.989999999999995828e-02
9.160000000000001474e-02
6.600000000000000311e-02
6.359999999999998987e-02
8.089999999999997193e-02
8.729999999999998872e-02
6.539999999999998592e-02
7.059999999999996834e-02
3.790000000000001701e-02
1.299000000000000710e-01
1.223000000000000198e-01
1.271999999999999242e-01
1.049999999999999822e-01
