1.366999999999999882e-01
5.040000000000000036e-02
9.519999999999999296e-02
3.590000000000000135e-02
6.709999999999999298e-02
4.399999999999999745e-02
5.600000000000000810e-02
3.610000000000000014e-02
2.210000000000000298e-01
3.035999999999999810e-01
1.670999999999999985e-01
5.840000000000002134e-02
2.979999999999998969e-02
5.710000000000000492e-02
5.859999999999999931e-02
8.809999999999998388e-02
7.909999999999998976e-02
5.480000000000001537e-02
3.422999999999999932e-01
1.802000000000000268e-01
1.647999999999999743e-01
7.989999999999999880e-02
9.439999999999999780e-02
9.890000000000002955e-02
8.790000000000001978e-02
9.889999999999996017e-02
1.222999999999999921e-01
5.659999999999998366e-02
2.269999999999998408e-02
8.800000000000000877e-02
1.384000000000000230e-01
1.089000000000000107e-01
2.776000000000000134e-01
1.154000000000000026e-01
1.297999999999999987e-01
9.222000000000000197e-01
4.949000000000000066e-01
3.286000000000000587e-01
2.725000000000000755e-01
3.861999999999999877e-01
1.588999999999999857e-01
1.966999999999999860e-01
7.329999999999996241e-02
4.109999999999998377e-02
3.200000000000001454e-02
3.640000000000000180e-02
4.919999999999999374e-02
3.292999999999999261e-01
2.980999999999999761e-01
1.071000000000000008e-01
9.730000000000003924e-02
6.309999999999998943e-02
4.969999999999999418e-02
1.448000000000000120e-01
3.384999999999999676e-01
1.674000000000000210e-01
2.221999999999999531e-01
2.015999999999999737e-01
1.174000000000000460e-01
6.509999999999992182e-02
1.105999999999999761e-01
1.338000000000000300e-01
1.795000000000000484e-01
7.349999999999992650e-02
4.378000000000000780e-01
1.951000000000000234e-01
4.597000000000001085e-01
1.293000000000000260e-01
3.521999999999999575e-01
7.666000000000001702e-01
1.878999999999999837e-01
1.302000000000000102e-01
7.020000000000006790e-02
9.199999999999995681e-02
1.886999999999999789e-01
9.760000000000010334e-02
7.869999999999996443e-02
2.182000000000000051e-01
1.980999999999999706e-01
2.176000000000000156e-01
9.100000000000003919e-02
1.047999999999999488e-01
1.011699999999999822e+00
9.076999999999998403e-01
2.266999999999999571e-01
1.624999999999998945e-01
1.831000000000000405e-01
1.102000000000000202e-01
9.040000000000003588e-02
1.016999999999999293e-01
1.229000000000001341e-01
3.659999999999999365e-02
5.259999999999999398e-02
2.689999999999999336e-02
6.049999999999994271e-02
8.469999999999991425e-02
4.989999999999999991e-02
4.027999999999999914e-01
2.198000000000000786e-01
2.989999999999996827e-02
6.560000000000003328e-02
7.389999999999993796e-02
8.089999999999994418e-02
2.589000000000000190e-01
2.326999999999999624e-01
1.176999999999999713e-01
9.169999999999997597e-02
2.289999999999999536e-01
1.078000000000000347e-01
1.851000000000000145e-01
2.080999999999999239e-01
7.069999999999991569e-02
2.769999999999998852e-02
2.590000000000007574e-02
2.710000000000002685e-02
1.970000000000005080e-02
8.819999999999998674e-02
9.209999999999993192e-02
3.980000000000000204e-02
