5.649999999999999467e-02
1.333999999999999908e-01
5.049999999999999628e-02
6.480000000000001037e-02
6.379999999999999560e-02
3.969999999999999918e-02
5.539999999999999092e-02
5.569999999999999257e-02
6.859999999999999432e-02
8.449999999999999178e-02
3.520000000000000906e-02
2.520000000000000018e-02
4.919999999999997986e-02
2.059000000000000274e-01
2.510999999999999899e-01
7.570000000000000340e-02
9.730000000000001148e-02
3.479999999999998372e-02
4.710000000000000298e-02
3.950000000000002121e-02
5.089999999999996610e-02
4.609999999999998821e-02
3.479999999999999760e-02
4.180000000000001076e-02
3.299999999999999462e-02
3.579999999999999155e-02
4.349999999999999700e-02
5.079999999999997712e-02
2.299999999999998573e-02
4.249999999999998918e-02
5.179999999999999188e-02
7.639999999999999569e-02
4.420000000000001705e-02
3.299999999999997380e-02
5.639999999999998487e-02
6.940000000000000335e-02
2.239999999999999630e-02
5.280000000000001359e-02
4.690000000000001806e-02
5.549999999999999378e-02
3.379999999999995508e-02
6.089999999999994029e-02
5.189999999999994618e-02
5.930000000000001936e-02
7.030000000000000138e-02
8.230000000000001203e-02
1.789999999999997496e-02
5.050000000000005179e-02
8.719999999999997198e-02
4.170000000000002871e-02
5.930000000000001936e-02
1.001999999999999419e-01
6.420000000000003482e-02
6.940000000000000335e-02
5.489999999999997660e-02
4.680000000000000826e-02
3.279999999999995419e-02
5.199999999999995598e-02
2.700000000000002051e-02
4.089999999999995028e-02
3.460000000000006820e-02
5.149999999999992778e-02
4.289999999999993124e-02
6.929999999999997273e-02
4.249999999999994060e-02
1.600000000000003850e-02
5.090000000000001468e-02
3.090000000000000385e-02
4.380000000000001947e-02
4.230000000000008753e-02
3.840000000000007990e-02
4.480000000000005506e-02
5.120000000000001633e-02
1.860000000000004011e-02
1.739999999999993635e-02
5.600000000000003586e-02
5.240000000000000213e-02
2.880000000000004431e-02
7.470000000000004414e-02
7.829999999999998073e-02
5.880000000000001892e-02
7.019999999999997076e-02
8.789999999999992264e-02
4.922999999999999599e-01
2.351000000000000312e-01
4.653999999999999249e-01
5.042999999999999705e-01
6.251999999999999780e-01
2.406000000000000361e-01
1.692000000000000726e-01
6.980000000000009808e-02
4.367999999999999661e-01
4.660000000000018294e-02
1.460000000000000742e-01
9.559999999999993503e-02
7.410000000000006859e-02
3.071000000000000396e-01
2.021999999999999909e-01
4.130000000000009358e-02
4.959999999999990111e-02
3.700000000000005368e-02
1.368000000000000882e-01
4.430000000000001992e-02
9.019999999999997464e-02
9.010000000000016607e-02
6.010000000000009779e-02
3.269999999999988194e-02
5.790000000000004865e-02
7.400000000000006573e-02
5.739999999999997882e-02
5.483999999999998876e-01
1.364000000000000490e-01
6.659999999999996478e-02
7.280000000000022564e-02
5.140000000000008451e-02
7.790000000000010805e-02
2.890000000000000902e-02
5.870000000000008544e-02
7.639999999999996794e-02
