2.309000000000000219e-01
8.579999999999998739e-02
2.364000000000000268e-01
1.623999999999999888e-01
1.734999999999999876e-01
1.261000000000000176e-01
1.268000000000000238e-01
1.753000000000000114e-01
1.255000000000000004e-01
4.724000000000000421e-01
2.159000000000000086e-01
8.860000000000002596e-02
7.270000000000002849e-02
1.181000000000000660e-01
1.071000000000000285e-01
2.853999999999999870e-01
4.491999999999999327e-01
6.829999999999999405e-01
2.534000000000000141e-01
1.746000000000000330e-01
1.564000000000000390e-01
7.139999999999994962e-02
1.115000000000000435e-01
8.780000000000008631e-02
1.753999999999999726e-01
9.479999999999996763e-02
2.028000000000000635e-01
1.826999999999999458e-01
1.180999999999999689e-01
6.140000000000002400e-02
8.979999999999999094e-02
1.076000000000000151e-01
1.216000000000000275e-01
1.184000000000000330e-01
6.560000000000004716e-02
1.700000000000000122e-01
8.149999999999997524e-02
1.184999999999999942e-01
1.186999999999999722e-01
8.310000000000002107e-02
1.353000000000000314e-01
1.187000000000000555e-01
6.089999999999998193e-02
9.750000000000000333e-02
9.669999999999992490e-02
1.280999999999999917e-01
1.213999999999999940e-01
8.599999999999995148e-02
6.380000000000000948e-02
7.299999999999998157e-02
7.110000000000002429e-02
8.749999999999999445e-02
7.989999999999999880e-02
7.630000000000003446e-02
3.919999999999994322e-02
5.411000000000000254e-01
7.383000000000000673e-01
6.432999999999999829e-01
7.716000000000000636e-01
7.460999999999999854e-01
2.487999999999999656e-01
1.015000000000001040e-01
2.256999999999999285e-01
4.620000000000000218e-01
1.383099999999999774e+00
7.116999999999999993e-01
9.872999999999999554e-01
2.898999999999999910e-01
4.652000000000000024e-01
4.424000000000000155e-01
3.595999999999999752e-01
1.294999999999999485e-01
1.248999999999999555e-01
1.056999999999999607e-01
3.084999999999999964e-01
1.539000000000000923e-01
1.602999999999999425e-01
1.369999999999999274e-01
1.286000000000000754e-01
2.190999999999999059e-01
9.699999999999998901e-02
1.491999999999998883e-01
1.003299999999999859e+00
6.111999999999999655e-01
4.688000000000000500e-01
8.970000000000002971e-02
1.024999999999999800e-01
1.478000000000000147e-01
8.070000000000002172e-02
4.169999999999998014e-02
1.364099999999999868e+00
6.880000000000000560e-01
4.788999999999999924e-01
4.219999999999999862e-01
3.258000000000000895e-01
2.327000000000000457e-01
1.619000000000000439e-01
2.274999999999999800e-01
1.265000000000000291e-01
6.487000000000000544e-01
1.847999999999999921e-01
7.761999999999998900e-01
2.675999999999999490e-01
6.959999999999999520e-01
4.759999999999994791e-02
9.249999999999997113e-02
1.322999999999999732e-01
1.397000000000000741e-01
2.080000000000000182e-01
1.586000000000000187e-01
8.210000000000003406e-02
8.689999999999996338e-02
4.769999999999992996e-02
1.838399999999999812e+00
1.711699999999999999e+00
3.002000000000000224e-01
1.194000000000000616e-01
1.783999999999998642e-01
1.008000000000000007e-01
