1.202000000000000013e-01
1.175999999999999823e-01
1.751999999999999946e-01
2.142000000000000293e-01
1.471000000000000085e-01
1.026999999999999996e-01
1.529999999999999971e-01
3.520000000000000212e-02
1.303999999999999881e-01
1.427999999999999825e-01
2.397999999999999854e-01
7.949999999999997347e-02
1.110999999999999904e-01
8.919999999999998763e-02
1.860999999999999599e-01
4.880000000000001004e-02
2.008000000000000340e-01
1.762000000000000233e-01
1.116999999999999660e-01
6.750000000000003220e-02
1.296000000000000485e-01
4.885000000000000453e-01
4.400999999999999912e-01
1.148000000000000131e-01
1.325999999999999956e-01
5.850000000000001726e-02
8.629999999999998783e-02
1.257999999999999952e-01
6.970000000000003970e-02
3.157999999999999696e-01
1.228999999999999815e-01
3.141000000000000458e-01
1.161000000000000365e-01
1.835999999999999854e-01
1.239999999999999991e-01
1.970999999999999974e-01
7.209999999999998355e-02
3.999999999999995226e-02
5.459999999999998882e-02
9.199999999999998457e-02
6.850000000000001921e-02
5.819999999999999479e-02
9.390000000000002511e-02
1.018000000000000016e-01
6.780000000000002691e-02
6.800000000000003264e-02
1.746000000000000052e-01
1.507000000000000006e-01
1.011999999999999705e-01
7.150000000000002187e-02
3.529999999999999111e-02
8.659999999999998255e-02
1.387000000000000455e-01
1.506999999999999451e-01
1.555999999999999606e-01
1.006999999999999840e-01
6.150000000000001993e-02
7.559999999999997278e-02
5.080000000000001181e-02
7.830000000000003624e-02
5.730000000000004534e-02
1.485000000000000209e-01
1.493000000000000160e-01
1.598999999999999866e-01
1.121999999999999664e-01
2.589999999999995778e-02
1.668999999999999928e-01
1.471999999999999420e-01
4.030000000000000943e-02
4.420000000000001705e-02
6.100000000000000561e-02
9.349999999999999978e-02
1.519999999999999130e-01
1.217000000000000026e-01
5.530000000000008520e-02
1.355000000000000926e-01
1.161000000000000226e-01
8.400000000000004685e-02
9.560000000000007381e-02
1.069999999999999840e-01
2.560999999999999943e-01
1.223000000000000198e-01
1.735000000000000431e-01
1.114000000000000268e-01
9.330000000000004956e-02
9.299999999999997158e-02
5.690000000000004776e-02
7.329999999999997629e-02
8.890000000000003455e-02
5.139999999999998043e-02
8.780000000000000304e-02
1.145999999999999241e-01
1.091999999999999499e-01
4.940000000000001334e-02
7.440000000000002167e-02
7.130000000000005778e-02
9.760000000000000620e-02
7.850000000000005584e-02
6.099999999999998479e-02
1.242999999999999938e-01
9.180000000000006211e-02
7.959999999999997633e-02
1.676000000000001100e-01
4.670000000000013030e-02
6.879999999999998617e-02
1.124000000000000554e-01
8.109999999999993603e-02
1.064000000000000640e-01
1.222999999999999504e-01
6.329999999999991189e-02
7.939999999999988733e-02
1.436999999999998556e-01
1.071000000000000146e-01
1.360000000000000098e-01
1.651999999999999580e-01
7.790000000000006641e-02
6.140000000000010727e-02
2.512000000000000899e-01
1.563000000000000500e-01
