1.178000000000000019e-01
1.000999999999999945e-01
2.869999999999999982e-02
3.740000000000000269e-02
1.275000000000000022e-01
4.370000000000000273e-02
9.349999999999999978e-02
3.850000000000000644e-02
4.629999999999999394e-02
7.239999999999999214e-02
3.600000000000000422e-02
6.950000000000000622e-02
6.380000000000000948e-02
6.809999999999999387e-02
6.160000000000000198e-02
4.619999999999999801e-02
5.809999999999999887e-02
9.879999999999999893e-02
8.699999999999998013e-02
4.590000000000001024e-02
9.579999999999999627e-02
6.550000000000001654e-02
1.088000000000000078e-01
9.589999999999999913e-02
5.709999999999999798e-02
8.809999999999997000e-02
6.230000000000000815e-02
2.350000000000000352e-02
3.999999999999999389e-02
5.550000000000002154e-02
5.920000000000002344e-02
6.410000000000001807e-02
3.819999999999999785e-02
6.800000000000000488e-02
3.819999999999998397e-02
8.160000000000001974e-02
5.029999999999999749e-02
6.539999999999998592e-02
2.139999999999999195e-02
7.710000000000000187e-02
7.280000000000000360e-02
4.100000000000000866e-02
6.450000000000001565e-02
1.140999999999999931e-01
6.909999999999999476e-02
4.300000000000001044e-02
3.389999999999998570e-02
1.020999999999999963e-01
3.370000000000000773e-02
1.728999999999999981e-01
1.015000000000000069e-01
1.118999999999999717e-01
4.949999999999996764e-02
5.849999999999998257e-02
6.920000000000001150e-02
1.374999999999999833e-01
9.469999999999997864e-02
2.529999999999998223e-02
3.339999999999998526e-02
9.129999999999999227e-02
1.328999999999999904e-01
1.158999999999999891e-01
1.121000000000000052e-01
3.520000000000002988e-02
8.640000000000001845e-02
5.050000000000000322e-02
1.344000000000000195e-01
4.509999999999998038e-02
3.529999999999997029e-02
1.337000000000000133e-01
8.990000000000000768e-02
4.510000000000000120e-02
7.469999999999998863e-02
3.150000000000002798e-02
5.840000000000002828e-02
7.329999999999997629e-02
3.350000000000001588e-02
7.030000000000000138e-02
8.279999999999998472e-02
7.320000000000000118e-02
9.070000000000000284e-02
6.540000000000001368e-02
8.370000000000001050e-02
4.170000000000001483e-02
6.880000000000000004e-02
1.061000000000000137e-01
3.529999999999997029e-02
1.424000000000000266e-01
3.760000000000000842e-02
6.019999999999999657e-02
1.050999999999999990e-01
4.639999999999997599e-02
8.970000000000000195e-02
5.189999999999994618e-02
8.069999999999999396e-02
8.269999999999999574e-02
1.517999999999999905e-01
6.369999999999999274e-02
3.420000000000002899e-02
1.688000000000000056e-01
3.639999999999998792e-02
8.369999999999998275e-02
4.490000000000003016e-02
5.950000000000003897e-02
1.068000000000000338e-01
7.220000000000001417e-02
8.870000000000002882e-02
6.010000000000004228e-02
7.940000000000003999e-02
1.353000000000000314e-01
6.519999999999998019e-02
5.670000000000000040e-02
5.979999999999992960e-02
4.359999999999997211e-02
8.069999999999998008e-02
9.209999999999998743e-02
1.053999999999999937e-01
1.169000000000000039e-01
1.254000000000000115e-01
1.044000000000000067e-01
1.320999999999999674e-01
9.350000000000002753e-02
1.020000000000000628e-01
7.369999999999997387e-02
2.003999999999999670e-01
6.939999999999998948e-02
1.138000000000000123e-01
7.320000000000000118e-02
6.789999999999996039e-02
3.370000000000007712e-02
1.036999999999999728e-01
1.395000000000000129e-01
1.131000000000000616e-01
1.485999999999999543e-01
2.242000000000000104e-01
1.433000000000000107e-01
1.297999999999999710e-01
1.219999999999999973e-01
8.969999999999997420e-02
3.910000000000000281e-02
4.180000000000003157e-02
1.113000000000000378e-01
5.300000000000003320e-02
2.929999999999997884e-02
5.749999999999998862e-02
7.919999999999999263e-02
1.231000000000000150e-01
4.299999999999997574e-02
1.107999999999999402e-01
7.870000000000003382e-02
1.008000000000000562e-01
1.361999999999999877e-01
8.689999999999994951e-02
5.859999999999993686e-02
5.620000000000003465e-02
5.260000000000002174e-02
5.299999999999999156e-02
1.039000000000000062e-01
6.460000000000007403e-02
1.527999999999999914e-01
8.979999999999997706e-02
