4.580000000000000043e-02
4.099999999999999478e-02
1.320999999999999952e-01
1.218000000000000055e-01
6.690000000000000113e-02
1.582000000000000073e-01
7.669999999999999041e-02
8.729999999999998872e-02
1.307999999999999996e-01
1.018000000000000016e-01
5.840000000000000052e-02
6.820000000000001061e-02
9.150000000000001188e-02
5.559999999999998277e-02
6.329999999999999516e-02
6.579999999999999738e-02
5.620000000000001383e-02
6.110000000000000153e-02
8.619999999999999885e-02
3.549999999999998990e-02
1.026000000000000106e-01
3.069999999999997384e-02
7.280000000000000360e-02
5.920000000000003038e-02
4.699999999999999317e-02
1.029999999999999943e-01
3.129999999999999449e-02
4.509999999999997344e-02
8.320000000000001006e-02
5.839999999999995889e-02
7.280000000000001747e-02
4.800000000000001488e-02
9.270000000000000462e-02
9.539999999999999869e-02
8.370000000000002438e-02
2.029999999999999166e-02
1.449999999999999900e-02
4.719999999999998502e-02
4.450000000000001177e-02
2.219999999999999057e-02
5.990000000000002961e-02
4.669999999999999152e-02
7.690000000000001001e-02
8.989999999999997993e-02
4.140000000000000624e-02
3.319999999999997953e-02
2.610000000000003637e-02
1.203000000000000180e-01
7.630000000000004834e-02
2.859999999999998654e-02
6.609999999999999210e-02
5.209999999999996578e-02
9.840000000000004299e-02
5.699999999999999512e-02
9.149999999999997025e-02
4.920000000000004925e-02
4.800000000000001488e-02
3.600000000000004585e-02
5.639999999999995017e-02
1.391000000000000014e-01
4.979999999999999705e-02
5.909999999999997894e-02
9.559999999999994891e-02
8.179999999999999771e-02
5.120000000000000939e-02
5.880000000000001198e-02
5.330000000000000016e-02
5.180000000000000576e-02
8.189999999999997282e-02
9.779999999999998417e-02
3.770000000000003210e-02
3.010000000000004339e-02
2.870000000000002410e-02
7.230000000000003091e-02
6.299999999999997269e-02
3.840000000000004521e-02
2.569999999999996940e-02
2.830000000000000918e-02
2.429999999999996052e-02
6.090000000000003744e-02
8.120000000000004992e-02
1.054999999999999966e-01
2.699999999999996153e-02
5.849999999999998951e-02
8.740000000000003322e-02
7.579999999999996463e-02
3.579999999999999849e-02
5.689999999999995062e-02
2.500000000000003608e-02
6.439999999999998503e-02
6.620000000000003659e-02
4.319999999999997453e-02
3.659999999999996589e-02
1.560000000000000622e-02
3.650000000000004630e-02
5.530000000000001581e-02
3.370000000000002854e-02
5.220000000000002416e-02
6.680000000000002602e-02
4.789999999999996344e-02
8.579999999999998739e-02
6.140000000000003788e-02
3.119999999999998469e-02
3.470000000000002943e-02
1.076000000000000290e-01
3.930000000000005017e-02
8.100000000000003031e-02
5.979999999999995042e-02
5.189999999999998087e-02
7.390000000000002123e-02
2.560000000000003939e-02
3.770000000000003904e-02
2.849999999999996980e-02
3.760000000000002923e-02
4.649999999999999967e-02
5.249999999999996336e-02
6.230000000000009142e-02
4.210000000000002629e-02
5.000000000000004441e-02
5.690000000000004082e-02
3.469999999999997392e-02
5.560000000000005216e-02
5.429999999999993859e-02
8.530000000000004245e-02
4.770000000000002016e-02
4.459999999999993137e-02
3.289999999999995706e-02
8.110000000000006093e-02
8.889999999999992353e-02
3.810000000000003662e-02
8.069999999999999396e-02
2.639999999999999292e-02
5.430000000000000798e-02
3.880000000000001503e-02
7.560000000000001441e-02
2.610000000000003983e-02
4.179999999999999688e-02
5.670000000000000734e-02
7.300000000000000933e-02
2.329999999999995963e-02
5.499999999999991007e-02
5.259999999999996623e-02
7.169999999999995821e-02
8.199999999999996181e-02
5.820000000000000173e-02
2.959999999999997355e-02
3.549999999999998296e-02
4.540000000000005143e-02
7.710000000000000187e-02
3.069999999999999465e-02
5.890000000000000790e-02
9.610000000000001874e-02
9.640000000000001346e-02
9.009999999999998566e-02
2.930000000000002047e-02
1.311999999999999833e-01
6.200000000000004119e-02
9.160000000000004250e-02
6.029999999999995086e-02
3.029999999999992422e-02
8.040000000000001312e-02
