8.259999999999999287e-02
3.669999999999999651e-02
7.539999999999999480e-02
3.629999999999999893e-02
3.369999999999999385e-02
4.259999999999999898e-02
6.049999999999999822e-02
6.840000000000000246e-02
1.360000000000000098e-01
5.869999999999999524e-02
4.419999999999999624e-02
1.083999999999999964e-01
8.880000000000001781e-02
8.759999999999999731e-02
1.411999999999999922e-01
1.638999999999999901e-01
1.074000000000000093e-01
6.770000000000001017e-02
3.560000000000001358e-02
1.044999999999999818e-01
6.649999999999998967e-02
8.379999999999998561e-02
1.255000000000000004e-01
1.023000000000000159e-01
4.310000000000000636e-02
5.720000000000000778e-02
4.700000000000000011e-02
6.480000000000001037e-02
8.209999999999999243e-02
8.089999999999999969e-02
5.380000000000000754e-02
3.529999999999999805e-02
5.959999999999999326e-02
5.299999999999999156e-02
6.999999999999999278e-02
1.368999999999999939e-01
7.599999999999998423e-02
5.840000000000000746e-02
5.360000000000000181e-02
6.180000000000000770e-02
4.959999999999999132e-02
4.090000000000000580e-02
4.839999999999998470e-02
3.729999999999997207e-02
6.639999999999998681e-02
4.860000000000000431e-02
1.181999999999999995e-01
4.720000000000000584e-02
6.659999999999999254e-02
5.670000000000000040e-02
5.199999999999999067e-02
4.270000000000000878e-02
4.119999999999998663e-02
6.500000000000000222e-02
4.859999999999999737e-02
8.380000000000001337e-02
1.112000000000000210e-01
1.192000000000000004e-01
9.240000000000000990e-02
5.130000000000001226e-02
9.890000000000000180e-02
6.690000000000001501e-02
7.590000000000002300e-02
8.520000000000001183e-02
5.280000000000001359e-02
9.860000000000002096e-02
9.979999999999999982e-02
7.420000000000001594e-02
5.870000000000000911e-02
4.279999999999999777e-02
3.729999999999999288e-02
9.909999999999997977e-02
9.019999999999997464e-02
1.025000000000000078e-01
1.399000000000000243e-01
8.720000000000001361e-02
7.660000000000001530e-02
6.780000000000002691e-02
9.950000000000003286e-02
7.680000000000002103e-02
1.087000000000000188e-01
4.420000000000000318e-02
5.389999999999998959e-02
1.462999999999999579e-01
1.022000000000000131e-01
6.300000000000000044e-02
5.639999999999999875e-02
5.790000000000000702e-02
6.779999999999999916e-02
9.339999999999998304e-02
1.155999999999999805e-01
4.929999999999998272e-02
3.000000000000000583e-02
9.479999999999999538e-02
4.939999999999997171e-02
1.203000000000000180e-01
1.083000000000000351e-01
5.800000000000001682e-02
6.590000000000001412e-02
6.320000000000000617e-02
8.369999999999999662e-02
5.700000000000000205e-02
7.879999999999999505e-02
5.900000000000001077e-02
4.459999999999998688e-02
5.269999999999998297e-02
5.990000000000000185e-02
3.530000000000002580e-02
3.920000000000001261e-02
4.640000000000001762e-02
4.410000000000000725e-02
2.259999999999999162e-02
3.980000000000000204e-02
6.850000000000003308e-02
7.279999999999998972e-02
9.149999999999997025e-02
8.619999999999998497e-02
3.769999999999999740e-02
7.109999999999999654e-02
7.639999999999999569e-02
5.659999999999999754e-02
4.820000000000000673e-02
5.340000000000000302e-02
7.000000000000000666e-02
4.820000000000002061e-02
5.109999999999999959e-02
6.749999999999999056e-02
5.409999999999999531e-02
8.369999999999996887e-02
5.109999999999999959e-02
6.930000000000000049e-02
6.780000000000001303e-02
3.709999999999999409e-02
3.750000000000000555e-02
9.639999999999998570e-02
3.869999999999998441e-02
6.320000000000000617e-02
5.829999999999999766e-02
1.097999999999999809e-01
8.929999999999999050e-02
5.120000000000000939e-02
4.740000000000001851e-02
7.149999999999998024e-02
5.389999999999998959e-02
8.669999999999999929e-02
5.910000000000002057e-02
5.770000000000002210e-02
5.830000000000001154e-02
9.959999999999999409e-02
8.999999999999998279e-02
7.190000000000001945e-02
9.940000000000000224e-02
3.819999999999999785e-02
1.078000000000000069e-01
5.090000000000001468e-02
6.980000000000002869e-02
3.970000000000001306e-02
8.340000000000000191e-02
2.520000000000000018e-02
4.949999999999999539e-02
3.260000000000000397e-02
