1.692000000000000171e-01
1.117000000000000076e-01
2.069999999999999896e-01
4.639999999999996905e-02
7.159999999999999698e-02
1.050000000000000100e-01
1.575000000000000011e-01
1.150999999999999940e-01
1.389000000000000234e-01
1.727000000000000202e-01
1.654000000000000192e-01
1.335000000000000353e-01
2.239999999999999769e-01
1.207000000000000295e-01
1.423999999999999988e-01
2.540000000000000036e-01
2.346999999999999087e-01
1.371999999999999886e-01
1.087999999999999662e-01
1.916000000000000203e-01
9.309999999999997444e-02
1.132999999999999841e-01
5.120000000000003021e-02
1.762000000000000510e-01
1.666000000000000536e-01
8.080000000000002458e-02
1.165999999999999537e-01
1.002999999999999725e-01
2.156000000000000416e-01
1.837000000000000854e-01
7.710000000000005738e-02
1.579000000000000126e-01
8.799999999999995326e-02
1.584000000000000963e-01
1.050000000000000377e-01
2.210999999999999910e-01
1.419000000000000261e-01
1.423000000000000376e-01
1.778000000000000136e-01
1.457999999999999852e-01
6.879999999999995841e-02
9.360000000000001652e-02
1.081999999999999768e-01
1.177000000000000268e-01
1.467999999999999861e-01
8.360000000000002152e-02
2.217999999999999972e-01
9.990000000000000269e-02
3.260000000000001785e-02
7.919999999999996487e-02
1.077000000000000179e-01
2.338000000000000356e-01
7.879999999999989790e-02
2.725999999999999535e-01
1.539999999999999980e-01
5.999999999999995615e-02
1.913999999999999591e-01
2.497000000000000330e-01
1.359000000000000485e-01
1.005999999999999672e-01
7.330000000000003180e-02
1.138000000000000123e-01
2.065999999999999781e-01
2.123999999999999777e-01
9.219999999999996254e-02
1.585000000000000853e-01
1.633000000000000007e-01
2.377999999999999559e-01
1.312999999999999723e-01
1.166000000000000092e-01
1.463999999999999746e-01
7.250000000000000888e-02
8.880000000000003169e-02
1.626000000000000223e-01
1.235999999999999183e-01
1.797000000000000264e-01
7.440000000000007718e-02
2.675000000000000155e-01
2.589000000000000745e-01
1.869999999999999440e-01
1.321000000000000230e-01
1.112000000000000488e-01
1.346000000000001084e-01
9.110000000000006981e-02
1.725000000000000144e-01
1.886999999999998956e-01
4.310000000000005493e-02
1.555999999999999606e-01
1.488000000000000989e-01
1.600000000000000866e-01
1.005999999999999395e-01
1.398999999999999688e-01
7.810000000000009990e-02
1.186999999999999722e-01
5.470000000000002638e-02
7.510000000000006948e-02
1.773000000000001242e-01
1.464999999999999913e-01
1.374000000000000776e-01
1.278999999999999859e-01
9.780000000000006743e-02
1.111000000000000182e-01
1.387999999999999790e-01
1.247000000000000053e-01
3.547999999999998932e-01
2.555999999999999384e-01
8.609999999999999598e-02
2.396999999999999686e-01
1.854999999999999150e-01
2.700999999999999512e-01
2.338999999999999968e-01
2.033999999999999697e-01
1.290000000000000591e-01
2.137999999999999901e-01
1.945999999999998842e-01
4.979999999999996929e-02
1.321999999999999287e-01
8.800000000000010592e-02
1.818000000000001282e-01
1.113000000000001211e-01
1.487999999999999323e-01
1.061999999999999889e-01
1.270000000000001128e-01
1.569000000000000949e-01
8.049999999999996048e-02
1.617000000000000104e-01
6.079999999999993743e-02
1.633999999999999897e-01
1.534999999999999698e-01
1.654999999999999527e-01
1.098999999999998867e-01
2.094000000000001138e-01
1.101999999999998536e-01
1.741999999999999382e-01
1.240999999999999465e-01
1.437999999999999556e-01
2.868999999999999884e-01
2.819000000000000394e-01
8.990000000000011871e-02
1.542000000000000315e-01
9.890000000000002955e-02
1.253000000000000225e-01
2.402000000000001634e-01
7.060000000000013487e-02
7.070000000000002671e-02
5.440000000000001779e-02
1.042000000000000703e-01
1.641000000000000791e-01
2.109999999999989662e-02
1.686999999999998223e-01
2.550000000000001155e-01
5.830000000000004623e-02
1.975999999999999979e-01
2.652999999999999803e-01
9.710000000000004738e-02
5.620000000000002771e-02
3.130000000000007776e-02
1.121000000000000330e-01
1.333000000000002239e-01
1.881000000000001005e-01
6.880000000000012494e-02
