2.479999999999999705e-01
1.864000000000000101e-01
1.883999999999999841e-01
9.450000000000002842e-02
9.240000000000000990e-02
1.401000000000000023e-01
1.075000000000000122e-01
1.330999999999999961e-01
1.141999999999999821e-01
1.394000000000000239e-01
7.810000000000003051e-02
1.404999999999999860e-01
7.860000000000000320e-02
6.009999999999999371e-02
1.145999999999999519e-01
4.429999999999992971e-02
7.130000000000003002e-02
8.669999999999998541e-02
1.747999999999999832e-01
1.185000000000000497e-01
4.650000000000004130e-02
1.099000000000000254e-01
1.020999999999999963e-01
1.532000000000000306e-01
9.950000000000000511e-02
9.299999999999998546e-02
1.442000000000000226e-01
1.607000000000000095e-01
8.260000000000000675e-02
1.006999999999999840e-01
6.879999999999997229e-02
7.710000000000002962e-02
1.270999999999999908e-01
9.170000000000001761e-02
8.149999999999997524e-02
1.010999999999999954e-01
1.834999999999999964e-01
1.016999999999999849e-01
1.604000000000000148e-01
1.845999999999999863e-01
3.939999999999997671e-02
1.226000000000000562e-01
3.919999999999999873e-02
2.003999999999999670e-01
1.210999999999999854e-01
2.359999999999995435e-02
1.040999999999999703e-01
1.527000000000000024e-01
1.320000000000000340e-01
1.154999999999999916e-01
1.735999999999999766e-01
1.479999999999999372e-01
1.658999999999999087e-01
1.016999999999999571e-01
2.601999999999999313e-01
7.227999999999998870e-01
8.729999999999999982e-01
1.937999999999999168e-01
9.099999999999999756e-02
7.350000000000003753e-02
8.880000000000004556e-02
1.003000000000000003e-01
1.230999999999999178e-01
1.774000000000000021e-01
9.090000000000005020e-02
6.330000000000002292e-02
1.614000000000000434e-01
1.741999999999999105e-01
5.820000000000002949e-02
1.091999999999999915e-01
1.259999999999999454e-01
2.416999999999999982e-01
1.697000000000001008e-01
7.219999999999995866e-02
1.302000000000000102e-01
4.469999999999996199e-02
1.460999999999999799e-01
1.054999999999999827e-01
2.272000000000000963e-01
4.350000000000003864e-02
1.458999999999998631e-01
1.625999999999998835e-01
7.120000000000001328e-02
2.899999999999999800e-02
9.019999999999994689e-02
9.519999999999997908e-02
1.591999999999999527e-01
1.456999999999999129e-01
1.742999999999999827e-01
5.849999999999999645e-02
8.540000000000000369e-02
9.190000000000003721e-02
1.348999999999999921e-01
8.469999999999999751e-02
8.890000000000003455e-02
6.950000000000000622e-02
8.749999999999999445e-02
1.086999999999999911e-01
1.592000000000000082e-01
1.723999999999999977e-01
1.324999999999999789e-01
1.386999999999999900e-01
1.481000000000000372e-01
2.721999999999999975e-01
1.146999999999999964e-01
1.355999999999999428e-01
7.429999999999989391e-02
4.600000000000006861e-02
1.686999999999999333e-01
9.269999999999997686e-02
1.200000000000000511e-01
1.743000000000000382e-01
8.579999999999998739e-02
1.123999999999999999e-01
5.859999999999995768e-02
2.770000000000011342e-02
8.899999999999988476e-02
4.440000000000007829e-02
1.011999999999999289e-01
1.264000000000000679e-01
1.303000000000000547e-01
1.181000000000000660e-01
6.050000000000010925e-02
2.720000000000002971e-02
6.410000000000010134e-02
6.270000000000008900e-02
1.154999999999999083e-01
8.909999999999995701e-02
1.933999999999999053e-01
8.210000000000000631e-02
1.699000000000000510e-01
1.153000000000001246e-01
6.048000000000000043e-01
5.084999999999999520e-01
2.108000000000000707e-01
3.658000000000000140e-01
5.599999999999999423e-01
1.795999999999999264e-01
1.272000000000000075e-01
1.319000000000000172e-01
1.004999999999999227e-01
1.276999999999999247e-01
4.649999999999994416e-02
6.070000000000010110e-02
9.089999999999995306e-02
6.620000000000000884e-02
4.809999999999996223e-02
1.345999999999999697e-01
1.712000000000000188e-01
8.380000000000001337e-02
1.406999999999998530e-01
4.389999999999993907e-02
5.730000000000007310e-02
1.406000000000000583e-01
1.143000000000000682e-01
2.579000000000000181e-01
1.745000000000000717e-01
1.571999999999999786e-01
2.083000000000000129e-01
1.073000000000000620e-01
8.019999999999993801e-02
