9.669999999999999429e-02
1.223999999999999810e-01
1.893000000000000238e-01
9.960000000000002185e-02
3.330000000000000321e-02
8.649999999999999356e-02
6.010000000000000758e-02
1.036999999999999866e-01
1.448999999999999733e-01
8.069999999999999396e-02
2.267999999999999738e-01
1.857999999999999929e-01
1.218000000000000194e-01
1.576999999999999791e-01
1.670999999999999985e-01
1.379000000000000226e-01
6.229999999999999427e-02
8.059999999999999110e-02
8.149999999999998912e-02
8.069999999999999396e-02
6.410000000000001807e-02
3.969999999999999918e-02
1.383999999999999952e-01
1.291999999999999815e-01
3.949999999999997957e-02
8.979999999999999094e-02
5.659999999999998366e-02
7.490000000000002212e-02
2.639999999999998598e-02
8.479999999999998650e-02
4.169999999999998708e-02
1.143999999999999601e-01
6.820000000000001061e-02
5.150000000000001799e-02
1.162000000000000532e-01
6.930000000000000049e-02
1.398999999999999966e-01
6.689999999999997338e-02
4.119999999999996582e-02
6.379999999999998173e-02
6.509999999999997733e-02
1.282000000000000361e-01
1.015000000000000069e-01
1.146999999999999964e-01
5.169999999999998902e-02
9.220000000000000417e-02
6.750000000000003220e-02
6.079999999999999294e-02
8.450000000000001954e-02
3.199999999999998679e-02
6.439999999999998503e-02
4.539999999999994734e-02
1.451999999999999957e-01
1.243000000000000493e-01
2.119999999999996887e-02
1.292999999999999983e-01
1.095000000000000001e-01
5.130000000000001226e-02
8.679999999999998828e-02
5.199999999999997680e-02
2.106999999999999984e-01
1.139999999999999764e-01
1.203000000000000180e-01
6.290000000000001146e-02
4.719999999999999890e-02
3.329999999999999627e-02
7.519999999999998908e-02
9.560000000000001830e-02
1.099999999999999589e-01
9.569999999999999341e-02
5.739999999999996494e-02
7.170000000000004148e-02
5.299999999999997075e-02
4.259999999999999898e-02
6.100000000000001255e-02
7.170000000000004148e-02
3.510000000000002701e-02
1.565000000000000002e-01
1.617000000000000104e-01
1.030999999999999972e-01
7.729999999999995208e-02
9.309999999999998832e-02
1.512000000000000011e-01
4.250000000000000305e-02
3.819999999999999785e-02
5.980000000000000593e-02
5.459999999999998882e-02
8.799999999999996714e-02
4.320000000000000923e-02
6.299999999999997269e-02
1.155000000000000193e-01
3.949999999999997957e-02
4.410000000000001419e-02
5.399999999999999939e-02
5.339999999999999608e-02
4.750000000000000056e-02
1.305000000000000049e-01
1.052000000000000157e-01
1.966999999999999860e-01
1.178000000000000158e-01
1.498000000000000165e-01
3.899999999999999301e-02
1.858999999999999819e-01
1.607999999999999985e-01
9.870000000000000995e-02
1.221999999999999892e-01
6.810000000000002163e-02
6.320000000000002005e-02
1.207999999999999907e-01
1.728000000000000091e-01
1.198999999999999927e-01
1.324000000000000454e-01
1.073999999999999816e-01
8.829999999999998961e-02
2.241999999999999549e-01
1.701999999999999902e-01
1.696999999999999897e-01
9.350000000000001366e-02
3.799999999999999212e-02
1.015000000000000346e-01
5.709999999999999798e-02
6.919999999999998375e-02
6.480000000000001037e-02
2.410000000000003459e-02
2.192000000000000060e-01
2.531000000000000472e-01
1.737000000000000210e-01
1.543999999999999817e-01
1.441999999999999948e-01
8.260000000000000675e-02
1.307999999999999996e-01
9.039999999999995262e-02
1.025000000000000216e-01
5.480000000000002924e-02
4.890000000000003372e-02
7.420000000000001594e-02
8.630000000000001559e-02
1.141999999999999682e-01
1.502999999999999892e-01
4.889999999999998515e-02
4.129999999999997562e-02
4.260000000000001286e-02
5.349999999999996425e-02
1.470000000000000473e-01
8.500000000000001998e-02
8.650000000000002132e-02
1.048000000000000181e-01
5.529999999999994642e-02
8.480000000000001426e-02
3.349999999999999506e-02
4.909999999999998394e-02
6.879999999999998617e-02
1.009999999999999787e-01
1.344999999999999807e-01
6.139999999999999625e-02
4.610000000000000209e-02
6.859999999999999432e-02
4.440000000000003666e-02
8.860000000000001208e-02
7.200000000000000844e-02
5.240000000000001601e-02
