1.654000000000000192e-01
1.448000000000000120e-01
9.400000000000001410e-02
3.096000000000000418e-01
1.550999999999999879e-01
1.360000000000000098e-01
7.889999999999999791e-02
1.695999999999999730e-01
2.076000000000000068e-01
1.413000000000000089e-01
1.555000000000000271e-01
7.920000000000000651e-02
2.674999999999999600e-01
2.005000000000000115e-01
1.738000000000000100e-01
2.154000000000000359e-01
1.106999999999999929e-01
1.957999999999999741e-01
1.225999999999999868e-01
7.304000000000000492e-01
4.796000000000000263e-01
1.794999999999999929e-01
2.543999999999999595e-01
1.066999999999999615e-01
1.049999999999999822e-01
1.843000000000000194e-01
1.406000000000000305e-01
4.516000000000000014e-01
3.118999999999999551e-01
2.968999999999999972e-01
1.306999999999999829e-01
8.449999999999997791e-02
9.769999999999998130e-02
1.292999999999999705e-01
2.638000000000000345e-01
4.847000000000000197e-01
3.446000000000000174e-01
1.612999999999999712e-01
9.789999999999994540e-02
1.261999999999999789e-01
8.789999999999999203e-02
1.825000000000000511e-01
7.820000000000003337e-02
1.737000000000000210e-01
2.989999999999999603e-02
8.919999999999998763e-02
9.009999999999998566e-02
6.709999999999999298e-02
1.069999999999999979e-01
3.003000000000000114e-01
2.615000000000000102e-01
1.686000000000000276e-01
1.667000000000000148e-01
6.873000000000000220e-01
3.199000000000000732e-01
4.093000000000000527e-01
2.721999999999999975e-01
1.662000000000000144e-01
1.318000000000000005e-01
9.029999999999997751e-02
9.850000000000003197e-02
1.156000000000000083e-01
1.291999999999999538e-01
7.449999999999999678e-02
1.548999999999999821e-01
1.377000000000000168e-01
6.020000000000001045e-02
1.996999999999999609e-01
9.780000000000001192e-02
1.110000000000000153e-01
8.180000000000001159e-02
7.919999999999999263e-02
1.233999999999999958e-01
7.640000000000000957e-02
8.340000000000002967e-02
8.330000000000002680e-02
6.289999999999998370e-02
4.659999999999998865e-02
1.688999999999999946e-01
6.100000000000000561e-02
7.749999999999998557e-02
1.073000000000000065e-01
8.740000000000001934e-02
5.680000000000001714e-02
7.380000000000000449e-02
7.830000000000000848e-02
6.829999999999999960e-02
8.540000000000000369e-02
1.138000000000000123e-01
3.629999999999997118e-02
5.070000000000000895e-02
3.730000000000001370e-02
8.460000000000002240e-02
4.560000000000000164e-02
7.970000000000002083e-02
9.730000000000001148e-02
8.049999999999998823e-02
4.089999999999998498e-02
1.318999999999999617e-01
1.042000000000000010e-01
1.097000000000000058e-01
7.650000000000002631e-02
6.270000000000001961e-02
5.849999999999998257e-02
9.299999999999998546e-02
1.080999999999999739e-01
7.729999999999999372e-02
1.360999999999999988e-01
1.036000000000000254e-01
5.719999999999998697e-02
1.177999999999999742e-01
9.139999999999998126e-02
7.450000000000001066e-02
4.569999999999998369e-02
8.310000000000000719e-02
1.299000000000000155e-01
9.280000000000000748e-02
1.393000000000000071e-01
9.369999999999997775e-02
4.149999999999997441e-02
4.379999999999998478e-02
3.359999999999999098e-02
7.480000000000000537e-02
7.530000000000000582e-02
5.109999999999997183e-02
1.146000000000000074e-01
1.111000000000000182e-01
7.469999999999996088e-02
4.269999999999997409e-02
7.200000000000000844e-02
1.170999999999999819e-01
5.079999999999998406e-02
6.419999999999999318e-02
5.899999999999998301e-02
3.299999999999998074e-02
4.720000000000003360e-02
4.939999999999999947e-02
1.167000000000000259e-01
7.499999999999995559e-02
4.450000000000001177e-02
1.460999999999999799e-01
9.529999999999999583e-02
8.459999999999998077e-02
9.709999999999999187e-02
8.120000000000002216e-02
8.739999999999994995e-02
8.009999999999997677e-02
1.137999999999999984e-01
5.909999999999998588e-02
9.640000000000002733e-02
1.315999999999999670e-01
1.046999999999999736e-01
8.459999999999999465e-02
1.652000000000000690e-01
1.462999999999999856e-01
7.200000000000000844e-02
1.104999999999999871e-01
9.889999999999997404e-02
7.099999999999999367e-02
1.000999999999999945e-01
8.980000000000001870e-02
