1.254000000000000115e-01
1.582999999999999963e-01
4.500000000000001221e-02
2.842000000000000082e-01
2.599000000000000199e-01
9.800000000000000377e-02
9.179999999999999272e-02
1.142999999999999849e-01
2.802999999999999936e-01
2.980999999999999761e-01
1.477999999999999869e-01
1.992999999999999772e-01
1.691000000000000003e-01
2.177000000000000046e-01
1.561000000000000165e-01
1.495000000000000218e-01
1.612999999999999989e-01
1.567000000000000060e-01
1.461999999999999966e-01
2.211000000000000187e-01
1.383999999999999952e-01
2.306999999999999884e-01
1.920000000000000040e-01
9.450000000000000067e-02
1.381999999999999895e-01
2.540999999999999925e-01
1.783999999999999753e-01
1.688000000000000056e-01
1.299000000000000155e-01
2.707000000000000517e-01
1.082999999999999935e-01
1.122999999999999832e-01
2.350000000000000144e-01
2.351000000000000312e-01
1.466999999999999971e-01
9.750000000000003109e-02
1.441999999999999671e-01
1.548999999999999544e-01
1.953999999999999626e-01
2.289999999999999536e-01
1.214999999999999691e-01
3.651999999999999691e-01
2.031999999999999917e-01
1.826000000000000123e-01
2.052999999999999825e-01
1.333000000000000018e-01
8.109999999999999154e-02
1.756999999999999673e-01
2.618000000000000327e-01
2.309000000000000219e-01
1.419999999999999596e-01
2.003999999999999948e-01
1.975000000000000089e-01
1.559999999999999720e-01
2.244999999999999774e-01
1.199999999999999262e-01
9.650000000000000244e-02
5.849999999999996869e-02
5.410000000000004389e-02
1.063999999999999807e-01
5.580000000000002319e-02
6.899999999999999190e-02
9.299999999999997158e-02
5.610000000000003872e-02
8.799999999999993938e-02
1.282999999999999696e-01
6.899999999999999190e-02
1.687999999999999501e-01
1.594999999999999751e-01
1.733000000000000096e-01
1.589999999999999192e-01
1.522000000000000020e-01
5.439999999999999003e-02
6.360000000000001763e-02
1.212999999999999912e-01
1.305999999999999939e-01
1.122000000000000774e-01
5.969999999999999613e-02
1.493999999999999773e-01
1.206999999999999740e-01
2.783999999999999808e-01
1.522999999999999354e-01
3.161000000000000476e-01
1.480000000000000204e-01
1.566999999999999782e-01
8.230000000000001203e-02
7.450000000000006617e-02
4.510000000000008447e-02
4.809999999999993447e-02
6.620000000000002272e-02
1.251999999999999780e-01
1.093999999999999556e-01
1.032000000000000139e-01
2.909999999999997658e-02
7.460000000000004128e-02
1.484999999999999654e-01
2.541999999999999260e-01
1.641999999999999016e-01
7.010000000000002340e-02
2.238000000000000267e-01
1.440000000000000169e-01
1.647000000000000131e-01
1.759000000000000008e-01
1.692999999999999505e-01
8.340000000000001579e-02
9.429999999999993943e-02
4.130000000000002419e-02
9.759999999999999232e-02
1.535999999999999865e-01
1.974999999999999534e-01
8.189999999999994507e-02
4.519999999999999712e-02
3.200000000000001454e-02
8.180000000000001159e-02
1.005999999999999950e-01
3.530000000000001886e-02
1.159000000000000030e-01
7.809999999999991949e-02
1.384999999999999565e-01
1.782999999999999585e-01
2.202000000000000068e-01
2.588000000000000300e-01
1.189000000000000473e-01
1.654999999999998972e-01
1.057000000000000994e-01
1.440999999999999504e-01
1.230999999999998901e-01
9.570000000000007667e-02
1.213000000000000744e-01
1.335999999999999965e-01
6.690000000000009828e-02
6.739999999999993219e-02
9.270000000000001850e-02
8.349999999999987987e-02
4.709999999999994053e-02
7.130000000000004390e-02
1.540999999999999037e-01
1.208999999999998687e-01
1.479999999999999649e-01
8.490000000000011426e-02
7.580000000000008953e-02
7.999999999999998779e-02
2.320000000000006779e-02
7.800000000000004152e-02
4.329999999999998433e-02
5.639999999999995711e-02
1.312999999999999168e-01
7.750000000000012434e-02
1.703000000000000069e-01
9.680000000000001104e-02
1.089000000000000523e-01
6.419999999999992379e-02
6.230000000000007754e-02
4.429999999999986726e-02
9.469999999999992313e-02
5.829999999999993521e-02
7.620000000000004547e-02
9.749999999999992006e-02
1.360999999999999710e-01
1.297000000000000375e-01
8.510000000000006448e-02
