1.954000000000000181e-01
1.566000000000000170e-01
1.487999999999999878e-01
7.439999999999999392e-02
1.618999999999999884e-01
9.620000000000000773e-02
1.062999999999999917e-01
7.309999999999999831e-02
1.245999999999999885e-01
2.197999999999999954e-01
1.439000000000000001e-01
1.260000000000000009e-01
1.395000000000000129e-01
1.086999999999999911e-01
1.844999999999999973e-01
1.832000000000000017e-01
1.122999999999999970e-01
7.189999999999997782e-02
1.818000000000000171e-01
1.517000000000000293e-01
1.637000000000000122e-01
6.800000000000003264e-02
1.141000000000000070e-01
9.079999999999999183e-02
1.883000000000000229e-01
1.116000000000000048e-01
1.311000000000000221e-01
1.281000000000000194e-01
4.939999999999998559e-02
8.909999999999999865e-02
1.776000000000000079e-01
2.661000000000000032e-01
1.549000000000000099e-01
1.811000000000000110e-01
1.446999999999999953e-01
1.438000000000000111e-01
1.367999999999999772e-01
4.570000000000000728e-01
2.477000000000000035e-01
1.746000000000000052e-01
1.806000000000000105e-01
1.285000000000000031e-01
1.426000000000000045e-01
1.196999999999999731e-01
1.509000000000000341e-01
1.580000000000000293e-01
1.980000000000000093e-01
1.559999999999999720e-01
2.273000000000000020e-01
2.147999999999999909e-01
2.356000000000000039e-01
2.211000000000000187e-01
1.551000000000000156e-01
1.372000000000000441e-01
1.487000000000000266e-01
1.457999999999999852e-01
1.723000000000000087e-01
1.474000000000000310e-01
2.189000000000000390e-01
2.106000000000000094e-01
2.139000000000000068e-01
2.086999999999999966e-01
1.568999999999999839e-01
2.447999999999999621e-01
2.612999999999999767e-01
1.995999999999999996e-01
3.017999999999999572e-01
2.878999999999999893e-01
2.222999999999999421e-01
3.044999999999999374e-01
3.140000000000000013e-01
2.113000000000000156e-01
2.089000000000000024e-01
2.815999999999999615e-01
2.934999999999999276e-01
3.265000000000000124e-01
3.669999999999999929e-01
3.117000000000000326e-01
2.727000000000000535e-01
2.717000000000000526e-01
2.298000000000000043e-01
2.480999999999999872e-01
3.163000000000000256e-01
3.331000000000000072e-01
3.071999999999999731e-01
3.547000000000000153e-01
2.786000000000000143e-01
3.208999999999999631e-01
3.124999999999999445e-01
2.078999999999999460e-01
2.477999999999999370e-01
2.660000000000000142e-01
2.374999999999999889e-01
2.003000000000000336e-01
2.594000000000000750e-01
2.557000000000000384e-01
1.574999999999999734e-01
2.147999999999999909e-01
2.711000000000000076e-01
1.599000000000000421e-01
1.502000000000000279e-01
2.433000000000000163e-01
2.463000000000000189e-01
2.150999999999999579e-01
1.506000000000000116e-01
2.497000000000000330e-01
1.443999999999999728e-01
2.923000000000000043e-01
2.448000000000000176e-01
2.164999999999999980e-01
1.476999999999999702e-01
4.410000000000000031e-01
2.702000000000000512e-01
2.124000000000000055e-01
2.459000000000000352e-01
2.464000000000000079e-01
2.368999999999999717e-01
2.759000000000000341e-01
2.807999999999999940e-01
1.994000000000000494e-01
2.271999999999999853e-01
1.594000000000000417e-01
3.593000000000000638e-01
2.854999999999999205e-01
3.944999999999999618e-01
1.183000000000000440e-01
3.552000000000000712e-01
7.446999999999999176e-01
8.246999999999999886e-01
1.705000000000000404e-01
3.412999999999999368e-01
3.003999999999999448e-01
5.194000000000000838e-01
1.327999999999999736e-01
2.840999999999999637e-01
4.072000000000000064e-01
5.074000000000000732e-01
1.840999999999999859e-01
3.214000000000000190e-01
8.391999999999998350e-01
8.840999999999998860e-01
2.456999999999999740e-01
4.184999999999999831e-01
3.086999999999999189e-01
4.512999999999999234e-01
7.429999999999997717e-02
3.009999999999999343e-01
4.906999999999998585e-01
5.940999999999999615e-01
1.621999999999999831e-01
3.765999999999999348e-01
2.086999999999999689e-01
3.699000000000001176e-01
1.099999999999999867e-01
3.195999999999999397e-01
4.128999999999999893e-01
4.943000000000000171e-01
2.857999999999999985e-01
3.168000000000000260e-01
1.630000000000000060e-01
2.882999999999999452e-01
