5.889999999999999403e-02
8.859999999999999820e-02
3.309999999999999748e-02
3.249999999999999417e-02
7.900000000000000078e-02
6.799999999999999101e-02
2.610000000000000098e-01
7.060000000000000997e-02
1.015999999999999959e-01
1.553999999999999826e-01
1.060000000000000109e-01
8.259999999999997899e-02
5.469999999999999168e-02
9.229999999999999316e-02
1.391999999999999904e-01
5.499999999999999334e-02
6.630000000000001170e-02
1.000000000000000194e-01
1.658000000000000307e-01
9.509999999999999010e-02
1.627000000000000113e-01
1.216999999999999887e-01
8.299999999999999045e-02
1.504000000000000059e-01
6.430000000000002380e-02
6.140000000000001013e-02
4.839999999999998470e-02
6.339999999999998415e-02
8.540000000000001756e-02
1.086999999999999911e-01
1.517000000000000015e-01
5.859999999999999931e-02
1.862000000000000044e-01
9.319999999999999118e-02
1.076000000000000151e-01
2.106000000000000094e-01
3.849999999999998562e-02
5.840000000000000746e-02
8.750000000000000833e-02
1.525000000000000244e-01
1.136000000000000065e-01
6.649999999999997580e-02
1.794999999999999929e-01
1.865999999999999881e-01
7.159999999999999698e-02
1.240999999999999881e-01
1.147000000000000103e-01
1.971000000000000252e-01
6.909999999999996700e-02
7.239999999999999214e-02
3.110000000000000958e-02
1.721000000000000030e-01
1.246000000000000163e-01
1.703999999999999959e-01
7.459999999999999964e-02
7.830000000000000848e-02
3.299999999999998768e-02
4.329999999999999127e-02
4.989999999999999991e-02
1.442999999999999838e-01
1.051999999999999880e-01
7.140000000000001901e-02
1.116000000000000325e-01
6.350000000000000089e-02
1.106000000000000039e-01
7.960000000000001796e-02
1.189999999999999947e-01
1.363000000000000322e-01
9.099999999999999756e-02
7.400000000000002409e-02
1.090999999999999609e-01
5.890000000000000097e-02
9.480000000000005089e-02
8.359999999999999376e-02
7.270000000000000073e-02
1.955999999999999961e-01
2.527000000000000357e-01
2.084000000000000297e-01
8.659999999999998255e-02
1.800000000000000211e-01
8.429999999999998606e-02
2.235999999999999932e-01
1.438000000000000111e-01
6.980000000000001481e-02
2.767999999999999350e-01
3.592000000000000193e-01
2.387000000000000233e-01
1.012000000000000122e-01
9.340000000000001079e-02
4.520000000000000406e-02
6.900000000000000577e-02
1.395000000000000129e-01
9.679999999999998328e-02
4.229999999999996957e-02
1.608999999999999320e-01
8.600000000000002087e-02
5.340000000000001690e-02
1.237999999999999934e-01
3.950000000000001427e-02
5.500000000000002109e-02
1.051999999999999880e-01
1.246000000000000024e-01
5.940000000000000835e-02
1.444000000000000006e-01
7.880000000000003668e-02
1.560000000000000275e-01
1.451999999999999957e-01
1.112999999999999823e-01
9.909999999999997977e-02
7.789999999999999702e-02
4.499999999999999833e-02
7.850000000000001421e-02
2.489000000000000379e-01
1.164000000000000173e-01
8.619999999999999885e-02
1.595000000000000306e-01
1.240000000000000130e-01
1.842999999999999639e-01
1.108000000000000096e-01
2.166000000000000147e-01
1.362999999999999767e-01
4.320000000000003698e-02
1.484000000000000319e-01
1.006999999999999562e-01
5.779999999999996946e-02
8.889999999999997904e-02
3.870000000000000523e-02
2.840000000000002245e-02
1.407999999999999807e-01
8.739999999999996383e-02
2.060999999999999499e-01
1.099000000000000393e-01
1.611999999999999822e-01
2.086999999999999689e-01
1.003999999999999337e-01
1.575999999999999623e-01
4.239999999999999325e-02
6.560000000000004716e-02
1.324999999999999512e-01
7.790000000000005254e-02
1.105000000000000288e-01
1.716999999999999915e-01
1.061000000000000554e-01
6.439999999999997116e-02
1.289000000000000423e-01
1.528000000000000469e-01
1.698999999999999677e-01
1.202999999999999625e-01
1.139000000000000429e-01
7.409999999999999920e-02
7.519999999999997520e-02
1.966999999999999860e-01
1.229999999999999982e-01
1.711000000000000298e-01
7.589999999999998137e-02
1.315000000000000058e-01
1.381000000000000560e-01
6.910000000000006415e-02
9.959999999999998022e-02
1.396000000000000019e-01
5.380000000000003529e-02
