6.489999999999999936e-02
1.342000000000000137e-01
1.600000000000000033e-01
2.074000000000000010e-01
6.719999999999999585e-02
1.916000000000000203e-01
2.066000000000000059e-01
1.658000000000000029e-01
8.809999999999998388e-02
1.077000000000000041e-01
1.460000000000000187e-01
1.596999999999999809e-01
1.476000000000000090e-01
1.471999999999999975e-01
1.439000000000000001e-01
1.263999999999999846e-01
1.573999999999999844e-01
8.839999999999999247e-02
9.979999999999999982e-02
7.859999999999998932e-02
1.227999999999999925e-01
8.469999999999998364e-02
1.088000000000000078e-01
1.483000000000000151e-01
1.727000000000000202e-01
7.300000000000000933e-02
1.583999999999999853e-01
7.420000000000000207e-02
9.220000000000000417e-02
8.599999999999999312e-02
1.508000000000000174e-01
1.305999999999999939e-01
1.243999999999999828e-01
9.679999999999999716e-02
1.058999999999999941e-01
1.011000000000000232e-01
7.359999999999999876e-02
1.020000000000000073e-01
6.109999999999998765e-02
9.759999999999999232e-02
9.149999999999999800e-02
1.268999999999999850e-01
1.179999999999999938e-01
5.799999999999999600e-02
8.349999999999997702e-02
1.559999999999999998e-01
1.410000000000000142e-01
1.678999999999999937e-01
8.559999999999998166e-02
1.602999999999999980e-01
1.578999999999999848e-01
1.277999999999999969e-01
1.745000000000000440e-01
1.714000000000000523e-01
9.220000000000000417e-02
1.599000000000000143e-01
1.632000000000000117e-01
1.638000000000000012e-01
1.017999999999999738e-01
8.460000000000000853e-02
6.099999999999997091e-02
7.180000000000003046e-02
7.189999999999996394e-02
5.009999999999999176e-02
1.511000000000000121e-01
1.813000000000000167e-01
7.840000000000001135e-02
5.760000000000001924e-02
1.054000000000000076e-01
1.264000000000000123e-01
5.779999999999999721e-02
7.950000000000000122e-02
8.320000000000001006e-02
7.309999999999999831e-02
1.272999999999999965e-01
1.293000000000000260e-01
1.040000000000000369e-01
1.385000000000000397e-01
7.900000000000000078e-02
7.450000000000001066e-02
1.242999999999999938e-01
8.130000000000001115e-02
1.803000000000000158e-01
1.408999999999999975e-01
2.445000000000000229e-01
1.479000000000000037e-01
2.246000000000000218e-01
1.426999999999999658e-01
1.236999999999999766e-01
1.325999999999999401e-01
1.453999999999999737e-01
6.299999999999994493e-02
5.329999999999995852e-02
4.790000000000000507e-02
1.172999999999999876e-01
1.387999999999999512e-01
1.023000000000000020e-01
8.990000000000002156e-02
1.149000000000000160e-01
1.859999999999999987e-01
1.282000000000000361e-01
1.445000000000000173e-01
1.881999999999999784e-01
1.499000000000000332e-01
8.099999999999998868e-02
5.800000000000003070e-02
8.900000000000000966e-02
9.419999999999995044e-02
1.252999999999999947e-01
1.924000000000000432e-01
2.774999999999999689e-01
1.754999999999999893e-01
2.208000000000000518e-01
1.082000000000000184e-01
5.610000000000001791e-02
1.571000000000000452e-01
1.339000000000000190e-01
7.479999999999999150e-02
1.072999999999999926e-01
9.230000000000002092e-02
7.620000000000007323e-02
1.570000000000000007e-01
1.282999999999999696e-01
7.920000000000007589e-02
1.594999999999999751e-01
1.476000000000000090e-01
1.749999999999999889e-01
1.729000000000001092e-01
1.254000000000000115e-01
7.349999999999996814e-02
1.276000000000000467e-01
1.790000000000000480e-01
1.907000000000000917e-01
1.369999999999999829e-01
1.005000000000000338e-01
7.220000000000004192e-02
6.759999999999995179e-02
1.125999999999999224e-01
6.780000000000002691e-02
6.460000000000003240e-02
1.642000000000000126e-01
3.311000000000000609e-01
2.317999999999999505e-01
1.555000000000000548e-01
1.479999999999999927e-01
2.253000000000000003e-01
1.020999999999999547e-01
1.668000000000000316e-01
2.071999999999999398e-01
1.930999999999999384e-01
1.938999999999999890e-01
1.502999999999999892e-01
1.794000000000001149e-01
2.530000000000000027e-01
1.532999999999999641e-01
1.237999999999999101e-01
1.625999999999999113e-01
1.954000000000001291e-01
1.092999999999999666e-01
1.564999999999999725e-01
1.686999999999999889e-01
