7.660000000000000142e-02
1.098999999999999977e-01
1.439000000000000001e-01
6.369999999999999274e-02
8.599999999999999312e-02
7.019999999999999851e-02
9.299999999999999933e-02
1.125000000000000028e-01
5.619999999999999996e-02
6.740000000000001545e-02
6.400000000000000133e-02
1.185999999999999971e-01
1.218999999999999945e-01
1.728000000000000091e-01
3.517000000000000126e-01
2.056999999999999940e-01
1.015000000000000069e-01
5.539999999999999786e-02
1.145000000000000046e-01
5.090000000000000080e-02
5.840000000000000052e-02
8.170000000000002260e-02
2.859999999999998654e-02
5.900000000000000383e-02
8.210000000000000631e-02
1.125999999999999918e-01
1.162999999999999867e-01
1.320999999999999952e-01
2.166000000000000147e-01
2.010999999999999732e-01
1.275999999999999912e-01
7.100000000000000755e-02
9.390000000000001124e-02
1.246000000000000163e-01
6.919999999999998375e-02
1.130999999999999922e-01
5.269999999999999685e-02
1.124000000000000138e-01
7.759999999999998843e-02
1.828999999999999793e-01
1.185000000000000220e-01
6.650000000000000355e-02
4.960000000000000520e-02
5.060000000000001302e-02
9.129999999999997840e-02
1.173999999999999627e-01
1.273999999999999855e-01
5.000000000000001665e-02
2.013999999999999957e-01
1.158000000000000002e-01
2.907000000000000139e-01
1.989999999999999825e-01
7.130000000000003002e-02
5.219999999999999640e-02
4.329999999999996352e-02
7.019999999999998463e-02
1.450999999999999790e-01
1.351000000000000256e-01
9.979999999999995819e-02
1.338000000000000023e-01
1.004000000000000031e-01
8.380000000000002724e-02
8.700000000000000788e-02
1.533999999999999808e-01
4.397000000000000353e-01
3.849000000000000199e-01
9.089999999999998082e-02
1.335000000000000075e-01
1.690000000000000113e-01
2.562000000000000388e-01
4.547999999999999821e-01
1.456999999999999962e-01
2.181000000000000161e-01
1.370000000000000384e-01
1.398000000000000076e-01
1.079999999999999849e-01
7.830000000000000848e-02
6.340000000000001190e-02
4.760000000000000342e-02
1.350999999999999701e-01
1.113999999999999713e-01
1.571000000000000174e-01
2.022999999999999798e-01
2.589000000000000190e-01
1.521000000000000685e-01
1.090999999999999887e-01
1.137000000000000094e-01
7.560000000000001441e-02
6.030000000000000637e-02
9.749999999999997558e-02
7.880000000000006444e-02
1.306000000000000494e-01
8.629999999999998783e-02
6.249999999999999306e-02
1.274000000000000132e-01
6.030000000000000637e-02
1.013999999999999763e-01
1.072999999999999926e-01
3.480000000000001148e-02
7.949999999999998734e-02
6.220000000000001222e-02
1.241999999999999493e-01
1.232999999999999652e-01
1.394000000000000239e-01
9.470000000000002027e-02
4.839999999999997082e-02
7.659999999999998754e-02
1.163000000000000006e-01
1.912999999999999701e-01
9.169999999999997597e-02
2.672999999999999821e-01
1.799999999999999656e-01
2.079000000000000292e-01
2.705000000000000182e-01
2.340999999999999748e-01
2.398000000000000131e-01
3.132000000000000339e-01
1.754999999999999893e-01
1.552000000000000046e-01
1.884000000000000119e-01
1.072000000000000036e-01
7.810000000000003051e-02
1.754000000000000004e-01
2.189000000000000112e-01
1.586000000000000187e-01
1.378999999999999670e-01
9.650000000000000244e-02
8.060000000000000497e-02
9.099999999999996980e-02
1.058000000000000052e-01
8.740000000000000546e-02
5.669999999999998652e-02
7.959999999999996245e-02
8.180000000000001159e-02
1.087999999999999801e-01
1.158000000000000002e-01
1.175000000000000072e-01
8.400000000000004685e-02
1.436000000000000609e-01
1.355000000000000093e-01
1.113000000000000100e-01
1.311999999999999833e-01
8.959999999999998521e-02
8.400000000000001910e-02
1.706999999999999629e-01
9.029999999999999138e-02
1.291999999999999538e-01
1.283999999999999309e-01
1.036999999999999728e-01
1.027999999999999609e-01
1.088000000000000078e-01
1.303999999999999881e-01
1.510000000000000231e-01
8.999999999999996891e-02
1.329000000000000181e-01
2.226000000000000201e-01
5.612999999999999101e-01
4.042000000000000592e-01
2.166999999999999760e-01
2.335000000000000409e-01
2.225000000000000588e-01
