1.136000000000000065e-01
8.929999999999999050e-02
9.919999999999999651e-02
1.136000000000000065e-01
1.092000000000000054e-01
6.989999999999998992e-02
9.269999999999999074e-02
9.990000000000001656e-02
9.749999999999998945e-02
1.222000000000000031e-01
7.379999999999999061e-02
1.022999999999999743e-01
5.129999999999999144e-02
9.070000000000001672e-02
4.520000000000000406e-02
2.620000000000000800e-02
5.529999999999999499e-02
7.150000000000000799e-02
1.010000000000000064e-01
1.043000000000000038e-01
9.410000000000001696e-02
4.479999999999999261e-02
5.879999999999999810e-02
1.032000000000000001e-01
6.679999999999999827e-02
6.610000000000001985e-02
5.689999999999998531e-02
8.349999999999999090e-02
5.539999999999999092e-02
9.890000000000000180e-02
9.539999999999998481e-02
2.820000000000001672e-02
7.200000000000000844e-02
4.160000000000001891e-02
4.049999999999999434e-02
5.449999999999999983e-02
5.830000000000000460e-02
5.800000000000000988e-02
3.980000000000000204e-02
4.959999999999999132e-02
8.630000000000001559e-02
3.019999999999997686e-02
1.360999999999999988e-01
7.580000000000000626e-02
1.043000000000000038e-01
1.031000000000000250e-01
9.949999999999997735e-02
5.050000000000002404e-02
6.180000000000000077e-02
7.130000000000000226e-02
5.629999999999998894e-02
4.849999999999997369e-02
2.441000000000000392e-01
1.020000000000000351e-01
8.200000000000001732e-02
1.024999999999999939e-01
4.080000000000000293e-02
1.504000000000000059e-01
7.810000000000004439e-02
4.280000000000001165e-02
1.439999999999995450e-02
6.720000000000003748e-02
2.789999999999995262e-02
7.299999999999995381e-02
8.540000000000004532e-02
5.570000000000001339e-02
3.700000000000003286e-02
4.329999999999997046e-02
8.999999999999999667e-02
1.330999999999999961e-01
1.532000000000000028e-01
3.540000000000004254e-02
3.259999999999999704e-02
6.180000000000003546e-02
5.990000000000003655e-02
1.146999999999999686e-01
9.510000000000001785e-02
4.380000000000007498e-02
3.359999999999994935e-02
1.012999999999999456e-01
9.820000000000000950e-02
8.630000000000000171e-02
5.370000000000001161e-02
8.480000000000000038e-02
6.509999999999997733e-02
7.669999999999993490e-02
5.980000000000002675e-02
4.169999999999999402e-02
9.419999999999997820e-02
1.544999999999999707e-01
1.854999999999999982e-01
1.191000000000000253e-01
1.093000000000000360e-01
1.193000000000000171e-01
7.140000000000004676e-02
9.129999999999997840e-02
4.470000000000004525e-02
4.929999999999996885e-02
3.939999999999994201e-02
7.230000000000001703e-02
6.830000000000008287e-02
1.432000000000000217e-01
1.257000000000000062e-01
9.010000000000001341e-02
1.401999999999999913e-01
1.142999999999999988e-01
9.100000000000003919e-02
1.524000000000000632e-01
1.328999999999999904e-01
1.159000000000000169e-01
6.380000000000000948e-02
8.780000000000003080e-02
8.449999999999999178e-02
2.079999999999990190e-02
1.025000000000000078e-01
6.159999999999994647e-02
9.740000000000004210e-02
8.029999999999998250e-02
5.639999999999995711e-02
1.542000000000000037e-01
6.359999999999994824e-02
1.439000000000000556e-01
1.316999999999999837e-01
1.030999999999999972e-01
5.639999999999999875e-02
8.530000000000001470e-02
5.519999999999999213e-02
1.070999999999999869e-01
1.298999999999999599e-01
1.347999999999999199e-01
1.189000000000000057e-01
4.869999999999988227e-02
2.918999999999999373e-01
3.101000000000000423e-01
1.696000000000000285e-01
7.509999999999997233e-02
1.140000000000000180e-01
9.870000000000003770e-02
1.488999999999999768e-01
8.230000000000002591e-02
6.709999999999999298e-02
7.070000000000001283e-02
8.550000000000000655e-02
6.109999999999998072e-02
1.215999999999999720e-01
9.030000000000000526e-02
7.470000000000000251e-02
1.068000000000000338e-01
8.709999999999998299e-02
2.900000000000003270e-02
5.010000000000000564e-02
9.429999999999998106e-02
1.132000000000000367e-01
1.597000000000000086e-01
1.404000000000000248e-01
6.849999999999997757e-02
6.199999999999999262e-02
8.360000000000004927e-02
1.273999999999999855e-01
1.516000000000000125e-01
6.989999999999993441e-02
