9.599999999999998812e-02
1.029999999999999805e-01
8.180000000000001159e-02
8.419999999999999707e-02
1.416000000000000314e-01
6.579999999999999738e-02
1.014999999999999930e-01
1.158000000000000140e-01
1.053000000000000047e-01
8.200000000000000344e-02
4.440000000000000197e-02
1.055000000000000104e-01
3.659999999999997977e-02
1.026999999999999857e-01
7.900000000000001465e-02
3.400000000000000244e-02
9.160000000000001474e-02
1.587999999999999967e-01
9.839999999999995972e-02
6.300000000000001432e-02
6.759999999999997955e-02
1.846999999999999753e-01
2.215000000000000024e-01
2.486000000000000154e-01
3.122999999999999665e-01
1.571999999999999786e-01
1.203999999999999793e-01
1.502999999999999614e-01
1.035999999999999560e-01
1.061999999999999611e-01
1.229999999999999705e-01
9.400000000000005573e-02
4.330000000000000515e-02
1.043000000000000038e-01
6.570000000000006390e-02
1.432000000000001050e-01
1.201000000000000123e-01
1.028999999999999915e-01
1.135000000000000314e-01
5.760000000000004700e-02
1.236000000000000015e-01
9.520000000000000684e-02
1.321999999999999842e-01
8.699999999999993849e-02
6.919999999999995599e-02
1.407999999999999807e-01
1.116000000000000741e-01
5.450000000000006228e-02
7.740000000000005209e-02
6.950000000000002010e-02
8.259999999999999287e-02
8.670000000000001317e-02
9.189999999999994007e-02
3.040000000000005198e-02
7.209999999999994191e-02
6.779999999999998528e-02
1.233999999999999680e-01
1.176000000000000240e-01
9.270000000000003237e-02
7.440000000000009106e-02
1.098999999999999977e-01
1.138000000000000400e-01
6.739999999999984892e-02
1.302999999999999714e-01
1.291999999999998983e-01
1.485999999999999543e-01
9.879999999999992955e-02
1.123000000000001497e-01
1.107000000000001316e-01
1.245999999999999330e-01
6.589999999999995861e-02
9.840000000000009850e-02
1.030000000000000776e-01
9.319999999999988016e-02
8.050000000000009925e-02
6.980000000000016747e-02
2.062999999999999556e-01
4.133000000000001672e-01
2.829000000000000403e-01
1.521999999999999187e-01
7.630000000000007609e-02
1.522999999999999909e-01
6.529999999999999694e-02
6.930000000000009763e-02
5.919999999999997486e-02
9.509999999999990683e-02
1.857999999999999374e-01
1.474999999999999645e-01
1.043000000000001426e-01
7.000000000000003442e-02
8.639999999999981029e-02
5.309999999999989728e-02
6.840000000000003022e-02
6.170000000000004647e-02
1.610000000000000320e-02
5.719999999999993145e-02
8.239999999999993163e-02
5.009999999999989462e-02
8.749999999999993894e-02
1.952000000000000957e-01
8.059999999999989395e-02
1.011999999999999567e-01
6.540000000000005531e-02
1.149999999999998662e-01
1.027000000000000135e-01
2.441999999999999449e-01
1.091999999999999638e-01
8.420000000000021911e-02
1.397000000000001851e-01
4.010000000000005227e-02
7.930000000000006488e-02
6.409999999999985154e-02
1.793000000000000149e-01
3.705999999999999295e-01
9.980000000000001370e-02
1.135999999999998955e-01
7.949999999999991795e-02
1.086999999999998801e-01
1.131000000000000755e-01
7.280000000000030891e-02
5.419999999999980389e-02
8.129999999999995564e-02
7.279999999999996196e-02
2.369000000000001105e-01
2.876000000000000778e-01
2.459000000000000352e-01
1.307000000000000661e-01
1.181000000000000244e-01
1.073999999999999677e-01
5.950000000000014999e-02
9.270000000000011564e-02
5.690000000000008940e-02
7.030000000000025118e-02
8.919999999999990437e-02
3.859999999999995379e-02
1.217000000000000859e-01
1.683000000000001994e-01
1.164999999999999647e-01
7.019999999999991525e-02
7.129999999999996063e-02
1.578999999999999293e-01
1.429999999999999882e-01
1.520000000000001905e-01
2.726999999999998869e-01
2.322999999999999232e-01
9.929999999999995774e-02
8.159999999999979770e-02
8.119999999999992502e-02
1.238000000000001183e-01
1.012999999999997514e-01
6.370000000000018703e-02
9.529999999999981541e-02
2.330000000000000959e-01
2.380999999999998673e-01
2.219000000000000417e-01
9.609999999999982445e-02
2.712000000000000521e-01
2.131000000000002337e-01
1.365000000000001767e-01
1.773000000000001242e-01
2.262999999999999734e-01
