1.519999999999999962e-01
1.423999999999999988e-01
5.279999999999999971e-02
1.576000000000000179e-01
1.827000000000000013e-01
1.764000000000000012e-01
1.359000000000000208e-01
2.670000000000000151e-01
2.607000000000000428e-01
1.859000000000000097e-01
2.746999999999999997e-01
2.620000000000000107e-01
1.593999999999999861e-01
6.990000000000000380e-02
2.146000000000000130e-01
1.239000000000000101e-01
2.129000000000000059e-01
1.321999999999999842e-01
8.680000000000000215e-02
1.049999999999999822e-01
1.605999999999999928e-01
2.308999999999999664e-01
1.771999999999999964e-01
6.698999999999999400e-01
1.746299999999999963e+00
3.664999999999998259e-01
1.992000000000000992e-01
1.717000000000000470e-01
3.246999999999999886e-01
1.418000000000001481e-01
3.981000000000001204e-01
1.197000000000000841e-01
5.174000000000000821e-01
4.901999999999999691e-01
3.199999999999998401e-01
2.028000000000000913e-01
4.419999999999994766e-02
1.987000000000000710e-01
3.639999999999999347e-01
2.570999999999998842e-01
2.580000000000000071e-01
4.612999999999999323e-01
1.697000000000002118e-01
8.679999999999998828e-02
1.490000000000000213e-01
1.662000000000001532e-01
2.680000000000001270e-01
1.817000000000001947e-01
1.480999999999998151e-01
9.319999999999993567e-02
1.593999999999999584e-01
1.435999999999999499e-01
1.880000000000001115e-01
1.565000000000000280e-01
2.229000000000000981e-01
2.684000000000000830e-01
2.160000000000000808e-01
4.119999999999984786e-02
1.934000000000000441e-01
1.930000000000001714e-01
2.003999999999999670e-01
9.710000000000006126e-02
3.746999999999999220e-01
2.218000000000000249e-01
6.369999999999997886e-02
2.416000000000000369e-01
2.752000000000000002e-01
1.056999999999999329e-01
1.277999999999999692e-01
8.840000000000000080e-01
7.180000000000000826e-01
3.528999999999998805e-01
3.785999999999999366e-01
6.026000000000000245e-01
9.424000000000000155e-01
4.022000000000000575e-01
4.112999999999999989e-01
3.766999999999999238e-01
3.459999999999998632e-01
1.047000000000001818e-01
1.133000000000000812e-01
2.417000000000000259e-01
1.648999999999999910e-01
1.473000000000000420e-01
1.220000000000000390e-01
1.189999999999999530e-01
1.465000000000000746e-01
7.449999999999999678e-02
3.228000000000000869e-01
1.527000000000000302e-01
5.530000000000005050e-02
1.198000000000001009e-01
3.630000000000008220e-02
2.084999999999999354e-01
1.613999999999999047e-01
7.980000000000000981e-02
1.182999999999999330e-01
1.125000000000000722e-01
2.372999999999999554e-01
1.611000000000001042e-01
1.479000000000000037e-01
1.111999999999998823e-01
2.206000000000000183e-01
4.059999999999993475e-02
1.113000000000000239e-01
9.479999999999991211e-02
2.124999999999999112e-01
2.122000000000000552e-01
2.752999999999999892e-01
2.316999999999999615e-01
5.080000000000010896e-02
1.418000000000000094e-01
2.323000000000000620e-01
1.938000000000000833e-01
4.859999999999992798e-02
1.221000000000000973e-01
1.362999999999999767e-01
1.988000000000001155e-01
2.242999999999999994e-01
1.806000000000000938e-01
2.244999999999999496e-01
3.666000000000000369e-01
2.317000000000001003e-01
1.045999999999999985e-01
1.782000000000001361e-01
1.547000000000001430e-01
1.346999999999999031e-01
1.539000000000000090e-01
1.030000000000001054e-01
1.067000000000000448e-01
3.529999999999993560e-02
2.254999999999999782e-01
2.160999999999999588e-01
1.146999999999999131e-01
9.829999999999999849e-02
2.585000000000000075e-01
3.062000000000000832e-01
1.616999999999998439e-01
1.774000000000000021e-01
1.015000000000001179e-01
2.363999999999999990e-01
2.009000000000000230e-01
2.954999999999999849e-01
1.325000000000000067e-01
6.796000000000000929e-01
2.377999999999999003e-01
5.001999999999999780e-01
5.071999999999998732e-01
2.895999999999999686e-01
5.605999999999999872e-01
4.175000000000000933e-01
2.877999999999998892e-01
6.550000000000003042e-02
2.313999999999999391e-01
1.996000000000001107e-01
1.276999999999999802e-01
2.489999999999998881e-01
1.914999999999999758e-01
2.216000000000000192e-01
1.957000000000000406e-01
1.105000000000000288e-01
