3.345000000000000195e-01
4.299000000000000044e-01
4.578000000000000402e-01
5.322999999999999954e-01
5.246999999999999442e-01
4.652999999999999914e-01
4.364000000000000101e-01
4.385000000000000009e-01
3.914000000000000257e-01
3.545000000000000373e-01
4.405999999999999917e-01
4.936999999999999722e-01
4.606999999999999984e-01
4.218999999999999972e-01
4.254999999999999893e-01
4.717000000000000082e-01
3.630999999999999783e-01
3.085999999999999854e-01
3.690999999999999837e-01
4.206000000000000294e-01
3.634999999999999898e-01
2.713999999999999746e-01
2.767000000000000015e-01
3.560999999999999721e-01
2.230999999999999928e-01
2.326000000000000290e-01
1.872999999999999943e-01
1.441999999999999948e-01
1.729999999999999871e-01
2.550999999999999934e-01
2.916999999999999593e-01
2.370000000000000162e-01
1.565999999999999615e-01
3.015999999999999792e-01
3.235999999999999988e-01
2.843999999999999861e-01
4.057000000000000051e-01
4.751000000000000223e-01
4.618999999999999773e-01
5.008000000000000229e-01
5.024000000000000687e-01
3.699000000000000066e-01
4.052999999999999936e-01
4.442000000000000393e-01
3.724000000000000643e-01
2.353000000000000369e-01
2.510000000000000009e-01
2.179000000000000103e-01
2.044000000000000261e-01
2.377999999999999836e-01
2.949999999999999845e-01
3.511999999999999567e-01
4.098000000000000531e-01
4.388000000000000234e-01
3.970000000000000195e-01
4.802000000000000157e-01
4.066000000000000170e-01
3.904000000000000248e-01
2.775000000000000244e-01
1.677000000000000157e-01
2.074000000000000288e-01
2.560999999999999943e-01
3.533999999999999919e-01
4.259000000000000008e-01
4.158999999999999919e-01
4.222000000000000197e-01
4.964999999999999969e-01
3.819000000000000172e-01
2.589000000000000190e-01
2.748000000000000442e-01
1.723999999999999977e-01
2.908000000000000029e-01
2.812000000000000055e-01
2.618000000000000327e-01
3.894999999999999574e-01
3.612999999999999545e-01
3.639999999999999902e-01
3.852000000000000979e-01
3.518999999999999906e-01
3.734999999999999432e-01
3.530999999999999694e-01
3.353999999999999759e-01
2.892000000000000126e-01
3.472999999999999976e-01
3.472999999999999421e-01
2.651999999999999913e-01
2.318000000000000060e-01
2.351000000000000034e-01
1.676999999999999880e-01
2.169000000000000372e-01
2.416000000000000369e-01
2.187000000000000055e-01
2.161000000000000143e-01
1.903999999999999582e-01
2.482000000000000040e-01
3.221999999999999864e-01
2.508000000000000229e-01
2.160999999999999588e-01
1.308999999999999608e-01
2.244999999999999774e-01
2.863999999999999879e-01
2.499000000000000110e-01
3.729999999999999982e-01
4.790999999999999703e-01
4.238999999999999435e-01
2.467000000000000026e-01
1.133000000000000396e-01
1.416000000000000314e-01
3.290000000000000147e-01
5.002999999999999670e-01
5.534000000000001140e-01
4.934999999999999942e-01
4.638999999999999790e-01
4.505000000000000115e-01
4.224999999999999867e-01
4.322999999999999621e-01
3.996000000000000107e-01
3.941000000000000059e-01
3.134999999999999454e-01
2.777000000000000579e-01
1.767000000000000515e-01
8.220000000000000917e-02
2.137000000000000011e-01
3.057999999999999607e-01
4.066999999999999504e-01
5.129999999999999005e-01
4.658999999999999808e-01
4.031000000000000139e-01
3.073000000000000176e-01
2.136000000000000121e-01
2.500999999999999890e-01
4.030000000000000249e-01
5.485999999999999766e-01
5.055000000000000604e-01
3.220999999999999419e-01
1.904999999999999749e-01
2.108999999999999209e-01
1.963999999999999635e-01
2.139000000000000346e-01
3.050000000000000488e-01
3.706999999999999740e-01
4.578000000000000402e-01
4.599999999999999645e-01
5.103999999999999648e-01
4.726999999999999535e-01
4.976999999999999758e-01
4.838999999999999968e-01
3.432999999999999385e-01
3.195999999999999952e-01
3.022000000000000242e-01
3.037999999999999590e-01
1.673999999999999932e-01
2.011000000000000010e-01
2.758999999999999786e-01
3.013000000000000123e-01
3.623999999999999999e-01
3.835999999999999965e-01
2.787000000000000033e-01
1.608999999999999875e-01
1.417999999999999816e-01
1.992999999999999772e-01
