1.410000000000000142e-01
1.577999999999999958e-01
1.897000000000000075e-01
2.731999999999999984e-01
1.388000000000000345e-01
2.474000000000000088e-01
1.261999999999999789e-01
1.330999999999999961e-01
1.881999999999999784e-01
1.360999999999999988e-01
1.219000000000000222e-01
1.628000000000000003e-01
1.597999999999999698e-01
1.722999999999999532e-01
1.237000000000000044e-01
1.959000000000000463e-01
1.945000000000000062e-01
1.882000000000000062e-01
4.939999999999999947e-02
1.727000000000000479e-01
1.236999999999999489e-01
7.639999999999998181e-02
2.006000000000000005e-01
2.146000000000000130e-01
7.259999999999999787e-02
1.412999999999999812e-01
2.834000000000000408e-01
1.296999999999999542e-01
1.853999999999999815e-01
6.569999999999999452e-02
1.392999999999999794e-01
1.352999999999999758e-01
4.820000000000001367e-02
1.214999999999999969e-01
1.072000000000000175e-01
1.386000000000000565e-01
1.504000000000000337e-01
1.179000000000000603e-01
6.739999999999994607e-02
1.323000000000000009e-01
9.670000000000003593e-02
1.899000000000000132e-01
1.131999999999999534e-01
1.203999999999999654e-01
1.912000000000000088e-01
1.430999999999999772e-01
1.268999999999999573e-01
1.549000000000000377e-01
1.216000000000000553e-01
1.879000000000000115e-01
1.234000000000000236e-01
1.190000000000000224e-01
2.593000000000000305e-01
1.038000000000000034e-01
1.607999999999999985e-01
9.719999999999995310e-02
2.153999999999999804e-01
1.160999999999999532e-01
1.286999999999999811e-01
6.879999999999997229e-02
2.531000000000000472e-01
8.240000000000004265e-02
1.594000000000000972e-01
7.710000000000000187e-02
8.279999999999995697e-02
1.737000000000000210e-01
7.389999999999997959e-02
1.398000000000000076e-01
8.480000000000001426e-02
1.602999999999999980e-01
7.560000000000011156e-02
1.352999999999999758e-01
1.192000000000000282e-01
2.170999999999999597e-01
1.086000000000000576e-01
1.936000000000000498e-01
6.560000000000001941e-02
9.420000000000000595e-02
9.220000000000003193e-02
4.740000000000006014e-02
5.670000000000001428e-02
7.330000000000001792e-02
6.030000000000002719e-02
9.409999999999996145e-02
7.830000000000006399e-02
1.407000000000000195e-01
7.460000000000002740e-02
1.089999999999999858e-01
1.030000000000000360e-01
9.160000000000001474e-02
9.940000000000001612e-02
4.519999999999995549e-02
7.560000000000002829e-02
1.786999999999999700e-01
2.051999999999999935e-01
9.530000000000000970e-02
1.685000000000000386e-01
1.224000000000000088e-01
1.309999999999999776e-01
1.139999999999999486e-01
9.339999999999995528e-02
1.805000000000000215e-01
6.289999999999995595e-02
1.820999999999999563e-01
5.349999999999991568e-02
1.198000000000000453e-01
1.398000000000000353e-01
1.054999999999999827e-01
2.458999999999999519e-01
1.744999999999999885e-01
1.224000000000000921e-01
2.578000000000000291e-01
1.141999999999999960e-01
6.209999999999997466e-02
6.960000000000002296e-02
1.146000000000000213e-01
8.480000000000001426e-02
1.701000000000000290e-01
1.298999999999999877e-01
1.417999999999999816e-01
2.057999999999999552e-01
7.270000000000001461e-02
1.552999999999999936e-01
1.271999999999999797e-01
1.825000000000000233e-01
1.823000000000000731e-01
1.223000000000000476e-01
2.155000000000000249e-01
1.753000000000000114e-01
1.920999999999999652e-01
9.789999999999998703e-02
2.474999999999999423e-01
1.752999999999999559e-01
2.184999999999999720e-01
1.568999999999999839e-01
4.128000000000000003e-01
2.229000000000000425e-01
1.705999999999999739e-01
1.500999999999999834e-01
9.399999999999994471e-02
2.682000000000000495e-01
1.983999999999999653e-01
7.989999999999995717e-02
1.567999999999999949e-01
1.397000000000000464e-01
9.219999999999996254e-02
1.231999999999999484e-01
1.384000000000000785e-01
2.119000000000000605e-01
7.899999999999997302e-02
1.823000000000000731e-01
1.498999999999999777e-01
5.560000000000003828e-02
2.089999999999999636e-01
1.360000000000000098e-01
