6.130000000000000032e-02
4.649999999999999967e-02
1.563999999999999835e-01
1.207999999999999907e-01
1.439000000000000001e-01
1.076000000000000012e-01
2.621000000000000552e-01
1.640000000000000069e-01
1.101000000000000034e-01
5.170000000000000984e-02
1.093999999999999834e-01
1.646999999999999575e-01
1.356999999999999873e-01
1.700999999999999457e-01
1.520000000000000240e-01
1.478999999999999759e-01
1.496999999999999997e-01
5.739000000000000767e-01
2.452999999999999625e-01
1.375000000000000111e-01
9.870000000000002383e-02
3.018000000000000127e-01
7.200000000000003619e-02
2.049000000000000266e-01
8.249999999999997613e-02
4.260999999999999788e-01
3.028000000000000691e-01
5.286000000000000698e-01
8.712999999999999634e-01
5.977000000000000091e-01
2.877999999999998337e-01
3.808999999999999053e-01
1.927999999999999714e-01
4.493999999999999106e-01
3.321999999999998843e-01
3.859000000000000208e-01
1.658999999999999364e-01
7.041999999999999371e-01
1.669000000000001871e-01
1.439999999999999614e-01
1.936000000000001053e-01
8.620000000000006823e-02
1.088000000000000633e-01
1.106999999999999512e-01
8.109999999999999154e-02
2.270999999999999686e-01
9.750000000000008660e-02
1.995999999999999441e-01
1.554000000000000103e-01
1.517999999999999627e-01
8.189999999999997282e-02
8.279999999999995697e-02
1.446999999999999953e-01
1.428999999999999992e-01
4.998000000000000220e-01
1.844000000000000083e-01
2.629000000000000226e-01
1.386000000000000010e-01
8.470000000000010854e-02
1.790999999999999814e-01
2.111999999999998878e-01
3.806999999999999829e-01
1.965999999999999970e-01
2.545999999999999930e-01
1.185499999999999776e+00
6.826999999999999735e-01
1.424999999999999600e-01
1.441000000000000059e-01
2.721999999999999420e-01
5.294999999999998597e-01
3.299999999999999600e-01
3.371999999999998887e-01
6.450000000000000178e-02
1.712000000000000188e-01
1.772999999999999854e-01
2.067000000000000226e-01
2.697000000000000508e-01
1.270000000000000018e-01
1.622999999999999998e-01
1.995999999999999441e-01
1.279999999999999472e-01
2.590999999999999415e-01
1.152999999999999997e-01
8.590000000000008740e-02
1.664000000000000756e-01
1.461000000000000631e-01
2.037000000000000477e-01
2.207999999999998852e-01
9.599999999999998812e-02
4.200000000000000955e-02
7.140000000000008840e-02
7.830000000000007787e-02
1.759999999999999343e-01
8.849999999999991207e-02
1.124000000000001387e-01
3.005999999999999783e-01
2.305000000000000382e-01
1.370000000000001494e-01
1.686000000000000554e-01
1.622999999999999721e-01
1.914000000000000146e-01
1.386000000000000565e-01
4.008000000000000451e-01
7.134999999999999121e-01
3.345999999999999530e-01
2.061000000000000054e-01
1.734999999999999321e-01
3.679999999999999938e-02
1.592999999999999694e-01
9.480000000000003701e-02
1.133000000000000118e-01
7.999999999999998779e-02
5.121999999999999886e-01
2.105999999999999539e-01
1.092000000000001164e-01
4.330999999999999850e-01
6.769999999999989915e-02
1.093000000000000915e-01
1.554999999999998050e-01
5.529999999999996030e-02
2.339999999999973698e-02
5.890000000000006342e-02
3.197999999999999732e-01
1.380000000000000115e-01
1.717000000000001025e-01
4.230000000000001537e-01
1.820999999999999841e-01
4.227999999999998981e-01
3.126999999999999780e-01
4.370999999999999330e-01
3.036999999999999145e-01
1.633999999999997954e-01
1.620000000000000884e-01
2.185000000000001108e-01
2.518999999999999573e-01
1.702000000000000179e-01
1.576999999999999513e-01
5.289999999999989155e-02
1.310000000000000331e-01
2.416000000000000369e-01
6.700000000000011502e-02
2.970999999999998087e-01
1.737999999999999268e-01
7.419999999999994655e-02
2.753000000000001557e-01
2.935999999999998611e-01
2.637999999999999790e-01
7.919999999999993712e-02
1.395999999999999186e-01
2.269999999999998963e-01
1.075999999999999873e-01
2.087000000000000244e-01
1.531999999999999196e-01
1.261000000000000454e-01
1.126999999999999530e-01
