2.431999999999999995e-01
9.339999999999998304e-02
1.028999999999999915e-01
1.299000000000000155e-01
1.299000000000000155e-01
2.528000000000000247e-01
3.144000000000000128e-01
2.091000000000000081e-01
1.285999999999999921e-01
1.970999999999999974e-01
2.404000000000000026e-01
1.055000000000000104e-01
1.360999999999999988e-01
2.548000000000000265e-01
1.868000000000000216e-01
1.879000000000000115e-01
1.923999999999999877e-01
8.820000000000001450e-02
2.895000000000000351e-01
3.013000000000000123e-01
2.388000000000000123e-01
1.158000000000000279e-01
1.694000000000000228e-01
2.104000000000000037e-01
2.201000000000000179e-01
3.113000000000000211e-01
3.520000000000000906e-02
1.638000000000000012e-01
8.480000000000001426e-02
1.892999999999999960e-01
1.721000000000000030e-01
1.195000000000000090e-01
1.635000000000000064e-01
2.724899999999999878e+00
1.398700000000000054e+00
5.626999999999998670e-01
9.219999999999997642e-02
1.034999999999999531e-01
9.639999999999998570e-02
1.724999999999999867e-01
1.181999999999999718e-01
2.399000000000000299e-01
3.477999999999999980e-01
1.510999999999999843e-01
1.391000000000000014e-01
1.202000000000000013e-01
1.945999999999999674e-01
2.028000000000000080e-01
6.965999999999999970e-01
3.072000000000000286e-01
4.672999999999999932e-01
1.844999999999999973e-01
1.730000000000000149e-01
2.114000000000000046e-01
1.722000000000000197e-01
2.520000000000000018e-01
2.390999999999999792e-01
1.202000000000000152e-01
3.046000000000000374e-01
8.180000000000002547e-02
1.736000000000000321e-01
1.554999999999999993e-01
1.429999999999999605e-01
1.584000000000000130e-01
1.633000000000000285e-01
6.709999999999993747e-02
4.810999999999999166e-01
1.066999999999999060e-01
1.130999999999999783e-01
2.955999999999999739e-01
3.041000000000000369e-01
3.121999999999999775e-01
2.336999999999999633e-01
2.778999999999999804e-01
1.650000000000000078e-01
5.139999999999999430e-02
2.388999999999999735e-01
1.074999999999999706e-01
7.649999999999997080e-02
1.177999999999999048e-01
1.260000000000000009e-01
2.762999999999999901e-01
1.842000000000000581e-01
2.582000000000000406e-01
4.354000000000000092e-01
6.033000000000000584e-01
3.878000000000000336e-01
2.149000000000001465e-01
2.891999999999999016e-01
2.037000000000000199e-01
2.204999999999999183e-01
1.515999999999999015e-01
3.170000000000000595e-01
2.220000000000000029e-01
2.474000000000000921e-01
1.778999999999999471e-01
7.119999999999999940e-02
1.574199999999999822e+00
1.055200000000000138e+00
3.368999999999999773e-01
3.477999999999999980e-01
2.037000000000000199e-01
5.421000000000000263e-01
4.828999999999999959e-01
2.501999999999999780e-01
2.514999999999998903e-01
4.918000000000000149e-01
2.256999999999999562e-01
6.526999999999999469e-01
2.838999999999999302e-01
1.984000000000000485e-01
2.575000000000000622e-01
6.558000000000000496e-01
1.993000000000000882e-01
3.416000000000000147e-01
1.469000000000000306e-01
1.922999999999999154e-01
5.727000000000000979e-01
3.551000000000000822e-01
2.302000000000001823e-01
2.789000000000000368e-01
3.306000000000002825e-01
9.494999999999997886e-01
3.728000000000000203e-01
8.538000000000000034e-01
2.980000000000001537e-01
5.341999999999997861e-01
3.944999999999996287e-01
5.546999999999999709e-01
1.955400000000000027e+00
8.673999999999999488e-01
4.428000000000001379e-01
3.304999999999998495e-01
5.689000000000000723e-01
2.177999999999999103e-01
4.172000000000001818e-01
2.348999999999999977e-01
4.473999999999998534e-01
1.570999999999997954e-01
2.543999999999999595e-01
6.067000000000001281e-01
8.372000000000000552e-01
6.240999999999998771e-01
4.382000000000000339e-01
1.395799999999999930e+00
1.966500000000000137e+00
2.136000000000000398e-01
6.738000000000000655e-01
2.334000000000000241e-01
3.373399999999999732e+00
8.589000000000002188e-01
2.584500000000000242e+00
1.384300000000000086e+00
1.456999999999999851e+00
1.521100000000000119e+00
