1.171399999999999775e+00
4.007999999999999341e-01
2.642999999999999239e-01
1.876999999999999502e-01
3.205000000000000626e-01
8.129999999999992788e-02
7.786000000000000698e-01
1.042899999999999938e+00
5.302000000000000046e-01
2.441999999999999726e-01
2.304000000000000770e-01
6.441000000000001169e-01
2.477000000000001423e-01
3.522000000000000686e-01
3.856999999999999318e-01
4.918999999999999484e-01
1.167399999999999993e+00
3.628000000000000114e-01
1.417000000000000759e-01
5.737999999999999767e-01
9.312000000000001387e-01
4.268000000000000127e-01
1.281600000000000072e+00
1.580699999999999994e+00
2.418999999999998929e-01
1.211000000000000409e-01
2.323000000000000065e-01
2.303000000000000047e-01
2.009999999999999010e-01
8.739000000000000101e-01
1.392500000000000071e+00
3.491000000000000769e-01
4.320999999999999841e-01
1.255799999999999805e+00
7.898999999999999355e-01
1.740000000000000435e-01
2.913999999999999924e-01
7.227999999999998870e-01
1.055900000000000061e+00
3.967000000000000526e-01
3.952000000000000512e-01
2.593999999999999639e-01
2.003999999999999948e-01
1.681999999999999884e-01
8.170000000000002260e-02
5.178999999999999160e-01
7.451999999999998625e-01
3.081999999999999740e-01
1.126000000000000195e-01
4.739999999999999214e-01
7.517000000000000348e-01
3.038999999999999480e-01
3.300999999999999490e-01
9.949000000000000066e-01
3.523999999999999910e-01
1.523000000000001297e-01
1.145999999999998686e-01
5.559999999999999665e-02
4.929999999999994803e-02
6.750000000000000444e-02
1.771000000000001184e-01
6.984999999999998987e-01
2.257000000000000117e-01
6.220000000000001084e-01
6.400000000000000133e-01
1.949000000000001287e-01
3.764000000000000679e-01
3.155000000000001137e-01
2.373000000000001219e-01
1.184000000000001301e-01
7.747999999999999332e-01
6.149999999999999911e-01
5.791000000000000592e-01
5.554000000000001158e-01
2.463000000000001022e-01
1.832000000000000572e-01
1.144999999999999352e-01
7.979999999999994043e-02
1.189500000000000002e+00
5.681999999999999273e-01
9.852000000000000757e-01
1.506699999999999928e+00
8.660999999999998700e-01
1.752000000000001056e-01
1.093999999999999140e-01
1.786000000000001475e-01
4.581000000000000072e-01
7.106000000000001204e-01
1.855000000000000537e-01
3.709000000000000075e-01
6.171999999999999709e-01
1.883999999999999286e-01
2.082999999999999574e-01
2.523999999999998467e-01
2.703000000000000957e-01
2.859000000000000985e-01
3.314000000000000279e-01
4.010999999999999011e-01
1.897000000000000630e-01
8.139999999999997238e-02
1.024000000000000743e-01
4.503999999999999115e-01
2.894000000000001571e-01
2.607000000000000428e-01
1.871000000000000163e-01
2.081000000000000072e-01
1.716299999999999937e+00
7.837000000000000632e-01
2.803999999999999271e-01
1.322000000000000397e-01
1.324000000000000732e-01
6.380000000000002336e-02
2.080999999999998962e-01
2.377999999999999003e-01
1.646000000000000241e-01
9.649999999999996081e-02
1.675000000000000933e-01
1.537000000000000866e-01
7.839999999999999747e-02
2.072999999999999288e-01
1.195999999999999702e-01
4.680000000000000826e-02
5.319999999999995566e-02
1.640000000000000346e-01
1.504999999999999394e-01
5.779999999999993476e-02
3.988999999999999768e-01
2.533400000000000318e+00
1.893199999999999772e+00
3.332999999999999852e-01
1.058699999999999974e+00
2.328000000000000347e-01
1.548000000000000487e-01
3.229999999999998983e-01
1.368000000000000049e-01
4.112999999999999989e-01
6.740000000000004321e-02
2.720000000000000195e-01
2.474999999999999423e-01
6.984000000000000208e-01
1.623799999999999910e+00
6.232999999999999652e-01
3.930000000000000715e-01
3.004999999999999893e-01
1.762000000000000788e-01
1.582000000000000905e-01
4.353000000000000758e-01
3.206000000000000516e-01
3.222000000000000974e-01
7.810000000000007214e-02
1.983999999999999653e-01
1.853999999999999260e-01
1.233999999999999958e-01
3.346999999999999420e-01
3.782999999999999141e-01
