5.490000000000000435e-02
4.719999999999999196e-02
5.340000000000000302e-02
6.089999999999999580e-02
5.879999999999999810e-02
5.600000000000000810e-02
9.370000000000000551e-02
7.869999999999999218e-02
2.389999999999999764e-02
7.050000000000002098e-02
3.849999999999999950e-02
7.939999999999999836e-02
8.290000000000000147e-02
1.253000000000000225e-01
9.249999999999999889e-02
3.120000000000000551e-02
3.770000000000000434e-02
1.644000000000000183e-01
7.879999999999999505e-02
8.160000000000000586e-02
4.019999999999999962e-02
7.439999999999999392e-02
4.910000000000000475e-02
1.004999999999999782e-01
5.930000000000001242e-02
5.380000000000000060e-02
3.630000000000000587e-02
5.389999999999998959e-02
5.310000000000000137e-02
1.186000000000000110e-01
7.900000000000001465e-02
6.449999999999998790e-02
4.620000000000002577e-02
3.939999999999999059e-02
3.849999999999997868e-02
8.260000000000002063e-02
1.423999999999999710e-01
1.182000000000000273e-01
1.255999999999999894e-01
5.699999999999996736e-02
5.449999999999997902e-02
7.810000000000005826e-02
1.010000000000000342e-01
3.469999999999998086e-02
9.389999999999994185e-02
5.200000000000001843e-02
1.221000000000000141e-01
4.999999999999998196e-02
1.173000000000000154e-01
8.859999999999998432e-02
4.488000000000000878e-01
9.574000000000000288e-01
2.708000000000000407e-01
3.777999999999999692e-01
1.151000000000000079e-01
4.389999999999998764e-02
4.990000000000001379e-02
1.057000000000000439e-01
7.630000000000003446e-02
7.070000000000001283e-02
1.022999999999999743e-01
7.490000000000000824e-02
3.469999999999996698e-02
3.519999999999999518e-02
7.300000000000000933e-02
1.400000000000000133e-01
9.430000000000005045e-02
5.670000000000000734e-02
8.860000000000001208e-02
4.690000000000003194e-02
1.392999999999999516e-01
4.740000000000000463e-02
5.310000000000002912e-02
2.840000000000002245e-02
7.449999999999996902e-02
1.740999999999999770e-01
8.499999999999997835e-02
1.145999999999999797e-01
2.405000000000000471e-01
7.240000000000001990e-02
1.414999999999999869e-01
5.340000000000001690e-02
5.250000000000001887e-02
7.219999999999995866e-02
4.719999999999999196e-02
4.719999999999998502e-02
3.040000000000002423e-02
4.090000000000001273e-02
4.850000000000000144e-02
9.299999999999998546e-02
1.321000000000000230e-01
1.300000000000000044e-01
8.369999999999999662e-02
5.249999999999998418e-02
6.910000000000000864e-02
5.929999999999999161e-02
6.359999999999994824e-02
4.130000000000001725e-02
3.539999999999998703e-02
9.460000000000001741e-02
8.630000000000002947e-02
5.199999999999996292e-02
5.869999999999996054e-02
3.200000000000004924e-02
7.749999999999998557e-02
8.099999999999997480e-02
1.034000000000000613e-01
4.729999999999992544e-02
3.290000000000008196e-02
7.349999999999996814e-02
7.080000000000002958e-02
6.019999999999996881e-02
3.729999999999997207e-02
1.116000000000000325e-01
1.134000000000000424e-01
5.719999999999991064e-02
4.509999999999991793e-02
5.660000000000005305e-02
8.029999999999998250e-02
1.266000000000000458e-01
8.050000000000001599e-02
8.469999999999996976e-02
1.156000000000000222e-01
1.462999999999999856e-01
6.120000000000005297e-02
7.319999999999998730e-02
1.203000000000000042e-01
