1.975999999999999979e-01
3.244999999999999551e-01
2.163000000000000200e-01
1.883999999999999841e-01
1.021999999999999992e-01
5.679999999999999633e-02
1.489999999999999936e-01
1.264000000000000123e-01
1.166999999999999843e-01
8.120000000000002216e-02
8.989999999999997993e-02
1.159999999999999920e-01
2.104999999999999649e-01
1.847999999999999921e-01
1.831000000000000127e-01
1.084999999999999992e-01
1.461999999999999966e-01
1.408999999999999697e-01
8.220000000000000917e-02
4.050000000000000822e-02
6.250000000000000000e-02
1.210000000000000103e-01
1.145000000000000046e-01
1.885999999999999621e-01
1.965999999999999970e-01
1.446000000000000341e-01
1.314999999999999503e-01
4.934000000000000052e-01
1.897000000000000075e-01
4.050999999999999601e-01
1.257999999999999952e-01
5.957000000000000073e-01
1.200999999999999568e-01
2.023000000000000076e-01
1.619999999999999774e-01
8.820000000000000062e-02
4.379999999999999172e-02
1.356999999999999873e-01
1.026999999999999302e-01
2.584000000000000186e-01
2.365999999999999770e-01
1.778999999999999748e-01
2.202999999999999681e-01
1.781000000000000361e-01
1.424000000000000266e-01
1.997000000000000164e-01
2.285999999999999976e-01
1.804000000000000326e-01
1.771000000000000629e-01
3.551999999999999602e-01
1.311000000000000498e-01
2.476000000000000700e-01
1.178000000000000991e-01
5.830000000000011562e-02
4.895000000000000462e-01
1.192000000000000004e-01
1.652000000000000135e-01
6.569999999999993900e-02
8.339999999999991864e-02
1.458000000000000684e-01
1.449000000000000565e-01
6.059999999999992476e-02
1.839000000000000357e-01
2.379000000000000004e-01
2.227999999999999980e-01
2.154999999999999694e-01
1.844000000000000639e-01
1.542000000000000315e-01
1.559000000000000108e-01
2.450999999999999845e-01
4.756999999999999562e-01
4.186999999999999611e-01
2.048000000000000098e-01
3.918000000000000371e-01
1.596000000000000196e-01
1.431000000000000050e-01
3.413999999999999257e-01
7.805999999999998495e-01
7.657000000000001583e-01
3.373999999999999777e-01
1.441000000000000059e-01
1.079000000000000237e-01
1.063000000000000334e-01
9.819999999999999563e-02
1.614000000000000157e-01
9.740000000000000047e-02
5.949999999999998346e-02
3.119999999999999510e-02
6.049999999999996353e-02
6.740000000000000158e-02
1.560999999999999610e-01
6.109999999999996684e-02
3.720000000000002471e-02
1.095000000000000140e-01
1.205999999999999850e-01
1.159200000000000008e+00
2.729999999999999649e-01
9.980000000000005533e-02
1.211999999999999050e-01
1.805999999999999828e-01
1.146000000000000352e-01
2.489999999999999714e-01
1.686999999999999889e-01
1.170999999999999819e-01
2.714999999999999636e-01
4.027999999999999914e-01
3.044999999999999929e-01
1.723999999999999977e-01
5.389999999999998959e-02
6.729999999999999871e-02
2.360999999999999766e-01
1.595999999999999641e-01
1.970000000000000084e-01
1.219000000000000083e-01
5.889999999999998015e-02
7.900000000000001465e-02
4.469999999999997586e-02
9.259999999999998788e-02
5.819999999999998785e-02
8.530000000000002858e-02
1.085999999999999743e-01
1.161999999999999977e-01
4.990000000000000685e-02
8.490000000000005875e-02
1.213999999999999940e-01
3.840000000000001745e-02
8.459999999999995302e-02
9.389999999999995572e-02
1.606000000000000205e-01
7.739999999999999658e-02
1.195000000000000229e-01
1.360000000000000098e-01
5.209999999999994497e-02
6.199999999999995098e-02
4.469999999999995505e-02
2.889999999999995003e-02
3.869999999999997747e-02
4.509999999999998038e-02
2.942000000000000171e-01
5.079999999999999793e-02
5.637000000000000899e-01
1.719999999999999585e-01
9.580000000000001015e-02
7.230000000000000315e-02
1.388000000000000345e-01
1.086999999999999494e-01
8.060000000000003273e-02
5.599999999999999423e-02
1.181999999999999995e-01
2.819000000000000394e-01
2.736000000000000654e-01
6.034999999999999254e-01
2.853999999999999870e-01
2.237000000000000377e-01
1.326999999999999846e-01
