8.220000000000000917e-02
1.235000000000000264e-01
1.107000000000000067e-01
1.060999999999999999e-01
1.343000000000000027e-01
1.888999999999999846e-01
1.040999999999999981e-01
1.660000000000000364e-01
7.910000000000000364e-02
1.340999999999999970e-01
1.701000000000000012e-01
1.053000000000000047e-01
1.366999999999999882e-01
1.433999999999999997e-01
7.650000000000001243e-02
1.020999999999999963e-01
2.235999999999999932e-01
9.479999999999998150e-02
1.736999999999999933e-01
1.679999999999999827e-01
1.033999999999999780e-01
5.739999999999999963e-02
9.499999999999997335e-02
9.419999999999999207e-02
7.940000000000001223e-02
1.501999999999999724e-01
1.276000000000000190e-01
2.137999999999999901e-01
1.459000000000000297e-01
2.328000000000000069e-01
3.528000000000000025e-01
2.648999999999999688e-01
1.993999999999999662e-01
1.320999999999999952e-01
1.682999999999999774e-01
9.540000000000001257e-02
1.008999999999999619e-01
9.339999999999996916e-02
1.255000000000000004e-01
1.333999999999999631e-01
1.534999999999999976e-01
1.794999999999999929e-01
1.254000000000000115e-01
1.202999999999999903e-01
1.934999999999999776e-01
1.910999999999999643e-01
9.900000000000001854e-02
1.150999999999999801e-01
9.330000000000002180e-02
7.140000000000001901e-02
2.167000000000000592e-01
1.983999999999999653e-01
2.765999999999999570e-01
6.049999999999999822e-02
4.040000000000000258e-01
2.157999999999999918e-01
1.764999999999999625e-01
1.757999999999999285e-01
1.407000000000000473e-01
1.965000000000000080e-01
1.185999999999999555e-01
1.022999999999999743e-01
1.046000000000000402e-01
9.370000000000001938e-02
1.054000000000000214e-01
9.120000000000007268e-02
9.370000000000006102e-02
8.929999999999993499e-02
1.263000000000000234e-01
1.260999999999999899e-01
1.377999999999999781e-01
1.693999999999999395e-01
8.080000000000003846e-02
1.175000000000000072e-01
1.105000000000000704e-01
1.127999999999999559e-01
1.340000000000000080e-01
4.939999999999998559e-02
1.587999999999999690e-01
7.769999999999996354e-02
1.069000000000000089e-01
1.023999999999999494e-01
1.215999999999999026e-01
9.379999999999999449e-02
8.769999999999995854e-02
1.927000000000001212e-01
1.144000000000001127e-01
7.560000000000001441e-02
4.830000000000009980e-02
1.185999999999998722e-01
1.210999999999999854e-01
7.440000000000003555e-02
1.358000000000000873e-01
7.259999999999994236e-02
1.260999999999999344e-01
1.102999999999998981e-01
8.169999999999995322e-02
9.120000000000003104e-02
5.580000000000003707e-02
4.330000000000011617e-02
1.276999999999999247e-01
1.147999999999998744e-01
7.890000000000010894e-02
5.500000000000001416e-02
1.335999999999998855e-01
6.349999999999995925e-02
2.139999999999998848e-01
1.746999999999999664e-01
8.050000000000004374e-02
1.911000000000001309e-01
1.251000000000000445e-01
1.038000000000000450e-01
1.474999999999999090e-01
6.490000000000001323e-02
1.061999999999999333e-01
9.070000000000000284e-02
5.849999999999982991e-02
8.530000000000012572e-02
9.559999999999993503e-02
3.290000000000023461e-02
5.949999999999991407e-02
1.174000000000001431e-01
8.459999999999993914e-02
1.043000000000000593e-01
1.134000000000000841e-01
1.168999999999999484e-01
7.940000000000010938e-02
8.790000000000015856e-02
9.749999999999980904e-02
1.029999999999999805e-01
1.072000000000000314e-01
1.066999999999999893e-01
1.363999999999998547e-01
1.119999999999999191e-01
1.446000000000001728e-01
9.520000000000000684e-02
1.769000000000001127e-01
1.496000000000001773e-01
1.866000000000001546e-01
1.336999999999999855e-01
1.260000000000001674e-01
2.199000000000001509e-01
9.999999999999996392e-02
4.219999999999997364e-02
9.469999999999992313e-02
1.695999999999999175e-01
1.178999999999999909e-01
2.080000000000000182e-01
1.550999999999999601e-01
1.754000000000000004e-01
1.539999999999999147e-01
1.399000000000000521e-01
2.452999999999999070e-01
1.922000000000001485e-01
1.581000000000002681e-01
