5.679999999999999633e-02
7.300000000000000933e-02
6.460000000000000464e-02
1.977999999999999758e-01
2.162000000000000033e-01
2.394000000000000017e-01
2.297000000000000153e-01
1.445999999999999786e-01
1.313999999999999890e-01
3.740000000000001656e-02
2.379999999999998436e-02
4.380000000000000560e-02
1.081000000000000016e-01
2.288000000000000311e-01
1.271999999999999797e-01
3.171999999999999820e-01
1.941000000000000225e-01
3.073999999999999511e-01
2.418000000000000149e-01
5.700000000000000899e-02
2.364999999999999880e-01
1.560999999999999610e-01
9.450000000000004230e-02
1.788999999999999480e-01
1.458000000000000129e-01
1.622999999999999721e-01
2.972999999999999532e-01
6.520000000000002183e-02
4.718999999999999861e-01
1.326999999999999291e-01
5.179999999999998495e-02
4.459999999999986198e-02
1.000000000000000333e-01
1.071999999999999065e-01
1.623000000000001108e-01
2.438000000000000167e-01
3.666000000000000369e-01
2.140999999999999293e-01
2.182000000000000606e-01
1.025999999999999968e-01
4.579999999999995880e-02
6.740000000000000158e-02
1.224000000000000088e-01
1.184999999999999248e-01
1.024000000000000465e-01
3.979999999999995347e-02
1.013999999999999069e-01
1.444999999999999063e-01
1.773000000000000131e-01
2.849000000000000421e-01
1.406000000000000583e-01
1.054999999999999549e-01
3.394000000000000905e-01
1.483000000000001262e-01
1.720999999999999475e-01
8.939999999999995173e-02
8.390000000000001623e-02
8.330000000000001292e-02
1.016000000000000375e-01
7.880000000000000893e-02
2.204999999999999460e-01
2.265000000000000069e-01
1.528999999999999804e-01
2.117000000000000548e-01
1.706000000000000294e-01
1.737000000000000210e-01
7.519999999999996132e-02
1.131999999999999118e-01
9.500000000000000111e-02
1.196000000000000396e-01
8.579999999999998739e-02
8.310000000000000719e-02
8.350000000000001865e-02
4.959999999999993581e-02
1.283000000000002194e-01
9.360000000000015530e-02
1.658000000000000029e-01
9.179999999999993721e-02
7.709999999999984921e-02
1.276000000000001577e-01
9.230000000000015969e-02
3.439999999999999725e-01
2.419000000000001149e-01
1.580000000000000848e-01
1.610999999999999099e-01
7.969999999999996532e-02
7.210000000000002518e-02
6.580000000000021942e-02
1.468999999999998640e-01
1.429000000000000270e-01
2.341999999999999915e-01
1.705000000000001237e-01
3.577000000000001290e-01
1.378999999999999670e-01
2.884000000000001562e-01
2.809999999999991671e-02
8.199999999999990630e-02
2.016000000000000014e-01
5.081999999999999851e-01
2.403999999999998916e-01
1.939000000000000168e-01
8.289999999999997371e-02
1.705999999999999461e-01
1.571000000000000174e-01
6.779999999999998528e-02
1.166999999999999704e-01
8.290000000000000147e-02
7.400000000000013511e-02
1.399000000000000243e-01
4.033999999999998698e-01
1.323000000000000842e-01
1.453999999999998627e-01
1.142000000000000792e-01
7.260000000000005338e-02
2.630000000000012189e-02
3.400000000000000938e-02
3.870000000000001217e-02
6.249999999999986122e-02
5.300000000000006789e-02
8.800000000000078593e-03
4.149999999999992584e-02
6.360000000000026743e-02
4.150000000000009931e-02
5.909999999999999282e-02
3.270000000000007623e-02
4.390000000000009867e-02
4.359999999999997211e-02
3.779999999999975047e-02
7.109999999999999654e-02
6.380000000000010663e-02
7.790000000000014968e-02
3.349999999999990485e-02
1.949000000000000732e-01
1.237000000000001015e-01
7.940000000000002611e-02
1.175000000000000488e-01
5.430000000000007043e-02
3.520000000000011314e-02
9.030000000000003302e-02
1.406999999999999362e-01
1.850999999999999035e-01
1.276999999999999802e-01
6.279999999999985594e-02
8.399999999999989420e-02
2.970000000000007009e-02
2.510000000000007711e-02
3.629999999999996424e-02
2.610000000000007453e-02
5.000000000000009992e-02
1.100000000000000422e-01
9.770000000000002294e-02
1.523999999999998411e-01
4.222000000000000752e-01
8.359999999999982723e-02
5.500000000000015293e-02
