5.548999999999999488e-01
6.471000000000001195e-01
7.167999999999999927e-01
3.786000000000000476e-01
5.398000000000000576e-01
3.230999999999999428e-01
3.652000000000000246e-01
1.775999999999999801e-01
1.421999999999999931e-01
7.549999999999998379e-02
4.368999999999998440e-01
1.657599999999999740e+00
1.309599999999999875e+00
3.192000000000000393e-01
2.115000000000000491e-01
6.419999999999999041e-01
5.179000000000000270e-01
2.169999999999999429e-01
1.134000000000000008e-01
1.962999999999999745e-01
1.393000000000000904e-01
1.777000000000001079e-01
4.315999999999999837e-01
2.020900000000000141e+00
9.745999999999999108e-01
8.400000000000007461e-02
1.566999999999998394e-01
4.186999999999999611e-01
4.525000000000000688e-01
2.572999999999999177e-01
9.049999999999983058e-02
1.238999999999999824e-01
2.851000000000001311e-01
3.265000000000000124e-01
4.010000000000000786e-01
5.808999999999999719e-01
7.168999999999998707e-01
3.986000000000000099e-01
3.501999999999999003e-01
8.187000000000000943e-01
5.255999999999999561e-01
2.963000000000000078e-01
3.528000000000000580e-01
2.526999999999999802e-01
8.285000000000001252e-01
3.308999999999998609e-01
1.903999999999999582e-01
1.778999999999999471e-01
2.729000000000001980e-01
9.610000000000018527e-02
1.548999999999999266e-01
7.530000000000003357e-02
1.483000000000002927e-01
9.640000000000012448e-02
6.059999999999997333e-02
4.219999999999958507e-02
2.287999999999998646e-01
9.490000000000012315e-02
2.920000000000014598e-02
5.219999999999990620e-02
1.153999999999999609e-01
3.458999999999999297e-01
1.506599999999999939e+00
4.394000000000000128e-01
1.094500000000000028e+00
1.332099999999999840e+00
6.613999999999999879e-01
7.845999999999998531e-01
2.138999999999999790e-01
1.054999999999999410e-01
1.966000000000002190e-01
3.212000000000000965e-01
1.944000000000000727e-01
2.895999999999999686e-01
1.259000000000001229e-01
8.920000000000012641e-02
2.425000000000000211e-01
2.407000000000000250e-01
1.413000000000001477e-01
1.663999999999999924e-01
1.685999999999998611e-01
2.115000000000000213e-01
7.259999999999999787e-01
5.104999999999999538e-01
3.698999999999998400e-01
4.334999999999999409e-01
1.723000000000000365e-01
1.236999999999997962e-01
5.459999999999985004e-02
6.623000000000001108e-01
3.028399999999999981e+00
1.134100000000000330e+00
2.169499999999999762e+00
6.761999999999998012e-01
1.849099999999999966e+00
1.244999999999999662e+00
1.208299999999999930e+00
9.681000000000002936e-01
4.079000000000003734e-01
1.324500000000000011e+00
1.814400000000000013e+00
3.029000000000002801e-01
3.020999999999999797e-01
7.953999999999998849e-01
4.096000000000002972e-01
1.960199999999999942e+00
4.041999999999996707e-01
9.370000000000022755e-02
1.374999999999999556e-01
1.688999999999996338e-01
9.129999999999999227e-02
2.365999999999998382e-01
9.930000000000016591e-02
1.005000000000000754e-01
2.485000000000003872e-01
1.122000000000001607e-01
1.268000000000000793e-01
1.489999999999994107e-01
1.265999999999998515e-01
1.021000000000003849e-01
1.087000000000002131e-01
2.494999999999990281e-01
2.464000000000005630e-01
1.474000000000000865e-01
9.299999999999997158e-02
1.322000000000005115e-01
6.873000000000004661e-01
4.937000000000002498e-01
7.446999999999998066e-01
8.599000000000001087e-01
1.379699999999999926e+00
1.272499999999999520e+00
2.763300000000000090e+00
9.684000000000004826e-01
5.779000000000003023e-01
1.346999999999995423e-01
2.109599999999999476e+00
3.724300000000000388e+00
1.314699999999999758e+00
1.737300000000000288e+00
1.398100000000000342e+00
3.631399999999999295e+00
2.419000000000001371e+00
3.894999999999999574e+00
1.364799999999999791e+00
1.775800000000000933e+00
1.998199999999999754e+00
2.316100000000000492e+00
5.203999999999995296e-01
2.708999999999999742e-01
2.337999999999998413e-01
7.090999999999997305e-01
1.435000000000004883e-01
1.521000000000002905e-01
9.289999999999923319e-02
