2.819999999999999729e-01
1.612999999999999712e-01
7.160000000000001086e-02
1.013000000000000150e-01
1.310000000000000053e-01
1.655999999999999972e-01
7.899999999999998690e-02
1.039999999999999813e-01
9.610000000000001874e-02
1.060999999999999860e-01
8.539999999999998981e-02
8.200000000000003120e-02
1.498000000000000165e-01
1.749999999999999889e-01
2.979999999999997928e-02
7.180000000000003046e-02
1.890000000000000013e-02
5.320000000000001117e-02
1.394000000000000239e-01
7.439999999999999392e-02
2.990000000000000296e-02
4.460000000000004933e-02
5.339999999999994057e-02
1.968999999999999639e-01
1.743000000000000105e-01
7.200000000000005007e-02
1.168999999999999623e-01
6.259999999999998899e-02
9.349999999999999978e-02
5.369999999999996304e-02
2.408000000000000140e-01
1.140000000000000180e-01
1.349000000000000199e-01
1.097000000000000197e-01
8.299999999999992106e-02
1.373999999999999666e-01
2.559000000000000163e-01
2.206000000000000461e-01
8.359999999999997988e-02
9.820000000000003726e-02
4.680000000000000826e-02
1.400999999999999746e-01
1.143999999999999601e-01
2.055000000000000160e-01
1.676000000000000267e-01
1.862000000000000322e-01
2.998999999999999444e-01
8.389999999999994684e-02
4.612999999999999878e-01
1.657899999999999707e+00
6.209000000000000075e-01
5.601999999999999202e-01
4.655000000000000249e-01
1.277999999999999969e-01
2.377000000000000779e-01
1.030999999999999139e-01
7.780000000000000804e-02
9.500000000000001499e-02
1.530000000000000249e-01
5.136000000000000565e-01
2.827000000000000624e-01
1.630000000000000338e-01
2.693999999999999728e-01
7.810000000000014153e-02
6.500000000000014100e-02
1.209999999999999548e-01
2.258999999999999897e-01
6.420000000000003482e-02
7.610000000000001485e-02
6.140000000000002400e-02
3.139999999999998348e-02
1.791999999999998872e-01
9.110000000000004206e-02
1.052999999999998937e-01
5.050000000000004485e-02
1.209000000000000352e-01
5.370000000000008100e-02
6.690000000000007052e-02
2.819000000000000949e-01
5.439999999999994840e-02
1.123999999999999722e-01
1.306000000000000494e-01
5.070000000000007834e-02
7.020000000000010953e-02
2.738999999999999213e-01
1.178000000000000019e-01
8.220000000000003693e-02
1.172000000000000819e-01
1.139999999999999347e-01
3.779999999999991006e-02
1.920000000000000873e-01
1.981999999999999318e-01
6.740000000000009872e-02
1.729999999999999316e-01
1.441000000000000059e-01
3.530000000000008131e-02
3.549999999999994132e-02
5.909999999999997894e-02
4.229999999999999039e-02
7.470000000000000251e-02
3.100000000000000672e-02
3.529999999999988008e-02
3.260000000000000397e-02
5.060000000000008241e-02
8.930000000000001825e-02
1.135000000000000175e-01
9.510000000000003173e-02
6.969999999999990092e-02
8.310000000000003495e-02
2.939999999999989844e-02
5.820000000000001561e-02
8.379999999999991622e-02
4.040000000000003311e-02
1.025999999999999135e-01
8.490000000000015590e-02
3.879999999999999560e-01
6.250999999999999890e-01
1.998999999999998833e-01
4.482999999999999763e-01
5.726000000000001089e-01
1.169999999999999096e-01
8.309999999999997944e-02
6.920000000000006701e-02
6.190000000000010077e-02
5.169999999999998902e-02
5.050000000000011424e-02
1.034999999999998282e-01
5.670000000000006285e-02
1.375000000000001776e-01
1.286999999999998701e-01
1.663100000000000023e+00
1.316500000000000004e+00
1.349600000000000133e+00
7.312000000000000721e-01
1.510199999999999987e+00
7.534999999999998366e-01
6.625999999999997447e-01
2.145099999999999785e+00
1.539200000000000124e+00
1.786499999999999755e+00
8.553999999999998272e-01
7.222000000000001751e-01
1.183000000000000995e-01
7.680000000000009042e-02
6.650000000000000355e-02
4.389999999999999458e-02
8.099999999999996092e-02
1.398999999999999133e-01
6.340000000000026170e-02
2.460000000000009401e-02
9.389999999999992797e-02
1.333000000000000573e-01
1.077000000000000179e-01
1.879999999999999727e-01
5.104000000000001869e-01
