1.797999999999999876e-01
1.757000000000000228e-01
1.188000000000000028e-01
2.530000000000000027e-01
3.079000000000000070e-01
2.944999999999999840e-01
4.314999999999999947e-01
2.088999999999999968e+00
8.247999999999999776e-01
1.548599999999999977e+00
6.068000000000000060e-01
4.498999999999999666e-01
1.632199999999999873e+00
1.911999999999999700e+00
3.435000000000000275e-01
1.159899999999999931e+00
3.495000000000000329e-01
2.781000000000000139e-01
6.342000000000000970e-01
6.015999999999999126e-01
6.351999999999999869e-01
5.548999999999999488e-01
1.997999999999999221e-01
1.718999999999999417e-01
2.684000000000000274e-01
5.986000000000000210e-01
5.379999999999987570e-02
1.649000000000000465e-01
2.584000000000000186e-01
8.330000000000012395e-02
1.445999999999998953e-01
1.544999999999999429e-01
2.421000000000001207e-01
1.488000000000000989e-01
7.849999999999990319e-02
6.019999999999987167e-02
5.570000000000005502e-02
5.750000000000006495e-02
2.627999999999998115e-01
1.002999999999999586e-01
5.604999999999997762e-01
7.757000000000000561e-01
1.963999999999999635e-01
1.633999999999999619e-01
2.635999999999996124e-01
3.615999999999995884e-01
2.320999999999996399e-01
1.709999999999999576e-01
2.322999999999997289e-01
2.985999999999999210e-01
3.496000000000002994e-01
2.328999999999996906e-01
3.070000000000003837e-01
4.472999999999998089e-01
2.872999999999999998e-01
8.370000000000007989e-02
1.374000000000001331e-01
2.171000000000004038e-01
1.168000000000001953e-01
1.527999999999999081e-01
3.455999999999996852e-01
4.509999999999997899e-01
9.365999999999998771e-01
1.490099999999999758e+00
1.903700000000000170e+00
5.620999999999997110e-01
2.981399999999999828e+00
1.979899999999999993e+00
4.906000000000000916e-01
7.052999999999995939e-01
2.775999999999995693e-01
1.928999999999998494e-01
1.730000000000000981e-01
9.869999999999982954e-02
1.249999999999998612e-01
4.611000000000001764e-01
2.556000000000002159e-01
1.799000000000000876e-01
2.580999999999999961e-01
1.977999999999996428e-01
8.759999999999992792e-02
7.119999999999986062e-02
4.491999999999999327e-01
8.739999999999976954e-02
2.373999999999999999e-01
1.410600000000000076e+00
1.696199999999999930e+00
4.243000000000001215e-01
4.709000000000000963e-01
3.542999999999998373e-01
8.890000000000036762e-02
3.241999999999999882e-01
1.352200000000000291e+00
1.167499999999999982e+00
3.016000000000000902e-01
3.676999999999996938e-01
4.934000000000002828e-01
6.925000000000002265e-01
8.855999999999997208e-01
1.336799999999999766e+00
6.883000000000002450e-01
8.098999999999998423e-01
6.429000000000000270e-01
8.189000000000000723e-01
1.767009999999999792e+01
2.845800000000000107e+00
2.148299999999998988e+00
2.855599999999999472e+00
1.305400000000000116e+00
2.962999999999997858e-01
1.027899999999999814e+00
3.811999999999997057e-01
1.014700000000000379e+00
9.315000000000002167e-01
3.185999999999999943e-01
1.083399999999999475e+00
3.371999999999999442e-01
5.968999999999998751e-01
3.287999999999999257e-01
1.005900000000000238e+00
1.256199999999999983e+00
1.699400000000000022e+00
6.635000000000000675e+00
4.472299999999999720e+00
3.737700000000000244e+00
4.079500000000000348e+00
1.132950000000000124e+01
1.411019999999999897e+01
3.879599999999999937e+00
1.994999999999999885e+00
1.446599999999999664e+00
2.700599999999999667e+00
8.729999999999997762e-01
2.931999999999997941e-01
5.622000000000000330e-01
3.685999999999999832e-01
6.231999999999999762e-01
5.710000000000000631e-01
4.247000000000000774e-01
1.724800000000000111e+00
5.387999999999999456e-01
1.513199999999999878e+00
5.163799999999999280e+00
1.123799999999999466e+00
1.046100000000000252e+00
2.021700000000000053e+00
1.198099999999999943e+00
4.037099999999998801e+00
2.351099999999999746e+00
3.779400000000000315e+00
4.382999999999999119e-01
1.598999999999999311e-01
1.036299999999999999e+00
1.096700000000000008e+00
1.323999999999999844e+00
