3.057000000000000273e-01
1.508000000000000174e-01
1.980999999999999983e-01
7.848000000000000531e-01
5.191999999999999948e-01
4.532999999999999807e-01
2.524999999999999467e-01
8.899999999999999578e-02
1.139999999999999902e-01
3.669000000000000039e-01
2.855999999999999650e-01
7.880000000000002280e-02
5.219999999999997559e-02
2.187000000000000333e-01
3.508000000000000007e-01
2.737999999999999878e-01
1.595000000000000306e-01
9.290000000000016300e-02
2.526999999999999802e-01
1.214000000000000079e-01
1.255999999999999617e-01
1.259999999999998621e-01
1.657999999999999197e-01
2.634000000000000785e-01
1.390000000000000124e-01
1.284000000000000141e-01
1.171000000000000513e-01
8.409999999999996645e-02
1.372999999999999776e-01
2.032999999999999252e-01
1.116000000000000603e-01
2.759999999999999676e-01
1.750000000000000444e-01
1.777000000000000246e-01
2.025999999999999746e-01
2.790999999999999592e-01
1.231000000000000011e-01
1.274999999999999745e-01
1.174000000000000044e-01
9.919999999999991325e-02
8.319999999999998230e-02
2.662999999999999257e-01
2.461000000000000409e-01
3.291000000000000036e-01
2.264000000000000179e-01
7.699999999999997125e-02
5.582000000000000295e-01
1.794000000000000039e-01
1.141000000000000208e-01
1.265000000000001124e-01
2.338000000000000911e-01
4.538999999999998591e-01
2.218000000000001359e-01
1.947000000000000119e-01
2.630000000000000671e-01
2.335000000000000964e-01
1.921999999999999265e-01
7.619999999999974016e-02
3.853000000000000314e-01
1.420999999999999486e-01
1.024000000000001021e-01
1.771000000000000907e-01
3.650999999999998691e-01
2.000999999999999723e-01
6.439999999999999891e-02
1.468000000000000971e-01
4.994000000000002326e-01
2.131000000000002337e-01
8.080000000000014948e-02
1.191000000000001363e-01
4.371999999999999775e-01
3.373999999999998667e-01
1.073999999999999261e-01
2.922000000000000153e-01
3.682000000000000828e-01
7.770000000000001905e-02
1.858999999999997321e-01
6.509999999999994957e-02
1.810000000000001885e-01
1.705000000000002069e-01
1.174999999999998129e-01
1.989999999999998992e-01
8.379999999999999949e-02
1.935999999999998833e-01
3.239999999999990110e-02
8.790000000000001978e-02
2.796000000000000152e-01
1.646000000000000241e-01
2.198000000000000509e-01
2.004999999999998728e-01
1.713999999999998025e-01
3.167999999999999705e-01
8.300000000000012923e-02
3.121000000000000441e-01
8.459999999999978648e-02
1.798999999999998378e-01
2.661000000000002252e-01
2.888000000000001677e-01
8.260000000000006226e-02
8.549999999999978451e-02
1.434999999999997944e-01
7.490000000000002212e-02
3.235000000000001208e-01
2.123000000000000442e-01
1.613000000000001100e-01
1.921000000000000207e-01
6.970000000000010909e-02
1.643000000000000016e-01
1.095999999999999891e-01
1.770000000000001572e-01
7.700000000000029043e-02
2.300000000000000933e-01
1.988999999999999102e-01
1.068999999999999534e-01
6.514999999999997460e-01
1.119299999999999518e+00
3.341000000000001746e-01
2.952000000000001845e-01
8.959999999999988807e-02
1.759999999999999898e-01
3.377000000000000002e-01
2.723999999999996424e-01
3.730999999999995431e-01
2.057999999999999274e-01
1.373999999999998556e-01
3.784000000000000696e-01
2.819999999999999174e-01
2.826999999999998958e-01
1.528999999999998138e-01
2.211000000000000187e-01
1.043000000000000038e-01
1.631999999999999007e-01
2.472999999999997978e-01
1.756000000000002004e-01
1.596000000000003527e-01
2.161000000000002363e-01
1.569000000000002060e-01
1.675000000000001488e-01
8.769999999999986140e-02
2.756999999999997231e-01
1.330000000000001181e-01
9.980000000000015248e-02
6.890000000000003066e-02
1.506999999999997508e-01
1.510999999999999011e-01
1.435999999999999222e-01
1.191999999999999588e-01
9.420000000000004758e-02
3.397999999999999909e-01
4.303999999999999493e-01
2.709000000000002517e-01
3.544000000000003259e-01
4.162000000000002364e-01
2.434400000000000119e+00
8.122799999999999798e+00
