1.680999999999999994e-01
3.246999999999999886e-01
3.477999999999999980e-01
3.293000000000000371e-01
3.691999999999999726e-01
3.906000000000000028e-01
3.144999999999999463e-01
4.274000000000000021e-01
3.079000000000000070e-01
3.578999999999999959e-01
1.670999999999999985e-01
2.754000000000000337e-01
3.558000000000000607e-01
1.793000000000000427e-01
9.700000000000000289e-02
1.155000000000000193e-01
1.701000000000000290e-01
2.872000000000000663e-01
2.686000000000000054e-01
4.057999999999999385e-01
1.693000000000000060e-01
6.155000000000000471e-01
4.501999999999999336e-01
7.215000000000000302e-01
1.018600000000000172e+00
3.469999999999999751e-01
2.934000000000000496e-01
4.274000000000001132e-01
3.344999999999999085e-01
3.693999999999999506e-01
3.486000000000001875e-01
5.084000000000000741e-01
3.290000000000001812e-01
2.585999999999997190e-01
1.533000000000000196e-01
2.266999999999999571e-01
2.287999999999999479e-01
1.257000000000000062e-01
2.277000000000000690e-01
2.205000000000000848e-01
2.804000000000000381e-01
1.913000000000001366e-01
1.886000000000000454e-01
2.034000000000001362e-01
3.350999999999999535e-01
3.003000000000001224e-01
3.099000000000001198e-01
4.283999999999998920e-01
5.040999999999998815e-01
5.462000000000000188e-01
1.656999999999999584e-01
4.257999999999999563e-01
6.290999999999999925e-01
8.959000000000001407e-01
5.205000000000001847e-01
6.407999999999999252e-01
1.933999999999999886e-01
4.437999999999999723e-01
3.391000000000000125e-01
1.949999999999999512e-01
2.540999999999998815e-01
1.780000000000000471e-01
4.458999999999999631e-01
1.077999999999999792e-01
3.172000000000001485e-01
2.738000000000000433e-01
2.283999999999998809e-01
3.009000000000000563e-01
4.069000000000000949e-01
2.651000000000000023e-01
2.218000000000000249e-01
2.999999999999999334e-01
2.005000000000000948e-01
3.163000000000000256e-01
2.038000000000000922e-01
2.858000000000000540e-01
1.609999999999999487e-01
2.588999999999999080e-01
2.414999999999999647e-01
2.746000000000000107e-01
2.488000000000000211e-01
2.399000000000001132e-01
7.097999999999998755e-01
3.946000000000000063e-01
2.467999999999999639e-01
2.284999999999999531e-01
3.551000000000000822e-01
2.521999999999999797e-01
1.513000000000000178e-01
3.937000000000001054e-01
1.658000000000000307e-01
3.290000000000000702e-01
1.621999999999999831e-01
3.856999999999999318e-01
3.468999999999999861e-01
4.285999999999998700e-01
4.048000000000000487e-01
2.672999999999999821e-01
1.626000000000000778e-01
3.368999999999999773e-01
1.476000000000000090e-01
3.260999999999999455e-01
1.970000000000000362e-01
1.869999999999999163e-01
5.000999999999999890e-01
2.911999999999999589e-01
3.164000000000000146e-01
1.925999999999998824e-01
2.785999999999998478e-01
6.176999999999999158e-01
3.588000000000000078e-01
3.503000000000001113e-01
8.152000000000001467e-01
6.394000000000001904e-01
7.182000000000000606e-01
4.270000000000000462e-01
2.943000000000001171e-01
4.775999999999998580e-01
1.239000000000000101e+00
9.149999999999999245e-01
3.464000000000002077e-01
3.910000000000001252e-01
2.361000000000000876e-01
8.426000000000000156e-01
2.435000000000000220e-01
6.555999999999997385e-01
8.790999999999998815e-01
1.120500000000000274e+00
6.427000000000003821e-01
5.815000000000000169e-01
1.734999999999996545e-01
2.679999999999999605e-01
3.212000000000001521e-01
3.346999999999996089e-01
2.539999999999997815e-01
2.130999999999999006e-01
2.852999999999998870e-01
2.219000000000004857e-01
3.014000000000001123e-01
1.575000000000002232e-01
2.780000000000000804e-01
2.479999999999999982e-01
4.088999999999999857e-01
3.889000000000000234e-01
2.818000000000001615e-01
5.009999999999998899e-01
5.783000000000000362e-01
2.979999999999998206e-01
2.295000000000001206e-01
1.478000000000000980e-01
2.222000000000002307e-01
2.341999999999999638e-01
2.119000000000002548e-01
3.299000000000004151e-01
3.983999999999999209e-01
