2.376999999999999946e-01
7.369999999999998774e-02
1.021999999999999853e-01
6.700000000000000400e-02
2.056999999999999940e-01
1.593999999999999861e-01
1.801000000000000101e-01
1.597000000000000086e-01
1.116999999999999937e-01
4.848000000000000642e-01
3.411000000000000143e-01
2.233000000000000262e-01
1.187999999999999612e-01
7.410000000000002696e-02
1.444000000000000006e-01
1.823000000000000176e-01
1.465000000000000469e-01
9.759999999999992293e-02
7.003999999999999115e-01
3.575000000000000400e-01
6.339999999999998415e-02
4.930000000000002436e-02
8.010000000000003229e-02
6.119999999999994889e-02
6.640000000000004232e-02
1.407000000000000473e-01
9.000000000000006606e-02
9.030000000000001914e-02
9.190000000000006497e-02
7.129999999999998839e-02
2.470000000000001014e-02
9.290000000000005198e-02
6.650000000000000355e-02
6.969999999999990092e-02
9.439999999999998392e-02
6.130000000000008359e-02
1.276999999999999524e-01
4.232999999999999541e-01
4.052000000000000601e-01
1.718000000000000083e-01
1.080999999999999739e-01
1.509000000000000064e-01
9.250000000000001277e-02
1.577999999999999958e-01
9.359999999999990550e-02
1.380000000000000393e-01
4.979999999999996929e-02
8.970000000000005747e-02
6.267000000000000348e-01
3.219000000000000750e-01
1.338000000000000578e-01
3.630000000000002669e-02
7.479999999999999150e-02
6.540000000000001368e-02
1.026999999999999580e-01
7.200000000000000844e-02
7.499999999999996947e-02
6.109999999999995296e-02
1.552000000000000046e-01
6.879999999999991678e-02
5.149999999999998329e-02
1.016000000000000514e-01
8.419999999999991380e-02
1.049999999999999267e-01
9.459999999999996190e-02
6.250000000000000000e-02
6.149999999999999911e-02
6.739999999999994607e-02
4.650000000000006906e-02
6.089999999999995417e-02
7.230000000000003091e-02
1.103000000000000091e-01
1.025000000000000355e-01
4.733999999999999320e-01
1.284999999999999198e-01
5.073000000000000842e-01
2.530999999999999917e-01
1.130000000000000171e-01
1.387999999999999512e-01
1.447999999999999843e-01
2.310000000000000109e-01
1.530999999999999861e-01
6.199999999999999262e-02
1.889999999999999666e-02
1.295000000000000040e-01
1.690000000000000668e-01
1.636999999999999844e-01
1.178000000000000574e-01
1.914000000000000146e-01
1.449000000000000288e-01
1.385000000000000120e-01
4.873999999999999999e-01
1.343000000000000305e-01
1.615000000000000324e-01
2.449000000000000066e-01
3.300000000000000155e-01
1.057000000000000439e-01
7.500000000000001110e-02
1.240000000000000963e-01
9.670000000000004980e-02
1.624000000000000166e-01
7.579999999999999238e-02
1.068999999999999395e-01
7.970000000000004858e-02
5.939999999999995284e-02
9.870000000000002383e-02
1.251999999999999780e-01
7.069999999999994345e-02
8.919999999999989049e-02
1.050999999999999157e-01
1.750000000000000722e-01
1.327999999999999736e-01
8.200000000000008671e-02
1.024999999999999800e-01
4.334000000000001185e-01
2.053999999999999437e-01
1.460000000000000742e-01
1.656999999999999307e-01
1.793999999999999206e-01
1.744000000000000827e-01
2.709000000000001407e-01
1.446000000000000618e-01
1.143000000000000960e-01
1.857999999999999929e-01
1.243999999999999828e-01
1.693999999999999395e-01
9.420000000000003371e-02
5.189999999999990454e-02
7.069999999999994345e-02
8.540000000000000369e-02
7.599999999999998423e-02
7.040000000000001812e-02
1.136999999999999816e-01
5.539999999999996316e-02
5.030000000000003219e-02
8.700000000000003564e-02
1.116000000000000186e-01
7.110000000000005205e-02
8.480000000000001426e-02
1.458000000000000407e-01
1.295999999999999930e-01
2.440999999999999837e-01
2.055000000000000437e-01
7.790000000000006641e-02
1.970999999999998864e-01
6.530000000000002469e-02
1.006000000000000366e-01
6.440000000000004055e-02
5.830000000000002541e-02
6.139999999999994768e-02
4.570000000000001839e-02
8.139999999999988911e-02
9.159999999999998699e-02
3.869999999999993584e-02
4.580000000000009064e-02
