8.899999999999999578e-02
2.110000000000000417e-02
3.190000000000001168e-02
1.716999999999999915e-01
6.370000000000000662e-02
2.031099999999999905e+00
1.044599999999999973e+00
1.916000000000000481e-01
1.380999999999999450e-01
4.484000000000000208e-01
3.849000000000000199e-01
8.250000000000001776e-01
4.666000000000000147e-01
2.177000000000000324e-01
1.700999999999999734e-01
1.326999999999999846e-01
5.540000000000000480e-02
1.471000000000000085e-01
6.519999999999999407e-02
7.830000000000002236e-02
5.040000000000000729e-02
8.019999999999997964e-02
4.740000000000003932e-02
1.180999999999999828e-01
5.009999999999996401e-02
4.780000000000000915e-02
2.609999999999998779e-02
4.610000000000001597e-02
1.250999999999999890e-01
5.749999999999999556e-02
2.960000000000002560e-02
6.460000000000001852e-02
3.500000000000000333e-02
3.270000000000001378e-02
4.310000000000000636e-02
4.650000000000003436e-02
5.050000000000002404e-02
3.660000000000004222e-02
6.319999999999999230e-02
2.199999999999997097e-02
7.060000000000005160e-02
3.012000000000000233e-01
7.670999999999998931e-01
3.523000000000000576e-01
1.034000000000000613e-01
1.055999999999999717e-01
1.344999999999999807e-01
5.340000000000007935e-02
7.359999999999997100e-02
8.680000000000004379e-02
9.219999999999997642e-02
1.519599999999999840e+00
6.415999999999999481e-01
3.664999999999999369e-01
4.147999999999999465e-01
4.749999999999999778e-01
4.482999999999999763e-01
2.474999999999999700e-01
1.666999999999999871e-01
1.577000000000000068e-01
1.234999999999999848e-01
5.539999999999999786e-02
2.920000000000002455e-02
5.229999999999998539e-02
4.189999999999997893e-02
4.910000000000003251e-02
1.043000000000000177e-01
1.628999999999999615e-01
6.180000000000002158e-02
1.529999999999999971e-01
6.400000000000002909e-02
9.410000000000004472e-02
1.186000000000000387e-01
9.219999999999999030e-02
5.450000000000002065e-02
1.109999999999999737e-01
2.404100000000000126e+00
1.187400000000000011e+00
8.276999999999999913e-01
4.780000000000000360e-01
2.075999999999999512e-01
9.549999999999997380e-02
3.140000000000000013e-01
1.480999999999999539e-01
1.334000000000000741e-01
1.374000000000000776e-01
3.131999999999999784e-01
2.212999999999999134e-01
1.441000000000000059e-01
1.684999999999998721e-01
8.250000000000004552e-02
1.535999999999999588e-01
1.797999999999998488e-01
9.469999999999992313e-02
1.945000000000000340e-01
1.396000000000000296e-01
1.749999999999999334e-01
1.479999999999999094e-01
1.764999999999999902e-01
2.131000000000000116e-01
2.031999999999999085e-01
3.599000000000001642e-01
2.779999999999999138e-01
2.023999999999999966e-01
4.847999999999999532e-01
2.057999999999999829e-01
1.296999999999999820e-01
9.889999999999994629e-02
3.499999999999997558e-02
1.759999999999996290e-02
6.429999999999996829e-02
1.293999999999999595e-01
9.059999999999997222e-02
1.251000000000000445e-01
1.248999999999999833e-01
9.179999999999996496e-02
8.540000000000005920e-02
8.439999999999998892e-02
2.470000000000000251e-01
1.843999999999998418e-01
1.081000000000000572e-01
1.441999999999999671e-01
1.424000000000000821e-01
1.125000000000000167e-01
7.540000000000002256e-02
6.200000000000011058e-02
2.996000000000000330e-01
3.972999999999999865e-01
2.673999999999999710e-01
1.060000000000000525e-01
1.447999999999999843e-01
8.350000000000006029e-02
7.040000000000000424e-02
1.401000000000001133e-01
2.393999999999999462e-01
7.939000000000000501e-01
4.493999999999998551e-01
3.704000000000001736e-01
2.369999999999998219e-01
2.825999999999998513e-01
9.380000000000005000e-02
4.340000000000002189e-02
1.748999999999999722e-01
3.168999999999999595e-01
5.120000000000000245e-02
8.419999999999983054e-02
1.449000000000000565e-01
8.999999999999994116e-02
8.510000000000002285e-02
5.489999999999999047e-02
2.560000000000001164e-02
6.939999999999998948e-02
8.499999999999999223e-02
6.439999999999994340e-02
7.639999999999996794e-02
