1.122000000000000081e-01
2.053999999999999992e-01
8.659999999999999643e-02
7.259999999999999787e-02
1.422000000000000208e-01
6.850000000000000533e-02
1.150000000000000189e-01
6.779999999999999916e-02
5.099999999999998285e-02
1.750999999999999779e-01
6.650000000000000355e-02
1.008999999999999758e-01
5.200000000000003231e-02
3.318999999999999728e-01
1.630000000000000615e-01
1.161000000000000504e-01
1.121000000000000468e-01
6.150000000000009626e-02
1.916000000000000758e-01
1.078999999999998988e-01
6.640000000000007008e-02
4.290000000000009084e-02
1.856999999999999762e-01
1.217999999999999916e-01
1.303999999999999881e-01
7.660000000000002918e-02
7.070000000000001283e-02
3.040999999999999259e-01
3.767000000000001458e-01
3.750999999999999890e-01
3.247999999999999776e-01
2.774999999999999134e-01
2.852999999999998870e-01
3.325000000000000178e-01
2.796000000000000707e-01
1.499000000000000055e-01
3.610000000000000986e-01
2.266000000000000236e-01
2.445000000000000506e-01
1.639999999999998681e-01
2.363000000000001766e-01
8.979999999999990767e-02
1.559999999999999443e-01
9.579999999999988525e-02
1.720999999999999752e-01
5.387100000000000222e+00
5.696500000000000341e+00
1.178199999999999914e+00
1.195999999999999730e+00
1.654300000000000104e+00
8.727000000000000313e-01
1.204899999999999860e+00
2.110999999999997878e-01
6.340999999999996639e-01
3.604000000000002202e-01
4.450999999999999401e-01
7.911999999999999034e-01
3.091599999999999238e+00
1.944799999999999862e+00
1.071300000000000363e+00
1.540500000000000203e+00
8.440999999999998504e-01
1.085700000000000109e+00
4.605000000000000204e-01
3.294000000000000816e-01
1.849999999999999700e-01
1.502000000000000002e-01
2.041000000000000869e-01
1.938999999999999890e-01
2.467999999999999083e-01
2.019999999999999574e-01
1.948999999999999899e-01
2.050000000000000433e-01
1.238000000000000350e-01
2.533000000000000251e-01
1.445999999999999786e-01
1.520000000000000240e-01
3.685999999999999832e-01
2.128000000000000724e-01
1.345999999999999419e-01
1.091000000000000025e-01
9.210000000000012621e-02
6.709999999999997911e-02
2.157999999999999918e-01
1.719999999999999862e-01
2.249999999999998668e-01
7.970000000000007634e-02
2.021000000000000574e-01
1.879999999999999449e-01
1.104000000000001230e-01
1.403999999999999970e-01
1.144000000000000017e-01
5.300000000000000544e-02
5.399999999999993694e-02
5.170000000000003759e-02
1.251999999999999780e-01
7.940000000000005387e-02
9.959999999999999409e-02
5.780000000000009436e-02
8.669999999999998541e-02
6.579999999999994187e-02
7.320000000000009832e-02
1.037000000000001670e-01
3.936999999999999389e-01
1.376000000000000556e-01
9.537000000000002142e-01
2.308000000000000052e-01
1.789000000000000867e-01
3.285999999999999477e-01
2.826000000000000734e-01
1.959999999999999243e-01
1.855999999999998484e-01
7.580000000000014504e-02
1.220000000000001639e-01
1.125999999999998669e-01
6.290000000000013636e-02
1.361999999999998490e-01
9.502999999999999226e-01
3.358999999999999764e-01
1.062000000000000166e-01
3.661000000000000365e-01
2.856000000000000205e-01
5.049000000000000155e-01
6.185999999999999277e-01
7.237999999999997769e-01
3.852000000000002089e-01
1.969999999999999529e-01
2.903999999999997694e-01
4.661000000000000143e-01
2.163999999999998702e-01
8.237999999999999767e-01
2.148900000000000254e+00
1.144800000000000040e+00
2.500000000000001110e-01
4.760999999999998566e-01
7.955000000000000959e-01
1.678000000000000325e-01
2.026000000000000023e-01
1.098999999999999699e-01
1.667999999999998928e-01
1.620999999999998276e-01
3.623999999999999999e-01
4.117999999999999439e-01
1.186999999999999722e-01
1.045000000000001206e-01
1.585000000000001130e-01
9.630000000000005222e-02
1.564000000000003165e-01
3.636999999999995792e-01
1.725000000000003197e-01
6.279999999999980043e-02
1.909999999999996700e-01
1.315999999999999115e-01
8.069999999999968865e-02
9.879999999999994342e-02
