3.598999999999999977e-01
5.780000000000001109e-02
7.550000000000001155e-02
9.709999999999999187e-02
1.617999999999999716e-01
9.290000000000003810e-02
4.770000000000002016e-02
1.502000000000000002e-01
7.749999999999995781e-02
9.560000000000004605e-02
5.489999999999999741e-02
7.319999999999995954e-02
3.920000000000003343e-02
5.679999999999996163e-02
5.099999999999998979e-02
4.370000000000000273e-02
1.204000000000000209e-01
1.535999999999999588e-01
2.983999999999999986e-01
1.336000000000000520e-01
1.463999999999999746e-01
8.830000000000000349e-02
9.690000000000000002e-02
1.025000000000000216e-01
1.247000000000000192e-01
1.291000000000000203e-01
1.622999999999999721e-01
6.380000000000005111e-02
6.869999999999998330e-02
1.657999999999999752e-01
1.158999999999999753e-01
1.176999999999999713e-01
2.433000000000000163e-01
1.954999999999999516e-01
9.319999999999997731e-02
1.000999999999999668e-01
3.389999999999997876e-02
9.679999999999998328e-02
9.009999999999995790e-02
8.039999999999997149e-02
3.279999999999995419e-02
1.165999999999999814e-01
1.026000000000000245e-01
8.830000000000001736e-02
5.240000000000000213e-02
2.669999999999995294e-02
8.600000000000004863e-02
6.250000000000005551e-02
5.349999999999995037e-02
6.439999999999999891e-02
4.549999999999999878e-02
3.050000000000004444e-02
4.749999999999997280e-02
3.800000000000001987e-02
3.150000000000004186e-02
3.830000000000001459e-02
7.380000000000000449e-02
6.330000000000003679e-02
4.860000000000001819e-02
5.219999999999992701e-02
2.900000000000004657e-02
4.609999999999993964e-02
1.109999999999999876e-01
8.519999999999994245e-02
2.131000000000000671e-01
6.258999999999999009e-01
1.107000000000000345e-01
1.292999999999999428e-01
1.755000000000001004e-01
1.571000000000000729e-01
1.181000000000000660e-01
5.510000000000013498e-02
1.520999999999999297e-01
4.171999999999999043e-01
2.940000000000000946e-01
2.308999999999999941e-01
1.836999999999999189e-01
1.071999999999999620e-01
1.019000000000000183e-01
1.735999999999998933e-01
3.653999999999998916e-01
1.967999999999998639e-01
1.460000000000000464e-01
1.788999999999998924e-01
4.072000000000000619e-01
2.205000000000000293e-01
8.579999999999987637e-02
5.940000000000007080e-02
9.610000000000001874e-02
1.194999999999999396e-01
1.589000000000000412e-01
2.272999999999999465e-01
3.767000000000000348e-01
1.648000000000000020e-01
1.904000000000000692e-01
1.485999999999998988e-01
1.285000000000000586e-01
3.950000000000004896e-02
4.559999999999993919e-02
8.970000000000016849e-02
4.470000000000007301e-02
3.339999999999997138e-02
3.860000000000013420e-02
1.137000000000000371e-01
1.550999999999999046e-01
1.606000000000000205e-01
1.096999999999998948e-01
2.026000000000001133e-01
1.220000000000000806e-01
2.865000000000000324e-01
1.819999999999999396e-01
1.012000000000000399e-01
3.279999999999996807e-02
1.158000000000000279e-01
1.049000000000000488e-01
3.054000000000000048e-01
1.499999999999999112e-01
8.360000000000000764e-02
1.699000000000000510e-01
9.190000000000009273e-02
1.125000000000000860e-01
1.343999999999999639e-01
1.397000000000000741e-01
9.709999999999995024e-02
2.339999999999999025e-01
9.990000000000011371e-02
1.229000000000000231e-01
2.038999999999999146e-01
2.215999999999998527e-01
1.195999999999997759e-01
1.075999999999999179e-01
9.799999999999994826e-02
1.216000000000000414e-01
1.249999999999999584e-01
1.843999999999997863e-01
2.889000000000001012e-01
8.569999999999987350e-02
1.286999999999999533e-01
3.275000000000000133e-01
9.359999999999994713e-02
5.379999999999986876e-02
8.710000000000012177e-02
1.354999999999999538e-01
1.960999999999999688e-01
7.590000000000014790e-02
5.189999999999990454e-02
7.369999999999989060e-02
5.930000000000004712e-02
1.164000000000001978e-01
8.190000000000002833e-02
5.399999999999997857e-02
5.850000000000005196e-02
1.017999999999998628e-01
2.971999999999999087e-01
1.133000000000000257e-01
