1.992999999999999772e-01
1.527000000000000024e-01
1.217999999999999639e-01
1.391999999999999904e-01
1.685000000000000109e-01
1.657000000000000417e-01
1.506000000000000116e-01
1.198000000000000315e-01
1.050000000000000239e-01
2.624999999999999556e-01
8.039999999999999925e-02
1.101999999999999647e-01
1.365000000000000657e-01
5.190000000000005720e-02
3.168999999999999595e-01
1.979999999999999538e-01
1.777999999999999303e-01
1.409999999999999032e-01
1.191000000000000114e-01
4.445999999999999397e-01
2.250999999999999945e-01
1.110999999999999766e-01
1.034999999999999948e-01
1.676999999999999602e-01
2.220000000000000584e-01
4.136999999999999567e-01
2.114999999999999936e-01
1.204000000000000348e-01
2.363000000000000100e-01
1.411000000000000587e-01
1.653000000000001135e-01
1.159999999999999087e-01
1.281999999999999806e-01
1.291000000000000758e-01
1.053000000000000325e-01
1.146000000000000768e-01
1.132999999999999702e-01
1.980999999999999428e-01
3.337999999999999856e-01
2.156000000000000139e-01
1.401000000000001133e-01
2.817999999999999394e-01
1.638999999999999901e-01
1.945999999999999952e-01
9.469999999999999252e-02
6.540000000000001368e-02
2.077000000000000235e-01
9.450000000000002842e-02
1.685999999999999999e-01
8.449999999999993627e-02
2.100999999999998979e-01
1.858999999999999819e-01
1.230000000000000260e-01
2.020999999999999741e-01
1.002999999999999170e-01
9.840000000000004299e-02
7.649999999999999856e-02
1.861999999999999766e-01
5.719999999999998697e-02
8.730000000000007199e-02
7.059999999999999609e-02
1.213000000000001161e-01
2.073000000000001231e-01
1.860000000000000819e-01
9.690000000000015268e-02
1.061999999999999333e-01
1.456999999999998574e-01
1.646999999999999298e-01
1.608000000000000262e-01
1.522000000000000297e-01
1.035000000000000919e-01
4.769999999999995077e-02
9.129999999999997840e-02
1.736999999999997712e-01
2.598999999999999644e-01
1.793000000000000704e-01
1.207000000000000711e-01
1.821000000000000674e-01
2.501000000000001000e-01
2.757000000000001672e-01
2.190000000000002223e-01
1.223999999999998700e-01
1.632999999999999452e-01
9.560000000000024034e-02
1.585000000000000853e-01
1.599999999999998646e-01
6.590000000000011127e-02
1.159999999999998949e-01
1.299000000000000155e-01
1.144000000000001821e-01
2.640999999999998904e-01
9.629999999999985794e-02
8.930000000000018479e-02
1.239000000000001350e-01
2.163999999999998980e-01
6.179000000000000048e-01
1.909000000000001529e-01
3.487000000000001210e-01
9.509999999999974030e-02
9.580000000000006566e-02
6.729999999999994320e-02
6.779999999999999916e-02
1.792399999999999993e+00
5.967999999999999972e-01
2.333000000000000074e-01
1.203999999999998821e-01
2.131000000000001782e-01
1.548999999999999266e-01
2.472999999999999365e-01
9.539999999999984603e-02
7.459999999999990250e-02
1.223000000000001031e-01
1.071999999999998787e-01
1.812000000000000832e-01
2.417000000000001370e-01
2.491000000000001269e-01
1.981999999999998763e-01
5.286999999999999478e-01
1.257999999999998564e-01
2.561000000000001053e-01
2.022999999999999243e-01
1.161999999999998867e-01
1.682999999999997831e-01
1.760999999999998955e-01
2.015000000000000402e-01
2.047999999999999821e-01
1.481999999999996653e-01
4.469999999999973994e-02
1.294000000000001815e-01
1.552000000000002267e-01
1.298999999999999044e-01
1.725000000000000699e-01
1.113999999999999158e-01
1.207999999999999907e-01
6.570000000000009166e-02
1.728000000000000924e-01
1.323999999999999899e-01
1.240999999999999603e-01
1.897999999999999687e-01
1.091000000000000580e-01
5.419999999999976226e-02
5.779999999999992782e-02
1.183000000000000995e-01
1.437000000000002442e-01
1.849999999999998868e-01
1.661999999999999311e-01
9.210000000000000131e-02
1.176000000000000656e-01
8.570000000000013718e-02
7.829999999999984195e-02
1.594000000000000417e-01
1.869000000000002326e-01
1.521000000000000130e-01
1.698999999999999122e-01
2.835000000000000853e-01
