1.184000000000000052e-01
1.620000000000000051e-01
2.628000000000000336e-01
3.851999999999999869e-01
5.654000000000000137e-01
1.247999999999999943e-01
1.622999999999999998e-01
7.979999999999999594e-02
9.840000000000001523e-02
1.300999999999999934e-01
6.149999999999998523e-02
1.169999999999999790e-01
9.870000000000000995e-02
2.661999999999999367e-01
9.620000000000002160e-02
7.199999999999999456e-02
1.141000000000000070e-01
5.030000000000001137e-02
5.640000000000001262e-02
5.090000000000000080e-02
1.751000000000000056e-01
2.042999999999999816e-01
9.139999999999999514e-02
6.159999999999998116e-02
6.839999999999998859e-02
1.749000000000000277e-01
3.751000000000000445e-01
5.407999999999999474e-01
1.714000000000000246e-01
8.149999999999997524e-02
1.241000000000000159e-01
8.460000000000002240e-02
1.098999999999999838e-01
8.379999999999999949e-02
4.979999999999998317e-02
1.141999999999999682e-01
6.199999999999997180e-02
3.029999999999998667e-02
7.169999999999998597e-02
6.099999999999999173e-02
5.619999999999999996e-02
4.490000000000000935e-02
7.550000000000002542e-02
4.079999999999998905e-02
7.439999999999999392e-02
9.660000000000000531e-02
5.579999999999996768e-02
5.419999999999999124e-02
3.410000000000004000e-02
3.090000000000003161e-02
1.350000000000000089e-01
5.199999999999999067e-02
2.495999999999999885e-01
1.507999999999999619e-01
1.751999999999999669e-01
1.233999999999999958e-01
2.127000000000000002e-01
8.139999999999998626e-02
1.520999999999999575e-01
3.331000000000000072e-01
3.855000000000000648e-01
6.759999999999999343e-02
6.229999999999998039e-02
9.879999999999999893e-02
8.289999999999998759e-02
8.140000000000002789e-02
2.070999999999999786e-01
1.968000000000000027e-01
1.432999999999999829e-01
5.359999999999999487e-02
1.330999999999999961e-01
8.879999999999999005e-02
1.345999999999999974e-01
1.225999999999999868e-01
1.252999999999999947e-01
5.310000000000000137e-02
4.389999999999999458e-02
8.809999999999999776e-02
5.089999999999998692e-02
2.890000000000000902e-02
3.369999999999993834e-02
1.535999999999999588e-01
8.900000000000000966e-02
5.279999999999995114e-02
1.975999999999999979e-01
2.381999999999999673e-01
1.262999999999999956e-01
6.570000000000000839e-02
1.949999999999999789e-01
1.403000000000000080e-01
1.160000000000000336e-01
2.066000000000000059e-01
2.099000000000000032e-01
1.121000000000000052e-01
1.250999999999999612e-01
1.904999999999999472e-01
1.575000000000000566e-01
1.461000000000000076e-01
1.298000000000000542e-01
1.015999999999999820e-01
1.211999999999999883e-01
4.769999999999995771e-02
9.400000000000000022e-02
1.787000000000000255e-01
9.239999999999998215e-02
4.827999999999999514e-01
2.253000000000000280e-01
9.529999999999996807e-02
1.229999999999999982e-01
4.210000000000003323e-02
4.349999999999999006e-02
4.829999999999991245e-02
1.538399999999999990e+00
2.409999999999999920e-01
1.462799999999999878e+00
3.437000000000000610e-01
6.781000000000001471e-01
2.596999999999999864e-01
4.103999999999998760e-01
1.840000000000000246e-01
2.755999999999999561e-01
2.570000000000000617e-01
2.398999999999999466e-01
3.635000000000000453e-01
8.060000000000004661e-02
1.904000000000000137e-01
5.117000000000000437e-01
5.292000000000000037e-01
7.797000000000000597e-01
6.139000000000000012e-01
1.397000000000000020e+00
1.086899999999999977e+00
5.355000000000000870e-01
1.570999999999999064e-01
9.669999999999998042e-02
1.125999999999999779e-01
1.043000000000000038e-01
1.532999999999999918e-01
7.719999999999999085e-02
2.909000000000001029e-01
1.188999999999999502e-01
4.157999999999999474e-01
3.311000000000000054e-01
2.632999999999999785e-01
2.481999999999998929e-01
2.688999999999999724e-01
1.791000000000000647e-01
5.490000000000001129e-02
4.420000000000001011e-02
6.779999999999981874e-02
9.899999999999981037e-02
7.070000000000008222e-02
2.662000000000001032e-01
1.008000000000000979e-01
1.432000000000000217e-01
