3.089999999999999969e-01
1.987999999999999767e-01
1.756999999999999673e-01
5.649999999999998079e-02
1.398000000000000076e-01
1.081000000000000016e-01
1.585000000000000020e-01
2.019999999999999851e-01
7.949999999999998734e-02
2.282999999999999752e-01
1.447999999999999843e-01
5.310000000000000137e-02
1.600000000000000033e-01
1.354000000000000481e-01
1.297999999999999987e-01
1.338999999999999913e-01
2.308000000000000052e-01
2.731999999999999984e-01
2.489000000000000101e-01
1.775000000000000189e-01
1.329000000000000181e-01
1.915999999999999925e-01
2.691000000000000059e-01
1.968000000000000582e-01
1.196000000000000119e-01
2.524000000000000132e-01
2.047000000000000208e-01
3.147999999999999687e-01
1.756999999999999951e-01
1.711999999999999911e-01
1.101999999999999924e-01
1.199000000000000066e-01
8.190000000000001446e-02
1.014999999999999930e-01
6.950000000000003397e-02
1.934000000000000163e-01
2.856000000000000205e-01
1.638000000000000012e-01
1.260999999999999899e-01
1.790999999999999537e-01
1.290999999999999925e-01
1.194000000000000061e-01
6.349999999999997313e-02
1.036999999999999589e-01
8.889999999999997904e-02
1.488000000000000433e-01
1.404999999999999860e-01
1.454999999999999627e-01
1.228999999999999676e-01
2.935000000000000386e-01
2.033999999999999697e-01
1.482000000000000262e-01
9.960000000000004960e-02
1.101000000000000867e-01
1.304999999999999494e-01
2.879000000000000448e-01
1.975999999999999701e-01
9.790000000000000091e-02
1.026000000000000523e-01
4.930000000000002436e-02
4.436999999999999833e-01
2.950000000000000400e-01
1.697000000000000175e-01
9.219999999999999030e-02
7.779999999999995253e-02
1.425999999999999490e-01
9.850000000000001810e-02
1.030999999999999556e-01
6.050000000000001904e-02
6.829999999999997184e-02
1.071999999999999620e-01
4.530000000000001387e-02
1.276999999999999247e-01
1.735000000000000153e-01
8.519999999999995632e-02
1.411000000000000032e-01
8.010000000000001841e-02
1.329999999999999793e-01
7.510000000000001397e-02
1.033000000000000307e-01
1.240000000000000269e-01
1.418999999999999706e-01
1.062999999999999223e-01
1.630999999999998562e-01
1.088000000000000633e-01
2.334000000000000241e-01
1.479999999999999372e-01
1.034000000000000474e-01
1.285000000000000031e-01
2.720999999999999530e-01
1.988000000000000322e-01
1.017000000000000404e-01
7.810000000000000275e-02
6.569999999999999452e-02
1.313999999999999890e-01
1.877000000000000890e-01
1.457000000000001072e-01
2.277000000000000413e-01
1.146000000000000490e-01
2.595000000000000084e-01
1.565999999999999892e-01
1.367000000000000437e-01
6.719999999999994034e-02
1.359000000000000208e-01
2.528999999999999582e-01
1.416999999999999926e-01
1.272999999999999687e-01
1.143000000000000682e-01
1.226000000000000978e-01
6.290000000000006697e-02
1.303999999999999604e-01
1.572000000000000342e-01
2.148999999999999799e-01
3.224000000000000199e-01
1.236000000000000015e-01
3.110000000000000542e-01
3.474999999999999201e-01
1.445999999999999508e-01
2.705999999999998407e-01
1.443999999999998618e-01
1.392000000000001014e-01
1.456000000000000905e-01
1.114000000000000962e-01
1.355999999999999428e-01
5.329999999999994464e-02
3.140999999999999903e-01
1.854000000000000092e-01
7.250000000000007827e-02
1.574000000000000399e-01
1.930000000000000326e-01
1.118999999999999995e-01
1.643999999999998796e-01
1.175000000000000072e-01
1.541999999999999482e-01
1.385999999999999455e-01
1.263000000000000234e-01
9.900000000000000466e-02
1.380999999999999728e-01
9.189999999999987068e-02
7.029999999999993199e-02
4.760000000000000342e-02
2.880000000000018309e-02
1.968999999999998529e-01
1.602000000000001756e-01
1.371999999999998776e-01
1.080999999999999739e-01
5.950000000000008060e-02
1.738999999999999713e-01
1.326000000000000512e-01
2.676000000000000600e-01
2.685000000000001830e-01
9.030000000000007465e-02
3.879999999999991789e-02
1.765999999999998682e-01
7.169999999999988882e-02
