1.944000000000000172e-01
1.471999999999999975e-01
1.311999999999999833e-01
1.068999999999999950e-01
2.832000000000000073e-01
7.270000000000001461e-02
2.235999999999999654e-01
1.637000000000000122e-01
1.465999999999999803e-01
3.240000000000001906e-02
2.330000000000000820e-02
5.800000000000000988e-02
7.139999999999999125e-02
3.750000000000001249e-02
5.279999999999999971e-02
2.203999999999999848e-01
3.595000000000000417e-01
1.473000000000000143e-01
9.409999999999998921e-02
1.128000000000000114e-01
3.539000000000000479e-01
9.004999999999999671e-01
1.141199999999999992e+00
4.726999999999998980e-01
2.263000000000000012e-01
4.959999999999998438e-02
1.105000000000000149e-01
1.070999999999999869e-01
5.279999999999999971e-02
8.640000000000003233e-02
1.542999999999999927e-01
3.573999999999999955e-01
4.014999999999999680e-01
2.317999999999999783e-01
7.579999999999997851e-02
9.700000000000000289e-02
7.010000000000000953e-02
7.350000000000000977e-02
9.929999999999999938e-02
1.036000000000000115e-01
6.589999999999998637e-02
1.029000000000000192e-01
4.754999999999999227e-01
2.394000000000000294e-01
1.030999999999999972e-01
4.237000000000000766e-01
1.749999999999999889e-01
1.040000000000000369e-01
2.064000000000000279e-01
5.091999999999999860e-01
3.371999999999999442e-01
2.462999999999999912e-01
7.969999999999999307e-02
9.900000000000003242e-02
1.037000000000000144e-01
1.114000000000000129e-01
2.419999999999999651e-01
6.226999999999999202e-01
1.062100000000000044e+00
3.514999999999999236e-01
1.472000000000000253e-01
1.375000000000000111e-01
4.180000000000003157e-02
6.290000000000001146e-02
6.240000000000001101e-02
8.989999999999995217e-02
1.852800000000000225e+00
1.475400000000000045e+00
4.554000000000000825e-01
2.597000000000000974e-01
2.794999999999998597e-01
3.259000000000001340e-01
6.169999999999999790e-02
9.749999999999992006e-02
8.499999999999996447e-02
1.258000000000001339e-01
1.155999999999998418e-01
4.125999999999999113e-01
4.596999999999999975e-01
5.570000000000004114e-02
3.072999999999999621e-01
7.309999999999997056e-02
5.290000000000007196e-02
1.456700000000000106e+00
3.232499999999999485e+00
2.354200000000000070e+00
8.558999999999998831e-01
2.456000000000001238e-01
1.304999999999999216e-01
2.527999999999999692e-01
4.240000000000002794e-02
7.599999999999992872e-02
1.788999999999999757e-01
7.689999999999996838e-02
3.279999999999991256e-02
1.126999999999999946e-01
2.138999999999998958e-01
4.749999999999983402e-02
9.319999999999994955e-02
4.029000000000000914e-01
4.409000000000000696e-01
2.967999999999998417e-01
2.192999999999999117e-01
3.372999999999999887e-01
6.349999999999991762e-02
3.679999999999992999e-02
8.319999999999998230e-02
1.626999999999998725e-01
4.799999999999991773e-02
2.127000000000001390e-01
5.017000000000000348e-01
5.271000000000000130e-01
8.130999999999998229e-01
1.337000000000000133e-01
1.517999999999999905e-01
1.243999999999999689e-01
2.011999999999999622e-01
2.751000000000000112e-01
2.796999999999999487e-01
6.326000000000000512e-01
5.739000000000000767e-01
1.523000000000000465e-01
4.746999999999999553e-01
3.823800000000000310e+00
3.242600000000000371e+00
6.316900000000000404e+00
1.481500000000000039e+00
2.872000000000000663e-01
2.646999999999999353e-01
1.944999999999999230e-01
7.088999999999999746e-01
3.650599999999999845e+00
2.154499999999999638e+00
3.387999999999999901e+00
1.360999999999999766e+00
4.098999999999997090e-01
9.070000000000019713e-02
8.189999999999980629e-02
3.163000000000001366e-01
1.228000000000001729e-01
2.538000000000000256e-01
3.207000000000003181e-01
2.729999999999999094e-01
3.942999999999999283e-01
2.536999999999999256e-01
2.698999999999998067e-01
1.001000000000001056e-01
1.042999999999999761e-01
5.784000000000000252e-01
2.982000000000002427e-01
1.726000000000000589e-01
2.486999999999998101e-01
7.643999999999999684e-01
7.005999999999996675e-01
2.596999999999998754e-01
