1.812000000000000000e-01
1.661999999999999866e-01
1.481000000000000094e-01
1.751999999999999946e-01
1.100000000000000144e-01
1.260999999999999621e-01
1.915999999999999925e-01
1.120000000000000162e-01
2.001000000000000001e-01
1.606999999999999817e-01
8.059999999999999110e-02
8.490000000000000324e-02
1.393999999999999961e-01
1.113000000000000100e-01
5.719999999999998697e-02
1.738000000000000378e-01
1.536000000000000143e-01
1.179000000000000048e-01
9.650000000000001632e-02
1.868999999999999828e-01
1.542000000000000037e-01
1.066000000000000003e-01
1.239999999999999991e-01
1.159999999999999920e-01
6.049999999999999822e-02
1.115000000000000158e-01
6.389999999999999847e-02
1.191999999999999865e-01
1.565000000000000002e-01
1.000000000000000194e-01
9.990000000000001656e-02
8.230000000000001203e-02
3.819999999999999785e-02
4.979999999999999011e-02
1.357000000000000151e-01
1.401999999999999913e-01
2.233000000000000262e-01
1.057000000000000162e-01
1.383000000000000063e-01
1.683000000000000329e-01
1.568000000000000227e-01
1.010999999999999954e-01
1.245000000000000273e-01
4.620000000000001189e-02
1.038000000000000034e-01
1.329000000000000181e-01
4.579999999999999349e-02
1.300000000000000044e-01
1.162000000000000255e-01
1.664999999999999813e-01
1.582000000000000073e-01
9.530000000000003746e-02
1.219000000000000083e-01
1.655999999999999972e-01
1.601000000000000201e-01
1.306000000000000494e-01
1.130999999999999506e-01
5.950000000000003897e-02
8.960000000000002685e-02
8.209999999999995079e-02
4.559999999999998777e-02
1.215000000000000385e-01
1.521000000000000130e-01
4.109999999999999765e-02
8.889999999999999292e-02
4.050000000000000128e-02
7.759999999999997455e-02
8.570000000000001228e-02
7.069999999999998508e-02
4.089999999999999886e-02
1.125999999999999779e-01
6.019999999999998963e-02
8.669999999999999929e-02
1.406000000000000583e-01
1.106000000000000455e-01
6.280000000000005023e-02
5.890000000000004260e-02
1.161999999999999977e-01
7.190000000000001945e-02
1.037000000000000144e-01
1.876000000000000167e-01
2.159999999999999976e-01
1.154000000000000026e-01
7.018999999999999684e-01
6.230999999999999872e-01
1.834999999999999964e-01
5.439999999999997615e-02
6.019999999999998963e-02
5.409999999999995368e-02
9.350000000000004141e-02
2.111999999999999988e-01
2.459999999999999964e-01
9.340000000000001079e-02
1.320000000000000062e-01
1.027999999999999886e-01
9.120000000000004492e-02
6.140000000000007258e-02
5.440000000000003166e-02
1.426999999999999935e-01
1.250000000000000000e-01
8.079999999999998295e-02
7.830000000000003624e-02
7.519999999999996132e-02
5.820000000000001561e-02
5.480000000000000149e-02
1.622999999999999721e-01
3.512999999999999456e-01
9.719999999999999474e-02
3.072000000000000286e-01
1.052000000000000157e-01
2.450999999999999568e-01
2.112999999999999046e-01
9.390000000000005287e-02
5.119999999999996776e-02
1.827999999999999348e-01
1.789999999999999925e-01
4.650999999999999579e-01
4.762000000000000122e-01
1.522000000000000020e-01
8.710000000000006626e-02
1.434999999999999609e-01
1.349000000000000199e-01
1.257000000000000062e-01
2.852000000000000646e-01
2.661000000000000587e-01
1.678999999999999659e-01
1.910000000000000031e-01
1.609000000000000985e-01
2.227000000000000091e-01
7.609999999999994547e-02
1.431000000000000882e-01
1.590000000000000857e-01
3.150000000000002104e-02
1.381999999999999618e-01
7.889999999999999791e-02
1.028000000000000302e-01
2.032999999999999807e-01
1.205000000000000515e-01
1.320999999999999397e-01
2.552999999999999159e-01
1.762999999999999290e-01
2.068999999999999451e-01
1.257999999999999952e-01
1.420000000000000706e-01
7.560000000000006992e-02
1.205999999999999850e-01
4.189999999999997199e-02
6.379999999999998173e-02
4.299999999999996186e-02
9.549999999999993217e-02
8.559999999999995390e-02
8.520000000000005347e-02
6.000000000000006023e-02
1.096999999999999642e-01
1.431000000000000050e-01
