2.390999999999999792e-01
1.201299999999999812e+00
1.021600000000000064e+00
2.643999999999999684e-01
6.004999999999998117e-01
2.533999999999999586e-01
7.102999999999999314e-01
1.807999999999999885e-01
1.234000000000000097e-01
2.462000000000000299e-01
9.930000000000002713e-02
1.505999999999999561e-01
7.942799999999999194e+00
2.387199999999999989e+00
1.260799999999999699e+00
2.572299999999999809e+00
4.088900000000000645e+00
1.253999999999999559e+00
4.055999999999999606e-01
1.524000000000000354e-01
1.421000000000003094e-01
1.812999999999997947e-01
1.076999999999998237e-01
5.749999999999988454e-02
1.208000000000003793e-01
7.880000000000017546e-02
1.690000000000000668e-01
1.853999999999999815e-01
1.159999999999998810e-01
4.970000000000007745e-02
1.210000000000003018e-01
7.509999999999977804e-02
7.129999999999994675e-02
8.940000000000006275e-02
5.499999999999988232e-02
1.040999999999999148e-01
6.710000000000027054e-02
4.459999999999966769e-02
9.160000000000007025e-02
4.659999999999986375e-02
6.220000000000022733e-02
6.649999999999997580e-02
1.729999999999999871e-01
3.935000000000001830e-01
8.626599999999999824e+00
5.299500000000000099e+00
4.334999999999999964e+00
8.386000000000001231e-01
8.779999999999990590e-02
8.220000000000007856e-02
1.225000000000004002e-01
2.807999999999996610e-01
5.897000000000002240e-01
2.784000000000001473e-01
1.314999999999998392e-01
4.909000000000002251e-01
5.535999999999998700e-01
9.081000000000003514e-01
7.309000000000003272e-01
2.536999999999998145e-01
6.239999999999976121e-02
1.074000000000000926e-01
2.409000000000001140e-01
2.498000000000000498e-01
6.909999999999995313e-02
1.375000000000000389e-01
1.128999999999998061e-01
1.059000000000000774e-01
1.080999999999999600e-01
4.909999999999994924e-02
8.519999999999990081e-02
7.290000000000038116e-02
1.203600000000000003e+00
2.991999999999996329e-01
3.236000000000001098e-01
2.137000000000000566e-01
1.467999999999996530e-01
6.869999999999988616e-02
1.180999999999998856e-01
8.170000000000036955e-02
8.609999999999984333e-02
5.569999999999983992e-02
1.580000000000000571e-01
7.390000000000006286e-02
6.310000000000029474e-02
7.730000000000010474e-02
1.338000000000000578e-01
5.227999999999999314e-01
5.527999999999999581e-01
2.827000000000000624e-01
1.736999999999999933e-01
3.395000000000000240e-01
7.348000000000002307e-01
2.085999999999999244e-01
2.182000000000000051e-01
2.301200000000000134e+00
2.130099999999999660e+00
8.842000000000000970e-01
1.440499999999999892e+00
1.929999999999999716e+00
1.701600000000000446e+00
6.808100000000000485e+00
1.845999999999999863e+00
3.988999999999999213e-01
4.791000000000000814e-01
1.497000000000000275e-01
4.666000000000000147e-01
6.113000000000000655e-01
4.879999999999999893e-01
1.505000000000000226e-01
8.990000000000007707e-02
4.060000000000003884e-02
6.769999999999991303e-02
9.239999999999992664e-02
1.270000000000000018e-01
7.869999999999997831e-02
1.182999999999999746e-01
1.269000000000000128e-01
2.661000000000000032e-01
1.996600000000000152e+00
1.010700000000000154e+00
7.004999999999999005e-01
4.647999999999998799e-01
1.185000000000001330e-01
1.189999999999997449e-01
1.573000000000000509e-01
1.526000000000000412e-01
