6.439400000000000901e+00
1.222000000000002945e-01
8.399999999999957501e-02
1.256000000000001560e-01
2.083000000000001517e-01
1.930999999999997441e-01
8.900000000000016231e-02
3.273000000000002019e-01
1.212000000000002520e-01
2.114000000000000323e-01
1.369999999999999274e-01
5.659999999999984488e-02
2.617999999999995886e-01
3.546999999999999598e-01
2.454000000000002013e-01
7.440000000000016045e-02
1.433999999999997776e-01
3.229999999999999538e-02
1.047999999999999765e-01
7.719999999999993534e-02
4.689999999999974745e-02
7.630000000000036753e-02
7.049999999999978506e-02
8.260000000000006226e-02
1.032999999999997531e-01
6.289999999999959512e-02
1.144000000000000572e-01
4.430000000000047788e-02
1.641000000000004122e-01
9.070000000000014162e-02
5.049999999999962852e-02
2.889999999999973146e-02
6.540000000000006919e-02
2.139999999999997460e-01
2.574999999999997846e-01
2.774999999999995248e-01
2.817999999999999394e-01
2.562999999999998613e-01
3.242999999999999217e-01
1.237000000000005595e-01
1.178999999999999215e-01
1.499000000000001165e-01
1.178000000000000158e-01
9.590000000000026281e-02
1.049000000000002431e-01
7.160000000000008025e-02
7.429999999999997717e-02
1.417000000000002147e-01
1.108999999999999431e-01
1.026999999999996804e-01
2.900000000000024780e-02
4.600000000000001310e-02
5.889999999999995239e-02
8.200000000000004508e-02
1.308000000000001939e-01
4.550000000000001266e-02
9.149999999999974820e-02
4.719999999999971441e-02
1.371999999999999331e-01
1.002999999999998337e-01
6.620000000000053619e-02
1.691999999999997395e-01
6.559999999999999165e-02
7.700000000000001288e-02
9.910000000000018794e-02
2.135999999999998455e-01
1.373999999999999666e-01
9.029999999999982485e-02
7.160000000000016351e-02
3.130000000000021654e-02
9.150000000000002576e-02
1.032999999999994478e-01
1.027999999999996139e-01
1.486999999999997213e-01
1.803000000000001268e-01
1.767999999999998462e-01
1.688000000000000056e-01
1.270999999999999908e-01
3.269000000000000239e-01
2.535999999999999921e-01
2.194999999999998619e-01
6.720000000000020401e-02
1.891000000000000458e-01
2.369999999999998219e-01
3.540000000000043112e-02
1.050999999999998047e-01
1.227999999999995207e-01
4.290000000000016023e-02
5.959999999999987530e-02
1.721999999999999642e-01
8.880000000000037863e-02
2.049999999999979616e-02
7.859999999999972564e-02
9.389999999999965041e-02
6.940000000000012825e-02
1.071000000000000840e-01
4.710000000000030829e-02
8.400000000000013012e-02
3.389999999999959712e-02
6.420000000000009033e-02
8.130000000000026095e-02
1.083000000000002849e-01
2.232999999999997209e-01
1.183000000000001828e-01
1.130999999999998673e-01
9.249999999999958256e-02
7.040000000000001812e-02
5.499999999999971578e-02
4.800000000000015365e-02
8.250000000000001776e-02
5.210000000000036824e-02
1.441000000000004500e-01
2.036999999999999922e-01
1.843999999999998973e-01
8.779999999999998916e-02
6.980000000000008420e-02
1.376999999999999336e-01
4.599999999999970779e-02
7.200000000000017497e-02
1.086999999999999078e-01
2.379999999999959925e-02
5.160000000000020126e-02
5.180000000000029026e-02
7.769999999999976925e-02
3.589999999999982094e-02
1.012000000000000677e-01
3.770000000000017781e-02
