6.489999999999999936e-02
6.229999999999999427e-02
5.619999999999999302e-02
1.277000000000000079e-01
5.180000000000000576e-02
6.689999999999998725e-02
1.064999999999999836e-01
1.580000000000000293e-01
1.305999999999999939e-01
1.329000000000000181e-01
1.515999999999999570e-01
5.589999999999999136e-02
1.010000000000000481e-01
7.560000000000001441e-02
8.770000000000001406e-02
4.730000000000004340e-02
9.749999999999997558e-02
6.420000000000000706e-02
1.295000000000000040e-01
5.669999999999999346e-02
1.590000000000000024e-01
2.033000000000000085e-01
6.079999999999998600e-02
5.149999999999998329e-02
6.530000000000003857e-02
6.859999999999993880e-02
8.490000000000003100e-02
1.561999999999999500e-01
8.899999999999995415e-02
4.419999999999996154e-02
2.021000000000000574e-01
1.399999999999999023e-01
7.680000000000010429e-02
1.662000000000000421e-01
8.240000000000000102e-02
1.223000000000000892e-01
4.830000000000006510e-02
5.999999999999998390e-02
4.399999999999999051e-02
3.059999999999998138e-02
2.100000000000003253e-02
3.279999999999998195e-02
1.127999999999999836e-01
5.648799999999999599e+00
9.488999999999998547e-01
1.706099999999999728e+00
3.155000000000000582e-01
3.350999999999999535e-01
1.503000000000002390e-01
3.144999999999997797e-01
2.689000000000001389e-01
3.669999999999999929e-01
1.659000000000000197e-01
2.046999999999999931e-01
2.243999999999999606e-01
2.203999999999999293e-01
1.514999999999999680e-01
2.255000000000000615e-01
1.977999999999999481e-01
1.382999999999999785e-01
3.172999999999999154e-01
1.510000000000001341e-01
1.967999999999999750e-01
1.256000000000000005e+00
1.071200000000000152e+00
1.050999999999999851e-01
1.941999999999999837e-01
4.330000000000000515e-01
4.213000000000001188e-01
1.533000000000000196e-01
1.257000000000000062e-01
9.760000000000007558e-02
1.425000000000000155e-01
1.032999999999999613e-01
4.649999999999997191e-02
9.779999999999995641e-02
2.070000000000000173e-01
8.610000000000007925e-02
8.049999999999997435e-02
4.589999999999999636e-02
1.175000000000000350e-01
1.851999999999999758e-01
1.017000000000000959e-01
3.800000000000006151e-02
1.014000000000000734e-01
1.657000000000000139e-01
1.015999999999999820e-01
5.979999999999999205e-02
6.590000000000015290e-02
7.959999999999999021e-02
1.035000000000000503e-01
8.469999999999992812e-02
5.099999999999989264e-02
1.045000000000000095e-01
1.019999999999999379e-01
7.930000000000020366e-02
4.810000000000005244e-02
7.419999999999990492e-02
7.729999999999992433e-02
7.030000000000002913e-02
4.730000000000003646e-02
2.880000000000005472e-02
6.230000000000000121e-02
6.940000000000012825e-02
1.025999999999999690e-01
3.749999999999997780e-02
2.859999999999986858e-02
1.263000000000000234e-01
8.309999999999997944e-02
7.660000000000001530e-02
1.243999999999999967e-01
6.729999999999997096e-02
2.970000000000015683e-02
5.400000000000001327e-02
4.779999999999995364e-02
7.139999999999996350e-02
6.370000000000006213e-02
9.049999999999994160e-02
3.729999999999988186e-02
8.560000000000000941e-02
6.099999999999998479e-02
1.059000000000000080e-01
1.092999999999999666e-01
1.184999999999999803e-01
5.359999999999997405e-02
5.899999999999994138e-02
5.880000000000006055e-02
4.540000000000009306e-02
8.090000000000005520e-02
1.116999999999999660e-01
8.859999999999997045e-02
7.530000000000010296e-02
6.199999999999982608e-02
6.949999999999997846e-02
1.228999999999998705e-01
9.620000000000013263e-02
5.900000000000004546e-02
5.779999999999992089e-02
1.879999999999999727e-01
2.046000000000001706e-01
9.870000000000000995e-02
6.469999999999992424e-02
1.016999999999999710e-01
1.399000000000000521e-01
1.056000000000000411e-01
5.199999999999992822e-02
1.086999999999999633e-01
7.239999999999971458e-02
1.149000000000001964e-01
8.030000000000003801e-02
6.550000000000001654e-02
1.711999999999999633e-01
8.949999999999985745e-02
3.200999999999998846e-01
2.783999999999998698e-01
