5.760000000000000536e-02
7.999999999999998779e-02
1.084999999999999992e-01
4.260000000000001286e-02
1.448000000000000120e-01
6.039999999999999536e-02
6.199999999999999956e-02
2.426999999999999713e-01
2.698999999999999733e-01
1.340999999999999970e-01
8.809999999999999776e-02
9.390000000000001124e-02
9.510000000000000397e-02
5.999999999999998390e-02
7.149999999999998024e-02
8.900000000000002354e-02
4.649999999999999273e-02
5.870000000000001605e-02
1.275999999999999912e-01
8.899999999999999578e-02
4.989999999999999991e-02
8.589999999999997637e-02
4.459999999999998688e-02
9.269999999999997686e-02
8.820000000000002838e-02
3.669999999999998264e-02
8.759999999999999731e-02
4.939999999999999947e-02
6.089999999999998886e-02
6.579999999999999738e-02
6.889999999999998903e-02
1.396999999999999909e-01
1.644000000000000183e-01
2.137000000000000011e-01
8.209999999999997855e-02
6.440000000000001279e-02
9.160000000000001474e-02
2.589999999999999247e-02
4.830000000000001653e-02
9.899999999999999079e-02
1.048999999999999932e-01
8.380000000000001337e-02
6.139999999999998237e-02
1.402999999999999803e-01
4.550000000000000572e-02
1.285999999999999921e-01
6.960000000000000908e-02
1.323000000000000287e-01
7.420000000000000207e-02
3.840000000000000357e-02
7.499999999999998335e-02
5.820000000000002255e-02
4.779999999999997445e-02
4.100000000000002948e-02
7.350000000000000977e-02
1.378000000000000058e-01
1.513000000000000456e-01
7.409999999999998532e-02
1.229999999999999982e-01
9.440000000000001168e-02
5.040000000000001423e-02
8.229999999999999816e-02
9.180000000000000659e-02
5.989999999999997410e-02
5.939999999999999447e-02
6.000000000000003247e-02
5.229999999999999233e-02
1.197000000000000147e-01
1.208999999999999658e-01
7.090000000000000469e-02
4.099999999999999478e-02
9.650000000000000244e-02
1.133000000000000118e-01
1.319000000000000450e-01
3.819999999999998397e-02
1.507000000000000006e-01
2.969999999999995560e-02
8.000000000000004330e-02
1.853999999999999815e-01
1.866999999999999493e-01
9.170000000000005924e-02
6.539999999999998592e-02
1.300000000000000322e-01
9.260000000000004339e-02
1.412999999999999257e-01
5.910000000000001363e-02
4.300000000000001737e-02
1.521999999999999464e-01
7.710000000000005738e-02
8.040000000000005476e-02
4.780000000000002303e-02
6.410000000000001807e-02
5.079999999999999100e-02
1.342000000000000415e-01
4.160000000000000503e-02
2.358000000000000096e-01
8.900000000000002354e-02
6.580000000000005289e-02
5.819999999999996010e-02
9.049999999999998324e-02
1.013000000000000428e-01
7.799999999999999989e-02
6.940000000000001723e-02
9.039999999999995262e-02
7.130000000000004390e-02
5.439999999999992758e-02
5.930000000000003324e-02
8.969999999999993257e-02
1.063000000000000056e-01
7.340000000000007629e-02
1.125999999999999363e-01
1.080000000000000265e-01
8.150000000000001688e-02
6.129999999999992399e-02
1.315000000000000058e-01
6.029999999999997168e-02
1.623999999999999888e-01
3.659999999999997977e-02
4.309999999999989534e-02
8.959999999999992970e-02
1.031000000000000250e-01
1.474999999999999645e-01
6.989999999999998992e-02
1.207999999999999630e-01
8.970000000000004359e-02
4.380000000000003335e-02
1.078000000000000069e-01
3.610000000000003484e-02
4.080000000000005844e-02
6.329999999999995353e-02
4.310000000000005493e-02
1.099000000000000116e-01
5.219999999999988538e-02
9.430000000000003657e-02
5.189999999999993924e-02
9.250000000000001277e-02
6.900000000000001965e-02
8.249999999999990674e-02
1.086000000000000160e-01
8.450000000000000566e-02
4.229999999999996957e-02
1.165000000000000757e-01
9.370000000000006102e-02
9.039999999999991098e-02
6.160000000000001585e-02
7.300000000000006484e-02
1.580999999999999628e-01
1.024000000000000049e-01
8.239999999999998714e-02
1.011999999999999289e-01
7.060000000000007936e-02
1.403000000000000358e-01
1.125999999999999224e-01
1.922000000000000375e-01
4.540000000000003755e-02
