3.002000000000000224e-01
4.501000000000000556e-01
3.043999999999999484e-01
1.658999999999999919e-01
2.725999999999999535e-01
2.109000000000000319e-01
3.771999999999999797e-01
3.114000000000000101e-01
8.759999999999998344e-02
1.885000000000000286e-01
4.376000000000000445e-01
2.357000000000000206e-01
1.122999999999999832e-01
4.193000000000000060e-01
2.163999999999999257e-01
3.174000000000000155e-01
3.296000000000000596e-01
1.507000000000000284e-01
1.229999999999999566e-01
2.649000000000000243e-01
1.582000000000000073e-01
1.861999999999999489e-01
1.474000000000000032e-01
4.039999999999999702e-01
4.317999999999999616e-01
2.856999999999998985e-01
6.070000000000000950e-01
1.958999999999999908e-01
1.674000000000000488e-01
2.522000000000000353e-01
2.798999999999999266e-01
4.212000000000000188e-01
2.798000000000000487e-01
6.273999999999999577e-01
1.081900000000000084e+00
4.633000000000001006e-01
2.858999999999999320e-01
4.880000000000001004e-02
2.042999999999999261e-01
2.508999999999999564e-01
1.125999999999999918e-01
1.027200000000000113e+00
8.103000000000000203e-01
1.538999999999999535e-01
2.046000000000000318e-01
1.243999999999999134e-01
1.812000000000000000e-01
1.576000000000000179e-01
2.582999999999999741e-01
2.110000000000001041e-01
2.937000000000000166e-01
2.283999999999999642e-01
2.309000000000000774e-01
3.180999999999999939e-01
1.340000000000000635e-01
3.250999999999999446e-01
3.069999999999999396e-01
2.279999999999999249e-01
1.593599999999999905e+00
7.725999999999998424e-01
1.129000000000000142e-01
3.628000000000000114e-01
1.586800000000000210e+00
2.560799999999999965e+00
2.261000000000000509e-01
8.545999999999999153e-01
5.842000000000000526e-01
3.548000000000002263e-01
3.214999999999998970e-01
2.734000000000000319e-01
2.947000000000002395e-01
2.670999999999998931e-01
1.635999999999998011e-01
5.760000000000000675e-01
2.707000000000001627e-01
4.590000000000001301e-01
3.228000000000000314e-01
1.115799999999999903e+00
7.348000000000000087e-01
2.455999999999999295e-01
3.405000000000000804e-01
2.526000000000000467e-01
1.496999999999999997e-01
5.181000000000000050e-01
4.339000000000001189e-01
4.819000000000000505e-01
5.413999999999999924e-01
6.405000000000000693e-01
2.676000000000001156e-01
6.375000000000000666e-01
7.780000000000000249e-01
8.781999999999999806e-01
7.178999999999999826e-01
1.036599999999999966e+00
4.168000000000000593e-01
2.888999999999998236e-01
2.984000000000001096e-01
1.323999999999999899e-01
5.787999999999999812e-01
5.941999999999998394e-01
2.410999999999999532e-01
3.734999999999999432e-01
2.572000000000000952e-01
2.763999999999999790e-01
1.602000000000000923e-01
1.752999999999999281e-01
4.866999999999998550e-01
7.400000000000012124e-02
1.588000000000000245e-01
2.238999999999999047e-01
2.918000000000001148e-01
3.644000000000001682e-01
5.775999999999998913e-01
2.736000000000000654e-01
3.117999999999998550e-01
1.257000000000002282e-01
2.418000000000000427e-01
4.603999999999998649e-01
2.826999999999999513e-01
1.098000000000000087e-01
3.029999999999999361e-01
2.477000000000000590e-01
5.221999999999999975e-01
3.975000000000000200e-01
3.799000000000000155e-01
3.741999999999998661e-01
7.096000000000000085e-01
3.030000000000000471e-01
3.063999999999998947e-01
2.553999999999998494e-01
1.543000000000002148e-01
3.247000000000000997e-01
2.916999999999999593e-01
4.909999999999999920e-01
2.980000000000000426e-01
2.568000000000000282e-01
6.562999999999998835e-01
5.663999999999997925e-01
2.525000000000000577e-01
1.499999999999999112e-01
2.404999999999999916e-01
5.507000000000000783e-01
1.747999999999999832e-01
1.394999999999999019e-01
2.506000000000001560e-01
5.204999999999999627e-01
3.407999999999999363e-01
4.995999999999999330e-01
7.210000000000000853e-01
3.544000000000000483e-01
3.602000000000000757e-01
1.535999999999999033e-01
4.119000000000000439e-01
1.342000000000001247e-01
1.441999999999999671e-01
