2.134000000000000064e-01
5.880000000000000504e-02
1.216000000000000136e-01
3.089999999999999969e-01
9.909999999999999365e-02
1.540999999999999870e-01
2.384000000000000008e-01
2.324000000000000232e-01
2.677000000000000490e-01
2.465999999999999859e-01
1.803999999999999770e-01
2.142999999999999905e-01
2.190999999999999892e-01
7.760000000000001619e-02
1.235000000000000542e-01
2.096000000000000363e-01
1.469999999999999640e-01
1.318000000000000282e-01
1.211000000000000132e-01
3.078999999999998960e-01
8.390000000000004399e-02
7.839999999999998359e-02
9.959999999999998022e-02
1.151000000000000079e-01
1.451999999999999957e-01
1.297999999999999710e-01
4.139999999999997848e-02
1.464999999999999636e-01
1.059499999999999886e+00
9.995000000000000551e-01
4.125999999999999668e-01
2.384000000000000563e-01
1.357999999999999485e-01
1.298999999999999877e-01
1.480999999999999817e-01
1.497000000000000275e-01
1.000999999999999945e-01
7.220000000000004192e-02
9.630000000000007998e-02
2.671999999999999376e-01
3.698999999999999511e-01
6.558999999999999275e-01
1.280999999999999917e-01
2.666000000000000592e-01
2.764999999999999680e-01
7.710000000000001574e-02
1.300800000000000400e+00
2.844000000000002637e-01
3.457000000000000073e-01
3.151999999999999802e-01
5.206999999999999407e-01
3.649000000000001132e-01
8.820000000000013940e-02
1.100999999999999757e-01
2.583999999999998520e-01
2.092000000000001081e-01
1.187999999999999196e-01
1.951000000000001899e-01
1.529000000000002302e-01
8.539999999999986491e-02
1.533999999999998420e-01
8.570000000000015106e-02
2.574000000000001287e-01
1.360000000000000653e-01
1.135999999999998400e-01
1.553000000000000491e-01
2.532999999999999696e-01
3.584000000000001074e-01
2.482999999999999652e-01
1.471000000000000085e-01
3.573000000000001175e-01
1.423000000000000931e-01
2.449999999999997458e-01
3.198999999999999622e-01
1.382999999999999508e-01
2.657999999999997587e-01
1.410000000000000142e-01
7.750000000000015210e-02
9.370000000000013041e-02
1.773000000000000687e-01
3.001999999999999114e-01
1.071999999999998926e-01
6.070000000000013579e-02
1.531000000000000416e-01
1.637999999999999734e-01
1.323000000000000009e-01
1.352999999999998093e-01
8.629999999999994620e-02
4.430000000000007543e-02
7.330000000000000404e-02
8.350000000000003253e-02
1.429000000000001380e-01
2.306999999999997386e-01
2.668999999999999151e-01
1.143999999999999323e-01
2.199999999999999178e-01
1.119999999999998080e-01
7.569999999999972584e-02
1.275000000000001688e-01
2.916000000000000258e-01
9.959999999999978593e-02
1.047000000000000430e-01
1.416000000000002812e-01
8.390000000000021052e-02
1.216999999999997945e-01
7.289999999999992319e-02
1.661000000000003030e-01
1.867000000000001436e-01
8.080000000000035765e-02
1.677000000000000712e-01
9.820000000000007889e-02
3.756999999999998674e-01
1.579000000000002069e-01
1.773000000000002352e-01
8.320000000000002394e-02
1.563999999999997892e-01
6.650000000000011458e-02
9.859999999999977116e-02
1.056000000000001937e-01
7.309999999999999831e-02
2.756000000000002892e-01
1.391000000000001680e-01
8.360000000000021581e-02
5.559999999999994114e-02
9.919999999999970508e-02
5.999999999999990064e-02
1.655000000000000637e-01
2.739000000000000878e-01
1.644999999999998408e-01
2.123000000000003495e-01
1.853000000000004088e-01
2.850000000000016409e-02
4.154000000000000470e-01
1.756999999999997175e-01
1.646900000000000475e+00
7.231799999999999784e+00
2.958700000000000330e+00
2.503300000000000303e+00
5.163000000000002032e-01
2.167000000000000870e-01
2.097000000000000530e-01
3.454999999999999183e-01
2.220000000000001972e-01
2.573999999999999622e-01
2.644999999999999574e-01
2.360000000000001541e-01
7.729999999999997984e-02
7.480000000000006088e-02
1.690999999999997228e-01
7.790000000000016356e-02
2.180999999999999328e-01
6.730000000000008198e-02
1.545000000000001372e-01
3.134999999999997788e-01
2.412000000000003030e-01
