9.639999999999999958e-02
1.543000000000000482e-01
1.128999999999999865e-01
7.970000000000000695e-02
1.736000000000000043e-01
1.614999999999999769e-01
5.859999999999998543e-02
4.439999999999999503e-02
8.619999999999999885e-02
1.887000000000000066e-01
9.079999999999999183e-02
6.550000000000001654e-02
3.989000000000000323e-01
1.841000000000000136e-01
6.739999999999998770e-02
1.833000000000000185e-01
1.343999999999999639e-01
3.299000000000000266e-01
3.403999999999999804e-01
1.822999999999999898e-01
6.300000000000000044e-02
1.413000000000000089e-01
1.102000000000000202e-01
1.509000000000000064e-01
2.893000000000000016e-01
8.679999999999997440e-02
1.938999999999999890e-01
2.809000000000000385e-01
3.424999999999999711e-01
9.260000000000001563e-02
4.209999999999998466e-02
9.339999999999999691e-02
2.092999999999999861e-01
2.097999999999999865e-01
1.861000000000000432e-01
7.379999999999997673e-02
8.829999999999998961e-02
2.562999999999999723e-01
3.436000000000000165e-01
1.440999999999999781e-01
1.057800000000000074e+00
1.487899999999999778e+00
3.320999999999999508e-01
1.347999999999999754e-01
1.548999999999999266e-01
7.229999999999996152e-02
1.976999999999999869e-01
2.786000000000000698e-01
3.465999999999999082e-01
2.374999999999999889e-01
1.391000000000000569e-01
1.597000000000000364e-01
1.097999999999999948e-01
3.601000000000000867e-01
1.936999999999999833e-01
1.779999999999999916e-01
6.430000000000013483e-02
1.534000000000000363e-01
1.207000000000000434e-01
8.850000000000003697e-02
1.531999999999999473e-01
1.345999999999999974e-01
6.000000000000007411e-02
6.859999999999995268e-02
1.199999999999999956e-01
1.003000000000000558e-01
2.580999999999999406e-01
2.060000000000000164e-01
3.825999999999999956e-01
1.329000000000000181e-01
1.528999999999999249e-01
2.507000000000000339e-01
1.555000000000000271e-01
3.135999999999999899e-01
2.396999999999999409e-01
2.977000000000000757e-01
3.397000000000000020e-01
1.747999999999998999e-01
5.369000000000000439e-01
1.781000000000000638e-01
9.549999999999995992e-02
1.826999999999999458e-01
1.454000000000000847e-01
4.629000000000000337e-01
2.530000000000000027e-01
1.806999999999999718e-01
1.237999999999999934e-01
3.363999999999999768e-01
1.050000000000000100e-01
1.384999999999999565e-01
6.500000000000002998e-02
9.079999999999999183e-02
1.363000000000000878e-01
3.088999999999998969e-01
3.556000000000000827e-01
1.754000000000001114e-01
1.962000000000000133e-01
9.306000000000000938e-01
5.714000000000000190e-01
8.366999999999999993e-01
5.886999999999997790e-01
5.255000000000000782e-01
2.943000000000000060e-01
6.053000000000000602e-01
1.410600000000000076e+00
2.435200000000000031e+00
8.776999999999997026e-01
6.143999999999998352e-01
4.536999999999998812e-01
3.887399999999999523e+00
1.054199999999999804e+00
9.135999999999998566e-01
5.025999999999999357e-01
2.099000000000000865e-01
1.456999999999999684e-01
2.028000000000000635e-01
1.310999999999999666e-01
9.790000000000002867e-02
8.579999999999997351e-02
1.935999999999999388e-01
1.771999999999999686e-01
8.240000000000008429e-02
4.760000000000004505e-02
7.829999999999996685e-02
1.008999999999999897e-01
1.026000000000000800e-01
1.760000000000000453e-01
