9.239999999999999603e-02
5.519999999999999213e-02
1.639999999999999791e-01
1.767999999999999849e-01
1.189000000000000057e-01
1.781999999999999973e-01
1.189999999999999808e-01
2.016000000000000014e-01
1.417999999999999816e-01
3.298999999999999710e-01
2.014999999999999847e-01
4.017000000000000570e-01
1.961999999999999855e-01
8.980000000000000482e-02
1.134000000000000286e-01
1.630000000000000060e-01
1.218999999999999945e-01
1.322000000000000397e-01
3.012000000000000233e-01
4.208999999999999964e-01
2.268999999999999906e-01
1.597999999999999976e-01
1.653000000000000302e-01
1.053000000000000186e-01
4.520000000000001100e-02
2.174000000000000377e-01
1.597000000000000086e-01
7.819999999999999174e-02
1.123999999999999999e-01
2.367999999999999550e-01
1.593999999999999861e-01
1.280000000000000027e-01
1.728000000000000091e-01
1.291999999999999815e-01
1.666999999999999871e-01
3.141999999999999793e-01
2.101999999999999980e-01
2.448000000000000176e-01
9.230000000000000704e-02
9.369999999999997775e-02
2.993999999999999995e-01
3.154999999999999472e-01
9.009999999999998566e-02
4.880000000000001004e-02
1.127999999999999975e-01
1.698999999999999955e-01
1.522000000000000020e-01
5.950000000000002509e-02
1.379000000000000226e-01
1.880999999999999894e-01
9.610000000000001874e-02
1.032999999999999891e-01
2.508999999999999564e-01
1.524999999999999689e-01
1.765999999999999792e-01
9.489999999999999825e-02
7.720000000000001861e-02
8.800000000000000877e-02
2.493000000000000216e-01
1.735000000000000153e-01
1.927000000000000379e-01
1.677999999999999492e-01
7.669999999999999041e-02
1.572000000000000064e-01
6.859999999999998044e-02
1.716999999999999915e-01
2.322999999999999787e-01
9.660000000000000531e-02
9.079999999999999183e-02
9.900000000000003242e-02
1.128999999999999726e-01
1.952000000000000124e-01
8.589999999999997637e-02
2.225999999999999923e-01
1.504999999999999671e-01
1.082999999999999657e-01
2.504999999999999449e-01
1.214999999999999969e-01
1.597999999999999698e-01
2.120999999999999552e-01
6.409999999999997644e-02
1.341999999999999860e-01
1.224999999999999978e-01
1.366999999999999882e-01
2.381000000000000338e-01
1.037999999999999617e-01
2.208999999999999575e-01
1.430999999999999495e-01
1.782999999999999863e-01
1.287999999999999701e-01
1.366999999999999882e-01
6.650000000000004519e-02
1.388999999999999124e-01
3.345999999999998975e-01
1.765999999999999792e-01
1.024999999999999661e-01
1.469000000000000028e-01
7.420000000000004370e-02
2.475999999999999868e-01
8.839999999999996472e-02
4.720000000000000584e-02
1.092999999999999805e-01
1.170000000000000068e-01
1.243999999999999551e-01
2.285999999999999699e-01
2.230000000000000038e-01
1.201000000000000123e-01
7.350000000000002365e-02
7.109999999999999654e-02
1.488999999999999768e-01
1.647000000000000408e-01
1.371000000000000274e-01
4.102999999999999980e-01
3.427000000000000046e-01
1.706999999999999906e-01
2.414999999999999925e-01
2.120000000000000218e-01
6.390000000000008173e-02
8.120000000000003604e-02
2.047000000000000208e-01
1.313000000000000278e-01
2.223999999999999588e-01
2.925999999999999712e-01
8.730000000000001648e-02
9.089999999999998082e-02
1.670999999999999708e-01
9.209999999999998743e-02
1.346000000000000252e-01
1.561999999999999778e-01
6.070000000000004559e-02
1.582999999999999963e-01
7.029999999999995974e-02
1.890999999999999348e-01
7.819999999999995011e-02
2.135999999999999843e-01
1.004000000000000170e-01
2.757000000000000561e-01
7.109999999999999654e-02
1.270000000000000018e-01
1.603999999999999870e-01
1.924000000000000155e-01
2.009000000000000508e-01
3.899999999999997913e-02
1.057000000000000162e-01
1.127000000000000224e-01
2.480999999999999317e-01
3.522000000000000131e-01
2.868000000000000549e-01
1.537000000000000033e-01
6.829999999999999960e-02
1.021000000000000102e-01
7.210000000000002518e-02
2.283999999999999919e-01
8.229999999999999816e-02
1.501000000000000112e-01
1.806000000000000383e-01
1.768000000000000127e-01
2.472999999999999643e-01
2.931999999999999607e-01
2.508000000000000229e-01
1.824000000000000066e-01
2.230999999999999928e-01
2.783000000000000473e-01
2.664999999999999591e-01
3.165999999999999925e-01
1.735999999999999766e-01
2.196999999999999786e-01
2.488999999999999824e-01
1.853000000000000203e-01
9.830000000000008176e-02
3.106000000000000427e-01
1.313999999999999613e-01
8.980000000000001870e-02
2.083999999999999186e-01
1.197999999999999621e-01
1.995999999999999441e-01
1.708000000000000629e-01
6.681999999999999051e-01
2.348999999999999977e-01
1.833000000000000185e-01
2.565000000000000613e-01
1.974999999999999811e-01
1.325999999999999956e-01
1.662999999999998924e-01
2.874999999999999223e-01
3.088999999999999524e-01
2.793000000000001037e-01
4.434000000000000163e-01
5.225000000000000755e-01
2.448000000000000453e-01
4.302000000000000268e-01
2.518999999999999573e-01
1.160999999999998700e-01
1.712999999999999801e-01
1.872999999999999943e-01
1.075000000000000677e-01
2.815999999999999615e-01
4.850999999999998646e-01
1.778000000000000136e-01
