7.309999999999999831e-02
1.232000000000000040e-01
1.845999999999999863e-01
1.412000000000000477e-01
1.022000000000000408e-01
3.796999999999999820e-01
3.356999999999999984e-01
4.137000000000000122e-01
3.372999999999999887e-01
4.078999999999999848e-01
2.194000000000000117e-01
6.380000000000000948e-02
1.595999999999999919e-01
8.409999999999998033e-02
1.260000000000000286e-01
1.834000000000000075e-01
1.660000000000000087e-01
1.764000000000000012e-01
3.668999999999999484e-01
6.007000000000000117e-01
2.074999999999999900e-01
1.904000000000000137e-01
3.649000000000000021e-01
6.379000000000000226e-01
3.227999999999999758e-01
2.117999999999999883e-01
3.694999999999999396e-01
4.989999999999999436e-01
1.226000000000000006e-01
3.520999999999999686e-01
4.642000000000000015e-01
6.199999999999999956e-02
5.655999999999999917e-01
6.969000000000000750e-01
1.922999999999999987e-01
2.268999999999999906e-01
1.922999999999999987e-01
1.377000000000000168e-01
1.421999999999999653e-01
1.666999999999999593e-01
3.087000000000000299e-01
1.211999999999999883e-01
4.439999999999999503e-01
2.317000000000000448e-01
1.499000000000000055e-01
2.096000000000000085e-01
2.012000000000000455e-01
1.678999999999999937e-01
2.616000000000000547e-01
2.678000000000000380e-01
4.806999999999999607e-01
1.757999999999999563e-01
4.002000000000000002e-01
3.546000000000000263e-01
6.370000000000000107e-01
8.604999999999999316e-01
5.075999999999999401e-01
2.928999999999999937e-01
1.402999999999999803e-01
2.046000000000000318e-01
1.495000000000000218e-01
1.424999999999999600e-01
1.188999999999999779e-01
1.446000000000000063e-01
8.130000000000001115e-02
2.101999999999999424e-01
7.389999999999995184e-02
3.166999999999999260e-01
5.846000000000000085e-01
4.787000000000000144e-01
1.228000000000000758e-01
1.508000000000000729e-01
2.874999999999999223e-01
4.143000000000000016e-01
1.958000000000000296e-01
2.404999999999999916e-01
9.800000000000001765e-02
3.316999999999999948e-01
1.973999999999999921e-01
5.254999999999999671e-01
7.096999999999999975e-01
2.377000000000000224e-01
1.549999999999999434e-01
5.546999999999999709e-01
5.792000000000000481e-01
3.955000000000000737e-01
4.686000000000000165e-01
5.507999999999999563e-01
2.190000000000000280e-01
2.848000000000000531e-01
1.189999999999999947e-01
4.309000000000000608e-01
4.766000000000000236e-01
4.481000000000000538e-01
3.064000000000000057e-01
1.795999999999999819e-01
1.667000000000000148e-01
3.763000000000000234e-01
6.647000000000000686e-01
6.033000000000000584e-01
5.476999999999999647e-01
5.949999999999999734e-01
7.537000000000000366e-01
7.851000000000000201e-01
3.729999999999999982e-01
3.737000000000000322e-01
3.125000000000000000e-01
2.332000000000000184e-01
1.444999999999999341e-01
2.260000000000000064e-01
2.867999999999998884e-01
3.203999999999999626e-01
1.882999999999999952e-01
1.546000000000000152e-01
4.084000000000000408e-01
4.332000000000000295e-01
1.314000000000000168e-01
3.395999999999999019e-01
3.207999999999998630e-01
2.492999999999999938e-01
6.072999999999999510e-01
6.539000000000001478e-01
4.178000000000000602e-01
6.396999999999999353e-01
6.319999999999997842e-02
7.320999999999999730e-01
6.535999999999999588e-01
2.619000000000000772e-01
1.937000000000001221e-01
2.792999999999999927e-01
2.112000000000000266e-01
1.559000000000000663e-01
4.823999999999999400e-01
3.383000000000001561e-01
1.123000000000000109e-01
1.938000000000000000e-01
1.136000000000000482e-01
2.004999999999999560e-01
5.177999999999999270e-01
5.728999999999999648e-01
6.720000000000000417e-01
3.551999999999999602e-01
1.941999999999999837e-01
1.197000000000000425e-01
2.163999999999999257e-01
4.298999999999999488e-01
3.171000000000001040e-01
8.030000000000003801e-02
2.198000000000000509e-01
3.787000000000001476e-01
1.859999999999999432e-01
3.599999999999999867e-01
7.593999999999999639e-01
6.695999999999999730e-01
4.356999999999999762e-01
2.737999999999999323e-01
2.706999999999999407e-01
3.057000000000000273e-01
1.333000000000000573e-01
2.291999999999999593e-01
1.760000000000000175e-01
1.469999999999999363e-01
4.121000000000000218e-01
1.397999999999999798e-01
5.360999999999999099e-01
3.617000000000000215e-01
2.542999999999999705e-01
2.792000000000000037e-01
5.764000000000000234e-01
5.355000000000000870e-01
1.491999999999999993e-01
1.732999999999999818e-01
1.300999999999999657e-01
1.238000000000001044e-01
1.920000000000001150e-01
2.298999999999999377e-01
1.307999999999999718e-01
2.697000000000000508e-01
4.436000000000001053e-01
3.365000000000000213e-01
2.898999999999999910e-01
3.308000000000000940e-01
3.623999999999999444e-01
1.628000000000000003e-01
3.929999999999997384e-02
3.869999999999998996e-01
5.008000000000000229e-01
3.901999999999999913e-01
8.600000000000002087e-02
7.130000000000004390e-02
2.615000000000000102e-01
4.673000000000000487e-01
3.858999999999999653e-01
3.652000000000000246e-01
1.137999999999999567e-01
3.056999999999999718e-01
2.507999999999999119e-01
1.943000000000001393e-01
3.057000000000000828e-01
