2.053999999999999715e-01
9.129999999999999227e-02
2.610999999999999988e-01
4.475999999999999979e-01
2.746000000000000107e-01
1.955000000000000071e-01
2.478000000000000203e-01
1.346999999999999864e-01
1.960000000000000075e-01
2.955999999999999739e-01
2.982000000000000206e-01
3.612000000000000210e-01
3.734999999999999987e-01
5.483000000000000096e-01
7.816000000000000725e-01
5.050999999999999934e-01
1.671999999999999875e-01
1.638999999999999901e-01
1.991999999999999882e-01
2.041999999999999926e-01
2.252000000000000113e-01
2.106999999999999984e-01
2.424999999999999933e-01
1.185999999999999832e-01
2.211000000000000187e-01
1.895000000000000018e-01
3.285000000000000142e-01
6.533999999999999808e-01
3.303000000000000380e-01
1.288000000000000256e-01
1.509000000000000064e-01
2.691999999999999948e-01
3.573000000000000065e-01
1.007000000000000117e-01
2.761000000000000121e-01
1.541000000000000147e-01
1.556000000000000161e-01
1.613999999999999324e-01
2.439000000000000057e-01
2.406999999999999973e-01
1.772000000000000242e-01
1.783000000000000140e-01
1.184000000000000052e-01
2.714999999999999636e-01
2.527000000000000357e-01
3.449999999999999734e-01
1.289000000000000146e-01
4.184999999999999831e-01
2.819999999999999729e-01
1.234999999999999987e-01
1.295999999999999930e-01
1.531000000000000139e-01
1.588999999999999857e-01
2.142000000000000015e-01
5.272999999999999909e-01
3.741999999999999771e-01
3.955999999999999517e-01
5.954999999999999183e-01
5.094000000000000750e-01
1.727000000000000202e-01
2.513999999999999568e-01
1.436000000000000054e-01
2.104000000000000314e-01
1.804999999999999660e-01
1.951999999999999846e-01
1.047000000000000153e-01
1.478999999999999759e-01
3.960999999999999521e-01
3.135000000000000009e-01
1.719000000000000528e-01
1.938000000000000000e-01
1.764999999999999902e-01
8.690000000000003277e-02
1.057999999999999774e-01
2.518000000000000238e-01
2.439999999999999947e-01
2.798000000000000487e-01
2.824999999999999734e-01
4.233999999999999986e-01
1.229000000000000370e-01
4.281000000000000361e-01
1.900999999999999912e-01
7.272000000000000686e-01
7.103000000000000425e-01
3.550999999999999712e-01
3.726000000000000423e-01
3.658000000000000140e-01
3.893999999999999684e-01
2.844999999999999751e-01
3.561999999999999611e-01
7.783999999999999808e-01
2.700000000000000733e-01
3.416000000000000147e-01
2.714000000000000301e-01
1.195000000000000090e-01
4.928000000000000158e-01
4.747999999999999998e-01
3.397000000000000020e-01
2.286999999999999866e-01
2.830000000000000293e-01
2.124000000000000887e-01
1.386000000000000287e-01
2.795999999999999597e-01
5.590000000000000524e-01
5.764000000000000234e-01
2.741000000000000103e-01
4.005000000000000226e-01
2.981000000000000316e-01
5.162999999999999812e-01
3.866999999999999327e-01
5.150000000000000133e-01
5.905000000000000249e-01
1.324999999999999789e-01
5.488000000000000655e-01
1.518999999999999795e-01
3.928999999999999160e-01
7.680000000000000715e-02
1.668999999999999373e-01
1.282999999999999696e-01
8.210000000000000631e-02
9.709999999999999187e-02
1.909000000000000141e-01
4.496999999999999886e-01
4.860999999999999766e-01
8.789999999999997815e-02
1.959999999999999520e-01
1.112999999999999962e-01
2.360000000000000153e-01
1.289999999999999758e-01
1.595999999999999919e-01
4.709999999999999742e-01
7.528999999999999027e-01
5.405000000000000915e-01
3.015999999999999792e-01
2.385000000000000175e-01
7.790000000000005254e-02
3.086999999999999744e-01
1.690000000000000668e-01
1.291000000000000203e-01
4.719999999999999751e-01
4.744000000000000439e-01
4.096000000000000751e-01
3.630999999999999783e-01
3.172999999999999710e-01
3.292000000000000481e-01
5.353999999999999870e-01
6.410000000000001252e-01
2.795000000000000262e-01
2.244999999999999774e-01
2.105999999999999539e-01
1.179000000000000326e-01
2.942999999999999505e-01
4.245999999999999774e-01
3.772999999999999687e-01
4.958000000000000185e-01
6.085000000000000409e-01
4.687999999999998835e-01
3.013000000000000123e-01
2.772000000000000020e-01
6.329999999999991189e-02
2.019999999999999574e-01
2.818999999999999284e-01
2.640999999999999459e-01
4.993999999999999551e-01
1.800999999999999823e-01
1.864000000000000101e-01
2.343999999999999972e-01
1.201999999999999041e-01
2.465000000000000246e-01
1.535999999999999865e-01
2.228999999999999870e-01
1.781000000000000361e-01
2.535000000000000586e-01
5.443999999999999950e-01
5.722000000000000419e-01
1.834999999999999964e-01
1.260000000000000286e-01
1.954999999999999793e-01
3.847000000000000419e-01
2.973000000000000087e-01
2.734000000000000319e-01
2.870999999999999108e-01
5.192999999999999838e-01
6.118000000000000105e-01
2.099000000000000865e-01
2.140000000000000235e-01
1.103000000000000369e-01
8.219999999999999529e-02
1.706999999999999906e-01
7.950000000000001510e-02
1.971000000000000529e-01
2.232000000000000095e-01
1.354999999999999538e-01
3.026999999999999691e-01
2.280000000000000360e-01
1.733999999999999431e-01
2.616000000000000547e-01
4.622999999999999332e-01
2.802000000000000601e-01
