1.567999999999999949e-01
1.072000000000000036e-01
6.165000000000000480e-01
5.498000000000000664e-01
2.910999999999999699e-01
4.021000000000000130e-01
4.621999999999999997e-01
7.173000000000000487e-01
9.038999999999999257e-01
4.470999999999999974e-01
8.039999999999999369e-01
2.906000000000000250e-01
1.024199999999999777e+00
6.146000000000000352e-01
4.633000000000000451e-01
6.156000000000000361e-01
2.004000000000000226e-01
2.401000000000000356e-01
3.427000000000000046e-01
3.424999999999999711e-01
2.518000000000000238e-01
5.504999999999999893e-01
5.376999999999999558e-01
2.247000000000000108e-01
4.566999999999999948e-01
1.711000000000000298e-01
4.737000000000000655e-01
4.572000000000000508e-01
5.947999999999999954e-01
4.198000000000000620e-01
5.070999999999999952e-01
2.403000000000000413e-01
1.045800000000000063e+00
8.628000000000000114e-01
2.665000000000000147e-01
5.348000000000000531e-01
2.262800000000000367e+00
1.479800000000000004e+00
2.418300000000000338e+00
3.504000000000000448e-01
7.440999999999999837e-01
1.665999999999999981e-01
5.236000000000000654e-01
5.535999999999999810e-01
6.894000000000000128e-01
7.695000000000000728e-01
9.075999999999999623e-01
3.915000000000000147e-01
8.491000000000000769e-01
6.883000000000000229e-01
2.581999999999999851e-01
1.598000000000000531e-01
2.943999999999999950e-01
3.462000000000000077e-01
5.109000000000000208e-01
9.126999999999999558e-01
2.954999999999999849e-01
9.836000000000000298e-01
1.184200000000000141e+00
7.083999999999999186e-01
5.473999999999998867e-01
6.129000000000000004e-01
1.683000000000000329e-01
7.277000000000000135e-01
9.143999999999999906e-01
1.208999999999999658e-01
5.352000000000000091e-01
4.271000000000000352e-01
1.320100000000000051e+00
1.124400000000000066e+00
2.396999999999999686e-01
1.289399999999999880e+00
2.302000000000000712e-01
4.900999999999999801e-01
3.066000000000000392e-01
1.738000000000000100e-01
1.200000000000000094e-01
5.836000000000000076e-01
5.291000000000001258e-01
5.722000000000000419e-01
1.064800000000000191e+00
7.274000000000000465e-01
3.515000000000000346e-01
8.995000000000000773e-01
4.590000000000003105e-02
8.099999999999998312e-01
2.883999999999999897e-01
1.094599999999999795e+00
3.544000000000000483e-01
1.408300000000000107e+00
6.343999999999999639e-01
6.941999999999999282e-01
6.566999999999999504e-01
2.771999999999999464e-01
2.435999999999999832e-01
8.820000000000000062e-01
1.224099999999999966e+00
2.809999999999999165e-01
6.036000000000001364e-01
6.021999999999999575e-01
1.772000000000000519e-01
4.618000000000000438e-01
5.123999999999999666e-01
4.756000000000000227e-01
4.661999999999999478e-01
7.109999999999999654e-01
2.953999999999999404e-01
5.120000000000000107e-01
2.769000000000000350e-01
4.883999999999999453e-01
6.302999999999999714e-01
1.278000000000000247e-01
2.294000000000000483e-01
2.114000000000000323e-01
4.392000000000000348e-01
2.635000000000000120e-01
5.287000000000000588e-01
1.022100000000000009e+00
2.393000000000000405e-01
1.037599999999999856e+00
1.053900000000000059e+00
8.334000000000000297e-01
8.951000000000001178e-01
3.592000000000000193e-01
2.778000000000000469e-01
8.190999999999999392e-01
5.800999999999999490e-01
1.308499999999999996e+00
1.671699999999999964e+00
1.376800000000000024e+00
1.102700000000000014e+00
1.416000000000000147e+00
9.383000000000000229e-01
5.225999999999999535e-01
3.131999999999999784e-01
6.215999999999999304e-01
8.159999999999993647e-02
8.708999999999998964e-01
9.650000000000000799e-01
6.341999999999998749e-01
1.298499999999999988e+00
3.707999999999999630e-01
2.752000000000000002e-01
1.772999999999999576e-01
1.898000000000000242e-01
2.043999999999999706e-01
1.436000000000000054e-01
4.445000000000000062e-01
6.991999999999999327e-01
8.351999999999999424e-01
3.031000000000000361e-01
5.836000000000000076e-01
2.529000000000000137e-01
7.613000000000000878e-01
9.743000000000001659e-01
2.843999999999999861e-01
4.657000000000000028e-01
1.078999999999999820e-01
1.269999999999999463e-01
8.087999999999999634e-01
1.990999999999999992e-01
6.901000000000000467e-01
1.417000000000000481e-01
5.370999999999999108e-01
4.825000000000000400e-01
7.508000000000000229e-01
1.409000000000000252e-01
1.827000000000000290e-01
3.835999999999999410e-01
4.060000000000000275e-01
5.390999999999999126e-01
6.859999999999999432e-01
4.518000000000000349e-01
1.033799999999999830e+00
4.174999999999999822e-01
4.735000000000000320e-01
1.177999999999999881e-01
6.863000000000000211e-01
2.122999999999999610e-01
1.104599999999999804e+00
6.815000000000001057e-01
4.350000000000001088e-01
6.453999999999999737e-01
4.131000000000000227e-01
2.753999999999999782e-01
6.804999999999999938e-01
5.855000000000000204e-01
1.083000000000000351e-01
5.374999999999999778e-01
1.979999999999999816e-01
3.402000000000000024e-01
6.871000000000000441e-01
5.865000000000000213e-01
2.620000000000000107e-01
2.041999999999999926e-01
4.329999999999999405e-01
7.204000000000000403e-01
1.188300000000000134e+00
3.151999999999999802e-01
