1.054999999999999966e-01
1.359000000000000208e-01
1.622999999999999998e-01
3.846999999999999864e-01
1.553999999999999826e-01
7.299999999999999545e-02
8.439999999999998892e-02
2.015000000000000124e-01
1.059000000000000080e-01
2.416000000000000092e-01
1.383000000000000340e-01
2.419000000000000039e-01
3.870000000000000107e-01
2.409000000000000030e-01
1.910000000000000031e-01
3.346999999999999975e-01
4.247000000000000219e-01
4.377000000000000335e-01
1.953000000000000291e-01
1.340999999999999970e-01
2.762999999999999901e-01
1.922000000000000097e-01
2.091000000000000081e-01
1.268999999999999850e-01
2.302000000000000157e-01
2.236000000000000210e-01
2.240999999999999936e-01
3.467000000000000082e-01
8.000000000000000167e-02
2.659000000000000252e-01
2.169999999999999984e-01
6.120000000000000440e-02
7.009999999999999565e-02
1.885000000000000009e-01
6.310000000000000331e-02
1.036999999999999866e-01
1.180999999999999828e-01
1.265000000000000013e-01
1.253000000000000225e-01
1.532000000000000306e-01
3.723000000000000753e-01
2.594000000000000195e-01
1.290999999999999925e-01
1.209000000000000075e-01
8.959999999999998521e-02
1.989999999999999825e-01
5.839999999999999358e-02
2.076000000000000068e-01
7.750000000000001332e-02
2.540999999999999925e-01
1.660999999999999976e-01
2.278000000000000025e-01
1.458000000000000407e-01
1.038000000000000034e-01
1.693000000000000060e-01
1.426000000000000045e-01
9.400000000000002798e-02
2.274000000000000465e-01
2.691000000000000059e-01
8.830000000000001736e-02
9.729999999999998372e-02
2.199999999999999734e-01
3.010000000000000453e-01
1.963000000000000023e-01
3.174000000000000155e-01
3.677000000000000268e-01
2.081000000000000072e-01
1.666000000000000258e-01
3.910000000000000142e-01
4.357000000000000317e-01
2.864999999999999769e-01
2.722999999999999865e-01
3.996000000000000107e-01
1.812000000000000000e-01
5.499999999999997252e-02
3.603999999999999981e-01
2.352999999999999814e-01
1.502000000000000002e-01
1.066000000000000558e-01
2.201999999999999791e-01
2.016999999999999627e-01
1.810999999999999832e-01
2.242000000000000104e-01
3.501000000000000223e-01
4.555999999999999495e-01
3.470000000000000306e-01
7.540000000000000868e-02
1.663000000000000034e-01
1.737000000000000210e-01
1.802999999999999603e-01
1.403999999999999693e-01
2.413000000000000145e-01
1.938000000000000000e-01
3.281000000000000583e-01
4.579000000000000292e-01
5.316999999999999504e-01
2.340000000000000135e-01
1.326000000000000512e-01
2.857000000000000095e-01
2.549000000000000155e-01
2.517999999999999683e-01
2.010000000000000120e-01
3.138000000000000789e-01
2.157000000000000028e-01
2.313999999999999946e-01
2.009999999999999842e-01
1.856000000000000150e-01
2.029000000000000248e-01
2.215000000000000024e-01
3.618999999999999995e-01
1.278999999999999859e-01
3.144000000000000128e-01
1.798000000000000154e-01
2.653000000000000358e-01
3.952000000000000512e-01
1.890000000000000013e-01
1.156000000000000361e-01
1.549000000000000377e-01
5.929999999999998467e-02
2.107999999999999874e-01
2.862000000000000099e-01
1.605000000000000315e-01
2.762000000000000011e-01
3.347999999999999865e-01
1.200999999999999845e-01
1.554999999999999716e-01
2.888000000000000567e-01
8.100000000000000255e-02
5.119000000000000217e-01
4.422000000000000930e-01
2.121999999999999997e-01
8.330000000000001292e-02
1.020000000000000073e-01
7.939999999999997060e-02
1.718999999999999972e-01
8.840000000000000635e-02
1.478000000000000147e-01
1.278000000000000247e-01
2.744999999999999662e-01
1.191999999999999865e-01
2.700000000000000178e-01
1.280000000000000027e-01
2.065000000000000169e-01
2.909000000000000474e-01
1.359999999999999543e-01
1.399999999999999856e-01
1.564000000000000390e-01
8.800000000000000877e-02
6.900000000000001965e-02
1.336000000000000520e-01
1.152999999999999858e-01
1.514999999999999680e-01
7.339999999999997915e-02
1.589999999999999747e-01
2.503999999999999559e-01
1.332999999999999741e-01
1.390000000000000124e-01
1.002000000000000113e-01
2.039999999999999869e-01
9.190000000000000946e-02
1.192000000000000143e-01
1.322999999999999732e-01
2.888000000000000567e-01
9.299999999999998546e-02
2.283999999999999919e-01
1.590999999999999914e-01
2.890000000000000346e-01
7.179999999999998883e-02
4.267999999999999572e-01
4.438000000000000278e-01
1.110999999999999766e-01
1.354000000000000203e-01
9.850000000000005973e-02
1.001000000000000223e-01
2.404000000000000303e-01
2.474000000000000088e-01
1.548000000000000209e-01
1.167999999999999594e-01
2.578000000000000291e-01
1.897999999999999687e-01
1.733000000000000096e-01
1.949000000000000454e-01
1.185999999999999832e-01
2.276000000000000245e-01
1.500999999999999834e-01
2.605000000000000648e-01
4.318000000000000171e-01
2.888000000000000012e-01
9.700000000000000289e-02
1.378000000000000336e-01
2.879000000000000448e-01
1.766999999999999960e-01
1.599999999999999756e-01
2.343999999999999695e-01
2.471999999999999753e-01
1.602999999999999425e-01
1.633000000000000007e-01
8.200000000000004508e-02
2.871000000000000774e-01
