1.022999999999999882e-01
1.021999999999999853e-01
1.778000000000000136e-01
1.218999999999999945e-01
1.728000000000000091e-01
1.204999999999999960e-01
2.756000000000000116e-01
1.114000000000000129e-01
1.849999999999999978e-01
9.599999999999998812e-02
9.359999999999998876e-02
1.118999999999999995e-01
3.064000000000000057e-01
3.274999999999999578e-01
1.786000000000000365e-01
1.876999999999999780e-01
1.016999999999999849e-01
1.252999999999999670e-01
1.695000000000000118e-01
1.326999999999999846e-01
4.752000000000000668e-01
2.571000000000001062e-01
2.482000000000000317e-01
2.180999999999999606e-01
2.782999999999999918e-01
1.600000000000000033e-01
3.918999999999999151e-01
2.010999999999999455e-01
2.515999999999999903e-01
1.620000000000000329e-01
3.043000000000000149e-01
1.218999999999999667e-01
2.071999999999999675e-01
2.256000000000000227e-01
2.437000000000000277e-01
2.437999999999999612e-01
9.059999999999999998e-02
2.308000000000000607e-01
1.905999999999999917e-01
1.105000000000000010e-01
1.936999999999999000e-01
4.599999999999997147e-02
8.949999999999999623e-02
2.971999999999999642e-01
1.343000000000000027e-01
1.703000000000000069e-01
1.057999999999999219e-01
2.421999999999999154e-01
3.085000000000000520e-01
1.348000000000000309e-01
1.492999999999999605e-01
2.144000000000000072e-01
2.341999999999999638e-01
3.289000000000000257e-01
2.680000000000000715e-01
1.137999999999999567e-01
3.203000000000000291e-01
2.326999999999999624e-01
4.876999999999999669e-01
2.246999999999998998e-01
7.580000000000002014e-02
3.089999999999999414e-01
2.149999999999999967e-01
1.930000000000000326e-01
1.359999999999999820e-01
1.257000000000000617e-01
3.355999999999999539e-01
3.045000000000001039e-01
8.999999999999996891e-02
6.100000000000015826e-02
1.123000000000000664e-01
1.669000000000000483e-01
1.831000000000000127e-01
2.112999999999999323e-01
1.733999999999999708e-01
1.263999999999999568e-01
1.833000000000000462e-01
2.222999999999998866e-01
5.990000000000000879e-02
1.604999999999999760e-01
3.818000000000001393e-01
2.726999999999999980e-01
3.756999999999999229e-01
1.188999999999999918e-01
3.314999999999999059e-01
2.468000000000001581e-01
2.660000000000001252e-01
1.857999999999999374e-01
8.129999999999995564e-02
2.495000000000000273e-01
2.080000000000000460e-01
2.230999999999999928e-01
2.856999999999999540e-01
8.610000000000009313e-02
1.135000000000000869e-01
2.631999999999999340e-01
2.882000000000000117e-01
1.135999999999999510e-01
1.937000000000001498e-01
2.323000000000000620e-01
2.472000000000000586e-01
1.313999999999999058e-01
2.979000000000000536e-01
1.204000000000000348e-01
2.796999999999999487e-01
2.072999999999999843e-01
2.478999999999999815e-01
2.268999999999999351e-01
4.098999999999999311e-01
1.663000000000000034e-01
1.327000000000001234e-01
1.598999999999999311e-01
2.909999999999999809e-01
2.427000000000000268e-01
8.200000000000016998e-02
1.264999999999998070e-01
1.746000000000000330e-01
3.280999999999999472e-01
2.642999999999998684e-01
2.150999999999999301e-01
3.692999999999999616e-01
2.042999999999999539e-01
2.228999999999999315e-01
5.959999999999995857e-02
1.761999999999999400e-01
1.037000000000000699e-01
4.310999999999999277e-01
3.456999999999999518e-01
3.103000000000000758e-01
1.003999999999999893e-01
2.667000000000001037e-01
3.847000000000000419e-01
3.330000000000000182e-01
1.910000000000000586e-01
1.058999999999999941e-01
3.618000000000000105e-01
8.416999999999998927e-01
4.803999999999999937e-01
2.149999999999999412e-01
4.494999999999999551e-01
3.619999999999995444e-02
4.095999999999999086e-01
3.108999999999999542e-01
3.464999999999999192e-01
2.767999999999999905e-01
7.909999999999997589e-02
1.420999999999998931e-01
1.227999999999999925e-01
1.363000000000000600e-01
3.584999999999999298e-01
3.623999999999999444e-01
2.010000000000000397e-01
2.729000000000000314e-01
3.989999999999999658e-01
1.218000000000000332e-01
2.540999999999999370e-01
3.664999999999998259e-01
3.637999999999999567e-01
1.397999999999999798e-01
1.354999999999998705e-01
3.292000000000001592e-01
3.672999999999999599e-01
1.414999999999999591e-01
9.620000000000002160e-02
1.291000000000000203e-01
1.565000000000000002e-01
2.124000000000000332e-01
4.446000000000001062e-01
2.902999999999999470e-01
9.429999999999996718e-02
1.619000000000000439e-01
2.234000000000000152e-01
1.441999999999999393e-01
2.281000000000000250e-01
1.923000000000000265e-01
2.467999999999999083e-01
5.273999999999998689e-01
2.048000000000000098e-01
2.497999999999999665e-01
5.146999999999999353e-01
6.623999999999998778e-01
4.815000000000000391e-01
2.525999999999999912e-01
3.718999999999998973e-01
2.849999999999999201e-01
1.346999999999999031e-01
3.018999999999999462e-01
7.420000000000009921e-02
3.054000000000000048e-01
2.563000000000000833e-01
2.945999999999999730e-01
1.971999999999997921e-01
2.822000000000001174e-01
1.727000000000000202e-01
2.934999999999998721e-01
2.377999999999999559e-01
2.050999999999999768e-01
1.560999999999998777e-01
3.800000000000008926e-02
