2.112999999999999878e-01
1.340999999999999970e-01
4.474000000000000199e-01
4.546599999999999753e+00
3.156700000000000284e+00
1.425899999999999945e+00
9.478999999999999648e-01
1.873999999999999555e-01
1.359000000000000208e-01
2.889999999999999236e-01
1.333000000000000296e-01
1.930999999999999939e-01
2.036999999999999922e-01
1.638999999999999624e-01
2.193999999999999839e-01
1.859000000000000097e-01
2.463000000000000189e-01
2.677000000000000490e-01
1.482999999999999874e-01
1.258999999999999564e-01
2.316000000000000281e-01
1.416000000000000036e-01
1.582000000000000073e-01
1.362999999999999767e-01
2.944999999999999840e-01
2.847000000000000641e-01
1.571999999999999786e-01
1.491000000000000381e-01
2.150999999999999579e-01
2.329000000000000514e-01
1.829000000000000348e-01
5.450000000000000400e-01
3.503000000000000558e-01
4.740999999999999659e-01
4.200999999999999179e-01
1.084499999999999797e+00
4.202000000000000179e-01
3.104999999999999982e-01
1.764000000000000290e-01
2.259999999999999787e-01
2.134999999999999676e-01
4.327000000000000290e-01
4.276000000000000911e-01
4.822999999999999510e-01
9.334999999999999964e-01
4.788000000000000589e-01
2.511999999999999789e-01
1.135999999999999788e-01
2.423000000000000154e-01
2.345000000000000417e-01
3.052000000000000268e-01
2.124999999999999667e-01
1.858999999999999819e-01
1.169999999999999513e-01
1.605999999999999928e-01
1.210000000000000242e-01
3.758000000000000229e-01
4.651000000000000134e-01
4.126000000000000223e-01
1.361999999999999877e-01
6.199999999999999956e-02
2.275000000000000355e-01
1.281000000000000472e-01
3.010000000000000453e-01
2.546999999999999820e-01
3.964500000000000135e+00
2.113999999999999879e+00
5.079200000000000159e+00
4.334899999999999309e+00
1.278399999999999981e+00
4.519999999999999019e-01
1.065000000000000668e-01
1.605999999999999373e-01
2.322999999999999510e-01
3.548000000000001153e-01
3.708000000000000185e-01
5.289999999999995400e-02
8.419999999999994156e-02
1.703999999999999959e-01
1.470000000000000195e-01
2.610000000000000098e-01
2.346999999999999920e-01
2.005000000000000393e-01
7.409999999999997145e-02
9.770000000000006457e-02
1.459999999999999909e-01
1.539000000000000368e-01
1.383000000000000063e-01
2.535999999999999921e-01
1.972000000000000142e-01
2.511999999999999789e-01
9.129999999999997840e-02
7.579999999999997851e-02
3.398999999999999799e-01
5.307999999999999385e-01
1.204400000000000137e+00
3.918100000000000360e+00
2.351299999999999724e+00
3.439599999999999547e+00
1.411399999999999766e+00
4.192000000000001281e-01
5.332999999999998852e-01
5.526999999999999691e-01
1.432000000000000217e-01
1.784999999999999920e-01
2.055999999999999772e-01
1.996999999999999609e-01
2.288999999999999924e-01
2.601999999999999869e-01
2.288999999999999924e-01
1.274000000000000132e-01
1.431000000000000050e-01
1.693999999999999395e-01
1.678999999999999382e-01
2.230999999999999928e-01
2.731000000000000094e-01
3.550000000000000377e-01
2.800000000000000266e-01
2.063000000000000389e-01
3.869000000000001327e-01
2.191000000000000725e-01
1.945000000000000062e-01
2.593999999999999639e-01
4.015000000000000235e-01
2.984999999999999876e-01
8.737999999999999101e-01
4.249999999999999112e+00
1.933200000000000252e+00
6.351800000000000779e+00
2.916599999999999859e+00
1.445699999999999985e+00
3.218599999999999461e+00
3.233499999999999819e+00
9.025999999999999579e-01
1.861000000000000432e-01
2.535000000000000586e-01
2.405999999999999805e-01
3.196000000000000507e-01
2.041000000000000592e-01
1.081000000000000294e-01
4.209999999999997078e-02
2.557000000000000384e-01
8.940000000000004887e-02
3.700999999999999845e-01
5.333000000000001073e-01
6.145000000000000462e-01
1.682300000000000129e+00
6.268700000000000827e+00
2.494199999999999751e+00
5.077600000000000335e+00
1.865299999999999958e+00
1.189200000000000035e+00
1.191399999999999570e+00
4.550999999999998380e-01
4.280000000000000471e-01
5.479000000000002757e-01
1.996000000000001384e-01
3.299000000000001931e-01
4.028000000000000469e-01
1.214000000000000634e-01
8.109999999999997766e-02
3.463000000000000522e-01
1.384000000000000230e-01
1.683000000000001717e-01
1.324000000000001009e-01
1.118999999999998884e-01
2.014999999999999014e-01
1.423000000000000098e-01
1.866999999999999771e-01
1.657999999999999474e-01
9.650000000000001632e-02
1.108999999999999708e-01
2.864999999999999769e-01
3.097000000000000863e-01
1.545999999999999597e-01
1.879999999999998894e-01
3.564000000000000501e-01
1.710000000000001519e-01
1.073999999999999816e-01
1.142000000000001347e-01
7.419999999999998819e-02
9.369999999999997775e-02
1.017000000000001514e-01
2.030999999999998917e-01
2.107999999999999041e-01
2.863999999999999879e-01
4.029999999999999138e-01
3.093000000000000194e-01
3.292999999999999261e-01
1.987000000000000155e-01
1.695000000000001228e-01
2.017000000000000459e-01
1.581000000000000461e-01
2.550999999999999934e-01
1.086000000000000576e-01
4.299999999999998268e-02
9.960000000000007736e-02
8.979999999999996319e-02
2.069999999999999896e-01
