2.780999999999999583e-01
1.536999999999999755e-01
1.858999999999999819e-01
3.892999999999999794e-01
4.715000000000000302e-01
2.454000000000000070e-01
1.404000000000000248e-01
1.906999999999999806e-01
1.809999999999999942e-01
3.611999999999999655e-01
3.385000000000000231e-01
2.078000000000000125e-01
4.687000000000000055e-01
4.694999999999999729e-01
5.077000000000000401e-01
2.855999999999999650e-01
4.380000000000000004e-01
7.739999999999999658e-02
3.233000000000000318e-01
4.329000000000000070e-01
3.738000000000000211e-01
4.385999999999999899e-01
2.402000000000000246e-01
1.897000000000000353e-01
8.840000000000003411e-02
2.702999999999999847e-01
3.642000000000000237e-01
3.057999999999999607e-01
5.847999999999999865e-01
7.496000000000000441e-01
2.133000000000000451e-01
2.119999999999999940e-01
3.525999999999999690e-01
4.206000000000000294e-01
2.651000000000000023e-01
2.167000000000000037e-01
6.960000000000003684e-02
1.560000000000000275e-01
2.089999999999999913e-01
2.242999999999999994e-01
3.401000000000000134e-01
6.160000000000001030e-01
4.537000000000000477e-01
3.237999999999999767e-01
3.171999999999999820e-01
4.044999999999999707e-01
4.498999999999999666e-01
2.876000000000000223e-01
1.131000000000000061e-01
8.540000000000005920e-02
2.315000000000000391e-01
5.504999999999999893e-01
5.668999999999999595e-01
3.150000000000000022e-01
2.729999999999999649e-01
4.057000000000000051e-01
3.926999999999999935e-01
8.889999999999997904e-02
5.119000000000000217e-01
6.743999999999998884e-01
5.932999999999999385e-01
6.307999999999999163e-01
5.883000000000000451e-01
1.970999999999999974e-01
1.572000000000000064e-01
2.310999999999999999e-01
3.802999999999999714e-01
9.329999999999998017e-02
3.361000000000000099e-01
4.352999999999999647e-01
3.435999999999999610e-01
1.864999999999999991e-01
2.711000000000000076e-01
2.326000000000000290e-01
2.780000000000000249e-01
2.227000000000000091e-01
2.559000000000000163e-01
2.090000000000000191e-01
4.550000000000000711e-01
2.958999999999999964e-01
2.011999999999999622e-01
1.548999999999999821e-01
2.172000000000000319e-01
4.099999999999999756e-01
5.125999999999999446e-01
2.290999999999999981e-01
2.879000000000000448e-01
7.212000000000000632e-01
2.526000000000000467e-01
3.251000000000000001e-01
8.289999999999995983e-02
1.915000000000000036e-01
4.258000000000000118e-01
7.360999999999999766e-01
8.484000000000000430e-01
5.497999999999999554e-01
4.074000000000000399e-01
5.544000000000001149e-01
4.145000000000000906e-01
4.659999999999999698e-01
2.198999999999999289e-01
4.405000000000000027e-01
2.121999999999999720e-01
3.461000000000000187e-01
5.264999999999999680e-01
3.999000000000000332e-01
3.794000000000000705e-01
5.052000000000000934e-01
1.903999999999999859e-01
4.279999999999998805e-01
2.539999999999999480e-01
3.007999999999999563e-01
2.626999999999999891e-01
3.377999999999999892e-01
3.548999999999999932e-01
3.012999999999999012e-01
2.124000000000000610e-01
5.480000000000000426e-01
3.096999999999999753e-01
3.815000000000000058e-01
3.009999999999999343e-01
2.339000000000000246e-01
8.999999999999999667e-02
1.104000000000000536e-01
2.542000000000000370e-01
3.498000000000001108e-01
5.059000000000000163e-01
2.676000000000000600e-01
4.309000000000000608e-01
4.499000000000000776e-01
4.337000000000000299e-01
2.401999999999999691e-01
4.012999999999999901e-01
3.394999999999999685e-01
2.724999999999999645e-01
1.382000000000000173e-01
6.509999999999993570e-02
4.069999999999995843e-02
1.219999999999999835e-01
3.512999999999999456e-01
3.437000000000000055e-01
3.596999999999999087e-01
4.172999999999999488e-01
2.798000000000000487e-01
3.305999999999999495e-01
3.537999999999999479e-01
4.906000000000000361e-01
2.574999999999999512e-01
8.318999999999999728e-01
5.754999999999999005e-01
2.867000000000000104e-01
2.312000000000000721e-01
2.744000000000000883e-01
2.915999999999999703e-01
4.986000000000000432e-01
3.608999999999999986e-01
4.322000000000000286e-01
3.276000000000000023e-01
4.828999999999999959e-01
4.197000000000000730e-01
2.809999999999999720e-01
2.979000000000000536e-01
2.698000000000000398e-01
2.966999999999999638e-01
2.332999999999999796e-01
3.095999999999999863e-01
4.210999999999999188e-01
3.567000000000000171e-01
5.141000000000000014e-01
2.165000000000000535e-01
3.404999999999999138e-01
3.768999999999999018e-01
3.932000000000001050e-01
2.776999999999999469e-01
2.684999999999999609e-01
1.235999999999999877e-01
3.396999999999999464e-01
5.506000000000000894e-01
2.151000000000000689e-01
2.513000000000000789e-01
2.058000000000000385e-01
1.623000000000000553e-01
7.510000000000005560e-02
1.977999999999999758e-01
3.084000000000000075e-01
2.949999999999999845e-01
9.070000000000000284e-02
3.773999999999998467e-01
3.149999999999999467e-01
3.213000000000000855e-01
2.595999999999999419e-01
3.104000000000000092e-01
5.161000000000000032e-01
3.494000000000000439e-01
2.529000000000000137e-01
2.292999999999999761e-01
3.421000000000000707e-01
1.813000000000000722e-01
3.335000000000000187e-01
