5.190000000000000169e-02
5.910000000000001363e-02
2.711000000000000076e-01
1.401999999999999913e-01
3.040999999999999814e-01
1.048000000000000043e-01
1.897999999999999687e-01
1.733999999999999986e-01
1.262999999999999956e-01
7.789999999999998315e-02
1.640999999999999959e-01
5.949999999999999040e-02
2.407999999999999585e-01
1.473000000000000143e-01
1.112999999999999823e-01
1.006999999999999978e-01
9.350000000000001366e-02
2.727999999999999869e-01
3.649999999999999079e-02
7.199999999999998068e-02
3.288000000000000367e-01
2.886999999999999567e-01
1.875999999999999890e-01
3.200999999999999956e-01
1.755999999999999783e-01
3.702999999999999625e-01
4.552000000000000490e-01
2.933000000000000052e-01
2.170999999999999874e-01
2.459999999999999964e-01
2.005000000000000115e-01
2.953000000000000069e-01
1.373000000000000331e-01
2.018000000000000071e-01
1.819999999999999951e-01
2.167000000000000037e-01
1.878000000000000225e-01
1.004000000000000170e-01
1.084999999999999853e-01
1.330999999999999961e-01
2.257000000000000117e-01
1.354000000000000203e-01
1.343000000000000027e-01
1.527999999999999914e-01
2.183999999999999830e-01
1.135999999999999788e-01
6.249999999999995837e-02
1.313000000000000278e-01
3.122000000000000330e-01
2.636000000000000565e-01
1.160999999999999949e-01
1.518999999999999795e-01
2.321999999999999620e-01
2.654000000000000248e-01
1.992999999999999494e-01
3.201999999999999846e-01
1.419999999999999873e-01
3.125999999999999890e-01
8.109999999999997766e-02
2.731999999999999984e-01
8.719999999999995810e-02
2.541999999999999815e-01
1.634000000000000175e-01
6.910000000000000864e-02
1.580000000000000016e-01
2.354999999999999871e-01
1.321999999999999842e-01
2.792999999999999927e-01
9.479999999999996763e-02
1.261000000000000176e-01
1.744000000000000550e-01
2.252000000000000113e-01
2.810999999999999610e-01
4.147000000000000131e-01
1.386000000000000010e-01
5.710000000000003267e-02
1.037000000000000005e-01
7.560000000000000053e-02
8.400000000000000522e-02
1.308000000000000274e-01
2.647999999999999798e-01
1.719999999999999862e-01
1.665000000000000091e-01
8.470000000000001139e-02
2.037999999999999812e-01
1.490999999999999825e-01
2.232999999999999985e-01
3.763000000000000789e-01
2.989000000000000545e-01
1.580000000000000016e-01
2.677999999999999825e-01
2.707999999999999852e-01
9.120000000000000329e-02
2.265999999999999959e-01
9.720000000000000862e-02
1.002000000000000252e-01
3.209999999999999659e-02
2.737999999999999878e-01
2.318000000000000060e-01
1.081000000000000433e-01
2.010000000000000120e-01
6.650000000000000355e-02
1.939000000000000168e-01
1.666000000000000258e-01
1.572000000000000619e-01
3.607000000000000206e-01
3.248999999999999666e-01
1.731000000000000039e-01
1.896000000000000463e-01
1.706000000000000294e-01
2.358999999999999708e-01
1.589000000000000412e-01
4.636000000000000121e-01
4.229000000000000536e-01
1.222000000000000031e-01
1.784000000000000030e-01
7.449999999999994127e-02
6.589999999999998637e-02
1.168999999999999762e-01
9.959999999999999409e-02
5.760000000000005393e-02
1.808999999999999775e-01
2.454000000000000070e-01
2.156000000000000139e-01
8.559999999999994003e-02
1.561000000000000443e-01
1.719999999999999585e-01
1.770000000000000462e-01
1.233000000000000207e-01
3.136999999999999789e-01
4.269999999999999907e-01
4.221000000000000307e-01
4.763999999999999901e-01
1.508999999999999786e-01
3.362999999999999878e-01
2.276999999999999580e-01
1.931000000000000216e-01
1.619999999999999774e-01
4.680000000000000826e-01
2.350000000000000422e-01
2.771000000000000130e-01
2.502000000000000335e-01
3.361000000000000099e-01
1.499000000000000887e-01
3.500999999999999668e-01
1.353999999999999648e-01
8.190000000000000058e-02
2.719000000000000306e-01
2.656000000000000583e-01
2.265999999999999959e-01
3.190999999999999392e-01
1.629000000000000170e-01
1.582000000000000073e-01
2.335999999999999743e-01
1.161999999999999700e-01
1.298999999999999322e-01
4.074999999999999734e-01
3.906999999999999362e-01
5.769999999999999574e-01
3.988999999999999768e-01
1.901000000000000467e-01
2.876000000000000223e-01
3.374000000000000332e-01
6.350000000000000089e-01
2.046999999999999376e-01
1.293999999999999873e-01
2.467000000000000304e-01
1.539999999999999702e-01
1.980999999999999983e-01
3.648000000000000131e-01
3.460999999999999632e-01
2.703000000000000402e-01
3.717000000000000304e-01
1.169000000000000178e-01
1.679000000000000214e-01
1.935999999999999943e-01
1.658000000000000029e-01
1.583999999999999853e-01
1.437000000000000499e-01
3.192000000000000393e-01
1.345000000000000362e-01
2.772999999999999909e-01
1.545000000000000540e-01
3.193000000000000838e-01
4.355999999999999872e-01
3.979000000000000314e-01
4.549000000000000266e-01
1.738000000000000378e-01
2.595000000000000639e-01
9.070000000000000284e-02
2.638000000000000900e-01
1.634999999999998954e-01
1.529999999999999694e-01
1.508000000000000174e-01
2.901000000000000800e-01
2.348000000000000087e-01
1.811000000000000387e-01
3.510000000000000620e-02
8.089999999999999969e-02
