1.132999999999999841e-01
1.562999999999999945e-01
1.388999999999999957e-01
2.240999999999999936e-01
3.015999999999999792e-01
1.399999999999999856e-01
2.304000000000000214e-01
3.420000000000000262e-01
9.009999999999999953e-02
1.129000000000000004e-01
9.070000000000000284e-02
2.179999999999999993e-01
2.149999999999999967e-01
1.348999999999999921e-01
1.636000000000000232e-01
1.959000000000000186e-01
1.756999999999999673e-01
1.350000000000000089e-01
3.052000000000000268e-01
3.730999999999999872e-01
1.872999999999999943e-01
6.405000000000000693e-01
3.807999999999999718e-01
5.222999999999999865e-01
3.459999999999999742e-01
1.724999999999999867e-01
3.388999999999999790e-01
4.171999999999999598e-01
1.722000000000000197e-01
2.600000000000000089e-01
2.432999999999999885e-01
1.585999999999999910e-01
1.632000000000000117e-01
6.380000000000002336e-02
1.824999999999999956e-01
2.594999999999999529e-01
1.405000000000000138e-01
1.762000000000000233e-01
1.626000000000000223e-01
1.035000000000000225e-01
1.546000000000000152e-01
2.222999999999999976e-01
1.878999999999999559e-01
1.602999999999999980e-01
2.177000000000000324e-01
1.137000000000000510e-01
1.795999999999999541e-01
1.905000000000000027e-01
1.525000000000000244e-01
9.940000000000003000e-02
2.568000000000000282e-01
2.466999999999999749e-01
2.693000000000000393e-01
1.665999999999999703e-01
9.490000000000001212e-02
4.126000000000000223e-01
1.519000000000000072e-01
5.031999999999999806e-01
2.390999999999999792e-01
2.719000000000000306e-01
2.529000000000000137e-01
1.327999999999999736e-01
2.157999999999999918e-01
3.621000000000000885e-01
1.784999999999999920e-01
1.152999999999999858e-01
3.720999999999999863e-01
2.474000000000000365e-01
1.181000000000000799e-01
9.730000000000001148e-02
1.250000000000000555e-01
2.004999999999999560e-01
8.049999999999998823e-02
2.159000000000000363e-01
2.249999999999999778e-01
2.310000000000000386e-01
1.261000000000000454e-01
1.486000000000000376e-01
8.719999999999999973e-02
4.540000000000005143e-02
1.148999999999998634e-01
1.107000000000000067e-01
3.825999999999999956e-01
2.701999999999999957e-01
1.935999999999999943e-01
1.592000000000000637e-01
3.815000000000000058e-01
1.484000000000000041e-01
1.075000000000000122e-01
1.526000000000000134e-01
3.109000000000000097e-01
3.239999999999999547e-01
1.340999999999999415e-01
2.837999999999999412e-01
2.581999999999999851e-01
1.359000000000000208e-01
2.289000000000000201e-01
3.469999999999995310e-02
1.228999999999999954e-01
1.947999999999999454e-01
2.790999999999999592e-01
3.457000000000000073e-01
1.580000000000000016e-01
2.438999999999999502e-01
1.822000000000000008e-01
1.761000000000000898e-01
6.780000000000001303e-02
4.950000000000004396e-02
1.104000000000000120e-01
1.310999999999999943e-01
2.852000000000000091e-01
2.171999999999999764e-01
7.619999999999997609e-02
1.370000000000000662e-01
1.223000000000000059e-01
1.729999999999999871e-01
1.771000000000000074e-01
1.189999999999999808e-01
9.289999999999992708e-02
8.279999999999990146e-02
3.437000000000000055e-01
3.541999999999999593e-01
1.306000000000000216e-01
2.113000000000000156e-01
1.787000000000000255e-01
1.165999999999999953e-01
1.060000000000000525e-01
1.667999999999999206e-01
2.659999999999999032e-01
2.929000000000000492e-01
2.538999999999999035e-01
1.602999999999999425e-01
2.159000000000000363e-01
1.969000000000000195e-01
2.906999999999999584e-01
9.179999999999999272e-02
2.093999999999999750e-01
1.937999999999999168e-01
2.454999999999999405e-01
2.062999999999999279e-01
1.880999999999999894e-01
7.309999999999997056e-02
9.640000000000002733e-02
2.049000000000000266e-01
1.561000000000000165e-01
3.635999999999999233e-01
4.172000000000000153e-01
1.494999999999999940e-01
1.488000000000000156e-01
7.923999999999999932e-01
7.920000000000000373e-01
2.434999999999999942e-01
1.713000000000000078e-01
2.961999999999999633e-01
1.086999999999999911e-01
1.354000000000000203e-01
3.036999999999999700e-01
3.543000000000000038e-01
1.681999999999999329e-01
1.471999999999999975e-01
3.071999999999999731e-01
4.141000000000000236e-01
6.244000000000000661e-01
6.610999999999999099e-01
6.719999999999999307e-01
2.016000000000000014e-01
2.829999999999999183e-01
2.021000000000000019e-01
1.563999999999999835e-01
2.698000000000000953e-01
1.518999999999999517e-01
3.181000000000000494e-01
3.881000000000000560e-01
7.019999999999999851e-02
9.229999999999993765e-02
1.112999999999999268e-01
2.124999999999999944e-01
6.290000000000003921e-02
4.003999999999999782e-01
1.390000000000000679e-01
2.994999999999998774e-01
3.103000000000000203e-01
2.117000000000000548e-01
8.100000000000004419e-02
1.555000000000000271e-01
2.290000000000000091e-01
1.245999999999999469e-01
8.810000000000005327e-02
1.008999999999999758e-01
1.403999999999999415e-01
2.614999999999999547e-01
9.350000000000005529e-02
1.593999999999999861e-01
1.189000000000001167e-01
7.150000000000002187e-02
2.153000000000000191e-01
1.793000000000000149e-01
2.252000000000000113e-01
2.825000000000000289e-01
