5.540000000000001174e-02
3.519999999999999518e-02
2.029999999999999860e-01
5.403000000000000025e-01
3.641999999999999682e-01
2.183999999999999553e-01
2.348000000000000365e-01
2.355000000000000149e-01
1.617000000000000104e-01
2.821000000000000174e-01
3.392999999999999905e-01
2.816000000000000170e-01
1.927000000000000379e-01
6.067000000000000171e-01
2.602999999999999758e-01
4.631999999999999451e-01
3.966999999999999416e-01
6.072999999999999510e-01
4.415000000000000036e-01
1.570999999999999897e-01
2.287000000000000144e-01
3.246999999999999886e-01
2.516999999999999793e-01
3.803000000000000269e-01
7.450000000000001066e-02
9.370000000000003326e-02
6.249999999999998612e-02
1.298000000000000265e-01
1.491999999999999993e-01
8.869999999999997331e-02
9.800000000000000377e-02
4.037999999999999368e-01
2.633999999999999675e-01
3.090000000000000524e-01
4.400000000000000577e-01
4.134999999999999787e-01
4.824999999999999289e-01
2.069999999999999618e-01
3.603999999999999981e-01
2.094999999999999918e-01
2.481000000000000427e-01
1.441999999999999948e-01
2.081000000000000072e-01
3.790999999999999925e-01
3.362999999999999878e-01
2.383000000000000118e-01
4.456999999999999851e-01
9.189999999999998170e-02
2.386000000000000343e-01
1.516000000000000680e-01
4.121000000000000218e-01
4.940000000000000502e-01
1.442999999999999561e-01
3.237999999999999767e-01
3.771999999999999242e-01
4.437999999999999723e-01
1.241000000000000714e-01
4.918000000000000149e-01
1.391999999999999904e-01
2.808000000000000496e-01
7.630000000000000671e-02
2.841000000000000192e-01
1.036999999999999728e-01
1.679999999999999549e-01
2.090999999999999803e-01
1.839999999999999691e-01
9.959999999999996634e-02
1.522000000000000575e-01
2.591999999999999860e-01
5.552000000000000268e-01
3.911999999999999922e-01
3.567999999999999505e-01
3.088000000000000189e-01
3.457000000000000628e-01
4.077000000000000068e-01
4.960999999999999854e-01
1.396000000000000019e-01
3.927000000000000490e-01
1.245999999999999608e-01
1.967999999999999472e-01
2.057999999999999829e-01
2.548999999999999599e-01
2.674999999999999600e-01
2.187999999999999945e-01
1.915000000000000313e-01
3.674000000000000044e-01
9.587999999999998746e-01
3.040999999999999259e-01
4.808999999999999386e-01
2.285000000000000087e-01
6.339999999999992863e-02
4.017000000000000570e-01
4.700000000000000844e-01
3.064999999999999392e-01
3.140999999999999903e-01
2.386000000000000065e-01
1.952000000000000401e-01
3.266000000000000569e-01
1.660999999999999699e-01
1.597000000000000086e-01
2.123999999999999777e-01
2.110999999999999543e-01
2.132999999999999896e-01
1.661000000000000254e-01
4.789000000000000479e-01
1.232999999999999791e-01
5.188000000000000389e-01
2.648000000000000353e-01
1.904999999999999749e-01
4.850000000000000422e-01
6.592000000000000082e-01
5.316999999999999504e-01
1.546000000000000152e-01
2.151000000000000134e-01
5.179999999999997107e-02
2.732999999999999874e-01
3.252000000000000446e-01
1.157000000000000806e-01
2.078000000000000402e-01
1.374999999999999556e-01
1.992999999999999217e-01
1.155999999999999805e-01
1.069999999999999285e-01
4.037999999999999368e-01
5.008000000000000229e-01
5.199999999999999067e-02
1.818999999999999506e-01
1.748999999999999444e-01
1.010000000000000203e-01
3.135999999999999899e-01
4.259000000000000563e-01
4.243999999999999995e-01
9.860000000000002096e-02
6.768999999999999462e-01
7.218000000000001082e-01
2.260999999999999399e-01
3.715000000000000524e-01
1.466000000000000081e-01
1.972999999999999199e-01
2.479999999999999427e-01
2.153999999999999249e-01
2.953000000000000624e-01
3.351999999999999424e-01
3.487000000000000099e-01
3.739000000000000656e-01
2.351000000000000589e-01
1.184999999999999665e-01
2.843999999999999861e-01
3.342999999999999861e-01
1.564000000000000667e-01
3.284999999999998477e-01
2.343999999999999972e-01
9.919999999999989937e-02
6.570000000000009166e-02
4.436000000000000498e-01
2.177000000000000046e-01
1.758999999999999175e-01
1.014000000000000040e-01
1.036000000000000809e-01
8.609999999999998210e-02
5.844000000000000306e-01
6.769999999999999352e-01
2.008999999999999952e-01
5.112999999999998657e-01
2.277000000000000135e-01
2.556999999999999829e-01
2.200000000000000289e-01
2.742999999999999883e-01
2.023999999999999966e-01
3.185999999999999388e-01
2.419000000000000594e-01
2.654999999999999583e-01
2.343000000000000915e-01
9.640000000000006897e-02
3.303000000000000380e-01
1.137000000000000094e-01
4.653999999999999804e-01
3.823999999999999622e-01
2.924000000000000488e-01
1.813000000000000167e-01
1.925999999999999379e-01
1.241999999999998799e-01
3.341999999999999416e-01
3.705999999999999295e-01
1.963999999999999635e-01
1.224999999999999978e-01
4.009000000000000341e-01
3.603000000000000091e-01
1.249999999999999306e-01
2.158000000000000473e-01
3.238999999999999657e-01
6.604999999999998650e-01
7.291999999999999593e-01
2.613999999999999657e-01
1.151000000000000079e-01
4.335000000000000520e-01
4.364000000000000101e-01
8.562999999999998391e-01
7.275999999999999135e-01
