2.102999999999999869e-01
1.527000000000000024e-01
1.718000000000000083e-01
3.358999999999999764e-01
1.376000000000000278e-01
2.588999999999999635e-01
2.313000000000000056e-01
1.665000000000000091e-01
1.139000000000000012e-01
3.512000000000000122e-01
2.886000000000000232e-01
7.399999999999999634e-02
5.921999999999999487e-01
1.849999999999999978e-01
2.908000000000000029e-01
3.274999999999999578e-01
1.068000000000000199e-01
5.393999999999999906e-01
1.497999999999999887e-01
2.926000000000000267e-01
3.504999999999999782e-01
8.790000000000003366e-02
4.009000000000000341e-01
3.673000000000000709e-01
4.247000000000000219e-01
2.655000000000000138e-01
2.318999999999999950e-01
3.811999999999999833e-01
1.950999999999999956e-01
2.927000000000000157e-01
2.160999999999999865e-01
1.680999999999999717e-01
3.356000000000000094e-01
3.506000000000000227e-01
1.461999999999999966e-01
1.125000000000000167e-01
2.667999999999999816e-01
2.676999999999999935e-01
3.316000000000000059e-01
4.483000000000000318e-01
5.983000000000000540e-01
1.098000000000000365e-01
2.579000000000000181e-01
1.225999999999999868e-01
1.611000000000000210e-01
2.872999999999999998e-01
5.034999999999998366e-01
5.402000000000000135e-01
1.093999999999999695e-01
3.777999999999999692e-01
4.607999999999999874e-01
1.350000000000000089e-01
1.540000000000000535e-01
2.900000000000000355e-01
2.101999999999999980e-01
3.683999999999999497e-01
2.243999999999999884e-01
4.271000000000000352e-01
4.134999999999999787e-01
3.264999999999999569e-01
2.000000000000000111e-01
7.397000000000000242e-01
4.309999999999999942e-01
3.190000000000000058e-01
2.348999999999999977e-01
4.719999999999998502e-02
2.702999999999999847e-01
2.888999999999999901e-01
2.447000000000000286e-01
2.485999999999999877e-01
5.129999999999999838e-02
3.157999999999999696e-01
1.945000000000000062e-01
1.692000000000000171e-01
2.111999999999999711e-01
2.084000000000000297e-01
2.420000000000000207e-01
3.068000000000000171e-01
2.981999999999999651e-01
2.088999999999999746e-01
1.996000000000000274e-01
3.170000000000000595e-01
1.636999999999999567e-01
2.320999999999999730e-01
4.276999999999999691e-01
5.262999999999999901e-01
5.100000000000007305e-02
3.631999999999999673e-01
2.069000000000000283e-01
2.545000000000001150e-01
8.650000000000004907e-02
1.861999999999999766e-01
1.992999999999999772e-01
2.442000000000000282e-01
4.184000000000001052e-01
2.627000000000001001e-01
2.733000000000000984e-01
3.674999999999999378e-01
9.890000000000004343e-02
3.659999999999999920e-01
8.220000000000002305e-02
4.184999999999999831e-01
3.152999999999999692e-01
3.196000000000000507e-01
2.999999999999999334e-01
2.111999999999998878e-01
2.864000000000000434e-01
4.867000000000000215e-01
2.586999999999999300e-01
1.386999999999999900e-01
2.827999999999999403e-01
4.421999999999999265e-01
1.848999999999999255e-01
6.589000000000001522e-01
4.057999999999999940e-01
7.959999999999994857e-02
4.397999999999999132e-01
3.784999999999998921e-01
2.492999999999999661e-01
2.171999999999999764e-01
3.005999999999999783e-01
1.627000000000000390e-01
3.203000000000000291e-01
3.895000000000000684e-01
1.640000000000000346e-01
3.779000000000000692e-01
1.519000000000000905e-01
2.469999999999998863e-01
1.773999999999998634e-01
1.360999999999999432e-01
2.869999999999996512e-02
4.378000000000000780e-01
4.058000000000000496e-01
1.791999999999999982e-01
2.771999999999999464e-01
3.846999999999999309e-01
3.157999999999999141e-01
5.130000000000000115e-01
3.049999999999999378e-01
2.128999999999999782e-01
2.735999999999999543e-01
1.353000000000000869e-01
1.479000000000000592e-01
2.551999999999999824e-01
2.938000000000000056e-01
2.205000000000000293e-01
2.164000000000000645e-01
2.144000000000000350e-01
1.251999999999999225e-01
2.768999999999999240e-01
2.463999999999998969e-01
3.191000000000000503e-01
3.020999999999999241e-01
1.334000000000001573e-01
2.354000000000000814e-01
1.532999999999999641e-01
2.995999999999998664e-01
1.461999999999999689e-01
5.565999999999999837e-01
4.508999999999999120e-01
2.623999999999998556e-01
1.970999999999999974e-01
3.503000000000000558e-01
4.349000000000000088e-01
4.274000000000000021e-01
3.582999999999999519e-01
5.395000000000000906e-01
1.836000000000000132e-01
3.328000000000000957e-01
2.134999999999999398e-01
8.393999999999998129e-01
5.046999999999999265e-01
3.215000000000000635e-01
4.082999999999999408e-01
8.919999999999998763e-02
2.085000000000000187e-01
1.932000000000001216e-01
5.223999999999999755e-01
1.180999999999999689e-01
4.522000000000000464e-01
6.024999999999998135e-01
3.762999999999997458e-01
2.661000000000000587e-01
5.933999999999999275e-01
5.869999999999998552e-01
2.697000000000001618e-01
3.748000000000000220e-01
1.674999999999999267e-01
3.527999999999998360e-01
1.868000000000000216e-01
3.336999999999999966e-01
1.240999999999998077e-01
2.617999999999998106e-01
2.435000000000001885e-01
3.051000000000001489e-01
2.053000000000000380e-01
2.497000000000000608e-01
1.158999999999998781e-01
1.173000000000001264e-01
