3.551000000000000267e-01
3.100000000000000533e-01
4.163000000000000034e-01
3.948999999999999178e-01
4.369999999999999440e-01
2.928999999999999937e-01
3.370000000000000218e-01
1.304999999999999771e-01
3.723000000000000198e-01
3.866000000000000547e-01
3.684000000000000608e-01
3.054000000000000603e-01
2.790000000000000258e-01
4.777000000000000135e-01
4.431999999999999829e-01
3.917999999999999261e-01
2.139999999999999680e-01
4.992999999999999661e-01
5.589999999999999414e-01
3.262999999999999234e-01
2.512000000000000899e-01
4.066000000000000170e-01
3.002000000000000224e-01
4.896999999999999131e-01
4.263000000000000123e-01
3.578999999999999404e-01
2.586999999999999300e-01
3.759000000000000119e-01
5.174999999999999600e-01
2.623000000000000331e-01
2.764000000000000346e-01
3.290000000000000702e-01
2.313000000000000889e-01
2.923000000000000043e-01
2.403000000000000136e-01
4.435000000000000053e-01
5.364999999999999769e-01
3.350000000000000200e-01
3.296000000000000041e-01
2.862000000000000099e-01
2.710000000000000187e-01
2.489999999999999991e-01
2.398000000000000131e-01
3.647000000000000242e-01
4.245999999999999219e-01
3.970000000000000195e-01
2.252999999999999725e-01
3.535000000000000364e-01
3.890000000000000124e-01
4.307000000000000273e-01
9.471000000000000529e-01
6.833000000000000185e-01
8.179999999999998384e-01
4.437999999999999723e-01
3.874000000000001331e-01
2.642000000000000459e-01
2.721000000000000640e-01
3.405000000000000804e-01
2.585000000000000631e-01
3.336000000000000076e-01
3.052000000000000268e-01
4.580999999999998407e-01
2.281999999999999584e-01
3.534999999999999254e-01
3.263000000000000345e-01
3.362000000000001099e-01
2.204000000000001513e-01
3.048000000000000709e-01
2.139000000000001456e-01
4.779000000000001025e-01
4.936000000000000387e-01
1.499000000000000332e-01
2.040999999999999481e-01
3.144000000000000128e-01
3.550999999999999712e-01
5.449999999999999289e-01
5.370999999999999108e-01
5.985000000000000320e-01
3.903000000000000913e-01
4.945999999999999286e-01
3.620999999999997554e-01
3.901999999999999913e-01
4.983999999999998987e-01
4.903000000000000691e-01
5.980000000000000870e-01
8.805000000000000604e-01
4.499000000000000776e-01
3.956999999999999962e-01
5.437000000000000721e-01
2.990000000000000435e-01
5.737999999999998657e-01
5.141999999999999904e-01
4.572000000000001618e-01
3.816999999999999837e-01
3.728999999999999537e-01
2.987999999999998990e-01
2.786999999999999478e-01
3.677999999999999048e-01
3.323000000000000953e-01
4.039000000000000368e-01
4.797000000000001818e-01
4.613000000000000433e-01
3.047999999999999599e-01
5.728999999999999648e-01
6.471000000000000085e-01
3.890000000000000679e-01
4.950000000000001066e-01
5.428999999999997161e-01
4.921999999999998598e-01
3.071999999999999176e-01
5.380000000000000338e-01
4.382999999999999119e-01
2.398999999999998911e-01
3.720000000000000528e-01
3.754000000000001225e-01
5.444999999999999840e-01
5.424000000000001043e-01
4.914999999999998814e-01
4.938000000000000722e-01
4.774000000000000465e-01
7.524000000000000687e-01
5.586999999999999744e-01
7.714999999999998526e-01
7.631000000000002226e-01
4.580000000000000737e-01
3.834000000000000186e-01
5.024000000000001798e-01
5.449000000000001620e-01
5.984999999999999210e-01
2.409999999999998810e-01
2.891000000000000236e-01
4.173999999999999932e-01
3.776000000000001022e-01
5.884999999999999121e-01
5.145999999999997243e-01
2.897999999999999465e-01
4.097999999999999421e-01
4.828000000000000624e-01
5.982000000000000650e-01
4.243999999999998884e-01
4.163999999999999924e-01
4.598000000000000975e-01
5.160000000000000142e-01
5.279000000000002579e-01
2.895999999999997465e-01
5.521000000000000352e-01
3.623999999999999444e-01
2.772999999999999909e-01
3.904000000000001358e-01
4.385000000000000564e-01
3.803999999999999049e-01
5.151999999999998803e-01
3.761000000000001009e-01
4.197000000000002395e-01
4.523999999999998578e-01
4.811999999999998501e-01
5.988999999999999879e-01
3.007000000000000783e-01
2.611999999999997657e-01
3.742999999999999106e-01
5.626000000000001000e-01
4.104999999999999205e-01
5.887999999999999901e-01
2.740000000000000213e-01
3.387000000000001676e-01
4.734999999999999210e-01
5.317000000000001725e-01
4.226000000000002532e-01
5.151000000000003354e-01
2.867999999999999994e-01
6.663999999999998813e-01
4.529000000000001358e-01
5.776000000000001133e-01
4.977000000000003088e-01
4.492000000000002102e-01
5.993000000000000549e-01
5.655000000000001137e-01
7.302999999999999492e-01
7.284999999999997033e-01
3.572000000000000175e-01
5.344999999999998641e-01
6.126999999999999114e-01
4.108999999999999320e-01
2.990999999999999770e-01
5.161000000000000032e-01
4.149000000000002131e-01
4.126000000000000778e-01
3.240999999999997772e-01
2.771999999999997799e-01
3.402000000000001689e-01
4.579999999999998517e-01
5.238000000000000433e-01
3.830000000000001181e-01
6.759000000000001673e-01
3.485000000000001430e-01
5.294000000000002037e-01
3.626000000000000334e-01
3.928000000000001490e-01
5.364000000000002100e-01
