6.379999999999999560e-02
9.070000000000000284e-02
1.350000000000000089e-01
1.920000000000000040e-01
1.214999999999999969e-01
1.486999999999999988e-01
3.876999999999999891e-01
3.311000000000000054e-01
5.569999999999999951e-02
3.961000000000000076e-01
2.038999999999999702e-01
3.381000000000000116e-01
4.217000000000000193e-01
1.640999999999999959e-01
5.989999999999999492e-02
2.079000000000000015e-01
1.842999999999999916e-01
1.276999999999999802e-01
2.671000000000000041e-01
3.029999999999999916e-01
8.510000000000000897e-02
1.961999999999999855e-01
2.480000000000000260e-01
2.282000000000000417e-01
9.639999999999998570e-02
1.078999999999999959e-01
9.410000000000001696e-02
2.386999999999999678e-01
1.520000000000000240e-01
1.931999999999999829e-01
8.289999999999997371e-02
5.469999999999999862e-02
2.421000000000000096e-01
1.955000000000000071e-01
1.525999999999999857e-01
1.872999999999999943e-01
2.165999999999999592e-01
1.891999999999999793e-01
1.099999999999999867e-01
7.960000000000000409e-02
2.107999999999999874e-01
1.932000000000000384e-01
1.606000000000000205e-01
3.490999999999999659e-01
2.836000000000000743e-01
3.967999999999999861e-01
1.274000000000000132e-01
2.723999999999999755e-01
9.060000000000001386e-02
6.119999999999999052e-02
9.980000000000002758e-02
3.167999999999999705e-01
3.292999999999999816e-01
7.419999999999996043e-02
4.066999999999999504e-01
4.747999999999999998e-01
2.293999999999999928e-01
1.426999999999999935e-01
2.704999999999999072e-01
5.278999999999999249e-01
4.413000000000000256e-01
3.914000000000000257e-01
1.825999999999999845e-01
3.754000000000000115e-01
5.781000000000000583e-01
9.750000000000003109e-02
9.490000000000001212e-02
1.190999999999999420e-01
2.176000000000000156e-01
1.855000000000000260e-01
1.469000000000000306e-01
3.934000000000000830e-01
1.731000000000000316e-01
1.158000000000000002e-01
1.554999999999999716e-01
9.309999999999998832e-02
1.832999999999999907e-01
2.431999999999999995e-01
2.767000000000000570e-01
6.200000000000002731e-02
1.135000000000000175e-01
2.830999999999999073e-01
2.763000000000001011e-01
3.542999999999999483e-01
1.704999999999999294e-01
2.992999999999999550e-01
1.021000000000000518e-01
1.089000000000000246e-01
5.569999999999997176e-02
3.129999999999998755e-02
9.060000000000004161e-02
7.360000000000001263e-02
1.665999999999999981e-01
2.820999999999999064e-01
2.014999999999999569e-01
2.384000000000000008e-01
2.174000000000000932e-01
4.224999999999999867e-01
1.285000000000000031e-01
1.499999999999999667e-01
1.784000000000001140e-01
2.417000000000000259e-01
3.659000000000000030e-01
1.642000000000000126e-01
1.939000000000000168e-01
1.734000000000000541e-01
1.543999999999999817e-01
1.249999999999998855e-02
2.056999999999999384e-01
3.587000000000000743e-01
2.384999999999999898e-01
3.586999999999999078e-01
1.943000000000000560e-01
2.945000000000000395e-01
7.520000000000004459e-02
1.138000000000000123e-01
1.731999999999999096e-01
1.066999999999999615e-01
5.530000000000003663e-02
1.038999999999999924e-01
1.549000000000000377e-01
4.338000000000000744e-01
3.238000000000000878e-01
2.716999999999999971e-01
1.644000000000000739e-01
5.979999999999999899e-02
2.451000000000000956e-01
1.704999999999999571e-01
1.572000000000000064e-01
3.560000000000000386e-01
3.663999999999999480e-01
1.613000000000000267e-01
2.074000000000000288e-01
2.436000000000000665e-01
2.241999999999998994e-01
7.442999999999999616e-01
5.336999999999999522e-01
2.664999999999999591e-01
1.461000000000000354e-01
2.882999999999999452e-01
3.115999999999999326e-01
4.453999999999999626e-01
1.730999999999999484e-01
3.971999999999998310e-01
1.232000000000001844e-01
1.141999999999999821e-01
1.811000000000000942e-01
1.888999999999999013e-01
1.096999999999999503e-01
1.401999999999999913e-01
6.319999999999996454e-02
1.106000000000000039e-01
1.932999999999999996e-01
1.533999999999999808e-01
3.561000000000000831e-01
2.796000000000000152e-01
3.858999999999999653e-01
3.952000000000001068e-01
2.484999999999999987e-01
1.126999999999999530e-01
4.484999999999999543e-01
1.748999999999999444e-01
2.035000000000000142e-01
1.900999999999998802e-01
3.829000000000000181e-01
3.725000000000000533e-01
1.856000000000000427e-01
4.577000000000001068e-01
6.638000000000000567e-01
2.006999999999999895e-01
2.268000000000001126e-01
1.711999999999998801e-01
1.378999999999999670e-01
1.180000000000000493e-01
1.676999999999999602e-01
2.509000000000000119e-01
1.426000000000000600e-01
1.817999999999999616e-01
6.569999999999988349e-02
3.596999999999998532e-01
3.896000000000000574e-01
1.692000000000000726e-01
1.372000000000000441e-01
2.753999999999999782e-01
2.539999999999998925e-01
5.490999999999999215e-01
2.054999999999999882e-01
1.729000000000000259e-01
3.117000000000000326e-01
3.359000000000000319e-01
9.739999999999998659e-02
1.549999999999999989e-01
1.314000000000001001e-01
4.669999999999994988e-02
2.546999999999999265e-01
4.267000000000000792e-01
3.322999999999998733e-01
2.708000000000000407e-01
1.192000000000000143e-01
