1.044999999999999957e-01
6.749999999999999056e-02
8.469999999999999751e-02
4.000000000000000777e-02
7.339999999999999303e-02
3.840000000000000357e-02
1.850000000000000255e-01
7.710000000000001574e-02
8.190000000000000058e-02
7.180000000000000271e-02
5.029999999999999749e-02
5.820000000000000173e-02
7.200000000000000844e-02
3.760000000000002229e-02
1.198000000000000037e-01
4.759999999999998954e-02
3.439999999999999308e-02
2.699999999999999276e-02
3.929999999999999466e-02
2.699999999999998929e-02
1.008000000000000007e-01
4.629999999999998700e-02
3.889999999999998320e-02
2.770000000000000587e-02
6.799999999999999101e-02
5.999999999999998390e-02
4.180000000000001076e-02
5.590000000000001912e-02
4.849999999999999450e-02
1.060999999999999999e-01
6.530000000000001081e-02
9.420000000000000595e-02
6.049999999999999128e-02
1.223999999999999949e-01
3.819999999999999785e-02
7.950000000000000122e-02
1.184000000000000191e-01
7.380000000000000449e-02
1.503999999999999782e-01
9.040000000000000813e-02
8.559999999999998166e-02
3.309999999999999748e-02
8.390000000000000235e-02
4.889999999999998515e-02
5.080000000000002569e-02
4.160000000000000503e-02
3.769999999999999740e-02
5.569999999999999951e-02
5.159999999999999309e-02
6.360000000000001763e-02
3.059999999999999526e-02
1.538000000000000200e-01
8.870000000000000107e-02
1.710000000000000131e-01
7.610000000000000098e-02
9.650000000000000244e-02
9.990000000000001656e-02
8.470000000000001139e-02
9.720000000000000862e-02
6.539999999999999980e-02
7.110000000000002429e-02
8.190000000000000058e-02
7.629999999999997895e-02
7.420000000000000207e-02
8.480000000000000038e-02
7.970000000000000695e-02
7.169999999999998597e-02
5.989999999999998798e-02
1.057999999999999913e-01
1.190999999999999698e-01
3.990000000000000491e-02
1.018999999999999906e-01
8.930000000000001825e-02
5.534000000000000030e-01
3.995999999999999552e-01
7.707999999999999297e-01
1.968000000000000582e-01
3.703000000000000735e-01
1.569999999999999729e-01
1.370999999999999996e-01
7.929999999999998161e-02
9.059999999999995834e-02
8.279999999999999860e-02
9.949999999999999123e-02
6.529999999999999694e-02
4.650000000000002742e-02
4.100000000000000866e-02
3.910000000000003056e-02
4.600000000000001310e-02
7.840000000000001135e-02
3.649999999999996303e-02
1.065000000000000252e-01
1.416000000000000036e-01
6.099999999999998479e-02
5.300000000000004013e-02
5.689999999999998531e-02
1.756000000000000616e-01
3.124000000000000110e-01
1.665000000000000369e-01
2.464000000000000079e-01
7.289999999999999258e-02
1.241999999999999493e-01
7.120000000000001328e-02
6.290000000000001146e-02
4.189999999999999974e-02
6.790000000000001590e-02
8.020000000000000739e-02
1.073999999999999677e-01
9.330000000000002180e-02
8.329999999999999905e-02
4.609999999999999515e-02
6.570000000000000839e-02
6.589999999999998637e-02
1.051999999999999602e-01
9.249999999999999889e-02
1.360999999999999988e-01
3.384999999999999676e-01
1.244999999999999579e-01
7.249999999999999500e-02
5.439999999999998309e-02
6.429999999999996829e-02
4.329999999999999127e-02
1.025999999999999968e-01
6.429999999999999605e-02
8.289999999999994595e-02
5.579999999999997462e-02
4.760000000000005199e-02
4.949999999999996070e-02
8.079999999999994131e-02
1.675999999999999712e-01
7.009999999999996789e-02
8.309999999999997944e-02
1.358000000000000040e-01
1.133999999999999869e-01
1.371999999999999331e-01
9.870000000000006546e-02
1.295999999999999375e-01
5.079999999999997712e-02
3.579999999999994298e-02
3.690000000000000224e-02
4.070000000000004170e-02
1.324999999999999512e-01
1.210000000000000242e-01
1.480000000000000204e-01
1.336000000000000520e-01
3.349999999999998118e-02
1.002999999999998892e-01
5.680000000000004490e-02
7.170000000000002760e-02
7.799999999999995826e-02
7.039999999999993485e-02
5.029999999999999055e-02
1.323000000000000009e-01
7.949999999999997347e-02
4.989999999999996522e-02
9.849999999999993483e-02
9.830000000000006788e-02
2.020999999999998908e-01
1.782000000000000806e-01
1.183000000000000024e-01
1.449000000000000288e-01
4.314000000000000057e-01
4.438000000000000278e-01
3.267999999999999794e-01
2.681999999999999940e-01
4.921000000000000374e-01
2.435999999999999832e-01
4.948000000000000176e-01
2.302999999999999770e-01
1.726000000000000589e-01
3.769000000000000128e-01
1.143999999999999601e-01
1.851000000000000145e-01
1.617000000000000104e-01
7.610000000000005649e-02
1.158999999999999753e-01
2.575999999999999401e-01
1.971100000000000074e+00
2.053100000000000147e+00
