7.199999999999999456e-02
7.090000000000001856e-02
1.953999999999999904e-01
1.137999999999999845e-01
1.015000000000000208e-01
7.389999999999999347e-02
6.850000000000000533e-02
4.900000000000000189e-02
9.749999999999998945e-02
9.500000000000000111e-02
5.290000000000002339e-02
5.100000000000000366e-02
4.269999999999999490e-02
1.089999999999999997e-01
5.379999999999999366e-02
5.170000000000000290e-02
4.340000000000001495e-02
3.509999999999999232e-02
7.309999999999999831e-02
7.209999999999998355e-02
1.399999999999999856e-01
4.399999999999997663e-02
2.242999999999999716e-01
1.010000000000000064e-01
6.109999999999997378e-02
2.669999999999999804e-02
3.429999999999995552e-02
2.809999999999999998e-02
4.800000000000000100e-02
1.015999999999999820e-01
7.259999999999995624e-02
6.050000000000003986e-02
3.980000000000002980e-02
6.980000000000001481e-02
7.620000000000000384e-02
2.909999999999998005e-02
8.789999999999997815e-02
1.022000000000000408e-01
7.739999999999999658e-02
1.476000000000000090e-01
6.439999999999997116e-02
1.922999999999999987e-01
8.150000000000001688e-02
6.370000000000000662e-02
8.889999999999999292e-02
7.829999999999998073e-02
5.670000000000000040e-02
6.360000000000000375e-02
9.669999999999999429e-02
3.689999999999999530e-02
5.430000000000001492e-02
8.770000000000001406e-02
2.869999999999996859e-02
5.610000000000000403e-02
2.630000000000002128e-02
8.369999999999999662e-02
7.059999999999998221e-02
6.169999999999999790e-02
4.190000000000002056e-02
3.369999999999997303e-02
2.660000000000001946e-02
1.363000000000000322e-01
4.889999999999999902e-02
1.033000000000000168e-01
1.018000000000000016e-01
1.535999999999999865e-01
4.340000000000002883e-02
4.417999999999999705e-01
5.020999999999999908e-01
2.681000000000000050e-01
1.052999999999999770e-01
1.037999999999999895e-01
7.920000000000002038e-02
6.209999999999998854e-02
8.169999999999996709e-02
5.940000000000000141e-02
8.889999999999997904e-02
8.299999999999996270e-02
4.030000000000004412e-02
1.605999999999999928e-01
9.409999999999998921e-02
7.409999999999997145e-02
3.199999999999998679e-02
7.230000000000003091e-02
4.099999999999999478e-02
5.020000000000001544e-02
3.980000000000001592e-02
5.979999999999997123e-02
8.689999999999996338e-02
4.979999999999996929e-02
2.444000000000000616e-01
1.792999999999999872e-01
4.469999999999999668e-02
4.840000000000004021e-02
4.339999999999995944e-02
5.079999999999999793e-02
5.700000000000001593e-02
1.406000000000000305e-01
1.785999999999999810e-01
8.330000000000004068e-02
7.699999999999998512e-02
5.909999999999999976e-02
8.579999999999995963e-02
4.199999999999999567e-02
5.679999999999998939e-02
5.340000000000000302e-02
4.969999999999996643e-02
1.049000000000000071e-01
7.160000000000001086e-02
9.489999999999998437e-02
6.080000000000000682e-02
2.960000000000004294e-02
5.730000000000003146e-02
9.029999999999999138e-02
1.342999999999999750e-01
5.830000000000004623e-02
5.779999999999999721e-02
1.201000000000000262e-01
6.540000000000002756e-02
3.828000000000000291e-01
8.379999999999998561e-02
7.599999999999995648e-02
3.399999999999996081e-02
8.429999999999995830e-02
3.840000000000001745e-02
4.700000000000004174e-02
1.055000000000000104e-01
1.358999999999999930e-01
5.600000000000002198e-02
4.659999999999998865e-02
3.450000000000003064e-02
9.760000000000004783e-02
7.130000000000000226e-02
9.560000000000000442e-02
7.750000000000004108e-02
4.899999999999998801e-02
4.929999999999996191e-02
7.310000000000002607e-02
5.189999999999997393e-02
6.850000000000000533e-02
4.680000000000001520e-02
2.194000000000000394e-01
1.479000000000000314e-01
6.339999999999998415e-02
7.449999999999999678e-02
2.589999999999999247e-02
2.719999999999997767e-02
8.249999999999999001e-02
3.600000000000004585e-02
1.023000000000000020e-01
7.200000000000000844e-02
5.130000000000001920e-02
6.539999999999997204e-02
6.720000000000000973e-02
6.140000000000003788e-02
5.890000000000002178e-02
1.040999999999999703e-01
4.790000000000001201e-02
4.920000000000002843e-02
5.329999999999997934e-02
2.029999999999995350e-02
6.309999999999996168e-02
2.989999999999998215e-02
5.830000000000001154e-02
1.723999999999999977e-01
2.222000000000000086e-01
1.653000000000000025e-01
6.040000000000001618e-02
1.190000000000000085e-01
4.480000000000000648e-02
7.990000000000004043e-02
2.710000000000000256e-02
8.090000000000002744e-02
8.809999999999998388e-02
6.089999999999996805e-02
4.939999999999997171e-02
1.765999999999999792e-01
9.400000000000002798e-02
4.989999999999994440e-02
