7.429999999999999105e-02
1.279000000000000137e-01
1.356999999999999873e-01
1.204000000000000070e-01
1.619000000000000161e-01
1.965000000000000635e-01
3.365000000000000213e-01
3.586000000000000298e-01
5.207999999999999297e-01
9.179999999999999272e-02
8.190000000000001446e-02
1.247999999999999943e-01
7.699999999999997125e-02
2.536000000000000476e-01
6.630000000000002558e-02
2.855999999999999650e-01
2.778000000000000469e-01
7.389999999999999347e-02
1.992000000000000437e-01
7.259999999999997011e-02
1.668000000000000038e-01
4.980000000000002480e-02
4.909999999999999087e-02
7.370000000000001550e-02
1.318999999999999895e-01
1.512000000000000011e-01
2.048000000000000098e-01
1.059999999999999970e-01
1.954000000000000181e-01
9.020000000000000240e-02
7.770000000000000517e-02
6.899999999999999190e-02
3.454000000000000403e-01
1.622999999999999998e-01
1.095999999999999891e-01
7.270000000000001461e-02
5.259999999999997317e-02
1.151999999999999968e-01
8.050000000000000211e-02
9.529999999999998195e-02
1.134999999999999620e-01
1.523999999999999799e-01
2.939999999999999905e-02
3.087999999999999079e-01
1.468000000000000416e-01
1.272000000000000353e-01
1.552000000000000324e-01
9.680000000000001104e-02
7.710000000000000187e-02
1.237000000000000044e-01
1.906000000000000194e-01
8.559999999999999554e-02
4.119999999999999357e-02
2.048000000000000376e-01
1.330000000000000071e-01
1.546999999999999764e-01
1.035999999999999838e-01
9.010000000000001341e-02
2.443999999999999784e-01
5.957000000000000073e-01
3.389999999999999680e-01
9.329999999999996629e-02
1.637000000000000399e-01
2.326000000000000290e-01
2.520999999999999908e-01
3.976000000000000090e-01
5.765000000000000124e-01
2.220999999999999641e-01
3.190999999999999948e-01
2.503000000000000225e-01
2.135000000000000231e-01
1.828999999999999793e-01
9.120000000000001716e-02
1.148999999999999883e-01
8.170000000000002260e-02
1.470000000000000195e-01
9.410000000000003084e-02
1.462000000000000521e-01
9.719999999999996698e-02
9.300000000000001321e-02
8.529999999999998694e-02
7.269999999999998685e-02
1.455999999999999794e-01
8.730000000000004423e-02
1.153000000000000413e-01
1.863000000000000211e-01
1.288999999999999868e-01
5.459999999999998882e-02
6.900000000000000577e-02
1.165999999999999953e-01
1.073999999999999816e-01
1.345000000000000084e-01
1.346000000000000529e-01
1.759000000000000563e-01
7.330000000000000404e-02
6.669999999999999540e-02
1.793000000000000149e-01
2.500999999999999890e-01
3.575000000000000400e-01
3.385000000000000231e-01
1.779000000000000026e-01
1.398000000000000076e-01
9.860000000000002096e-02
1.509000000000000341e-01
1.211999999999999744e-01
1.469000000000000306e-01
8.729999999999998872e-02
1.228999999999999676e-01
8.240000000000002878e-02
8.049999999999998823e-02
7.560000000000001441e-02
1.581000000000000183e-01
2.809999999999997222e-02
2.351000000000000034e-01
2.573000000000000287e-01
1.307999999999999996e-01
1.603000000000000258e-01
1.153999999999999748e-01
9.760000000000000620e-02
1.300999999999999934e-01
7.159999999999999698e-02
5.150000000000001105e-02
5.829999999999999072e-02
8.960000000000002685e-02
9.220000000000003193e-02
9.750000000000000333e-02
5.129999999999997756e-02
1.158999999999999475e-01
1.943999999999999895e-01
1.146000000000000074e-01
8.090000000000002744e-02
6.399999999999995970e-02
9.850000000000004585e-02
8.249999999999999001e-02
1.189999999999999947e-01
6.830000000000004123e-02
1.358000000000000318e-01
8.660000000000001030e-02
1.548999999999999821e-01
1.201000000000000123e-01
1.733000000000000096e-01
2.097999999999999865e-01
2.154000000000000359e-01
1.164999999999999925e-01
1.427000000000000490e-01
1.555000000000000271e-01
1.237000000000000183e-01
1.285999999999999921e-01
1.394000000000000239e-01
2.359999999999999876e-01
2.579999999999999516e-01
1.547999999999999932e-01
1.029000000000000054e-01
1.436999999999999944e-01
1.156000000000000222e-01
1.312000000000000111e-01
1.910999999999999921e-01
1.528999999999999804e-01
1.419999999999999596e-01
1.972999999999999754e-01
1.980999999999999983e-01
1.476999999999999980e-01
8.150000000000000300e-02
8.260000000000000675e-02
3.449999999999998901e-02
1.183999999999999497e-01
1.396000000000000019e-01
1.003000000000000141e-01
1.370000000000000107e-01
3.766000000000000458e-01
1.942999999999999727e-01
1.607000000000000095e-01
2.222000000000000086e-01
1.823000000000000176e-01
2.187000000000000055e-01
1.607000000000000095e-01
2.318000000000000616e-01
2.467000000000000304e-01
2.264999999999999791e-01
