4.259999999999999898e-02
1.450000000000000178e-01
4.149999999999999523e-02
6.489999999999998548e-02
5.790000000000000008e-02
9.249999999999999889e-02
6.580000000000001126e-02
7.949999999999998734e-02
7.670000000000001816e-02
6.840000000000001634e-02
5.819999999999999479e-02
6.479999999999999649e-02
5.990000000000000185e-02
4.279999999999999083e-02
2.970000000000000417e-02
4.119999999999999357e-02
7.189999999999999170e-02
5.529999999999998805e-02
5.200000000000000455e-02
5.320000000000000423e-02
4.689999999999998337e-02
3.499999999999997558e-02
5.570000000000000645e-02
7.520000000000001683e-02
2.529999999999998223e-02
5.219999999999998946e-02
5.289999999999999564e-02
3.059999999999998832e-02
4.489999999999999547e-02
2.909999999999996964e-02
3.429999999999998328e-02
3.289999999999997093e-02
8.130000000000001115e-02
7.380000000000000449e-02
7.799999999999998601e-02
8.299999999999999045e-02
6.959999999999999520e-02
5.659999999999998366e-02
8.740000000000000546e-02
8.979999999999999094e-02
9.680000000000002491e-02
7.420000000000001594e-02
9.049999999999999711e-02
5.010000000000000564e-02
4.110000000000001152e-02
5.709999999999999798e-02
1.034999999999999948e-01
1.108999999999999847e-01
1.934000000000000163e-01
4.580000000000000043e-02
6.060000000000000109e-02
7.049999999999997935e-02
6.950000000000000622e-02
7.390000000000002123e-02
3.979999999999999510e-02
5.369999999999999080e-02
5.189999999999998781e-02
3.690000000000003000e-02
4.109999999999998377e-02
5.769999999999998047e-02
2.959999999999998743e-02
5.610000000000002485e-02
5.090000000000001468e-02
3.229999999999999538e-02
7.649999999999995692e-02
6.409999999999997644e-02
4.699999999999997236e-02
3.709999999999998022e-02
6.789999999999998814e-02
7.749999999999999944e-02
4.020000000000002044e-02
4.740000000000001851e-02
6.539999999999999980e-02
1.043999999999999651e-01
2.069999999999999618e-02
2.220000000000000445e-02
4.820000000000000673e-02
6.719999999999998197e-02
9.669999999999999429e-02
7.729999999999999372e-02
7.439999999999999392e-02
6.469999999999999363e-02
6.610000000000000597e-02
6.700000000000000400e-02
9.180000000000000659e-02
4.059999999999996945e-02
4.170000000000001483e-02
5.949999999999999734e-02
6.669999999999999540e-02
8.959999999999998521e-02
4.831999999999999629e-01
1.011000000000000093e-01
8.014999999999998792e-01
1.803000000000000158e-01
2.261000000000000232e-01
1.237000000000000044e-01
1.563000000000000500e-01
2.520000000000000365e-02
5.219999999999998253e-02
8.040000000000002700e-02
9.209999999999998743e-02
8.810000000000003939e-02
1.416000000000000036e-01
7.490000000000000824e-02
9.639999999999997182e-02
3.889999999999997626e-02
7.799999999999997213e-02
8.379999999999999949e-02
5.640000000000000568e-02
4.869999999999998636e-02
7.339999999999996527e-02
1.540000000000000258e-01
9.340000000000001079e-02
9.230000000000003479e-02
2.162999999999999923e-01
7.150000000000000799e-02
1.179999999999999938e-01
1.075000000000000261e-01
1.738000000000000100e-01
1.199000000000000343e-01
2.444999999999999951e-01
6.789999999999998814e-02
1.036999999999999866e-01
6.889999999999998903e-02
3.860000000000001624e-02
6.860000000000002207e-02
8.689999999999997726e-02
6.250000000000002776e-02
6.629999999999999782e-02
7.980000000000002369e-02
4.369999999999999579e-02
8.039999999999999925e-02
3.910000000000001669e-02
7.460000000000002740e-02
4.719999999999999196e-02
5.899999999999998301e-02
8.009999999999997677e-02
8.329999999999999905e-02
4.530000000000001387e-02
5.619999999999998608e-02
9.789999999999998703e-02
3.019999999999998380e-02
6.850000000000001921e-02
9.379999999999998062e-02
3.369999999999997303e-02
3.170000000000001983e-02
7.319999999999998730e-02
4.859999999999997655e-02
3.859999999999998849e-02
3.120000000000001938e-02
6.999999999999996503e-02
4.240000000000004182e-02
5.070000000000000895e-02
5.300000000000001932e-02
9.820000000000000950e-02
3.090000000000000385e-02
1.800000000000002293e-02
6.020000000000002432e-02
4.190000000000004138e-02
5.330000000000000016e-02
4.110000000000001846e-02
2.480000000000001648e-02
2.099999999999999090e-02
2.650000000000000966e-02
9.229999999999997928e-02
8.049999999999998823e-02
2.699999999999998235e-02
3.310000000000001830e-02
3.160000000000003084e-02
4.399999999999995581e-02
7.909999999999997589e-02
5.069999999999999507e-02
5.560000000000001052e-02
5.889999999999998709e-02
3.820000000000000479e-02
3.749999999999999861e-02
1.469999999999996310e-02
9.580000000000005178e-02
8.759999999999994180e-02
