8.283999999999999142e-01
5.604000000000000092e-01
2.074999999999999623e-01
5.993999999999999329e-01
2.994000000000001660e-01
9.481999999999998208e-01
4.351799999999999891e+00
1.928500000000000103e+00
1.675100000000000033e+00
1.958099999999999952e+00
5.416999999999998483e-01
4.536000000000000032e-01
6.369999999999998996e-01
4.498999999999999666e-01
1.657599999999999740e+00
6.723000000000001197e-01
5.565999999999999837e-01
2.200000000000000289e-01
1.897999999999999965e-01
1.198000000000000176e-01
2.669999999999999596e-01
3.373999999999998112e-01
2.830000000000001403e-01
9.069999999999991958e-02
1.173999999999998656e-01
1.544000000000001482e-01
1.815000000000000502e-01
1.742999999999998995e-01
1.030999999999999417e-01
2.690000000000000169e-01
1.640999999999999959e-01
9.079999999999990856e-02
4.539999999999991265e-02
8.480000000000012528e-02
1.074999999999999845e-01
8.099999999999990541e-02
7.420000000000001594e-02
1.136999999999999400e-01
5.920000000000005813e-02
1.161999999999999700e-01
1.111000000000000321e-01
2.576000000000000512e-01
1.539000000000000645e-01
6.109999999999987663e-02
6.709999999999985421e-02
9.500000000000002887e-02
1.055999999999999162e-01
6.629999999999991456e-02
3.325999999999998957e-01
4.087999999999999412e-01
6.990999999999998327e-01
4.168000000000000593e-01
5.683999999999999053e-01
1.379399999999999737e+00
2.844999999999999751e-01
8.748999999999997890e-01
5.654000000000000137e-01
3.602999999999999536e-01
2.172999999999997434e-01
5.460000000000012066e-02
6.710000000000007625e-02
1.063000000000001166e-01
5.850000000000002420e-02
9.040000000000014690e-02
5.679999999999973959e-02
7.030000000000008464e-02
3.339999999999998526e-02
1.267000000000001458e-01
1.525000000000001632e-01
1.550999999999998769e-01
7.849999999999998646e-02
1.027000000000000413e-01
1.014000000000001289e-01
1.497999999999997944e-01
3.217000000000002080e-01
8.177000000000000934e-01
4.819000000000000505e-01
6.620000000000001439e-01
3.379000000000000892e-01
1.441299999999999581e+00
8.205000000000000071e-01
3.883000000000000340e-01
2.896999999999999575e-01
7.959999999999997633e-02
1.727000000000000202e-01
1.765999999999998682e-01
9.030000000000007465e-02
5.630000000000003751e-02
4.520000000000004570e-02
1.065000000000000668e-01
2.781999999999998918e-01
3.618999999999998884e-01
6.462400000000000588e+00
5.850500000000000256e+00
3.537000000000001254e-01
5.560000000000005216e-02
6.181999999999999718e-01
6.048600000000000421e+00
1.656500000000000306e+00
1.121600000000000152e+00
1.162799999999999834e+00
4.076999999999998403e-01
3.873299999999999965e+00
4.138300000000000090e+00
3.869000000000000217e-01
1.137300000000000200e+00
7.521999999999999797e-01
4.575000000000000733e-01
6.273400000000000531e+00
2.814900000000000180e+00
1.711500000000000465e+00
4.491000000000000547e-01
3.753000000000001335e-01
3.527000000000001245e-01
2.364999999999999880e-01
1.525000000000001354e-01
2.901000000000001910e-01
1.820000000000003282e-01
1.124999999999999195e-01
1.340999999999999415e-01
7.999999999999982125e-02
2.853999999999998760e-01
2.143000000000000460e-01
5.447000000000000730e-01
2.958999999999999408e-01
1.939000000000000168e-01
2.748000000000000442e-01
4.406000000000001582e-01
1.989000000000000212e-01
2.063999999999998058e-01
9.679999999999999716e-02
1.575999999999999901e-01
1.184000000000000330e-01
7.600000000000003975e-02
3.316999999999999948e-01
5.021999999999999797e-01
4.239000000000000545e-01
4.141000000000001346e-01
1.228999999999998705e-01
2.064000000000000001e-01
1.690999999999999726e-01
1.053999999999998827e-01
2.872999999999999443e-01
1.163000000000000561e-01
8.089999999999995806e-02
7.320000000000007057e-02
2.692000000000001059e-01
1.757999999999998453e-01
1.789999999999999369e-01
1.492999999999999328e-01
3.219999999999998419e-01
1.508000000000000174e-01
2.690000000000001279e-01
7.509999999999984743e-02
1.450600000000000112e+00
4.326499999999999346e+00
8.850699999999999790e+00
2.321800000000000086e+00
4.877999999999998448e-01
4.049199999999999910e+00
5.252999999999999892e-01
5.010999999999996568e-01
3.223999999999999089e-01
5.321400000000000574e+00
2.427800000000000402e+00
1.736600000000000144e+00
9.667000000000002258e-01
4.544000000000001371e-01
9.521000000000000574e-01
5.877999999999999892e-01
2.299000000000000765e-01
4.013799999999999812e+00
1.859100000000000197e+00
7.793999999999999595e+00
7.846400000000000041e+00
7.310000000000000941e-01
1.731000000000003092e-01
7.529999999999992255e-02
1.287000000000004252e-01
