1.236199999999999966e+00
1.693999999999999950e-01
2.523000000000000242e-01
2.981999999999999651e-01
4.245000000000000440e-01
1.547999999999999654e-01
4.965999999999999859e-01
4.089999999999999192e-01
4.832999999999999519e-01
2.876999999999998447e-01
1.426999999999999380e-01
1.586000000000000187e-01
9.759999999999988129e-02
6.199999999999989547e-02
1.857999999999999374e-01
2.769000000000000905e-01
2.063000000000000944e-01
2.114000000000000323e-01
1.148999999999999744e-01
2.658000000000000362e-01
2.433999999999999775e-01
1.874000000000000388e-01
1.749000000000001109e-01
1.067000000000000587e-01
2.076000000000001178e-01
2.253000000000000558e-01
2.195000000000000007e-01
1.287999999999998590e-01
9.560000000000004605e-02
3.468999999999999861e-01
3.781999999999999806e-01
2.475000000000000810e-01
1.349999999999998701e-01
2.666000000000000592e-01
1.649000000000001576e-01
1.684999999999997888e-01
1.954000000000000736e-01
1.660000000000000087e-01
9.249999999999999889e-02
6.929999999999980620e-02
9.650000000000000244e-02
5.940000000000000835e-02
4.267000000000000792e-01
1.029999999999999527e-01
5.163999999999999702e-01
1.963000000000000300e-01
2.481999999999999207e-01
2.242000000000000104e-01
9.939999999999993285e-02
3.367999999999999883e-01
2.799999999999999711e-01
2.627999999999999226e-01
1.970999999999999142e-01
3.393999999999997574e-01
2.927999999999998937e-01
9.750000000000003109e-02
9.860000000000000708e-02
1.009000000000000868e-01
2.077999999999999015e-01
1.539999999999996649e-01
1.350000000000002864e-01
2.705000000000003513e-01
2.864999999999999769e-01
1.766000000000001458e-01
7.869999999999993667e-02
4.339999999999976515e-02
5.640000000000001262e-02
9.439999999999997005e-02
2.143999999999996464e-01
7.187000000000001165e-01
4.483000000000000873e-01
2.618000000000000327e-01
2.473999999999998700e-01
2.316999999999999060e-01
2.682300000000000129e+00
6.320999999999999952e-01
3.646999999999999686e-01
3.009999999999999343e-01
1.713000000000000078e-01
2.246999999999998998e-01
2.578000000000001402e-01
2.087999999999999301e-01
1.372000000000000164e-01
2.048999999999999710e-01
1.908999999999999586e-01
6.460000000000004627e-02
9.590000000000009628e-02
2.042999999999998706e-01
2.335999999999999466e-01
2.455999999999999850e-01
1.555999999999999606e-01
1.718000000000000915e-01
1.392999999999999239e-01
2.669000000000000261e-01
1.601000000000000201e-01
3.220999999999997754e-01
6.866000000000000991e-01
2.146000000000000407e-01
2.038000000000002032e-01
3.177000000000000934e-01
3.256000000000000560e-01
4.558999999999998609e-01
3.295000000000000151e-01
2.014999999999999292e-01
2.708999999999999186e-01
3.472000000000001751e-01
2.413000000000000422e-01
2.008999999999999397e-01
2.214000000000000967e-01
2.768999999999999240e-01
2.537000000000000366e-01
4.597000000000001085e-01
4.719999999999999751e-01
2.657999999999999252e-01
3.336999999999998856e-01
1.676000000000000545e-01
3.924000000000001931e-01
2.724000000000000865e-01
2.102000000000003033e-01
1.203000000000001152e-01
7.069999999999984630e-02
5.120000000000028695e-02
8.380000000000009663e-02
1.177000000000000129e-01
2.731999999999999984e-01
2.722999999999999865e-01
1.741000000000000603e-01
4.286999999999999700e-01
3.095999999999997643e-01
2.688999999999999724e-01
2.715999999999998415e-01
1.837999999999999634e-01
1.996000000000001107e-01
1.235000000000004705e-01
3.611000000000002541e-01
2.667000000000002702e-01
6.249999999999996531e-02
5.433000000000002272e-01
2.749000000000000887e-01
2.746000000000000107e-01
1.241000000000001269e-01
2.424999999999999933e-01
2.019999999999999019e-01
7.820000000000000562e-02
1.977000000000000424e-01
3.693000000000001837e-01
1.163000000000001949e-01
1.244000000000000661e-01
1.874000000000000943e-01
4.968000000000002414e-01
5.510000000000000453e-01
8.903999999999998582e-01
3.273000000000000353e-01
1.425999999999999213e-01
7.830000000000000848e-02
9.599999999999983546e-02
1.034000000000002834e-01
1.360000000000001485e-01
2.108000000000000984e-01
2.416000000000001202e-01
1.836999999999998634e-01
1.294000000000001538e-01
8.719999999999986096e-02
6.489999999999992997e-02
5.750000000000018291e-02
2.019000000000001627e-01
8.820000000000011164e-02
2.760000000000000231e-01
3.979999999999979388e-02
9.985999999999999321e-01
2.110700000000000021e+00
6.951999999999998181e-01
3.666999999999999149e-01
3.038999999999999480e-01
1.982999999999999763e-01
1.132000000000000228e-01
2.274999999999999800e-01
6.270000000000004736e-02
1.369999999999999551e-01
