6.040000000000000230e-02
1.096000000000000030e-01
3.720000000000000390e-02
5.530000000000000887e-02
5.919999999999999568e-02
7.000000000000000666e-02
4.009999999999999676e-02
5.320000000000001117e-02
6.460000000000000464e-02
6.099999999999999867e-02
2.940000000000000599e-02
4.690000000000001112e-02
3.959999999999999631e-02
4.529999999999999999e-02
4.659999999999998865e-02
2.449999999999999054e-02
7.340000000000002078e-02
5.100000000000000366e-02
6.120000000000000440e-02
3.589999999999998748e-02
4.270000000000000184e-02
5.169999999999999596e-02
1.014999999999999930e-01
6.049999999999999822e-02
5.659999999999999754e-02
3.899999999999999994e-02
6.880000000000000004e-02
3.490000000000000047e-02
2.929999999999996149e-02
6.079999999999996518e-02
4.240000000000002101e-02
4.340000000000002189e-02
4.629999999999999394e-02
5.400000000000003408e-02
4.849999999999997369e-02
1.117999999999999550e-01
7.130000000000005778e-02
1.075999999999999457e-01
7.169999999999998597e-02
3.890000000000001790e-02
6.739999999999998770e-02
5.209999999999995884e-02
6.290000000000001146e-02
4.549999999999995715e-02
5.949999999999999734e-02
5.409999999999996062e-02
6.080000000000004151e-02
8.290000000000000147e-02
5.279999999999999971e-02
5.319999999999996260e-02
2.549999999999999836e-02
5.459999999999998188e-02
6.569999999999998064e-02
5.289999999999996094e-02
7.400000000000002409e-02
5.999999999999995615e-02
1.144999999999999629e-01
7.199999999999998068e-02
4.840000000000001246e-02
3.769999999999996271e-02
3.790000000000003089e-02
7.290000000000003422e-02
4.090000000000004049e-02
2.269999999999999796e-02
6.600000000000003086e-02
2.100000000000001865e-02
6.520000000000003570e-02
4.249999999999996142e-02
3.569999999999998869e-02
1.108999999999999986e-01
7.879999999999999505e-02
9.550000000000001543e-02
1.065000000000000113e-01
6.430000000000003768e-02
2.559999999999999776e-02
4.360000000000004150e-02
8.360000000000000764e-02
4.320000000000002310e-02
1.014999999999999514e-01
8.169999999999998097e-02
5.809999999999996417e-02
6.409999999999996256e-02
6.479999999999996874e-02
3.050000000000002362e-02
4.489999999999996771e-02
4.220000000000000140e-02
7.509999999999995846e-02
2.880000000000005472e-02
6.889999999999998903e-02
5.669999999999993101e-02
5.720000000000003554e-02
2.489999999999996036e-02
4.929999999999995497e-02
2.630000000000001087e-02
3.800000000000004763e-02
6.649999999999996192e-02
5.689999999999997837e-02
3.819999999999998397e-02
6.890000000000001679e-02
4.459999999999994524e-02
5.889999999999999403e-02
2.870000000000006921e-02
2.359999999999996129e-02
5.429999999999995247e-02
4.989999999999996522e-02
4.919999999999993129e-02
5.840000000000000746e-02
5.439999999999994146e-02
6.770000000000007956e-02
7.610000000000002873e-02
6.250000000000002776e-02
2.790000000000004282e-02
4.300000000000003819e-02
5.449999999999997208e-02
4.619999999999999107e-02
5.810000000000006132e-02
3.599999999999999034e-02
3.399999999999996775e-02
5.550000000000000766e-02
2.579999999999998267e-02
8.200000000000004508e-02
3.849999999999999950e-02
4.030000000000000249e-02
3.200000000000003536e-02
2.780000000000001914e-02
4.420000000000002399e-02
5.309999999999991810e-02
2.030000000000001942e-02
3.810000000000007825e-02
4.150000000000005074e-02
5.960000000000000020e-02
3.010000000000002604e-02
4.170000000000005647e-02
3.479999999999992821e-02
2.679999999999993845e-02
2.999999999999990868e-02
5.149999999999998329e-02
4.140000000000000624e-02
4.759999999999998954e-02
9.109999999999998654e-02
3.859999999999992604e-02
7.980000000000000981e-02
4.309999999999997861e-02
6.010000000000000064e-02
7.730000000000003535e-02
4.049999999999993189e-02
2.889999999999991534e-02
4.220000000000004303e-02
2.309999999999998513e-02
4.580000000000002819e-02
4.360000000000002068e-02
1.100000000000003753e-02
4.170000000000001483e-02
7.110000000000002429e-02
6.619999999999995333e-02
7.560000000000008380e-02
5.780000000000008048e-02
6.529999999999994142e-02
3.950000000000006284e-02
1.136999999999999678e-01
4.240000000000004876e-02
2.699999999999999969e-02
3.234000000000000208e-01
4.253000000000000669e-01
4.037000000000000588e-01
5.159000000000000252e-01
3.111999999999999766e-01
1.654000000000000192e-01
8.599999999999999312e-02
3.409999999999997755e-02
8.729999999999998872e-02
1.147999999999999438e-01
1.860999999999999877e-01
1.633999999999999619e-01
1.029999999999999943e-01
8.120000000000002216e-02
6.429999999999996829e-02
4.380000000000001947e-02
4.529999999999997223e-02
