7.090000000000000469e-02
6.360000000000000375e-02
3.619999999999999607e-02
5.880000000000000504e-02
7.660000000000000142e-02
5.079999999999999793e-02
3.590000000000000135e-02
3.539999999999999397e-02
1.014000000000000040e-01
6.370000000000000662e-02
6.870000000000001106e-02
4.620000000000000495e-02
5.999999999999999778e-02
5.970000000000001000e-02
7.069999999999999896e-02
3.919999999999999873e-02
2.850000000000000450e-02
3.960000000000000325e-02
4.040000000000000535e-02
5.519999999999999907e-02
3.590000000000000135e-02
4.520000000000000406e-02
4.560000000000000164e-02
6.029999999999999943e-02
7.109999999999999654e-02
5.190000000000000169e-02
3.650000000000001160e-02
5.029999999999999749e-02
5.129999999999999838e-02
5.979999999999999205e-02
4.620000000000001189e-02
4.380000000000000560e-02
4.730000000000000870e-02
6.160000000000000198e-02
6.729999999999999871e-02
5.909999999999999976e-02
4.739999999999999769e-02
4.560000000000000164e-02
3.339999999999999913e-02
4.429999999999999216e-02
4.079999999999998905e-02
5.479999999999999455e-02
5.489999999999999741e-02
6.559999999999999165e-02
4.280000000000000471e-02
5.820000000000000173e-02
4.430000000000001992e-02
4.499999999999999833e-02
5.840000000000000746e-02
3.300000000000000155e-02
4.430000000000001992e-02
5.690000000000000613e-02
4.879999999999998922e-02
3.089999999999997957e-02
5.390000000000000346e-02
6.110000000000000153e-02
4.700000000000000705e-02
3.789999999999998925e-02
5.480000000000000843e-02
1.459999999999998799e-02
2.531999999999999806e-01
1.084999999999999853e-01
1.147000000000000103e-01
1.329999999999999793e-01
7.030000000000000138e-02
4.009999999999999676e-02
8.440000000000001668e-02
5.690000000000000613e-02
3.156999999999999806e-01
2.489000000000000101e-01
8.600000000000000699e-02
6.000000000000000472e-02
1.145999999999999935e-01
1.043999999999999789e-01
3.120000000000001245e-02
4.829999999999998184e-02
2.730000000000000829e-02
7.620000000000001772e-02
8.980000000000001870e-02
5.040000000000001423e-02
4.570000000000000451e-02
3.540000000000001479e-02
2.989999999999999256e-02
2.740000000000000768e-02
5.420000000000001206e-02
6.239999999999999714e-02
4.189999999999997893e-02
5.959999999999998632e-02
6.410000000000001807e-02
4.390000000000000152e-02
3.490000000000000741e-02
4.590000000000002411e-02
6.120000000000000440e-02
3.300000000000002931e-02
9.829999999999998461e-02
7.270000000000001461e-02
4.380000000000001253e-02
2.260000000000000897e-02
3.289999999999999869e-02
5.069999999999998119e-02
2.740000000000000768e-02
4.849999999999998757e-02
5.719999999999999390e-02
4.689999999999999725e-02
5.252999999999999892e-01
1.721999999999999365e-01
6.149999999999999911e-02
1.077000000000000318e-01
5.420000000000003981e-02
9.250000000000002665e-02
6.099999999999998479e-02
2.830000000000005428e-02
4.460000000000002851e-02
4.870000000000001411e-02
6.950000000000003397e-02
6.829999999999999960e-02
7.189999999999997782e-02
5.060000000000002690e-02
3.589999999999998054e-02
3.859999999999998849e-02
8.329999999999998517e-02
5.639999999999998487e-02
5.840000000000002134e-02
5.490000000000001823e-02
4.099999999999996703e-02
7.139999999999999125e-02
2.649999999999999231e-02
4.349999999999999700e-02
6.590000000000004188e-02
2.960000000000003947e-02
6.900000000000006128e-02
3.690000000000000224e-02
5.409999999999998838e-02
5.289999999999996788e-02
6.910000000000002252e-02
5.350000000000004058e-02
6.320000000000000617e-02
8.649999999999999356e-02
3.420000000000002205e-02
5.410000000000001613e-02
5.790000000000000008e-02
4.219999999999999446e-02
5.969999999999999613e-02
6.189999999999998281e-02
3.029999999999999707e-02
5.289999999999998176e-02
6.620000000000000884e-02
3.689999999999997449e-02
5.460000000000000270e-02
1.005000000000000060e-01
5.820000000000004337e-02
6.900000000000004741e-02
1.009999999999999509e-01
2.559999999999999776e-02
5.190000000000005026e-02
4.249999999999998224e-02
5.979999999999998511e-02
4.749999999999999362e-02
8.580000000000001514e-02
3.669999999999998958e-02
5.530000000000003663e-02
8.160000000000003362e-02
7.029999999999997362e-02
1.021999999999999992e-01
3.689999999999998143e-02
5.669999999999997958e-02
4.709999999999997522e-02
4.249999999999994060e-02
3.840000000000003133e-02
4.589999999999995473e-02
7.479999999999997762e-02
6.129999999999995869e-02
2.169999999999995544e-02
6.410000000000003195e-02
1.023999999999999910e-01
4.810000000000002468e-02
5.040000000000004893e-02
4.949999999999998845e-02
3.819999999999999091e-02
