7.209999999999999742e-02
3.249999999999999417e-02
3.549999999999998990e-02
3.029999999999999707e-02
4.819999999999999979e-02
2.519999999999999324e-02
4.210000000000000547e-02
4.340000000000000802e-02
1.949999999999999997e-02
9.049999999999999711e-02
6.570000000000000839e-02
8.180000000000001159e-02
7.879999999999999505e-02
3.699999999999999123e-02
3.280000000000001664e-02
4.529999999999998611e-02
5.189999999999998781e-02
3.679999999999998550e-02
3.959999999999997550e-02
3.270000000000001378e-02
7.560000000000001441e-02
4.549999999999999878e-02
7.180000000000000271e-02
6.170000000000001872e-02
3.438999999999999835e-01
1.055999999999999994e-01
5.820000000000000173e-02
7.789999999999999702e-02
1.074000000000000232e-01
3.209999999999999659e-02
5.379999999999999366e-02
5.180000000000000576e-02
6.290000000000002534e-02
2.276999999999999580e-01
4.029999999999998861e-02
9.029999999999999138e-02
8.910000000000001252e-02
5.740000000000000657e-02
3.650000000000000466e-02
3.499999999999998945e-02
3.839999999999999664e-02
3.330000000000000321e-02
4.409999999999999337e-02
2.769999999999998505e-02
2.699999999999998235e-02
7.440000000000002167e-02
5.920000000000000956e-02
5.059999999999998527e-02
2.033999999999999697e-01
1.415000000000000147e-01
6.380000000000002336e-02
5.619999999999998608e-02
6.480000000000001037e-02
4.519999999999999712e-02
3.719999999999999696e-02
2.669999999999999457e-02
4.740000000000003239e-02
4.489999999999997465e-02
2.349999999999999312e-02
3.899999999999996525e-02
1.852000000000000313e-01
2.070999999999999786e-01
1.184000000000000330e-01
2.474000000000000088e-01
2.429000000000000603e-01
2.015000000000000124e-01
1.602000000000000646e-01
6.340000000000001190e-02
1.040000000000000230e-01
1.153000000000000552e-01
9.049999999999995548e-02
4.569999999999996287e-02
6.169999999999998402e-02
6.729999999999997096e-02
6.199999999999994404e-02
4.919999999999997986e-02
7.830000000000002236e-02
6.630000000000008109e-02
7.999999999999997391e-02
9.560000000000001830e-02
7.769999999999997742e-02
3.689999999999994673e-02
4.989999999999995828e-02
6.390000000000001235e-02
4.270000000000001572e-02
1.033000000000000307e-01
1.335999999999998855e-01
1.608000000000000540e-01
8.130000000000005278e-02
8.370000000000007989e-02
4.299999999999996880e-02
5.939999999999995284e-02
7.030000000000000138e-02
6.729999999999999871e-02
4.549999999999994327e-02
1.020999999999999269e-01
7.010000000000002340e-02
5.510000000000002396e-02
2.850000000000001144e-02
9.059999999999995834e-02
2.649999999999999578e-02
9.840000000000001523e-02
5.119999999999995388e-02
4.070000000000001394e-02
3.690000000000005081e-02
2.499999999999995975e-02
7.120000000000004103e-02
6.310000000000010045e-02
6.569999999999998064e-02
6.710000000000004849e-02
7.519999999999991969e-02
1.220000000000000667e-01
4.590000000000002411e-02
1.140000000000000735e-01
4.150000000000003686e-02
4.649999999999997191e-02
1.049000000000001459e-01
1.098999999999999422e-01
1.638000000000001122e-01
1.227000000000000868e-01
9.560000000000000442e-02
6.610000000000007536e-02
6.670000000000014806e-02
9.669999999999998042e-02
4.310000000000013820e-02
3.020000000000018503e-02
7.010000000000005116e-02
8.009999999999990739e-02
4.760000000000004505e-02
8.149999999999982259e-02
3.420000000000025797e-02
1.351000000000002199e-01
2.411000000000000365e-01
1.010000000000000064e-01
7.180000000000007210e-02
7.699999999999986022e-02
6.570000000000000839e-02
1.020000000000000628e-01
4.490000000000000935e-02
3.490000000000004210e-02
3.439999999999983349e-02
6.919999999999995599e-02
1.176999999999999574e-01
1.106999999999999096e-01
1.145000000000001850e-01
6.970000000000005358e-02
1.724999999999997369e-01
9.439999999999973412e-02
6.670000000000017581e-02
6.469999999999995199e-02
6.050000000000003986e-02
5.300000000000014422e-02
5.870000000000000218e-02
9.310000000000008546e-02
8.190000000000008384e-02
3.500000000000005884e-02
4.580000000000003513e-02
8.290000000000000147e-02
1.567999999999999117e-01
8.840000000000017288e-02
3.849999999999989542e-02
4.130000000000005889e-02
3.469999999999988372e-02
8.340000000000001579e-02
4.399999999999992806e-02
6.830000000000006899e-02
6.929999999999998661e-02
4.549999999999991551e-02
4.369999999999997498e-02
7.520000000000001683e-02
3.830000000000001459e-02
4.090000000000018621e-02
6.469999999999984097e-02
4.340000000000017455e-02
7.100000000000024347e-02
1.125000000000000028e-01
2.920000000000001761e-02
4.039999999999990127e-02
2.325999999999999457e-01
