1.537000000000000033e-01
9.189999999999999558e-02
1.035999999999999838e-01
6.620000000000000884e-02
1.117999999999999966e-01
7.679999999999999327e-02
7.839999999999999747e-02
1.585000000000000020e-01
1.362000000000000155e-01
1.301000000000000212e-01
1.176999999999999991e-01
7.380000000000000449e-02
1.393000000000000349e-01
1.364000000000000212e-01
6.220000000000000528e-02
9.789999999999998703e-02
3.950000000000000039e-02
5.479999999999998761e-02
1.421000000000000041e-01
1.027000000000000135e-01
4.039999999999998453e-02
7.039999999999999036e-02
9.900000000000000466e-02
7.159999999999999698e-02
3.959999999999998938e-02
5.250000000000000500e-02
9.539999999999998481e-02
5.199999999999999067e-02
2.759999999999999606e-02
6.299999999999998657e-02
1.355999999999999983e-01
4.150000000000000910e-02
1.211000000000000132e-01
9.979999999999995819e-02
1.014999999999999930e-01
1.809999999999999457e-02
1.043999999999999928e-01
4.599999999999997147e-02
5.040000000000001423e-02
1.296999999999999820e-01
9.710000000000001963e-02
1.170000000000000484e-01
8.979999999999994931e-02
7.529999999999999194e-02
5.260000000000002174e-02
7.780000000000002192e-02
6.550000000000000266e-02
1.602000000000000091e-01
2.562000000000000943e-01
2.934999999999999831e-01
1.069999999999999840e-01
1.037999999999999340e-01
2.625000000000000666e-01
1.160000000000000475e-01
1.481000000000000927e-01
2.980999999999999206e-01
2.516999999999999238e-01
8.190000000000004221e-02
5.130000000000003307e-02
1.403000000000000080e-01
7.423999999999998378e-01
4.685000000000000275e-01
1.494000000000000050e-01
5.834000000000001407e-01
4.175000000000000377e-01
4.222999999999999532e-01
2.980999999999999761e-01
1.583000000000000240e-01
2.006999999999999673e+00
2.319299999999999695e+00
3.127999999999999670e-01
4.577999999999999847e-01
5.046999999999999265e-01
3.373999999999999777e-01
1.782000000000002471e-01
5.759999999999969311e-02
5.470000000000005413e-02
7.240000000000004765e-02
4.930000000000017008e-02
7.130000000000016880e-02
3.187999999999999168e-01
3.267000000000000459e-01
7.929999999999999272e-01
3.715000000000001079e-01
7.034000000000000252e-01
3.551999999999997937e-01
1.339000000000001855e-01
1.141999999999999821e-01
1.573999999999998456e-01
5.050000000000017669e-02
5.629999999999983629e-02
1.407699999999999729e+00
3.467000000000000082e-01
3.664999999999999925e-01
2.056999999999999662e-01
7.950000000000001510e-02
4.936999999999999722e-01
1.331000000000000516e-01
9.409999999999996145e-02
3.401999999999999469e-01
3.974000000000000865e-01
2.270999999999999963e-01
1.169999999999999235e-01
2.435000000000000220e-01
2.130999999999999284e-01
1.855999999999999872e-01
3.078000000000000180e-01
6.100000000000005418e-02
8.229999999999988713e-02
1.116999999999999521e-01
6.040000000000010638e-02
4.940000000000004110e-02
5.290000000000005809e-02
4.809999999999991366e-02
5.170000000000019719e-02
3.540000000000002173e-02
2.245000000000000606e-01
8.649999999999982703e-02
3.410000000000004694e-02
1.396000000000000574e-01
1.013999999999999346e-01
5.689999999999999225e-02
1.255999999999999894e-01
3.810000000000006437e-02
9.359999999999998876e-02
1.321000000000001062e-01
3.809999999999991172e-02
1.702000000000001290e-01
2.222000000000000086e-01
2.708000000000000962e-01
3.389999999999991631e-02
3.689999999999991898e-02
8.870000000000019535e-02
6.910000000000016129e-02
7.429999999999992166e-02
1.926000000000001044e-01
3.864999999999999547e-01
3.356000000000000094e-01
5.089999999999995223e-02
7.769999999999989415e-02
1.371000000000001384e-01
1.658999999999999919e-01
1.348999999999999644e-01
9.802999999999999492e-01
5.375000000000000888e-01
6.173999999999999488e-01
3.479999999999998650e-01
3.227999999999999758e-01
5.900000000000005240e-02
2.612100000000000311e+00
1.763999999999999790e+00
2.247999999999999721e-01
4.988000000000000211e-01
6.909999999999993925e-02
1.871000000000001273e-01
2.131000000000001782e-01
6.400000000000008460e-02
3.690000000000003694e-02
8.870000000000001494e-02
1.789000000000000867e-01
1.287999999999998590e-01
3.269000000000001349e-01
2.348000000000001752e-01
1.137999999999999290e-01
3.376999999999999447e-01
6.964999999999998970e-01
6.660999999999999144e-01
3.049000000000001154e-01
8.288999999999999702e-01
3.216000000000001635e-01
1.380700000000000038e+00
2.174599999999999866e+00
2.659900000000000375e+00
2.739700000000000024e+00
2.535999999999999921e-01
1.320300000000000029e+00
5.197000000000002728e-01
1.019500000000000073e+00
3.459999999999998632e-01
