9.549999999999998768e-02
1.111000000000000182e-01
1.184999999999999942e-01
3.660000000000000059e-02
8.039999999999999925e-02
6.010000000000000064e-02
1.566999999999999782e-01
9.669999999999998042e-02
1.152999999999999997e-01
9.299999999999999933e-02
8.119999999999999440e-02
5.079999999999999793e-02
4.129999999999998950e-02
1.076000000000000012e-01
1.275999999999999912e-01
7.270000000000000073e-02
2.749999999999999320e-02
4.039999999999999841e-02
5.750000000000000944e-02
1.053999999999999798e-01
7.220000000000000029e-02
8.300000000000001821e-02
6.360000000000000375e-02
6.019999999999998963e-02
3.609999999999999321e-02
3.570000000000000950e-02
3.039999999999999647e-02
2.769999999999999893e-02
7.109999999999999654e-02
1.132999999999999979e-01
8.590000000000000413e-02
8.720000000000001361e-02
6.709999999999999298e-02
9.370000000000000551e-02
6.179999999999998689e-02
8.960000000000001297e-02
9.360000000000000264e-02
1.060000000000000109e-01
1.353999999999999926e-01
8.150000000000000300e-02
6.139999999999999625e-02
5.940000000000000141e-02
2.150000000000001216e-02
4.259999999999999204e-02
7.669999999999999041e-02
6.679999999999999827e-02
5.460000000000001658e-02
2.169999999999996931e-02
4.829999999999998878e-02
5.249999999999999806e-02
9.439999999999999780e-02
6.979999999999998705e-02
1.150999999999999801e-01
1.282999999999999974e-01
1.078999999999999959e-01
9.559999999999999054e-02
1.015000000000000069e-01
1.456999999999999962e-01
5.530000000000002969e-02
9.499999999999998723e-02
6.229999999999999427e-02
8.300000000000003209e-02
3.750000000000001249e-02
2.210000000000002240e-02
8.040000000000001312e-02
3.020000000000002197e-02
5.799999999999999600e-02
4.499999999999999833e-02
4.600000000000001310e-02
5.259999999999998704e-02
4.429999999999999910e-02
5.599999999999999423e-02
4.149999999999998135e-02
3.260000000000000397e-02
8.209999999999997855e-02
6.549999999999998879e-02
1.284000000000000141e-01
6.209999999999999548e-02
5.759999999999998455e-02
6.689999999999998725e-02
1.058999999999999941e-01
6.510000000000000508e-02
9.169999999999998985e-02
7.290000000000000646e-02
1.989999999999998020e-02
5.579999999999996768e-02
1.340999999999999970e-01
9.849999999999997646e-02
6.429999999999999605e-02
1.098999999999999838e-01
8.659999999999998255e-02
8.530000000000000082e-02
1.199000000000000066e-01
1.050999999999999712e-01
9.699999999999998901e-02
6.490000000000001323e-02
6.489999999999999936e-02
3.659999999999999365e-02
4.850000000000000144e-02
4.090000000000003355e-02
5.430000000000000104e-02
1.217000000000000026e-01
2.025000000000000133e-01
6.989999999999997604e-02
1.293999999999999595e-01
9.450000000000000067e-02
8.310000000000000719e-02
3.250000000000001499e-02
8.390000000000001623e-02
1.394000000000000239e-01
5.750000000000003719e-02
1.146999999999999964e-01
4.289999999999998676e-02
2.090000000000002967e-02
4.500000000000000527e-02
4.889999999999995739e-02
6.799999999999997713e-02
8.259999999999996512e-02
1.017999999999999738e-01
1.048000000000000043e-01
8.770000000000005569e-02
7.470000000000001639e-02
9.660000000000001918e-02
2.069999999999999965e-02
5.970000000000000306e-02
3.930000000000004323e-02
5.190000000000002944e-02
7.809999999999998888e-02
1.043999999999999928e-01
1.536999999999999755e-01
5.520000000000001295e-02
5.279999999999993726e-02
3.530000000000010213e-02
4.300000000000001737e-02
4.239999999999996549e-02
5.139999999999995267e-02
6.559999999999996390e-02
7.400000000000001021e-02
7.059999999999995446e-02
8.290000000000000147e-02
7.850000000000001421e-02
4.039999999999998453e-02
5.699999999999995348e-02
9.690000000000001390e-02
1.120000000000001272e-01
6.010000000000009085e-02
6.499999999999991895e-02
4.519999999999999712e-02
4.470000000000008689e-02
3.890000000000006647e-02
4.679999999999998744e-02
7.220000000000004192e-02
8.999999999999999667e-02
8.559999999999995390e-02
6.290000000000003921e-02
2.349999999999994454e-02
6.440000000000004055e-02
8.960000000000001297e-02
7.859999999999997544e-02
3.759999999999997372e-02
6.639999999999991742e-02
8.069999999999989682e-02
6.569999999999992513e-02
8.679999999999990501e-02
1.671999999999999875e-01
9.709999999999999187e-02
9.319999999999994955e-02
8.590000000000001801e-02
5.189999999999998087e-02
3.389999999999998570e-02
2.969999999999994172e-02
7.229999999999994764e-02
4.680000000000002214e-02
1.125000000000000444e-01
8.720000000000006912e-02
1.144000000000000156e-01
1.579999999999999738e-01
1.453000000000000402e-01
9.950000000000006062e-02
