5.050000000000000322e-02
4.420000000000000318e-02
4.710000000000000298e-02
3.310000000000000442e-02
6.909999999999999476e-02
6.819999999999999674e-02
3.500000000000000333e-02
3.509999999999999926e-02
4.089999999999999192e-02
5.830000000000001154e-02
5.200000000000000455e-02
5.839999999999999358e-02
3.419999999999999429e-02
4.310000000000000636e-02
3.520000000000001600e-02
4.984999999999999432e-01
1.882000000000000062e-01
7.539000000000002366e-01
3.625000000000000444e-01
7.447999999999999066e-01
5.054999999999999494e-01
2.242000000000000104e-01
1.242000000000000048e-01
1.324999999999999789e-01
4.089999999999999192e-02
6.339999999999999802e-02
4.480000000000000648e-02
1.234999999999999987e-01
5.540000000000000480e-01
7.354000000000000536e-01
1.574000000000000121e-01
4.180000000000001770e-02
5.839999999999999358e-02
8.440000000000000280e-02
7.139999999999999125e-02
5.500000000000004191e-02
2.050000000000002862e-02
4.090000000000000580e-02
9.880000000000002669e-02
4.199999999999998873e-02
1.000000000000002102e-02
6.939999999999998948e-02
8.799999999999999489e-02
4.729999999999998095e-02
6.110000000000000847e-02
2.909999999999999393e-02
2.899999999999997025e-02
5.220000000000002416e-02
2.570000000000000756e-02
3.110000000000001305e-02
5.520000000000005458e-02
2.864000000000000434e-01
1.368999999999999939e-01
3.368999999999999773e-01
1.325999999999999956e-01
1.159000000000000169e-01
1.350999999999999979e-01
2.775000000000000244e-01
4.168000000000000038e-01
5.000000000000000000e-01
5.039000000000000146e-01
3.148999999999999577e-01
1.240000000000000269e-01
9.340000000000001079e-02
1.736000000000000043e-01
7.145000000000000240e-01
1.119199999999999973e+00
3.753000000000000225e-01
1.430999999999999772e-01
7.138999999999999790e-01
5.413999999999998813e-01
2.008000000000000063e-01
2.828000000000000513e-01
1.198600000000000110e+00
8.136999999999998678e-01
3.941000000000000059e-01
1.279999999999999749e-01
1.354000000000000203e-01
7.810000000000000275e-02
6.110000000000001541e-02
4.539999999999998204e-02
5.519999999999995050e-02
2.444000000000000339e-01
5.890999999999999570e-01
1.548000000000000487e-01
1.980000000000000648e-01
1.177000000000000546e-01
1.309000000000000163e-01
1.932000000000000106e-01
8.139000000000000679e-01
3.770000000000001128e-01
9.270000000000003237e-02
6.049999999999995659e-02
1.270000000000003071e-02
1.198999999999999844e+00
7.323000000000000620e-01
8.548999999999999932e-01
1.669000000000000206e-01
1.048000000000001014e-01
8.669999999999969398e-02
5.830000000000002541e-02
3.259999999999991377e-02
6.440000000000009606e-02
7.620000000000003160e-02
4.019999999999998574e-01
1.350999999999999424e-01
5.140000000000015390e-02
2.341000000000001691e-01
2.956999999999999629e-01
6.430000000000007931e-02
6.950000000000000622e-02
1.193999999999997841e-01
5.051000000000001044e-01
1.179000000000000048e-01
2.225999999999999923e-01
2.788999999999999257e-01
2.474999999999999978e-01
2.148999999999999799e-01
2.372000000000000774e-01
1.043499999999999872e+00
7.570000000000007279e-02
3.629999999999997118e-02
1.523000000000001297e-01
7.649999999999998468e-02
1.008999999999999897e-01
4.465000000000001745e-01
2.476000000000001533e-01
7.856000000000000760e-01
5.664000000000000146e-01
5.033000000000003027e-01
1.418000000000000094e-01
5.133999999999999675e-01
4.655000000000001359e-01
7.973000000000002307e-01
3.194000000000001283e-01
6.539999999999977776e-02
2.804000000000002046e-01
5.240000000000030744e-02
3.890000000000013586e-02
6.449999999999972422e-02
8.427999999999996605e-01
1.236500000000000155e+00
1.375500000000000167e+00
4.148000000000003906e-01
5.809999999999997389e-01
2.412000000000002475e-01
1.425000000000000711e-01
6.450000000000016831e-02
3.629999999999997118e-02
1.312999999999997780e-01
8.090000000000002744e-02
4.120000000000029888e-02
2.079000000000000847e-01
5.740999999999997216e-01
1.637000000000001787e-01
5.772000000000003794e-01
4.809999999999974019e-02
8.129999999999987237e-02
3.980000000000046695e-02
6.209999999999989834e-02
2.984999999999998765e-01
5.715000000000002300e-01
5.611999999999999211e-01
6.568000000000000504e-01
1.773999999999998911e-01
3.446999999999998399e-01
4.452999999999999181e-01
3.114999999999999436e-01
3.339999999999998526e-01
1.683000000000005048e-01
1.308999999999996555e-01
7.481000000000003203e-01
3.295000000000000151e-01
8.467999999999996641e-01
6.177000000000001378e-01
2.584999999999998410e-01
8.459999999999978648e-02
2.720100000000000406e+00
9.934000000000005048e-01
