7.979999999999998206e-02
7.649999999999999856e-02
1.038000000000000034e-01
1.524000000000000077e-01
6.450000000000000178e-02
9.009999999999999953e-02
1.630999999999999950e-01
2.162000000000000033e-01
2.748000000000000442e-01
2.484999999999999987e-01
3.132000000000000339e-01
1.617999999999999716e-01
7.610000000000000098e-02
1.122000000000000219e-01
1.132999999999999563e-01
2.407999999999999863e-01
2.599000000000000199e-01
2.249000000000000166e-01
1.970000000000000084e-01
3.312000000000000499e-01
2.749000000000000332e-01
2.817000000000000615e-01
8.790000000000000591e-02
6.050000000000004680e-02
4.280000000000003246e-02
7.570000000000001728e-02
9.410000000000005860e-02
8.450000000000001954e-02
6.640000000000002844e-02
2.769999999999999130e-01
2.418999999999999762e-01
1.624999999999999223e-01
2.636000000000001120e-01
3.179000000000000714e-01
2.109000000000000319e-01
7.299999999999998157e-02
7.000000000000006217e-02
1.222000000000000725e-01
1.563000000000000222e-01
8.869999999999990392e-02
1.885000000000000564e-01
1.451999999999998570e-01
1.907999999999998864e-01
1.690000000000000668e-01
1.082000000000000461e-01
2.641000000000000014e-01
1.948000000000000009e-01
3.189999999999991454e-02
2.357000000000000761e-01
1.219999999999998863e-01
2.166000000000000147e-01
1.584999999999999742e-01
2.705999999999999517e-01
1.831999999999999740e-01
1.609999999999999487e-01
1.658000000000001972e-01
1.255000000000000560e-01
1.262000000000000899e-01
1.408000000000001473e-01
7.119999999999998552e-02
6.820000000000006612e-02
5.849999999999996869e-02
8.930000000000001825e-02
2.284000000000001029e-01
1.769000000000001960e-01
8.340000000000004354e-02
7.920000000000007589e-02
5.649999999999999467e-02
1.559000000000000385e-01
8.890000000000003455e-02
1.630000000000001170e-01
5.629999999999992649e-02
9.259999999999996012e-02
7.340000000000004854e-02
1.461999999999998301e-01
5.950000000000019162e-02
5.840000000000016012e-02
7.639999999999989855e-02
4.319999999999997453e-02
2.999999999999995726e-02
8.380000000000009663e-02
1.406000000000000583e-01
9.200000000000009559e-02
5.550000000000011174e-02
1.488000000000000433e-01
1.475999999999999535e-01
1.555999999999999883e-01
1.468999999999999750e-01
8.789999999999986713e-02
8.800000000000002265e-02
5.269999999999998991e-02
2.815999999999999059e-01
4.736000000000000210e-01
4.303000000000000158e-01
1.947999999999999454e-01
1.071000000000000285e-01
8.149999999999993361e-02
2.074000000000001398e-01
1.870999999999998498e-01
5.069999999999995344e-02
1.659000000000000197e-01
7.670000000000000429e-02
3.950000000000003508e-02
1.142999999999999711e-01
8.009999999999996290e-02
6.730000000000005422e-02
2.769999999999988097e-02
7.089999999999981040e-02
3.020000000000005319e-02
4.049999999999984862e-02
7.400000000000006573e-02
6.190000000000009384e-02
1.330999999999999961e-01
1.214999999999999969e-01
2.406999999999999695e-01
3.508999999999997677e-01
1.501000000000000112e-01
1.472999999999999587e-01
1.143000000000000682e-01
6.929999999999994498e-02
2.021999999999999909e-01
7.950000000000015388e-02
1.192000000000000282e-01
9.239999999999998215e-02
3.830000000000002847e-02
6.490000000000001323e-02
3.930000000000004323e-02
6.510000000000012998e-02
6.729999999999995708e-02
4.110000000000003234e-02
2.880000000000008248e-02
7.120000000000004103e-02
7.325999999999999179e-01
3.955999999999999517e-01
1.542000000000000315e-01
1.290000000000000868e-01
8.990000000000002156e-02
2.286000000000000532e-01
3.603999999999999426e-01
1.482000000000000539e-01
9.310000000000002995e-02
7.620000000000000384e-02
4.336999999999999744e-01
1.255000000000000004e-01
1.098000000000000087e-01
4.269999999999998103e-02
4.800000000000001488e-02
5.530000000000002275e-02
7.819999999999997786e-02
1.889999999999999666e-02
5.329999999999999322e-02
7.280000000000004523e-02
1.601999999999999535e-01
2.908999999999999919e-01
9.310000000000001608e-02
4.139999999999999930e-02
5.449999999999999983e-02
3.979999999999998123e-02
4.700000000000000011e-02
6.290000000000003921e-02
1.519999999999999962e-01
6.600000000000000311e-02
5.939999999999999447e-02
4.030000000000002330e-02
5.509999999999998233e-02
2.940000000000001987e-02
5.500000000000001416e-02
3.450000000000003758e-02
2.709999999999995746e-02
7.689999999999994063e-02
2.008999999999999675e-01
4.284000000000000585e-01
4.369000000000000661e-01
2.015000000000000402e-01
1.350999999999999979e-01
5.110000000000005510e-02
8.130000000000002502e-02
3.590000000000005687e-02
5.590000000000000524e-02
