2.289999999999999813e-01
3.262999999999999790e-01
5.999999999999997002e-02
1.738999999999999990e-01
9.170000000000000373e-02
4.789999999999999120e-02
7.629999999999997895e-02
9.749999999999997558e-02
1.799999999999998129e-02
8.400000000000000522e-02
5.879999999999999810e-02
1.436999999999999944e-01
7.660000000000000142e-02
6.800000000000000488e-02
8.770000000000000018e-02
3.619999999999998219e-02
1.071000000000000146e-01
1.431000000000000050e-01
9.509999999999999010e-02
1.257999999999999952e-01
5.359999999999999487e-02
1.596999999999999809e-01
2.381000000000000338e-01
8.940000000000000724e-02
1.608999999999999875e-01
4.689999999999998337e-02
2.467999999999999639e-01
4.479999999999999538e-01
2.620000000000000107e-01
5.534000000000000030e-01
1.900000000000000022e-01
1.187000000000000000e-01
1.592000000000000082e-01
1.329999999999999793e-01
8.939999999999997948e-02
1.161999999999999839e-01
8.509999999999998122e-02
1.476999999999999980e-01
1.110000000000000014e-01
7.549999999999995604e-02
7.040000000000003200e-02
4.450000000000004646e-02
7.489999999999999436e-02
9.439999999999999780e-02
6.139999999999999625e-02
1.644999999999999518e-01
7.629999999999995119e-02
1.028999999999999360e-01
4.660000000000005110e-02
1.330000000000000071e-01
2.990000000000000435e-01
8.004999999999999893e-01
8.388999999999999790e-01
4.017000000000000015e-01
4.808000000000000052e-01
1.633999999999999897e-01
1.787999999999999590e-01
2.176999999999999769e-01
1.287999999999999701e-01
1.427999999999999547e-01
2.102999999999999869e-01
2.001000000000000834e-01
8.009999999999994902e-02
1.476000000000000090e-01
1.216000000000000136e-01
8.589999999999992086e-02
9.139999999999996738e-02
2.670000000000005355e-02
6.449999999999996014e-02
7.759999999999998843e-02
8.139999999999994462e-02
6.883000000000000229e-01
2.488999999999999824e-01
5.567999999999999616e-01
1.547999999999999932e-01
4.401999999999999247e-01
1.738000000000000100e-01
2.127000000000000557e-01
1.234000000000000236e-01
1.460000000000000742e-01
2.479000000000000370e-01
2.225000000000000588e-01
5.808999999999999719e-01
3.021999999999999686e-01
9.430000000000005045e-02
1.728999999999999704e-01
4.989000000000001211e-01
1.977999999999999758e-01
8.780000000000007243e-02
9.539999999999990155e-02
1.581999999999999795e-01
2.237999999999999989e-01
1.393999999999999684e-01
2.151999999999999469e-01
6.663999999999998813e-01
4.109999999999999765e-01
4.552999999999999825e-01
3.005000000000002114e-01
1.613999999999999602e-01
1.439999999999999059e-01
1.940000000000000890e-01
1.038999999999999369e-01
9.400000000000005573e-02
3.919999999999998486e-02
6.149999999999997830e-02
2.535000000000000031e-01
8.789999999999997815e-02
6.060000000000002884e-02
1.167000000000000259e-01
7.250000000000000888e-02
1.204999999999999544e-01
7.439999999999996616e-02
6.159999999999998810e-02
8.709999999999995524e-02
1.305999999999999384e-01
2.298999999999999377e-01
2.255999999999999395e-01
8.189999999999991731e-02
2.105000000000000482e-01
6.510000000000004672e-02
1.510000000000000231e-01
2.407999999999999030e-01
1.098000000000000087e-01
8.329999999999988802e-02
5.430000000000003574e-02
6.250000000000002776e-02
4.210000000000006792e-02
6.129999999999988236e-02
9.910000000000002141e-02
1.168999999999999762e-01
9.060000000000012488e-02
1.305000000000000326e-01
1.096999999999999503e-01
9.249999999999999889e-02
5.190000000000004332e-02
4.781000000000000250e-01
3.942999999999999838e-01
2.861000000000000210e-01
1.022999999999999049e-01
1.610000000000000042e-01
1.031000000000000250e-01
8.630000000000001559e-02
1.477999999999999869e-01
5.630000000000000282e-02
6.520000000000000795e-02
8.490000000000001712e-02
6.829999999999994409e-02
5.089999999999997304e-02
9.689999999999990288e-02
3.859999999999988440e-02
6.640000000000002844e-02
4.640000000000005231e-02
5.760000000000002618e-02
7.720000000000007412e-02
1.057000000000000439e-01
5.909999999999997200e-02
5.749999999999995393e-02
1.646000000000000796e-01
1.211000000000000271e-01
9.540000000000006808e-02
2.950000000000011294e-02
5.639999999999985303e-02
1.018000000000001265e-01
6.089999999999994723e-02
1.319999999999999230e-01
6.390000000000001235e-02
6.079999999999996518e-02
6.049999999999994271e-02
4.809999999999990672e-02
2.019999999999994716e-02
1.253000000000000225e-01
4.041000000000000703e-01
2.356000000000000871e-01
5.406999999999999584e-01
7.297000000000000153e-01
7.753999999999999782e-01
3.591000000000000858e-01
3.324000000000000843e-01
1.905000000000000582e-01
