6.000000000000000472e-02
3.669999999999999651e-02
1.292999999999999983e-01
8.299999999999999045e-02
8.519999999999999796e-02
3.138000000000000789e-01
9.473000000000000309e-01
4.793000000000001148e-01
1.681999999999999884e-01
8.979999999999999094e-02
1.553999999999999826e-01
1.073999999999999816e-01
8.669999999999997153e-02
6.979999999999997318e-02
1.142999999999999849e-01
1.637000000000000122e-01
2.856000000000000205e-01
1.437999999999999834e-01
2.030000000000000138e-01
2.350000000000000144e-01
4.479999999999999538e-01
3.094000000000000083e-01
1.608999999999999597e-01
1.486000000000000376e-01
1.131000000000000061e-01
1.318000000000000005e-01
4.910000000000001169e-02
1.330999999999999961e-01
1.175000000000000072e-01
9.830000000000004012e-02
1.438999999999999724e-01
2.173000000000000209e-01
6.499999999999997446e-02
1.445999999999999508e-01
1.390999999999999737e-01
1.266000000000000458e-01
6.870000000000001106e-02
2.164999999999999702e-01
2.127000000000000279e-01
4.642999999999999905e-01
1.305999999999999384e-01
1.153999999999999471e-01
2.558000000000000274e-01
1.990000000000000102e-01
1.631999999999999840e-01
8.469999999999998364e-02
1.605000000000000038e-01
1.671999999999999875e-01
4.911000000000000365e-01
2.445999999999999841e-01
1.794000000000000039e-01
3.715999999999999859e-01
3.440999999999999615e-01
2.177000000000000046e-01
1.469000000000000306e-01
1.057999999999999913e-01
8.749999999999998057e-02
9.259999999999998788e-02
1.035999999999999838e-01
1.392999999999999794e-01
1.075000000000000261e-01
2.425000000000000211e-01
2.930000000000000382e-01
1.236000000000000015e-01
2.160000000000000253e-01
1.153999999999999887e-01
7.570000000000001728e-02
1.192000000000000282e-01
1.230999999999999733e-01
2.202999999999999681e-01
1.437000000000000499e-01
8.360000000000000764e-02
1.247000000000000192e-01
1.081999999999999490e-01
9.739999999999998659e-02
1.435999999999999777e-01
1.648000000000000020e-01
1.062000000000000305e-01
1.953999999999999626e-01
9.270000000000001850e-02
1.560000000000000275e-01
7.750000000000002720e-02
1.059000000000000358e-01
2.965999999999999748e-01
1.428999999999999715e-01
1.625999999999999390e-01
3.155999999999999361e-01
1.518999999999999795e-01
1.756999999999999673e-01
7.870000000000006157e-02
1.565999999999999615e-01
3.579999999999999294e-01
2.130000000000000226e-01
3.155000000000000027e-01
3.016999999999999682e-01
1.955000000000000071e-01
2.053999999999999715e-01
1.441000000000000059e-01
2.557999999999999718e-01
1.206999999999999323e-01
7.560000000000001441e-02
1.493999999999999773e-01
2.138000000000000178e-01
1.071999999999999342e-01
1.414999999999999591e-01
2.133000000000000174e-01
2.477999999999999925e-01
1.320999999999999952e-01
2.063000000000000389e-01
1.203000000000000597e-01
3.797999999999999154e-01
1.340000000000000635e-01
1.180000000000000493e-01
2.181000000000000161e-01
9.609999999999999098e-02
5.749999999999998168e-02
2.606000000000000538e-01
2.560000000000000053e-01
7.719999999999993534e-02
9.319999999999996343e-02
8.169999999999996709e-02
5.773999999999999133e-01
3.697000000000000286e-01
1.786000000000000365e-01
1.416000000000000036e-01
1.149999999999999634e-01
1.181000000000000105e-01
1.412999999999999812e-01
6.653000000000001135e-01
4.379000000000000115e-01
2.749999999999999112e-01
3.127999999999999670e-01
9.870000000000006546e-02
2.673000000000000931e-01
9.070000000000001672e-02
1.274999999999999745e-01
9.679999999999992777e-02
1.333000000000000573e-01
2.410999999999999810e-01
1.353000000000000036e-01
1.399999999999999856e-01
8.800000000000003653e-02
1.329999999999999516e-01
6.280000000000000859e-02
7.710000000000000187e-02
4.679999999999993887e-02
8.069999999999999396e-02
8.269999999999994023e-02
1.187000000000000138e-01
9.210000000000001519e-02
2.648999999999999133e-01
9.729999999999991434e-02
4.500000000000005385e-02
8.039999999999992986e-02
1.520999999999999019e-01
2.164999999999999425e-01
1.298000000000000820e-01
1.343999999999999362e-01
8.929999999999993499e-02
6.149999999999987421e-02
7.390000000000007674e-02
1.156999999999999973e-01
9.299999999999999933e-02
2.324000000000000510e-01
6.446999999999999398e-01
2.805999999999999606e-01
1.377999999999998670e-01
5.500999999999998114e-01
4.042999999999998817e-01
6.630000000000012272e-02
1.414000000000000257e-01
2.239999999999999769e-01
3.653000000000000691e-01
3.700000000000000511e-01
3.645000000000000462e-01
4.589999999999987840e-02
2.098999999999998922e-01
9.329999999999999405e-02
2.168000000000000760e-01
