6.269999999999999185e-02
1.619000000000000161e-01
1.097000000000000197e-01
6.370000000000000662e-02
9.409999999999998921e-02
4.949999999999999539e-02
6.839999999999998859e-02
5.890000000000000097e-02
6.590000000000001412e-02
1.347999999999999754e-01
1.257999999999999952e-01
5.340000000000000302e-02
6.070000000000000395e-02
7.389999999999999347e-02
7.970000000000000695e-02
8.309999999999999332e-02
7.580000000000000626e-02
1.466999999999999971e-01
1.300999999999999934e-01
5.030000000000001137e-02
1.173000000000000154e-01
1.407000000000000195e-01
1.181999999999999995e-01
1.218000000000000055e-01
1.595999999999999919e-01
9.400000000000000022e-02
7.199999999999998068e-02
6.419999999999999318e-02
7.650000000000001243e-02
1.195000000000000090e-01
8.180000000000003935e-02
1.567000000000000060e-01
8.630000000000000171e-02
6.010000000000000758e-02
4.460000000000001463e-02
9.650000000000001632e-02
1.549999999999999711e-01
5.950000000000002509e-02
7.440000000000000779e-02
2.870000000000001023e-02
1.487000000000000544e-01
1.398999999999999966e-01
1.328000000000000291e-01
6.780000000000001303e-02
7.590000000000003688e-02
8.069999999999999396e-02
1.139000000000000290e-01
6.520000000000000795e-02
1.558000000000000496e-01
1.052000000000000435e-01
6.569999999999999452e-02
1.905000000000000027e-01
1.276999999999999802e-01
8.780000000000003080e-02
6.269999999999999185e-02
1.674999999999999545e-01
5.400000000000000633e-02
1.338000000000000300e-01
5.370000000000003937e-02
5.030000000000001137e-02
8.470000000000001139e-02
6.189999999999999669e-02
1.134999999999999898e-01
1.726999999999999647e-01
9.079999999999999183e-02
6.659999999999997866e-02
7.009999999999995401e-02
1.218000000000000194e-01
1.686999999999999611e-01
3.709999999999995246e-02
1.165999999999999814e-01
1.530999999999999583e-01
9.209999999999998743e-02
8.980000000000001870e-02
1.311999999999999833e-01
1.749999999999999611e-01
1.539999999999999702e-01
6.669999999999998153e-02
8.650000000000004907e-02
1.047000000000000430e-01
1.675999999999999990e-01
5.399999999999998551e-02
6.670000000000000928e-02
5.870000000000000218e-02
4.429999999999997135e-02
4.119999999999998663e-02
1.562000000000000333e-01
1.782000000000000250e-01
1.402999999999999803e-01
9.329999999999999405e-02
6.570000000000002227e-02
8.099999999999998868e-02
2.066000000000000059e-01
1.565000000000000280e-01
1.100000000000000144e-01
9.790000000000004254e-02
1.355000000000000093e-01
1.413999999999999424e-01
7.929999999999995386e-02
1.458999999999999186e-01
6.180000000000000077e-02
6.140000000000002400e-02
7.220000000000004192e-02
9.310000000000005771e-02
8.999999999999999667e-02
1.012000000000000122e-01
5.150000000000000411e-02
1.064999999999999697e-01
1.192000000000000420e-01
7.799999999999999989e-02
1.458999999999999742e-01
9.619999999999992446e-02
1.468000000000000138e-01
1.376999999999999891e-01
8.470000000000003915e-02
9.200000000000002620e-02
1.452000000000000235e-01
3.940000000000003222e-02
7.649999999999995692e-02
1.375999999999999723e-01
8.829999999999996185e-02
5.090000000000000080e-02
8.740000000000003322e-02
5.920000000000010670e-02
7.969999999999993756e-02
1.072999999999999926e-01
9.600000000000002975e-02
1.210000000000000242e-01
5.920000000000003731e-02
3.309999999999994891e-02
5.310000000000006382e-02
1.179000000000000048e-01
1.733000000000000096e-01
1.234000000000000513e-01
5.210000000000001436e-02
1.159000000000000308e-01
1.208000000000000462e-01
3.700000000000005368e-02
6.369999999999992335e-02
6.930000000000005600e-02
9.730000000000003924e-02
1.132999999999999285e-01
4.639999999999994129e-02
5.070000000000002283e-02
7.080000000000002958e-02
1.035999999999999144e-01
5.449999999999994432e-02
8.630000000000007110e-02
1.515000000000000513e-01
1.155000000000000193e-01
1.391999999999999627e-01
4.060000000000008047e-02
1.237000000000000322e-01
1.366999999999999882e-01
1.030999999999999694e-01
4.849999999999997369e-02
5.609999999999998321e-02
5.809999999999997111e-02
4.329999999999999127e-02
3.859999999999993991e-02
8.310000000000009046e-02
1.030000000000000637e-01
7.440000000000004943e-02
1.278000000000000247e-01
1.038999999999999785e-01
3.759999999999999454e-02
1.162000000000000255e-01
9.320000000000001894e-02
6.999999999999995115e-02
1.211999999999999744e-01
1.282999999999999696e-01
1.040999999999999703e-01
4.330000000000005372e-02
9.550000000000004319e-02
1.800999999999999268e-01
1.246999999999999637e-01
1.705000000000000682e-01
6.340000000000003966e-02
8.210000000000003406e-02
