9.100000000000001144e-02
1.622999999999999998e-01
2.037999999999999812e-01
2.041999999999999926e-01
8.069999999999999396e-02
4.929999999999999660e-02
1.562999999999999945e-01
1.397000000000000186e-01
2.048999999999999710e-01
1.649999999999999800e-01
4.989999999999998603e-02
2.492999999999999938e-01
1.537000000000000310e-01
1.615000000000000324e-01
1.132000000000000228e-01
8.620000000000001272e-02
7.040000000000000424e-02
1.343000000000000305e-01
1.420000000000000151e-01
9.609999999999999098e-02
1.617000000000000104e-01
1.498999999999999777e-01
1.024999999999999800e-01
1.689000000000000223e-01
1.122000000000000636e-01
8.449999999999996403e-02
1.131000000000000061e-01
1.625999999999999945e-01
1.716000000000000303e-01
1.645000000000000073e-01
1.800999999999999823e-01
8.969999999999997420e-02
8.989999999999999380e-02
1.640000000000000069e-01
2.263000000000000012e-01
1.283999999999999864e-01
9.349999999999998590e-02
5.430000000000000104e-02
8.799999999999998102e-02
1.110000000000000153e-01
1.757000000000000228e-01
1.776000000000000079e-01
1.041000000000000258e-01
1.411000000000000032e-01
1.534000000000000086e-01
1.910999999999999921e-01
2.975000000000000422e-01
2.365000000000000435e-01
1.496999999999999997e-01
5.200000000000001149e-02
1.597999999999999976e-01
1.529000000000000359e-01
1.008999999999999758e-01
1.008999999999999897e-01
8.169999999999999485e-02
7.370000000000001550e-02
1.012999999999999873e-01
2.050000000000000155e-01
1.716999999999999915e-01
1.466999999999999971e-01
9.120000000000000329e-02
1.135000000000000037e-01
1.317000000000000393e-01
2.357999999999999818e-01
1.432000000000000217e-01
1.452000000000000512e-01
1.344999999999999529e-01
6.970000000000002582e-02
7.689999999999996838e-02
4.109999999999998377e-02
1.385000000000000120e-01
7.760000000000000231e-01
2.051000000000000045e-01
2.358000000000000373e-01
1.726000000000000312e-01
1.016999999999999987e-01
9.750000000000000333e-02
2.469999999999999973e-01
1.860999999999999877e-01
2.308000000000000052e-01
1.710999999999999743e-01
1.653999999999999915e-01
1.004000000000000170e-01
9.899999999999997691e-02
1.674000000000000488e-01
2.247000000000000663e-01
2.113000000000000156e-01
2.547000000000000375e-01
1.543999999999999817e-01
1.787999999999999590e-01
4.010999999999999566e-01
1.737000000000000210e-01
1.671999999999999598e-01
1.233999999999999958e-01
2.033999999999999697e-01
9.430000000000002269e-02
1.615000000000000047e-01
1.539999999999999980e-01
1.256000000000000172e-01
9.960000000000002185e-02
1.197999999999999898e-01
1.865999999999999881e-01
1.266999999999999793e-01
1.039999999999999397e-01
8.999999999999999667e-02
1.532999999999999918e-01
1.256999999999999784e-01
7.979999999999998206e-02
1.277999999999999692e-01
1.303999999999999604e-01
1.009999999999999648e-01
1.124000000000000277e-01
1.636999999999999567e-01
8.037000000000000810e-01
6.280000000000000027e-01
2.872999999999999443e-01
2.464999999999999969e-01
1.334999999999999520e-01
1.186000000000000110e-01
1.350999999999999979e-01
1.386000000000000287e-01
1.231999999999999762e-01
1.428999999999999992e-01
1.333999999999999631e-01
1.326000000000001067e-01
1.221999999999999198e-01
1.241999999999999910e-01
2.914999999999999813e-01
1.523000000000000465e-01
3.330000000000000737e-01
2.358000000000000373e-01
1.747999999999999554e-01
2.347999999999999532e-01
2.553999999999999604e-01
1.515000000000000235e-01
1.014999999999999097e-01
1.141999999999999127e-01
1.288999999999999591e-01
7.680000000000003491e-02
1.497000000000000552e-01
1.515999999999999848e-01
1.248000000000000081e-01
1.383000000000000618e-01
1.148999999999999744e-01
1.688999999999998836e-01
1.168999999999999206e-01
1.488999999999999491e-01
8.730000000000004423e-02
9.350000000000006917e-02
2.074000000000000565e-01
1.626999999999999558e-01
1.064999999999999558e-01
1.046999999999999598e-01
1.677999999999999770e-01
1.479000000000000592e-01
7.779999999999999416e-02
1.295000000000000040e-01
6.520000000000003570e-02
1.876000000000000445e-01
1.876999999999999780e-01
6.260000000000007225e-02
1.024999999999999523e-01
1.277999999999999692e-01
1.419999999999999041e-01
1.724999999999999867e-01
1.505000000000000504e-01
8.599999999999992373e-02
1.192000000000000004e-01
1.208000000000000324e-01
1.066999999999999754e-01
2.121999999999999442e-01
2.257000000000000117e-01
1.427000000000000490e-01
7.650000000000001243e-02
2.465999999999999859e-01
2.074999999999999345e-01
1.796000000000000374e-01
1.458999999999999186e-01
2.855000000000000315e-01
1.427999999999999825e-01
7.399999999999995470e-02
1.208000000000000046e-01
9.637999999999998790e-01
8.406000000000000139e-01
1.419300000000000006e+00
4.355999999999999872e-01
2.007999999999999785e-01
1.072999999999999371e-01
1.320000000000000617e-01
2.811000000000000165e-01
2.510999999999999899e-01
1.637000000000000122e-01
2.531999999999999251e-01
4.349000000000000643e-01
9.086000000000000743e-01
5.636000000000001009e-01
3.589000000000000523e-01
2.163999999999999813e-01
1.872999999999998832e-01
1.367000000000000437e-01
1.695000000000000395e-01
1.071000000000000285e-01
7.420000000000004370e-02
1.307000000000000384e-01
1.698000000000000620e-01
1.133000000000000951e-01
4.980000000000001786e-02
2.654000000000000248e-01
7.945000000000000950e-01
5.280999999999999028e-01
3.155999999999998806e-01
3.715999999999999304e-01
1.333000000000000851e-01
2.662999999999999812e-01
2.452000000000000013e-01
1.699000000000001065e-01
1.896000000000001573e-01
1.067000000000000448e-01
1.216000000000001247e-01
1.498000000000000997e-01
1.494000000000000883e-01
8.479999999999995874e-02
7.330000000000003180e-02
2.049000000000000266e-01
2.285000000000000364e-01
9.500000000000008438e-02
1.049999999999999406e-01
2.032999999999999252e-01
2.551999999999999824e-01
1.997000000000000719e-01
6.780000000000005467e-02
1.987999999999999767e-01
1.327000000000000679e-01
1.453000000000000680e-01
1.213000000000000189e-01
2.009000000000000508e-01
2.228999999999999593e-01
2.109999999999999376e-01
2.128999999999998949e-01
2.121000000000000107e-01
1.238999999999999269e-01
9.369999999999979734e-02
7.889999999999992852e-02
1.772999999999998466e-01
1.544000000000000650e-01
1.936000000000001608e-01
1.927999999999999159e-01
1.115000000000000990e-01
2.387999999999999567e-01
