1.575999999999999901e-01
1.819999999999999951e-01
8.759999999999998344e-02
1.095999999999999891e-01
8.030000000000001026e-02
2.242999999999999994e-01
2.548999999999999599e-01
1.869999999999999996e-01
2.519000000000000128e-01
1.285000000000000031e-01
2.356000000000000039e-01
1.819000000000000061e-01
1.314000000000000168e-01
2.640000000000000124e-01
1.227999999999999925e-01
2.074000000000000288e-01
2.362999999999999823e-01
1.067000000000000032e-01
7.470000000000001639e-02
1.350999999999999979e-01
1.285000000000000031e-01
1.054000000000000076e-01
1.182000000000000134e-01
2.295000000000000095e-01
2.011999999999999622e-01
7.469999999999998863e-02
6.490000000000001323e-02
8.549999999999997879e-02
1.039999999999999813e-01
1.231999999999999762e-01
2.155999999999999583e-01
1.028999999999999915e-01
8.539999999999997593e-02
1.756000000000000338e-01
9.110000000000001430e-02
1.062000000000000027e-01
6.620000000000000884e-02
7.910000000000000364e-02
7.300000000000000933e-02
1.295999999999999930e-01
9.450000000000001454e-02
1.798999999999999766e-01
1.612999999999999989e-01
1.272999999999999687e-01
4.849999999999996675e-02
1.005000000000000199e-01
1.811999999999999722e-01
1.655999999999999694e-01
2.992000000000000215e-01
3.738000000000000211e-01
2.658000000000000362e-01
9.860000000000002096e-02
1.459999999999999909e-01
1.093000000000000221e-01
8.189999999999997282e-02
7.769999999999996354e-02
9.240000000000000990e-02
8.000000000000001554e-02
6.380000000000002336e-02
2.220000000000000445e-02
1.040000000000000091e-01
1.066999999999999338e-01
1.736999999999999933e-01
1.205999999999999850e-01
1.416000000000000036e-01
1.882000000000000339e-01
3.245999999999999996e-01
5.413000000000000034e-01
1.283999999999999864e-01
1.730999999999998928e-01
2.699999999999999623e-01
4.436000000000001053e-01
2.218000000000000527e-01
3.674999999999999378e-01
6.193999999999999506e-01
2.478000000000000203e-01
2.078999999999999182e-01
4.201000000000000290e-01
5.949999999999996958e-02
2.334999999999999021e-01
1.873000000000000498e-01
3.002999999999997893e-01
3.605000000000000981e-01
6.659999999999999254e-01
3.067999999999999616e-01
2.873999999999997668e-01
4.443000000000001393e-01
3.008000000000001783e-01
4.119999999999998108e-01
2.499000000000001220e-01
4.371999999999999775e-01
1.971999999999999031e-01
1.095000000000002360e-01
1.425999999999999490e-01
3.059999999999998277e-01
3.838000000000000300e-01
1.954000000000000459e-01
1.674000000000000210e-01
2.933000000000002272e-01
2.775000000000000799e-01
1.603000000000001091e-01
1.563000000000002720e-01
1.401999999999999913e-01
9.389999999999992797e-02
2.242999999999998051e-01
2.286999999999996813e-01
2.284999999999998421e-01
2.417999999999998484e-01
2.373999999999998056e-01
2.218000000000000527e-01
3.716999999999998083e-01
2.432000000000001105e-01
1.715999999999998915e-01
3.375999999999997891e-01
1.900999999999999912e-01
1.785999999999998977e-01
3.713999999999998414e-01
3.310999999999998389e-01
3.266999999999998794e-01
1.326999999999996238e-01
5.704000000000000181e-01
2.885999999999998566e-01
1.604000000000001536e-01
2.467000000000000859e-01
2.773999999999999799e-01
1.934000000000000163e-01
2.688999999999998058e-01
2.494999999999998330e-01
2.585999999999997745e-01
2.938999999999999391e-01
3.218000000000004190e-01
3.247000000000000997e-01
2.514999999999999458e-01
1.936000000000000776e-01
1.793999999999998374e-01
1.174000000000000044e-01
6.699999999999986522e-02
1.561999999999997835e-01
1.876999999999997282e-01
1.833999999999999797e-01
2.838999999999998747e-01
3.662999999999997369e-01
2.429999999999999938e-01
2.972000000000004083e-01
1.037099999999999689e+00
5.322000000000003395e-01
3.243000000000002547e-01
1.806000000000003158e-01
1.633999999999999342e-01
2.007999999999998120e-01
1.138999999999996127e-01
8.440000000000014158e-02
5.520000000000008233e-02
1.487000000000004984e-01
3.778000000000000247e-01
2.150999999999998469e-01
4.803999999999999937e-01
2.045999999999998931e-01
1.326000000000001067e-01
1.978000000000000869e-01
1.526999999999998359e-01
3.074000000000000066e-01
2.812000000000002831e-01
3.299999999999998490e-01
2.784999999999994147e-01
2.994999999999997664e-01
2.515999999999998793e-01
2.206000000000000738e-01
1.376000000000001111e-01
1.385999999999999455e-01
2.417000000000000259e-01
3.365000000000001878e-01
2.497000000000003106e-01
1.579000000000000403e-01
1.757000000000001894e-01
2.360999999999999210e-01
1.323999999999996291e-01
3.529000000000000470e-01
1.603999999999996540e-01
1.018999999999999351e-01
5.409999999999998144e-02
1.780999999999997585e-01
3.051999999999998603e-01
2.237000000000001210e-01
8.940000000000009051e-02
1.408000000000000362e-01
3.447999999999997733e-01
2.804000000000002601e-01
2.467000000000003634e-01
2.405000000000003801e-01
1.943999999999999062e-01
2.932999999999998386e-01
4.134000000000003228e-01
3.920000000000002927e-01
3.447000000000000619e-01
2.376000000000002554e-01
1.088000000000001743e-01
1.990999999999999437e-01
2.111999999999999988e-01
2.648999999999999133e-01
1.693999999999999395e-01
1.150000000000000466e-01
4.475999999999999424e-01
2.040999999999998371e-01
2.618999999999997441e-01
1.764999999999997682e-01
1.666000000000003589e-01
2.636000000000003340e-01
2.713999999999999746e-01
3.380999999999994010e-01
1.878999999999998449e-01
1.666000000000001369e-01
1.710000000000003184e-01
1.456000000000002292e-01
2.316000000000001946e-01
3.180999999999998828e-01
3.486999999999996769e-01
3.064000000000001722e-01
2.849000000000005972e-01
3.529000000000001025e-01
3.595999999999998642e-01
2.635000000000000675e-01
3.111999999999995326e-01
1.999999999999992895e-01
1.530000000000004134e-01
2.322999999999998955e-01
2.172999999999997711e-01
2.670000000000005147e-01
2.735000000000005205e-01
3.164999999999996705e-01
1.129999999999992122e-01
9.070000000000005835e-02
6.610000000000076925e-02
4.799999999999998712e-02
7.740000000000007985e-02
2.087999999999987644e-01
2.838999999999990420e-01
1.721000000000003083e-01
2.644000000000004125e-01
2.121999999999999997e-01
8.730000000000026628e-02
2.699000000000001953e-01
2.723000000000000975e-01
2.355999999999999206e-01
2.102999999999998759e-01
1.050000000000000933e-01
1.637999999999998901e-01
3.560000000000005382e-01
2.265000000000000902e-01
