2.620000000000000107e-01
2.338000000000000356e-01
1.504999999999999949e-01
1.815999999999999837e-01
8.459999999999999465e-02
8.140000000000000013e-02
8.939999999999999336e-02
6.369999999999999274e-02
1.416000000000000036e-01
2.830999999999999628e-01
2.800000000000000266e-01
2.288000000000000034e-01
2.602999999999999758e-01
2.775999999999999579e-01
3.217000000000000415e-01
1.841000000000000414e-01
1.233000000000000068e-01
8.900000000000000966e-02
2.072999999999999843e-01
1.797999999999999876e-01
1.515000000000000235e-01
2.116999999999999993e-01
2.528000000000000247e-01
2.485999999999999877e-01
2.589999999999999525e-01
2.553999999999999604e-01
3.140999999999999903e-01
2.847999999999999976e-01
1.915000000000000036e-01
1.532000000000000306e-01
9.999999999999997780e-02
1.868999999999999828e-01
2.414000000000000590e-01
2.496000000000000163e-01
2.033999999999999975e-01
1.394999999999999851e-01
1.302999999999999714e-01
1.255999999999999894e-01
1.430000000000000160e-01
6.290000000000002534e-02
9.709999999999999187e-02
1.181999999999999995e-01
8.139999999999998626e-02
5.970000000000000306e-02
1.190000000000000085e-01
1.238000000000000211e-01
1.553000000000000214e-01
2.500000000000000000e-01
2.546999999999999820e-01
2.726000000000000090e-01
3.191000000000000503e-01
1.816999999999999726e-01
2.079000000000000292e-01
1.861000000000000432e-01
1.357000000000000151e-01
1.302000000000000379e-01
1.020999999999999686e-01
1.105999999999999761e-01
5.480000000000004312e-02
9.760000000000003395e-02
1.961000000000000243e-01
3.187999999999999723e-01
2.701999999999999957e-01
3.227000000000000979e-01
3.740999999999999881e-01
3.003000000000000114e-01
3.135999999999999344e-01
3.232999999999999208e-01
4.521999999999999909e-01
3.486000000000000210e-01
3.194000000000000172e-01
3.036000000000000920e-01
1.514000000000000068e-01
1.700999999999999734e-01
1.660999999999999699e-01
2.368000000000000105e-01
2.039000000000000257e-01
1.083000000000000212e-01
7.609999999999995934e-02
1.132000000000000228e-01
2.108000000000000151e-01
3.871000000000001107e-01
3.593000000000001748e-01
3.373000000000001553e-01
3.416000000000000147e-01
2.953000000000000069e-01
2.880000000000000338e-01
3.121000000000000441e-01
3.487000000000000655e-01
2.989999999999999325e-01
3.235999999999998877e-01
2.725999999999999535e-01
2.991999999999999660e-01
3.074999999999999400e-01
2.548000000000000265e-01
2.038999999999999424e-01
4.605999999999997874e-01
3.447999999999999954e-01
2.719000000000000861e-01
2.289000000000001034e-01
2.284000000000001029e-01
1.915000000000000591e-01
1.615999999999999659e-01
2.035000000000000142e-01
9.010000000000001341e-02
5.769999999999989027e-02
9.870000000000000995e-02
1.329999999999999238e-01
1.490999999999999825e-01
1.747000000000000219e-01
2.767000000000000570e-01
3.178999999999999604e-01
2.749999999999999667e-01
2.483000000000000485e-01
2.375000000000000444e-01
2.184000000000000663e-01
2.474000000000000088e-01
3.597999999999999532e-01
4.006000000000000116e-01
4.101999999999999535e-01
2.827000000000000068e-01
2.927999999999998937e-01
2.313999999999999946e-01
3.274000000000000243e-01
2.782999999999999918e-01
2.947000000000000175e-01
2.659000000000000252e-01
2.825000000000000289e-01
2.576999999999999846e-01
2.383999999999999175e-01
3.297999999999999821e-01
3.039000000000000590e-01
2.791000000000001258e-01
2.370000000000000440e-01
2.488000000000000489e-01
2.201000000000000734e-01
2.680999999999999495e-01
1.669000000000000483e-01
1.839000000000000079e-01
1.491999999999999993e-01
1.328000000000000846e-01
2.299000000000000488e-01
2.608999999999999653e-01
1.806999999999999440e-01
1.638000000000000567e-01
3.506000000000000227e-01
3.542000000000000148e-01
1.543000000000000482e-01
1.008999999999999064e-01
1.851999999999999480e-01
2.435999999999998999e-01
2.978999999999999426e-01
2.103000000000000980e-01
1.122000000000000497e-01
3.300000000000007094e-02
1.003000000000000141e-01
2.545000000000000040e-01
2.999000000000000554e-01
2.524000000000000687e-01
2.208999999999999575e-01
1.981999999999999873e-01
1.266000000000000736e-01
5.789999999999996538e-02
1.800000000000000211e-01
2.363999999999999713e-01
2.778000000000000469e-01
2.821000000000000174e-01
2.591999999999999305e-01
2.841000000000000192e-01
1.452000000000000235e-01
1.729999999999998206e-02
1.028999999999999776e-01
1.773000000000000687e-01
2.274000000000001021e-01
1.102000000000000757e-01
2.100000000000000200e-01
2.096000000000000085e-01
2.025000000000000688e-01
1.757999999999999008e-01
2.984999999999999876e-01
2.882999999999999452e-01
2.858999999999999320e-01
2.548999999999999044e-01
1.827999999999999070e-01
1.403000000000000358e-01
2.678000000000001490e-01
4.022000000000000575e-01
1.519999999999999685e-01
1.416000000000000592e-01
3.323999999999999733e-01
3.427999999999999936e-01
1.752999999999999559e-01
7.329999999999993465e-02
5.579999999999998850e-02
2.690999999999998948e-01
2.608999999999999653e-01
3.191000000000000503e-01
3.406000000000001249e-01
3.531000000000000250e-01
3.611999999999998545e-01
2.141999999999998905e-01
1.837000000000000022e-01
1.887000000000000066e-01
2.367999999999999272e-01
2.932999999999999496e-01
2.468000000000000471e-01
1.956000000000000516e-01
1.468000000000000138e-01
2.759999999999994749e-02
5.130000000000001920e-02
1.086999999999999356e-01
1.469999999999999363e-01
2.130000000000000504e-01
2.677999999999999270e-01
1.267000000000000626e-01
1.667999999999999483e-01
2.026000000000000578e-01
2.723999999999999755e-01
2.819999999999999174e-01
1.531999999999999473e-01
6.899999999999997802e-02
1.861999999999999211e-01
2.295999999999998042e-01
2.279999999999999249e-01
2.207999999999999963e-01
2.017999999999999794e-01
1.644000000000000461e-01
2.006999999999999895e-01
3.518999999999999351e-01
3.221000000000000529e-01
2.893000000000000016e-01
3.402999999999999914e-01
3.168000000000000815e-01
2.914999999999999813e-01
3.687000000000000277e-01
3.633000000000000118e-01
3.428999999999998716e-01
3.177999999999999159e-01
2.326999999999999069e-01
2.379999999999998506e-01
7.949999999999993183e-02
6.269999999999997797e-02
9.959999999999998022e-02
8.680000000000011318e-02
1.433999999999999442e-01
1.380999999999997785e-01
1.687999999999997558e-01
1.924999999999999489e-01
1.665999999999999148e-01
