5.992000000000000659e-01
3.186000000000000498e-01
3.598000000000000087e-01
1.671999999999999875e-01
1.610999999999999932e-01
1.617000000000000104e-01
3.729999999999999982e-01
2.767000000000000015e-01
1.307000000000000106e-01
2.299999999999999822e-01
2.167000000000000037e-01
2.120999999999999552e-01
2.177000000000000046e-01
1.463999999999999746e-01
1.460000000000000187e-01
9.579999999999999627e-02
1.555999999999999883e-01
9.310000000000000220e-02
1.532000000000000028e-01
1.873000000000000220e-01
1.729999999999999871e-01
2.446999999999999731e-01
1.474000000000000032e-01
3.024000000000000021e-01
2.399000000000000021e-01
1.406000000000000028e-01
1.408999999999999975e-01
1.099999999999999867e-01
7.339999999999999303e-02
1.844999999999999973e-01
8.660000000000002418e-02
1.260000000000000009e-01
1.420000000000000151e-01
2.442000000000000004e-01
2.120999999999999552e-01
2.622999999999999776e-01
2.763999999999999790e-01
2.461999999999999744e-01
1.959000000000000186e-01
1.754000000000000004e-01
1.324999999999999789e-01
1.224999999999999978e-01
1.064000000000000085e-01
2.167999999999999927e-01
1.481999999999999984e-01
1.615999999999999936e-01
2.299999999999999822e-01
2.051999999999999935e-01
1.645999999999999686e-01
2.460999999999999854e-01
2.583999999999999631e-01
1.874000000000000110e-01
1.129000000000000004e-01
1.355000000000000093e-01
1.263999999999999568e-01
1.118999999999999578e-01
1.534999999999999976e-01
1.415999999999999759e-01
1.454000000000000015e-01
2.392999999999999849e-01
1.804999999999999938e-01
1.608999999999999875e-01
7.909999999999998976e-02
8.220000000000002305e-02
9.930000000000001326e-02
1.773000000000000131e-01
1.232000000000000178e-01
1.231999999999999762e-01
1.169999999999999929e-01
1.232000000000000040e-01
1.971999999999999864e-01
1.383000000000000063e-01
1.389000000000000234e-01
1.130000000000000171e-01
1.530000000000000249e-01
1.075000000000000122e-01
1.790999999999999537e-01
1.941999999999999837e-01
1.478000000000000147e-01
9.229999999999999316e-02
1.077000000000000041e-01
8.639999999999997682e-02
1.391000000000000014e-01
2.037000000000000199e-01
8.779999999999997529e-02
1.524000000000000077e-01
9.979999999999999982e-02
1.199999999999999956e-01
1.764000000000000012e-01
1.173999999999999905e-01
3.074999999999999956e-01
3.550000000000000377e-01
3.714999999999999969e-01
2.871000000000000218e-01
2.206000000000000183e-01
3.104000000000000092e-01
1.985999999999999988e-01
8.609999999999998210e-02
1.522000000000000297e-01
2.995999999999999774e-01
2.753999999999999782e-01
1.947999999999999732e-01
1.309999999999999776e-01
2.555999999999999939e-01
2.152999999999999914e-01
1.592999999999999972e-01
1.751000000000000056e-01
1.061000000000000137e-01
6.899999999999999190e-02
1.206999999999999879e-01
1.193000000000000171e-01
9.990000000000001656e-02
1.184000000000000330e-01
1.360999999999999710e-01
1.491999999999999993e-01
1.576999999999999513e-01
1.271999999999999797e-01
1.294000000000000150e-01
1.481000000000000094e-01
1.945000000000000062e-01
1.563999999999999835e-01
1.142999999999999849e-01
1.387999999999999790e-01
1.247999999999999943e-01
1.391999999999999904e-01
1.766999999999999960e-01
1.127999999999999697e-01
6.320000000000003393e-02
1.287000000000000366e-01
1.600000000000000311e-01
1.200000000000000233e-01
2.246000000000000496e-01
1.644999999999999796e-01
2.803999999999999826e-01
7.779999999999995253e-02
1.033000000000000307e-01
7.500000000000001110e-02
6.550000000000000266e-02
1.108999999999999986e-01
9.340000000000002467e-02
1.220999999999999724e-01
1.365999999999999992e-01
1.172000000000000125e-01
6.123000000000000664e-01
6.633999999999999897e-01
6.834000000000000075e-01
2.306000000000001382e-01
5.589999999999999830e-02
1.243000000000001048e-01
4.709999999999993359e-02
7.519999999999994744e-02
1.610000000000000042e-01
1.638000000000000012e-01
8.869999999999995943e-02
1.223999999999999672e-01
1.630999999999999395e-01
1.609999999999999487e-01
1.874999999999999722e-01
1.865000000000000269e-01
1.738999999999999713e-01
1.298999999999999599e-01
1.876999999999999502e-01
2.203000000000000513e-01
1.322000000000000397e-01
8.300000000000007372e-02
1.082999999999999519e-01
1.533999999999998698e-01
1.476999999999999980e-01
1.442000000000000226e-01
1.644999999999999796e-01
1.016999999999999016e-01
1.128999999999999448e-01
1.674000000000000765e-01
2.356000000000000594e-01
2.856000000000000760e-01
1.500000000000000777e-01
1.572000000000000619e-01
1.987999999999999767e-01
1.292000000000000370e-01
1.305000000000000604e-01
1.065000000000000530e-01
1.579000000000000958e-01
1.924000000000000432e-01
3.024000000000000021e-01
2.765000000000000235e-01
1.380999999999999173e-01
1.393999999999999684e-01
1.264000000000000401e-01
2.234000000000000152e-01
2.110000000000000209e-01
2.478999999999999537e-01
1.854999999999999150e-01
4.031999999999999473e-01
3.131999999999999784e-01
3.220999999999999419e-01
2.044999999999999596e-01
8.269999999999998186e-02
2.230999999999999928e-01
1.565999999999999892e-01
1.948999999999999622e-01
6.350000000000000089e-02
1.245000000000000273e-01
5.890000000000002872e-02
4.880000000000006555e-02
7.989999999999999880e-02
1.504000000000000614e-01
3.389000000000000346e-01
3.351000000000000645e-01
1.019999999999999796e-01
1.600000000000000311e-01
2.608000000000000318e-01
1.935000000000000053e-01
1.859900000000000109e+00
1.452900000000000080e+00
2.338000000000000078e-01
2.758999999999999786e-01
1.782999999999999863e-01
1.363999999999999657e-01
1.751999999999999391e-01
2.307000000000000162e-01
7.760000000000003006e-02
8.999999999999999667e-02
3.962999999999999856e-01
7.819999999999997786e-02
8.619999999999997109e-02
1.196999999999999731e-01
1.158000000000000695e-01
2.568000000000000282e-01
1.393999999999999684e-01
2.252000000000000668e-01
2.422000000000000264e-01
5.500000000000002803e-02
5.259999999999996623e-02
8.599999999999996536e-02
1.422999999999999265e-01
1.255000000000000004e-01
1.512999999999999901e-01
1.638000000000000012e-01
1.910999999999999921e-01
2.017999999999999794e-01
2.502999999999999670e-01
2.376999999999999391e-01
1.000000000000000194e-01
1.084999999999999853e-01
9.229999999999999316e-02
8.799999999999999489e-02
6.410000000000000420e-02
1.132999999999999285e-01
8.989999999999997993e-02
