1.723000000000000087e-01
2.912000000000000144e-01
2.416000000000000092e-01
1.051999999999999880e-01
2.060000000000000164e-01
3.374999999999999667e-01
3.402000000000000024e-01
1.657000000000000139e-01
1.863999999999999824e-01
2.731999999999999984e-01
3.272000000000000464e-01
1.972000000000000142e-01
1.412000000000000199e-01
2.868999999999999329e-01
3.216999999999999860e-01
2.199000000000000399e-01
1.169000000000000178e-01
2.535000000000000031e-01
4.135999999999999677e-01
2.623999999999999666e-01
7.010000000000000953e-02
1.696999999999999897e-01
2.955999999999999739e-01
2.842999999999999972e-01
1.831000000000000405e-01
9.690000000000001390e-02
7.623999999999999666e-01
4.496999999999999886e-01
3.377000000000000002e-01
3.692000000000000282e-01
1.368000000000000049e-01
7.080000000000000182e-02
2.011000000000000010e-01
7.969999999999997919e-02
1.024000000000000188e-01
2.538000000000000256e-01
2.910000000000000364e-01
1.683999999999999941e-01
1.333999999999999908e-01
2.923000000000000043e-01
2.202000000000000068e-01
1.013000000000000012e-01
2.479999999999999982e-01
3.003000000000000114e-01
1.242999999999999938e-01
2.359999999999999876e-01
3.242999999999999217e-01
2.293000000000000316e-01
1.687999999999999501e-01
2.289999999999999813e-01
2.168000000000000205e-01
1.869999999999999996e-01
2.651999999999999913e-01
3.625000000000000444e-01
2.609000000000000208e-01
1.390000000000000124e-01
4.675000000000000266e-01
2.589000000000000190e-01
1.995999999999999996e-01
1.571000000000000174e-01
1.950000000000000622e-01
4.021000000000000130e-01
3.729000000000000647e-01
2.857000000000000650e-01
8.480000000000006977e-02
1.750999999999999779e-01
4.078999999999999293e-01
2.897999999999999465e-01
1.442999999999999838e-01
3.268999999999999129e-01
2.674999999999999600e-01
2.107999999999999041e-01
1.015999999999999404e-01
3.758000000000000784e-01
4.550000000000000155e-01
1.671999999999999598e-01
9.959999999999999409e-02
3.320999999999998953e-01
3.955999999999999517e-01
3.083000000000000185e-01
1.338999999999999913e-01
2.416999999999999427e-01
2.950999999999999734e-01
2.288999999999999924e-01
1.675000000000000655e-01
6.953000000000000291e-01
3.593000000000001748e-01
2.613999999999999102e-01
1.968999999999999917e-01
1.486999999999999711e-01
1.354000000000000203e-01
2.549000000000000155e-01
1.392999999999999794e-01
5.253999999999999782e-01
5.357000000000000650e-01
6.509000000000000341e-01
5.044999999999999485e-01
3.140999999999999903e-01
1.813000000000000167e-01
1.053999999999999521e-01
1.580999999999999350e-01
2.694000000000000838e-01
2.227000000000000646e-01
2.596000000000001084e-01
2.329000000000000514e-01
1.612999999999999434e-01
2.381999999999999118e-01
3.106999999999999762e-01
3.639999999999999902e-01
1.948999999999999067e-01
2.975999999999999757e-01
4.288999999999999480e-01
4.077000000000000624e-01
1.942000000000001225e-01
1.344000000000001027e-01
3.024999999999999911e-01
3.906999999999999362e-01
3.123999999999999555e-01
6.539999999999995817e-02
1.292999999999999983e-01
2.411999999999999700e-01
3.863999999999999657e-01
3.978999999999999759e-01
2.522999999999999687e-01
8.969999999999998808e-02
1.985999999999999988e-01
3.733999999999999542e-01
4.906999999999999695e-01
2.784999999999999698e-01
2.050000000000000433e-01
3.701999999999999735e-01
3.612000000000000210e-01
2.787000000000000033e-01
1.024999999999999800e-01
2.905999999999999694e-01
4.758000000000000007e-01
2.790000000000000258e-01
2.528999999999999027e-01
4.504000000000000226e-01
3.140999999999999903e-01
1.706000000000000016e-01
3.070000000000000506e-01
2.928000000000000047e-01
1.059999999999998999e-01
2.447000000000000286e-01
3.157999999999999696e-01
3.140999999999998793e-01
2.340000000000000135e-01
1.991000000000001657e-01
2.716999999999998860e-01
2.112999999999999323e-01
3.490000000000017394e-02
4.374000000000000110e-01
3.861999999999999322e-01
1.569999999999999729e-01
1.162000000000001643e-01
2.955000000000002069e-01
4.500000000000001776e-01
1.378999999999999393e-01
3.370000000000000773e-01
3.694000000000000616e-01
1.186999999999999583e-01
2.144000000000001460e-01
3.608000000000000096e-01
1.586999999999998967e-01
1.806000000000001215e-01
2.967000000000001303e-01
2.776000000000000689e-01
1.131000000000000338e-01
2.332999999999999519e-01
3.647000000000000242e-01
3.765000000000001124e-01
1.854999999999999705e-01
2.354000000000001647e-01
6.375000000000000666e-01
2.588999999999999080e-01
2.288999999999999369e-01
3.639999999999999902e-01
2.960999999999999743e-01
1.008999999999999064e-01
2.896999999999999575e-01
2.619999999999998996e-01
2.543999999999998485e-01
2.254000000000000448e-01
2.305000000000000104e-01
3.688000000000000167e-01
3.949000000000001398e-01
2.639000000000001345e-01
2.950999999999999179e-01
4.602000000000001090e-01
1.967999999999999750e-01
1.684999999999998443e-01
3.351000000000001200e-01
4.714000000000000412e-01
1.921000000000000207e-01
2.732999999999999874e-01
3.983999999999999209e-01
3.745000000000000551e-01
1.446000000000001451e-01
3.867999999999998106e-01
4.676000000000000711e-01
2.115000000000000213e-01
1.840999999999998749e-01
6.574999999999999734e-01
4.734000000000000430e-01
3.242999999999999217e-01
3.356999999999999984e-01
1.854999999999999150e-01
1.197999999999999760e-01
9.010000000000001341e-02
8.410000000000000808e-02
2.132000000000000284e-01
6.969999999999994256e-02
3.162000000000000366e-01
1.943999999999999062e-01
3.706000000000001515e-01
2.376000000000001444e-01
2.702000000000001068e-01
3.824000000000000177e-01
2.488000000000000211e-01
2.479999999999999982e-01
5.011999999999998678e-01
2.926999999999999602e-01
1.569999999999999174e-01
8.600000000000003475e-02
3.524000000000001576e-01
4.595999999999999530e-01
2.672999999999999821e-01
2.163000000000000200e-01
2.700000000000001288e-01
3.974999999999999090e-01
3.417000000000000592e-01
3.100000000000000533e-01
2.453999999999999793e-01
1.348999999999999921e-01
3.018000000000000127e-01
3.670000000000000484e-01
1.326000000000000512e-01
1.938000000000000278e-01
2.656000000000001693e-01
4.316000000000000947e-01
2.285999999999998866e-01
2.054000000000000270e-01
5.270000000000001350e-01
4.191999999999997950e-01
1.613999999999999602e-01
2.677000000000001045e-01
5.118000000000000327e-01
1.783000000000000140e-01
