2.094999999999999918e-01
2.755999999999999561e-01
2.106999999999999984e-01
1.507999999999999896e-01
2.644000000000000239e-01
1.950999999999999956e-01
3.149999999999999328e-02
1.750999999999999779e-01
1.376000000000000001e-01
1.112999999999999962e-01
1.024999999999999939e-01
1.756999999999999951e-01
1.200999999999999984e-01
1.255000000000000004e-01
1.114999999999999880e-01
1.698999999999999677e-01
1.806999999999999995e-01
6.139999999999998931e-02
1.336999999999999855e-01
2.020000000000000129e-01
2.523999999999999577e-01
1.994000000000000217e-01
1.665999999999999703e-01
1.152999999999999858e-01
5.090000000000001468e-02
1.002000000000000113e-01
2.116999999999999993e-01
1.105000000000000149e-01
1.573999999999999844e-01
1.204999999999999960e-01
1.785999999999999810e-01
2.051000000000000045e-01
1.569000000000000117e-01
1.191000000000000114e-01
1.458000000000000129e-01
2.436999999999999722e-01
2.230999999999999928e-01
2.108999999999999764e-01
7.950000000000000122e-02
1.006999999999999840e-01
1.239999999999999991e-01
1.333000000000000018e-01
1.292000000000000093e-01
2.656999999999999917e-01
3.540999999999999703e-01
1.688000000000000056e-01
1.917999999999999705e-01
2.183999999999999830e-01
1.214999999999999969e-01
3.044999999999999929e-01
1.706999999999999906e-01
6.400000000000000133e-02
1.416999999999999926e-01
1.391999999999999904e-01
5.149999999999999717e-02
1.104999999999999871e-01
5.859999999999998543e-02
1.817000000000000282e-01
1.265000000000000013e-01
1.191000000000000392e-01
8.920000000000000151e-02
9.710000000000001963e-02
1.017999999999999738e-01
2.025999999999999746e-01
2.551999999999999824e-01
1.893999999999999850e-01
1.704000000000000514e-01
2.707000000000000517e-01
1.307000000000000106e-01
1.320999999999999952e-01
2.427000000000000268e-01
2.472999999999999921e-01
9.559999999999999054e-02
1.817000000000000004e-01
1.132000000000000228e-01
1.102000000000000063e-01
8.489999999999998936e-02
1.401999999999999913e-01
1.536000000000000143e-01
1.356999999999999873e-01
1.595000000000000029e-01
1.693999999999999950e-01
2.243999999999999884e-01
2.011999999999999900e-01
2.486999999999999489e-01
2.334000000000000241e-01
9.280000000000002136e-02
1.250999999999999890e-01
2.112999999999999878e-01
2.379999999999999893e-01
7.270000000000004237e-02
7.600000000000002587e-02
1.439000000000000001e-01
1.129000000000000004e-01
2.482000000000000040e-01
1.476999999999999980e-01
9.249999999999995726e-02
1.414999999999999869e-01
7.870000000000000606e-02
2.856000000000000205e-01
1.509000000000000064e-01
2.293999999999999928e-01
1.010999999999999954e-01
8.190000000000000058e-02
8.170000000000002260e-02
2.061999999999999666e-01
1.906999999999999806e-01
1.564000000000000112e-01
1.329999999999999793e-01
1.229000000000000092e-01
1.075999999999999734e-01
1.369999999999999829e-01
1.241999999999999771e-01
1.504999999999999949e-01
2.046999999999999653e-01
1.812000000000000000e-01
1.077000000000000041e-01
1.111000000000000043e-01
1.097000000000000058e-01
1.207000000000000017e-01
1.063000000000000195e-01
7.150000000000000799e-02
1.699999999999999845e-01
1.745999999999999774e-01
1.077000000000000041e-01
1.567000000000000060e-01
9.829999999999997073e-02
1.789000000000000035e-01
1.778000000000000136e-01
1.605000000000000038e-01
2.116000000000000103e-01
1.214999999999999969e-01
1.005000000000000060e-01
1.273999999999999577e-01
1.554999999999999716e-01
1.930999999999999661e-01
1.837999999999999912e-01
1.608000000000000262e-01
1.214999999999999969e-01
1.888000000000000234e-01
1.191999999999999726e-01
1.493999999999999773e-01
1.876999999999999780e-01
1.534000000000000363e-01
1.499999999999999944e-01
2.006999999999999895e-01
1.739999999999999880e-01
1.621000000000000218e-01
1.699999999999999845e-01
1.038000000000000034e-01
1.439000000000000001e-01
2.207000000000000073e-01
1.380999999999999450e-01
6.020000000000001045e-02
1.855999999999999872e-01
2.252999999999999725e-01
2.142000000000000015e-01
1.778999999999999748e-01
1.034000000000000336e-01
1.688000000000000056e-01
1.297000000000000097e-01
1.678000000000000047e-01
1.160000000000000198e-01
1.364999999999999825e-01
2.986999999999999655e-01
1.581000000000000183e-01
2.257000000000000117e-01
1.162000000000000255e-01
2.958000000000000629e-01
1.319000000000000450e-01
1.319000000000000172e-01
1.341999999999999860e-01
1.264999999999999458e-01
1.062000000000000166e-01
4.349999999999996925e-02
8.039999999999997149e-02
1.424999999999999878e-01
9.519999999999996521e-02
6.669999999999998153e-02
4.120000000000002827e-02
4.369999999999998885e-02
1.238999999999999824e-01
1.676999999999999602e-01
1.536999999999999755e-01
8.340000000000004354e-02
1.711999999999999633e-01
1.360000000000000098e-01
1.090999999999999887e-01
1.997000000000000164e-01
5.370000000000000467e-02
8.080000000000003846e-02
1.671999999999999598e-01
1.799999999999999933e-01
2.488000000000000211e-01
2.013000000000000345e-01
8.119999999999999440e-02
9.100000000000002531e-02
6.649999999999997580e-02
1.419999999999999596e-01
2.177000000000000046e-01
1.948000000000000287e-01
1.844000000000000083e-01
1.432999999999999829e-01
4.770000000000003404e-02
1.568999999999999839e-01
7.500000000000002498e-02
2.342000000000000193e-01
1.352000000000000146e-01
1.119000000000000272e-01
8.800000000000000877e-02
1.675000000000000100e-01
2.078000000000000402e-01
2.159999999999999976e-01
1.526999999999999746e-01
8.989999999999996605e-02
1.010999999999999954e-01
1.018000000000000571e-01
1.459999999999999631e-01
1.936999999999999833e-01
1.175999999999998991e-01
9.369999999999996387e-02
1.958999999999999631e-01
6.719999999999998197e-02
1.012999999999999595e-01
1.276000000000000467e-01
9.799999999999993439e-02
1.096999999999999642e-01
1.270000000000000018e-01
1.077000000000000457e-01
1.519999999999999685e-01
4.026000000000000134e-01
1.472000000000000253e-01
1.151999999999999830e-01
1.080000000000000127e-01
2.601999999999999869e-01
1.821000000000000396e-01
2.419000000000000039e-01
1.804000000000000048e-01
1.466999999999999971e-01
1.249000000000000804e-01
8.260000000000002063e-02
2.336000000000001131e-01
2.275000000000000355e-01
1.244999999999999440e-01
1.510999999999999011e-01
9.719999999999998086e-02
2.411000000000000087e-01
2.789000000000000368e-01
1.269000000000000405e-01
