5.410000000000000919e-02
5.739999999999999963e-02
7.100000000000000755e-02
2.752999999999999892e-01
2.360000000000000153e-01
2.047999999999999821e-01
2.558000000000000274e-01
1.161999999999999977e-01
2.017999999999999794e-01
1.055999999999999994e-01
4.739999999999999769e-02
1.949999999999999789e-01
1.714999999999999858e-01
1.273000000000000242e-01
1.030000000000000082e-01
1.351999999999999869e-01
1.261999999999999789e-01
1.608999999999999875e-01
1.392999999999999794e-01
1.035000000000000087e-01
1.094000000000000111e-01
1.231999999999999762e-01
2.001999999999999891e-01
1.180999999999999966e-01
1.779999999999999916e-01
1.452999999999999847e-01
1.867000000000000048e-01
4.409999999999999337e-02
2.595000000000000084e-01
2.628000000000000336e-01
2.345000000000000140e-01
1.572000000000000342e-01
1.186999999999999861e-01
1.457999999999999852e-01
8.509999999999998122e-02
8.240000000000000102e-02
5.539999999999999786e-02
1.472999999999999865e-01
1.151000000000000079e-01
8.039999999999999925e-02
3.739999999999999575e-02
1.165999999999999814e-01
1.454999999999999905e-01
1.210000000000000103e-01
1.062000000000000166e-01
1.365000000000000102e-01
2.031999999999999917e-01
1.914000000000000146e-01
7.729999999999999372e-02
1.680999999999999717e-01
1.229999999999999982e-01
1.429000000000000270e-01
1.153000000000000136e-01
1.753000000000000114e-01
2.341999999999999915e-01
3.114999999999999991e-01
1.562999999999999945e-01
5.389999999999999653e-02
1.894000000000000128e-01
1.235999999999999877e-01
1.313999999999999890e-01
1.315999999999999948e-01
1.786999999999999977e-01
1.435999999999999777e-01
1.705000000000000127e-01
1.070000000000000118e-01
6.229999999999999427e-02
1.111999999999999933e-01
1.247999999999999943e-01
1.339000000000000190e-01
8.639999999999999070e-02
1.132000000000000089e-01
1.131000000000000061e-01
8.550000000000002043e-02
1.799000000000000044e-01
1.292000000000000093e-01
1.949000000000000177e-01
2.057999999999999829e-01
1.856999999999999762e-01
1.398999999999999688e-01
7.939999999999999836e-02
1.093000000000000083e-01
1.293000000000000260e-01
2.465999999999999859e-01
7.190000000000000557e-02
9.609999999999999098e-02
4.730999999999999650e-01
4.022000000000000020e-01
3.479000000000000425e-01
1.234000000000000097e-01
1.100000000000000144e-01
7.509999999999997233e-02
1.673000000000000043e-01
8.000000000000001554e-02
1.457000000000000239e-01
1.844000000000000083e-01
2.328999999999999959e-01
2.267000000000000126e-01
3.095999999999999863e-01
1.405000000000000138e-01
7.320000000000001505e-02
1.461000000000000076e-01
2.701999999999999957e-01
2.293999999999999928e-01
1.255999999999999894e-01
1.207000000000000017e-01
1.130000000000000032e-01
1.189000000000000057e-01
9.929999999999995774e-02
1.044000000000000067e-01
1.658000000000000029e-01
1.269000000000000128e-01
1.542999999999999927e-01
1.313000000000000000e-01
8.099999999999997480e-02
1.761000000000000343e-01
2.011999999999999622e-01
8.619999999999998497e-02
1.932999999999999996e-01
2.237999999999999989e-01
2.550000000000000044e-01
2.442000000000000282e-01
2.297999999999999488e-01
2.280999999999999972e-01
8.039999999999997149e-02
1.527000000000000024e-01
1.597999999999999976e-01
1.695000000000000395e-01
8.759999999999999731e-02
8.329999999999998517e-02
1.277999999999999969e-01
1.937000000000000111e-01
1.387000000000000455e-01
1.599000000000000143e-01
2.016000000000000014e-01
1.528000000000000191e-01
1.149000000000000160e-01
1.406999999999999917e-01
1.083999999999999964e-01
8.440000000000003055e-02
1.319999999999999785e-01
7.359999999999999876e-02
8.830000000000001736e-02
6.810000000000000775e-02
8.340000000000000191e-02
1.215999999999999720e-01
8.309999999999997944e-02
2.203000000000000513e-01
1.091999999999999638e-01
1.355000000000000093e-01
1.789000000000000035e-01
1.091000000000000025e-01
1.354999999999999816e-01
1.200999999999999845e-01
1.686000000000000276e-01
2.575000000000000067e-01
2.752000000000000002e-01
2.245000000000000051e-01
2.021999999999999909e-01
4.400000000000000577e-01
2.016000000000000014e-01
2.101999999999999980e-01
8.949999999999996847e-02
3.686000000000000387e-01
3.266999999999999904e-01
2.400999999999999801e-01
5.689999999999998531e-02
6.859999999999999432e-02
1.003999999999999615e-01
9.830000000000008176e-02
1.412000000000000477e-01
1.477999999999999869e-01
1.214999999999999691e-01
9.039999999999998037e-02
9.740000000000001434e-02
1.108000000000000373e-01
1.052000000000000574e-01
1.230999999999999456e-01
1.559000000000000385e-01
7.799999999999995826e-02
1.064000000000000223e-01
8.670000000000004092e-02
7.349999999999995426e-02
6.609999999999992271e-02
4.519999999999997631e-02
7.749999999999999944e-02
6.619999999999996720e-02
1.453000000000000680e-01
9.480000000000002314e-02
1.001999999999999558e-01
2.177000000000000046e-01
2.070999999999999230e-01
1.793999999999999484e-01
6.159999999999996034e-02
6.389999999999997071e-02
1.091000000000000442e-01
1.061000000000000831e-01
1.103999999999999981e-01
6.449999999999997402e-02
1.043999999999999928e-01
1.950000000000000067e-01
2.340999999999999193e-01
8.279999999999998472e-02
1.468000000000000138e-01
2.240000000000000324e-01
1.411999999999999644e-01
1.147999999999999715e-01
4.899999999999998801e-02
6.980000000000001481e-02
6.570000000000000839e-02
1.027000000000000551e-01
2.097999999999999865e-01
1.020000000000000073e-01
8.339999999999996028e-02
1.699000000000000232e-01
8.430000000000001381e-02
1.680999999999999994e-01
1.875000000000000000e-01
1.685999999999999721e-01
1.067000000000000171e-01
1.703999999999999682e-01
6.039999999999996760e-02
1.040999999999999426e-01
8.870000000000001494e-02
5.830000000000004623e-02
1.779999999999999916e-01
2.311999999999999333e-01
1.976999999999999591e-01
2.908999999999999919e-01
1.712000000000000466e-01
1.502000000000000557e-01
8.990000000000006319e-02
3.798999999999999599e-01
2.938999999999998836e-01
3.027000000000000801e-01
2.832999999999999963e-01
1.740999999999999770e-01
1.976999999999999869e-01
5.970000000000001000e-02
1.248999999999999971e-01
2.006999999999999895e-01
2.871000000000000218e-01
4.130999999999999672e-01
2.299000000000000210e-01
2.074000000000000288e-01
3.427000000000000046e-01
3.495999999999999108e-01
3.588000000000000078e-01
2.000000000000000389e-01
