1.130999999999999922e-01
2.481999999999999762e-01
2.031000000000000028e-01
4.549999999999999878e-02
1.864000000000000101e-01
3.094000000000000083e-01
2.772000000000000020e-01
2.326000000000000012e-01
6.652000000000000135e-01
1.365100000000000202e+00
8.746000000000000441e-01
8.340000000000000746e-01
6.837999999999999634e-01
8.323999999999998067e-01
4.469000000000000195e-01
6.496999999999999442e-01
5.261000000000000121e-01
4.599000000000000310e-01
1.507200000000000095e+00
2.537999999999999701e-01
1.000399999999999956e+00
1.046999999999999931e+00
9.435999999999999943e-01
7.196999999999997844e-01
1.906000000000000194e-01
1.118999999999999995e-01
1.816000000000000114e-01
1.135000000000000037e-01
3.662000000000000255e-01
3.528000000000000025e-01
3.647000000000000242e-01
3.937000000000000499e-01
6.479999999999999094e-01
1.367000000000000159e-01
1.054000000000000631e-01
1.820000000000000506e-01
1.746999999999999942e-01
1.066999999999999477e-01
3.240000000000000518e-02
5.950000000000006672e-02
1.220999999999999586e-01
1.698999999999999955e-01
4.155999999999999139e-01
1.911000000000000199e-01
9.880999999999998673e-01
6.578999999999999293e-01
2.166000000000000147e-01
1.022999999999999743e-01
7.960000000000003184e-02
8.810000000000001164e-02
8.550000000000006206e-02
6.900000000000008904e-02
6.070000000000000395e-02
1.014000000000000457e-01
1.706000000000000572e-01
6.569999999999995288e-02
1.324000000000000177e-01
7.921000000000000263e-01
4.506000000000001116e-01
3.591999999999999638e-01
5.395000000000000906e-01
2.413000000000000422e-01
4.378000000000000225e-01
6.599999999999989209e-02
2.576000000000001067e-01
1.484999999999999654e-01
8.170000000000002260e-02
2.512000000000000344e-01
2.090000000000001024e-01
9.090000000000011959e-02
6.910000000000005027e-02
1.794999999999999929e-01
1.265999999999999348e-01
1.018999999999999767e-01
5.909999999999997200e-02
8.600000000000000699e-02
1.042000000000000148e-01
7.239999999999995051e-02
1.555999999999999606e-01
1.270000000000000295e-01
4.199999999999998734e-01
5.164999999999999591e-01
1.685999999999999444e-01
1.290000000000000036e-01
5.140000000000004288e-02
8.670000000000002705e-02
6.770000000000003793e-02
8.469999999999998364e-02
3.839000000000000190e-01
2.889999999999999791e-01
1.448000000000000953e-01
2.665000000000000147e-01
1.091999999999999915e-01
3.434000000000000385e-01
2.565000000000000058e-01
3.036000000000000365e-01
3.140999999999999903e-01
3.205000000000000071e-01
3.081000000000000405e-01
2.340000000000000135e-01
7.169999999999999707e-01
4.851000000000000312e-01
4.963999999999999524e-01
4.515999999999999459e-01
3.143999999999999018e-01
8.280999999999999472e-01
3.299999999999999045e-01
1.536999999999999478e-01
1.517999999999999350e-01
3.979999999999998123e-02
5.460000000000002351e-02
1.401999999999999358e-01
4.244999999999999885e-01
2.546000000000000485e-01
3.620999999999999219e-01
2.440000000000000502e-01
8.889999999999999292e-02
1.292999999999999705e-01
1.800999999999999823e-01
2.037000000000001032e-01
9.180000000000007598e-02
7.969999999999997919e-02
7.399999999999991307e-02
8.069999999999999396e-02
2.353999999999999426e-01
1.856999999999999762e-01
9.959999999999999409e-02
1.056000000000000827e-01
6.240000000000003877e-02
1.691999999999999615e-01
7.520000000000007234e-02
7.430000000000003268e-02
8.209999999999993692e-02
2.162000000000000588e-01
2.332000000000001017e-01
1.951999999999999569e-01
9.180000000000008986e-02
7.099999999999997979e-02
1.856000000000000150e-01
1.605000000000000315e-01
1.014000000000000179e-01
3.330000000000007260e-02
1.576000000000001011e-01
2.755000000000000226e-01
9.079999999999990856e-02
8.189999999999995894e-02
1.430999999999999772e-01
1.446999999999999398e-01
6.240000000000001795e-02
1.107999999999999541e-01
8.840000000000003411e-02
7.710000000000002962e-02
3.036000000000000920e-01
2.348000000000000642e-01
9.459999999999996190e-02
6.099999999999995010e-02
1.039999999999999813e-01
4.190000000000003444e-02
1.088999999999999552e-01
1.414000000000000257e-01
1.478000000000000425e-01
1.160000000000000336e-01
1.515999999999999848e-01
2.974000000000000532e-01
8.883999999999999675e-01
3.676000000000000378e-01
4.198000000000000620e-01
4.711999999999999522e-01
2.935999999999999721e-01
1.598000000000000531e-01
6.569999999999996676e-02
1.627000000000000113e-01
1.311999999999999555e-01
7.000000000000000666e-02
1.553000000000001046e-01
1.954999999999998961e-01
1.800999999999999823e-01
1.082000000000000739e-01
1.370000000000000384e-01
2.500999999999999890e-01
1.876999999999999780e-01
9.270000000000006013e-02
1.994999999999999551e-01
1.082999999999999519e-01
9.219999999999996254e-02
8.280000000000004023e-02
1.027000000000000274e-01
7.950000000000007061e-02
1.536999999999999755e-01
1.136999999999999400e-01
7.509999999999994458e-02
1.302999999999999992e-01
1.263000000000000234e-01
5.060000000000004772e-02
1.798999999999999488e-01
1.020000000000000628e-01
2.958999999999999408e-01
3.890000000000000679e-01
2.077999999999999847e-01
1.763000000000000400e-01
4.619999999999993556e-02
1.010999999999999399e-01
4.540000000000000979e-02
9.470000000000006191e-02
4.199999999999995404e-02
2.249999999999999917e-02
4.879999999999993371e-02
4.879999999999988514e-02
3.570000000000009277e-02
1.283000000000000251e-01
2.062999999999999279e-01
2.669000000000000261e-01
4.001000000000000112e-01
2.822000000000000619e-01
8.275000000000000133e-01
1.629399999999999959e+00
1.498399999999999732e+00
1.624800000000000022e+00
8.180000000000000604e-01
8.438000000000001055e-01
1.898999999999999577e-01
1.162999999999999590e-01
1.140000000000001776e-02
1.373000000000000331e-01
9.070000000000003060e-02
8.449999999999996403e-02
6.159999999999995340e-02
1.006999999999999978e-01
2.242999999999999994e-01
2.862000000000000099e-01
3.156999999999999806e-01
1.087999999999999801e-01
3.498999999999999888e-01
6.654999999999999805e-01
3.156999999999999806e-01
2.408500000000000085e+00
2.471400000000000041e+00
3.092200000000000060e+00
2.229800000000000448e+00
5.803000000000000380e-01
8.209999999999997855e-02
7.009999999999999565e-02
1.052000000000000018e-01
1.914999999999999758e-01
2.080000000000000182e-01
8.899999999999999578e-02
1.008000000000000007e-01
1.306000000000000216e-01
2.151999999999999746e-01
