1.471000000000000085e-01
1.125000000000000028e-01
1.112999999999999823e-01
1.550999999999999879e-01
1.842000000000000026e-01
1.083000000000000074e-01
9.890000000000001568e-02
1.081000000000000016e-01
8.540000000000000369e-02
9.789999999999998703e-02
8.450000000000000566e-02
9.719999999999998086e-02
2.373000000000000387e-01
1.379999999999999838e-01
1.584000000000000130e-01
1.562000000000000055e-01
2.531999999999999806e-01
1.059999999999999970e-01
1.059000000000000080e-01
1.574999999999999734e-01
1.541000000000000425e-01
1.441000000000000336e-01
1.022999999999999882e-01
1.671999999999999598e-01
1.292000000000000093e-01
4.579999999999999349e-02
5.309999999999996667e-02
9.520000000000002072e-02
1.186000000000000110e-01
1.866000000000000159e-01
2.112999999999999878e-01
2.200000000000000011e-01
8.344999999999999085e-01
1.050899999999999945e+00
3.925999999999999490e-01
1.340800000000000214e+00
3.606000000000000871e-01
1.446999999999998288e-01
1.301999999999999547e-01
1.732999999999999541e-01
1.240999999999999603e-01
1.458399999999999919e+00
2.843999999999998751e-01
8.752999999999999670e-01
3.430999999999999051e-01
1.087799999999999878e+00
2.883999999999998787e-01
1.852999999999998537e-01
1.540999999999999592e-01
1.700999999999999734e-01
4.086999999999999522e-01
1.457799999999999985e+00
3.252999999999998670e-01
1.634000000000001007e-01
9.809999999999996501e-02
2.049999999999999600e-01
8.259999999999995124e-02
1.747000000000000219e-01
2.751000000000002332e-01
3.188999999999999613e-01
2.391999999999999682e-01
3.104000000000000092e-01
2.589000000000000745e-01
1.556000000000000161e-01
1.243000000000000216e-01
1.625000000000000888e-01
1.277000000000001467e-01
1.663000000000000589e-01
8.989999999999997993e-02
2.791999999999998372e-01
2.913999999999999369e-01
1.164999999999998814e-01
1.524999999999999134e-01
1.134999999999997122e-01
2.012000000000001010e-01
1.410000000000000697e-01
1.382999999999998675e-01
8.829999999999993410e-02
1.953000000000003067e-01
1.811000000000001497e-01
1.392999999999999239e-01
1.450999999999998402e-01
1.331999999999999296e-01
1.175000000000001599e-01
9.040000000000003588e-02
9.840000000000004299e-02
1.337000000000001521e-01
2.436999999999998057e-01
1.656000000000000805e-01
1.330000000000000626e-01
1.387000000000001010e-01
1.025000000000001465e-01
1.329000000000000181e-01
1.093999999999998862e-01
1.834999999999998854e-01
1.246999999999998665e-01
1.071000000000001950e-01
1.209999999999999964e-01
1.239000000000000656e-01
1.417999999999998151e-01
1.661999999999999034e-01
1.150000000000000466e-01
9.500000000000008438e-02
1.305999999999998828e-01
1.172999999999999043e-01
7.660000000000005693e-02
1.079000000000001624e-01
1.607000000000000095e-01
1.386999999999999345e-01
1.103000000000000647e-01
1.058000000000000607e-01
1.294000000000001815e-01
1.665999999999999703e-01
1.727000000000001312e-01
1.979999999999999538e-01
1.103999999999998871e-01
6.850000000000011635e-02
1.970000000000001195e-01
1.225999999999999868e-01
1.440000000000000169e-01
8.533000000000001695e-01
9.618999999999999773e-01
1.018799999999999928e+00
1.877999999999997449e-01
4.698999999999999289e-01
2.338999999999998303e-01
1.441999999999999393e-01
2.201000000000000734e-01
2.269000000000001016e-01
1.001000000000000223e-01
2.110999999999998988e-01
2.447999999999996845e-01
1.621999999999998998e-01
2.003000000000001446e-01
9.623000000000000442e-01
1.695399999999999796e+00
7.651999999999999913e-01
3.968000000000001526e-01
4.495000000000000107e-01
1.543999999999998984e-01
1.760000000000000453e-01
1.749999999999999056e-01
1.147999999999999576e-01
1.469999999999999640e-01
9.280000000000004912e-02
3.650000000000000466e-02
8.479999999999995874e-02
1.197999999999999898e-01
9.579999999999988525e-02
1.355999999999998873e-01
1.227000000000001839e-01
1.784999999999999920e-01
1.647999999999999188e-01
1.582999999999999963e-01
1.408999999999998864e-01
1.013000000000000428e-01
9.559999999999999054e-02
1.946999999999999287e-01
1.399000000000000798e-01
2.500000000000000000e-01
1.388999999999998847e-01
9.660000000000004694e-02
1.214000000000001328e-01
1.484000000000001984e-01
1.972999999999998644e-01
1.563000000000001333e-01
1.264000000000000956e-01
2.566000000000000503e-01
1.491999999999999438e-01
7.889999999999994240e-02
1.413999999999999702e-01
7.750000000000006883e-02
4.919999999999986884e-02
1.183999999999998665e-01
1.458999999999999186e-01
1.801999999999998603e-01
5.249999999999989397e-02
1.629999999999999505e-01
2.188999999999999557e-01
1.210999999999998467e-01
1.011999999999999428e-01
2.227999999999999425e-01
1.644700000000000051e+00
4.148000000000000020e-01
5.890999999999999570e-01
3.850999999999999979e-01
2.003000000000000891e-01
3.966999999999998860e-01
1.466000000000000636e-01
2.199999999999999456e-01
6.659999999999996478e-02
1.246000000000001134e-01
9.400000000000004186e-02
1.381999999999999618e-01
1.581000000000001293e-01
1.404000000000001358e-01
9.350000000000018019e-02
1.359000000000000208e-01
1.328999999999999626e-01
1.456099999999999950e+00
4.161999999999999589e-01
6.520000000000001350e-01
1.595999999999999641e-01
2.858000000000001095e-01
1.794999999999999374e-01
1.067999999999999922e-01
1.641999999999997906e-01
9.919999999999980222e-02
9.880000000000004057e-02
7.459999999999999964e-02
7.740000000000019087e-02
1.272000000000000353e-01
1.178000000000000574e-01
1.007999999999999868e-01
2.425599999999999756e+00
7.720999999999998975e-01
6.472999999999999865e-01
2.778999999999999249e-01
2.777000000000000579e-01
1.575000000000000289e-01
1.587000000000000355e-01
1.070999999999998897e-01
8.730000000000001648e-02
1.052999999999999076e-01
1.146000000000000907e-01
1.540999999999999315e-01
1.021000000000000102e-01
1.044000000000000206e-01
1.887999999999999678e-01
1.624999999999999778e-01
1.410999999999999754e-01
8.769999999999995854e-02
1.362000000000000988e-01
1.135000000000000731e-01
1.703000000000000347e-01
8.430000000000004157e-02
1.739999999999999880e-01
1.564999999999999170e-01
1.291999999999999538e-01
1.064999999999999974e-01
8.240000000000008429e-02
1.744299999999999962e+00
9.063999999999999835e-01
2.720000000000000195e-01
2.331000000000000849e-01
1.146999999999998854e-01
1.029000000000000886e-01
1.277999999999999137e-01
6.500000000000002998e-02
