2.736999999999999988e-01
4.650999999999999579e-01
2.669999999999999596e-01
6.607999999999999430e-01
6.983999999999999098e-01
3.501000000000000223e-01
2.329000000000000514e-01
4.632999999999999896e-01
3.549999999999999822e-01
3.773999999999999577e-01
3.765000000000000013e-01
2.949000000000000510e-01
2.196000000000000174e-01
2.923000000000000043e-01
1.318000000000000005e-01
3.895000000000000684e-01
3.577000000000000179e-01
1.912000000000000088e-01
1.259000000000000119e-01
1.325999999999999679e-01
2.032000000000000473e-01
1.356000000000000261e-01
1.408999999999999420e-01
2.499000000000000110e-01
2.554000000000000714e-01
4.736000000000000210e-01
2.114000000000000601e-01
1.744000000000000550e-01
3.592000000000000748e-01
2.792999999999998262e-01
1.424999999999999600e-01
7.492999999999999661e-01
4.598999999999999755e-01
5.127999999999999226e-01
4.205999999999999739e-01
3.010999999999999788e-01
3.223000000000000309e-01
4.907999999999999585e-01
1.028299999999999770e+00
9.375999999999999890e-01
6.588000000000000522e-01
2.409000000000000030e-01
3.915000000000000147e-01
8.315000000000001279e-01
3.734999999999999987e-01
3.119999999999999996e-01
5.262000000000000011e-01
6.248000000000000220e-01
4.947000000000000286e-01
4.309000000000000608e-01
4.726000000000000201e-01
2.131999999999999729e-01
1.964000000000000745e-01
1.020000000000000018e+00
3.945000000000000173e-01
2.076000000000000900e-01
4.554000000000000825e-01
3.082999999999999630e-01
5.471000000000001418e-01
5.808999999999999719e-01
4.614000000000000323e-01
6.663999999999998813e-01
7.719999999999999085e-01
4.595999999999998975e-01
5.560999999999998167e-01
6.615999999999999659e-01
8.437999999999998835e-01
1.010699999999999932e+00
5.755000000000000115e-01
3.320800000000000196e+00
1.276599999999999735e+00
2.663000000000000367e-01
1.482599999999999696e+00
1.504299999999999748e+00
6.466000000000000636e-01
1.349800000000000111e+00
9.398000000000001908e-01
7.305000000000001492e-01
1.583300000000000152e+00
2.267699999999999605e+00
6.221299999999999386e+00
2.815500000000000558e+00
1.465699999999999781e+00
6.134000000000001673e-01
4.491000000000000547e-01
5.221000000000000085e-01
2.929000000000000492e-01
3.050999999999999268e-01
4.209000000000001074e-01
1.155600000000000183e+00
2.366400000000000059e+00
3.375000000000000222e-01
4.116999999999999549e-01
2.848999999999999311e-01
3.417000000000000037e-01
2.391999999999999404e-01
2.088000000000002077e-01
1.430500000000000105e+00
9.709000000000000963e-01
1.344899999999999984e+00
4.358000000000000762e-01
3.337000000000000521e-01
3.800999999999999379e-01
2.570000000000001172e-01
5.820999999999999508e-01
7.146999999999998909e-01
2.738000000000001544e-01
6.598999999999998201e-01
6.014999999999998126e-01
5.206999999999999407e-01
1.501000000000000389e-01
8.820000000000000062e-02
1.541000000000000147e-01
1.627000000000000668e-01
1.855000000000000537e-01
1.976999999999999313e-01
4.207999999999998963e-01
2.571999999999999287e-01
2.303000000000000325e-01
3.104000000000001203e-01
2.530000000000000027e-01
7.681000000000000050e-01
2.710999999999998966e-01
1.610000000000000597e-01
2.640999999999999459e-01
2.096999999999999698e-01
2.540000000000000036e-01
4.759999999999999787e-01
5.245999999999999552e-01
3.716999999999999194e-01
2.554999999999998939e-01
2.608999999999999098e-01
3.072000000000000286e-01
3.449000000000000399e-01
3.296999999999999376e-01
2.203000000000000513e-01
3.864000000000000212e-01
1.552000000000000601e-01
1.079000000000000375e-01
4.173999999999998822e-01
1.323000000000000842e-01
1.751000000000001444e-01
1.618999999999998773e-01
1.449999999999999345e-01
1.545999999999998487e-01
2.199999999999999456e-01
2.146999999999998909e-01
2.069999999999999618e-01
2.347000000000000752e-01
1.645999999999999408e-01
2.268000000000000571e-01
1.888999999999999568e-01
1.949999999999998679e-01
2.232000000000000095e-01
7.411999999999998590e-01
2.444000000000000061e-01
1.716000000000001691e-01
1.594999999999999751e-01
5.270000000000001350e-01
4.125999999999999668e-01
4.659999999999999698e-01
1.110299999999999843e+00
8.499000000000000998e-01
7.815000000000000835e-01
4.629999999999999671e-01
1.401999999999999080e-01
2.453999999999999793e-01
4.555000000000000160e-01
6.947999999999998622e-01
2.174999999999999434e-01
2.633999999999999675e-01
1.871999999999999775e-01
9.419999999999997820e-02
8.443000000000000504e-01
8.422000000000000597e-01
8.613999999999999435e-01
1.977000000000000424e-01
9.490000000000001212e-02
2.382999999999999841e-01
1.652000000000000968e-01
1.264999999999999458e-01
2.564000000000000168e-01
3.168999999999999040e-01
8.502000000000000668e-01
1.446800000000000086e+00
1.560599999999999987e+00
2.928000000000000602e-01
2.313000000000000056e-01
6.070000000000000950e-01
9.762999999999999456e-01
6.132000000000000783e-01
4.803999999999999382e-01
3.946000000000000618e-01
1.992000000000000437e-01
2.834000000000000963e-01
5.216999999999999416e-01
6.147000000000000242e-01
2.326999999999999624e-01
1.847000000000000031e-01
1.137499999999999956e+00
1.677000000000000435e-01
5.979999999999999205e-02
1.657000000000000695e-01
3.104999999999999427e-01
3.302000000000000490e-01
1.489399999999999835e+00
7.350999999999999757e-01
2.933000000000000052e-01
2.431999999999999718e-01
2.398000000000000131e-01
3.977999999999998759e-01
4.422999999999999154e-01
3.992999999999999883e-01
2.162999999999999923e-01
4.616000000000001213e-01
3.772000000000000908e-01
3.257000000000000450e-01
1.394999999999999851e-01
2.399000000000001132e-01
1.807999999999999607e-01
1.085999999999999327e-01
1.833999999999999519e-01
2.267000000000000126e-01
2.289999999999999813e-01
3.069000000000000061e-01
1.226000000000000284e-01
1.601999999999999535e-01
5.822999999999999288e-01
4.032000000000001139e-01
1.053900000000000059e+00
4.195999999999999175e-01
1.690999999999999448e-01
1.038000000000000450e-01
1.590000000000000302e-01
1.397000000000001574e-01
4.550000000000000711e-01
2.048000000000000931e-01
1.628999999999999893e-01
2.033000000000000362e-01
2.138999999999999513e-01
3.157000000000000917e-01
8.286000000000000032e-01
3.315000000000001279e-01
3.110999999999999877e-01
1.625000000000000333e-01
1.642999999999998906e-01
6.424000000000000821e-01
5.427999999999999492e-01
8.233999999999999098e-01
