3.847000000000000419e-01
1.567000000000000060e-01
1.098999999999999977e-01
1.008000000000000007e-01
1.624999999999999778e-01
1.261999999999999789e-01
2.027999999999999803e-01
2.283000000000000029e-01
3.449999999999999734e-01
2.893000000000000016e-01
1.406000000000000028e-01
1.413000000000000089e-01
2.807000000000000051e-01
1.814999999999999947e-01
2.238999999999999879e-01
1.847999999999999921e-01
1.860999999999999877e-01
8.589999999999999025e-02
6.779999999999999916e-02
1.204999999999999960e-01
1.323000000000000009e-01
1.078999999999999959e-01
1.470000000000000195e-01
1.549000000000000099e-01
1.537999999999999923e-01
1.227999999999999925e-01
1.378000000000000058e-01
7.639999999999998181e-02
1.257999999999999952e-01
8.089999999999998581e-02
7.919999999999999263e-02
1.375000000000000111e-01
1.208000000000000185e-01
2.006000000000000283e-01
1.607000000000000095e-01
1.818000000000000171e-01
1.759999999999999898e-01
1.524999999999999967e-01
1.274000000000000132e-01
1.828000000000000180e-01
1.882000000000000062e-01
9.649999999999998856e-02
3.796000000000000485e-01
2.109000000000000319e-01
7.530000000000003357e-02
6.519999999999999407e-02
9.159999999999997311e-02
1.039999999999999675e-01
8.980000000000000482e-02
1.172999999999999321e-01
1.182999999999999607e-01
1.291999999999999538e-01
1.470000000000000195e-01
2.384999999999999898e-01
1.615999999999999936e-01
1.194999999999999674e-01
1.355000000000000093e-01
1.003999999999999754e-01
9.549999999999997380e-02
2.099999999999999645e-01
1.867999999999999661e-01
2.358000000000000651e-01
1.576999999999999791e-01
1.134999999999999759e-01
1.917000000000000093e-01
2.666999999999999926e-01
3.127000000000000335e-01
2.297999999999999765e-01
2.909999999999999254e-01
1.879999999999999449e-01
2.295000000000000095e-01
2.955000000000000404e-01
2.435999999999999832e-01
1.411999999999999922e-01
1.478999999999999759e-01
1.640000000000000346e-01
1.477999999999999869e-01
2.700000000000000178e-01
1.979999999999999816e-01
1.585000000000000020e-01
1.936000000000000498e-01
1.269000000000000128e-01
1.494999999999999385e-01
1.381999999999999895e-01
9.619999999999997997e-02
1.667000000000000426e-01
1.565999999999999615e-01
1.849999999999999700e-01
1.097999999999999671e-01
2.540999999999999925e-01
1.891999999999999515e-01
2.308999999999999664e-01
1.764000000000000012e-01
1.684999999999999831e-01
1.646999999999999853e-01
1.609000000000001263e-01
1.780000000000000193e-01
1.665000000000000646e-01
1.003999999999999893e-01
1.763000000000000123e-01
8.540000000000005920e-02
1.094999999999999862e-01
1.477000000000000535e-01
2.048000000000000653e-01
1.175999999999998991e-01
1.115000000000000435e-01
1.298000000000000542e-01
1.898999999999999022e-01
3.033999999999998365e-01
2.314999999999999558e-01
2.562000000000000943e-01
1.708000000000000351e-01
1.706999999999998796e-01
3.105999999999998762e-01
2.111999999999999433e-01
2.748000000000000442e-01
2.392999999999999572e-01
1.919000000000000428e-01
2.051000000000000878e-01
2.309999999999999554e-01
2.542999999999999150e-01
2.079999999999999627e-01
1.366000000000000825e-01
2.671000000000001151e-01
2.157000000000001139e-01
2.976000000000000312e-01
2.397000000000001074e-01
2.167000000000001425e-01
1.721000000000000307e-01
8.399999999999999134e-02
1.097999999999999948e-01
1.262000000000000344e-01
1.851000000000000700e-01
2.463999999999999246e-01
1.948999999999999899e-01
1.816999999999999726e-01
1.929999999999999771e-01
2.038999999999999702e-01
2.619999999999999551e-01
2.354999999999999594e-01
2.213999999999999302e-01
2.099000000000000865e-01
9.500000000000000111e-02
8.159999999999990872e-02
9.639999999999990243e-02
1.227999999999999509e-01
9.570000000000003504e-02
1.229999999999999843e-01
9.549999999999982114e-02
9.239999999999988500e-02
2.042999999999999539e-01
2.115999999999999825e-01
1.692000000000000448e-01
1.809999999999999942e-01
1.577000000000000624e-01
2.911999999999999589e-01
2.780999999999999028e-01
2.111999999999999988e-01
3.231999999999999873e-01
3.197999999999999732e-01
8.020000000000000739e-02
2.051999999999999935e-01
4.120000000000001439e-01
1.623000000000001664e-01
2.297999999999999488e-01
2.166000000000000147e-01
1.444000000000000283e-01
1.234999999999999987e-01
2.276999999999999857e-01
2.130000000000000226e-01
1.840000000000001357e-01
2.112000000000000544e-01
1.899000000000000132e-01
2.529000000000000692e-01
3.207000000000002071e-01
1.847000000000001141e-01
2.637000000000000455e-01
1.322000000000000952e-01
1.689000000000001056e-01
1.122000000000000774e-01
2.110999999999999543e-01
1.982999999999999763e-01
1.995000000000000384e-01
2.455000000000000793e-01
2.321999999999999065e-01
1.927999999999998326e-01
2.651999999999998803e-01
2.458000000000000185e-01
2.517000000000000903e-01
2.551000000000000489e-01
3.049999999999999933e-01
2.022999999999999798e-01
5.935000000000001386e-01
2.820000000000000839e-01
1.149000000000000160e-01
1.182000000000001244e-01
1.414000000000000812e-01
1.213000000000001022e-01
1.720000000000000417e-01
2.067000000000000504e-01
1.698999999999999955e-01
1.426999999999999658e-01
9.700000000000001676e-02
2.256000000000000782e-01
2.045000000000000984e-01
3.062999999999999057e-01
2.232999999999999707e-01
1.598000000000001641e-01
1.600000000000001421e-01
1.572000000000001174e-01
1.993000000000000882e-01
1.436000000000000054e-01
2.178999999999998716e-01
1.478999999999999759e-01
1.372000000000001552e-01
1.062999999999999223e-01
1.086000000000000298e-01
1.790999999999999814e-01
7.510000000000005560e-02
1.381000000000000560e-01
2.041000000000000036e-01
2.144000000000000627e-01
1.946999999999999842e-01
1.444000000000000838e-01
2.481999999999999762e-01
2.822999999999999954e-01
1.215000000000000663e-01
1.886000000000000176e-01
9.990000000000007208e-02
1.146000000000000352e-01
2.928000000000001712e-01
1.709000000000001074e-01
1.401999999999998803e-01
1.515000000000000790e-01
2.440000000000000224e-01
1.683999999999999941e-01
1.791000000000002035e-01
1.683999999999999386e-01
1.081999999999999074e-01
2.449000000000001176e-01
1.994000000000000217e-01
1.847000000000000031e-01
2.070000000000000728e-01
1.941999999999999560e-01
1.665000000000000091e-01
1.444999999999998785e-01
1.629000000000001558e-01
7.200000000000009170e-02
1.667999999999999206e-01
