1.300999999999999934e-01
2.132000000000000006e-01
1.250999999999999890e-01
8.719999999999999973e-02
8.970000000000000195e-02
1.257999999999999952e-01
1.742000000000000215e-01
3.550000000000000377e-02
1.265999999999999903e-01
8.929999999999999050e-02
1.241000000000000020e-01
8.400000000000001910e-02
4.440000000000000197e-02
1.170000000000000068e-01
1.418999999999999984e-01
1.328000000000000014e-01
7.379999999999999061e-02
1.575000000000000011e-01
1.242000000000000048e-01
1.282999999999999974e-01
4.669999999999999152e-02
2.121999999999999997e-01
1.937000000000000388e-01
1.388999999999999957e-01
1.176999999999999852e-01
8.440000000000000280e-02
9.500000000000001499e-02
4.010000000000001064e-02
7.259999999999999787e-02
1.364000000000000212e-01
1.149999999999999911e-01
1.325000000000000067e-01
9.600000000000000200e-02
1.637000000000000122e-01
1.102999999999999953e-01
1.153999999999999748e-01
2.297000000000000153e-01
1.091000000000000025e-01
7.500000000000001110e-02
6.709999999999999298e-02
5.160000000000000003e-02
8.440000000000000280e-02
7.690000000000002389e-02
1.389999999999999847e-01
1.722999999999999809e-01
3.050999999999999823e-01
2.209999999999999742e-01
1.881000000000000172e-01
9.019999999999998852e-02
9.779999999999998417e-02
1.475000000000000200e-01
1.781000000000000083e-01
1.527999999999999914e-01
1.406999999999999917e-01
1.639999999999999791e-01
1.504999999999999671e-01
1.805999999999999828e-01
6.960000000000002296e-02
1.529999999999999971e-01
1.902999999999999692e-01
8.909999999999995701e-02
8.779999999999997529e-02
2.159000000000000363e-01
2.194000000000000394e-01
2.571999999999999842e-01
2.739000000000000323e-01
5.790000000000001396e-02
3.506000000000000227e-01
4.834999999999999853e-01
1.300999999999999934e-01
1.940999999999999948e-01
1.404000000000000248e-01
3.000000000000001624e-02
7.910000000000000364e-02
8.339999999999997415e-02
1.339000000000000468e-01
1.677999999999999770e-01
5.420000000000003287e-02
9.880000000000002669e-02
1.360999999999999710e-01
2.415999999999999259e-01
1.421000000000000318e-01
6.749999999999994893e-02
8.260000000000000675e-02
1.159999999999999504e-01
1.109000000000000402e-01
1.091000000000000303e-01
7.480000000000001925e-02
9.359999999999996101e-02
1.359999999999999543e-01
1.012000000000000122e-01
1.147999999999999993e-01
1.625999999999999668e-01
1.249999999999999861e-01
4.890000000000000596e-02
9.089999999999992530e-02
1.470999999999999530e-01
1.420000000000000151e-01
6.049999999999999128e-02
1.710999999999999188e-01
2.043999999999999706e-01
5.327000000000000624e-01
2.614999999999998992e-01
1.114000000000000407e-01
9.810000000000004827e-02
1.749000000000000832e-01
1.195000000000000367e-01
5.169999999999998208e-02
1.229000000000000647e-01
1.067999999999999783e-01
8.580000000000001514e-02
1.209999999999999409e-01
1.331999999999999296e-01
2.199000000000000399e-01
1.245999999999999330e-01
1.246999999999999775e-01
1.053999999999999659e-01
1.310999999999999666e-01
2.409999999999996867e-02
1.004000000000000725e-01
9.119999999999992002e-02
1.405999999999999750e-01
1.644000000000000739e-01
1.463000000000000411e-01
7.849999999999995870e-02
3.990000000000001878e-02
1.024999999999999939e-01
6.680000000000005378e-02
7.480000000000008864e-02
1.623000000000001108e-01
1.560999999999999610e-01
2.274000000000000465e-01
1.272999999999998577e-01
1.819999999999999951e-01
1.149999999999999079e-01
1.206999999999999185e-01
1.959999999999999520e-01
9.970000000000002471e-02
3.609999999999998765e-01
1.544999999999999984e-01
2.041999999999999926e-01
1.162000000000000116e-01
1.096999999999999781e-01
1.044000000000000483e-01
1.867999999999999661e-01
1.977000000000000424e-01
6.250000000000008327e-02
5.999999999999994921e-02
1.142999999999998739e-01
5.179999999999998495e-02
1.137999999999999845e-01
1.848000000000000753e-01
1.338000000000000023e-01
1.792000000000000814e-01
1.411000000000001420e-01
2.583999999999998520e-01
3.221000000000000529e-01
9.750000000000015599e-02
7.260000000000008114e-02
2.022999999999999798e-01
1.559999999999999998e-01
1.378999999999998560e-01
1.249999999999999584e-01
4.929999999999998272e-02
1.265000000000001124e-01
1.457000000000000517e-01
1.932999999999999163e-01
2.001999999999999613e-01
6.010000000000023657e-02
8.640000000000008784e-02
1.216000000000000553e-01
5.509999999999982967e-02
1.101000000000000034e-01
1.397000000000001019e-01
1.189999999999999530e-01
7.719999999999996310e-02
1.385000000000000953e-01
1.537000000000000033e-01
6.539999999999988878e-02
2.141999999999999182e-01
2.039999999999998204e-01
1.493000000000000993e-01
9.020000000000008566e-02
9.440000000000012270e-02
1.075999999999999318e-01
1.094999999999999307e-01
6.209999999999991915e-02
1.609999999999999210e-01
1.438999999999998891e-01
8.929999999999986560e-02
8.789999999999996427e-02
1.441999999999998283e-01
1.775999999999999801e-01
9.320000000000008833e-02
9.120000000000007268e-02
9.980000000000011084e-02
8.119999999999996665e-02
1.118999999999998884e-01
9.209999999999983478e-02
8.010000000000006004e-02
8.610000000000000986e-02
1.175999999999999407e-01
1.450000000000000178e-01
1.316000000000000503e-01
2.512999999999999678e-01
1.583000000000000518e-01
1.127999999999999559e-01
1.003000000000001390e-01
8.090000000000005520e-02
9.069999999999996121e-02
1.193999999999999090e-01
1.556999999999999496e-01
9.439999999999990066e-02
9.819999999999991236e-02
1.841999999999999194e-01
1.696999999999999620e-01
9.949999999999988021e-02
6.449999999999997402e-02
5.249999999999996336e-02
5.949999999999980305e-02
1.220000000000000251e-01
1.347000000000000697e-01
9.960000000000006348e-02
1.290999999999999925e-01
1.799000000000001154e-01
2.675000000000001821e-01
6.760000000000018772e-02
9.179999999999984006e-02
9.770000000000012008e-02
1.767999999999999294e-01
1.741999999999999105e-01
7.600000000000024791e-02
9.909999999999982712e-02
1.083999999999999686e-01
2.033000000000000917e-01
1.261999999999999234e-01
1.181999999999999718e-01
1.540000000000000258e-01
8.999999999999983014e-02
1.851000000000000978e-01
1.396999999999999909e-01
1.785999999999999255e-01
1.679000000000001047e-01
1.477000000000001645e-01
1.754999999999999338e-01
1.326000000000000512e-01
2.879999999999997840e-02
6.590000000000006963e-02
1.006999999999999423e-01
