1.289000000000000146e-01
1.882000000000000062e-01
1.544000000000000095e-01
7.860000000000000320e-02
6.500000000000000222e-02
7.539999999999999480e-02
1.620000000000000051e-01
9.640000000000001346e-02
1.681000000000000272e-01
1.244999999999999996e-01
1.907999999999999696e-01
2.363999999999999990e-01
9.750000000000000333e-02
7.930000000000000937e-02
5.970000000000000306e-02
1.758000000000000118e-01
2.689000000000000279e-01
2.283000000000000029e-01
1.562999999999999945e-01
1.219000000000000083e-01
1.606000000000000205e-01
1.025000000000000078e-01
6.919999999999998375e-02
6.139999999999999625e-02
1.965999999999999970e-01
2.256000000000000227e-01
3.611000000000000321e-01
3.537000000000000144e-01
3.047999999999999599e-01
1.330999999999999961e-01
1.566999999999999782e-01
2.590000000000000080e-01
1.902999999999999969e-01
2.765000000000000235e-01
2.540000000000000036e-01
1.295999999999999930e-01
1.099999999999999867e-01
1.275000000000000022e-01
1.605999999999999650e-01
1.295000000000000040e-01
1.456999999999999962e-01
9.279999999999999361e-02
2.468000000000000194e-01
1.872999999999999943e-01
1.437000000000000222e-01
1.638999999999999901e-01
1.260999999999999899e-01
7.499999999999999722e-02
1.355999999999999983e-01
1.492999999999999883e-01
1.221000000000000141e-01
1.532999999999999918e-01
9.059999999999999998e-02
1.119000000000000133e-01
1.456999999999999962e-01
1.517999999999999905e-01
9.340000000000001079e-02
1.456000000000000072e-01
2.281999999999999584e-01
1.991000000000000270e-01
1.559000000000000108e-01
1.030999999999999972e-01
8.299999999999999045e-02
2.106999999999999706e-01
4.461999999999999300e-01
1.065600000000000103e+00
6.519999999999999130e-01
4.042999999999999927e-01
2.703999999999999737e-01
2.039999999999999591e-01
8.699999999999999400e-02
1.141999999999999904e+00
6.913000000000000256e-01
1.786599999999999966e+00
1.833000000000000185e+00
2.068500000000000227e+00
3.880700000000000038e+00
1.892499999999999849e+00
5.643000000000000238e-01
7.413000000000001810e-01
3.777000000000000357e-01
2.672999999999999821e-01
2.796000000000000152e-01
1.672000000000000430e-01
6.210000000000000242e-02
2.539999999999992958e-02
1.688000000000000056e-01
1.127000000000000501e-01
1.313000000000000278e-01
1.332999999999999741e-01
2.735999999999999543e-01
7.416000000000000369e-01
3.470999999999999641e-01
6.448999999999999178e-01
6.160999999999999810e-01
2.114999999999999658e-01
1.613999999999999602e-01
5.110999999999999988e-01
3.881000000000000005e-01
2.162999999999999923e-01
3.159499999999999975e+00
4.335399999999999920e+00
2.742999999999999883e+00
9.989999999999998881e-01
5.078000000000000291e-01
1.366999999999999882e-01
4.384000000000000674e-01
6.286000000000000476e-01
1.313000000000000278e-01
4.313000000000000167e-01
4.418000000000000260e-01
3.159000000000001251e-01
3.283000000000000362e-01
2.156000000000000139e-01
3.275000000000000688e-01
3.258000000000000340e-01
4.355999999999999872e-01
2.396999999999999686e-01
1.773000000000000131e-01
2.605999999999999428e-01
1.471999999999999975e-01
1.185000000000000220e-01
2.262000000000000122e-01
1.174000000000000182e-01
3.939999999999997671e-02
2.039000000000000534e-01
2.632000000000000450e-01
2.220000000000000584e-01
2.530000000000000027e-01
1.690000000000000113e-01
2.098999999999999755e-01
2.045000000000000151e-01
8.190000000000000058e-02
1.702999999999999792e-01
1.970999999999999697e-01
1.895999999999999908e-01
6.060000000000000109e-02
1.220000000000000251e-01
1.288000000000000256e-01
3.976000000000000645e-01
3.663000000000000700e-01
2.733000000000000429e-01
6.426000000000000600e-01
6.576999999999999513e-01
5.635000000000000009e-01
1.431999999999999662e-01
6.139999999999999902e-01
4.182000000000000162e-01
1.131000000000000061e-01
1.662000000000000144e-01
3.084999999999999964e-01
2.721999999999999975e-01
2.799000000000000377e-01
2.100000000000000477e-01
2.432000000000000273e-01
2.426000000000000101e-01
2.498999999999999833e-01
2.622999999999999776e-01
1.696999999999999897e-01
1.473000000000000143e-01
1.117999999999999966e-01
2.268000000000000294e-01
1.474999999999999922e-01
1.346999999999999864e-01
7.799999999999997213e-02
6.650000000000000355e-02
7.470000000000000251e-02
1.313000000000000000e-01
2.182000000000000328e-01
2.864999999999999769e-01
6.910000000000000864e-02
7.199999999999999456e-02
1.164999999999999786e-01
9.539999999999994318e-02
8.709999999999999687e-02
2.295999999999999985e-01
1.328999999999999626e-01
1.307999999999999996e-01
2.551999999999999269e-01
3.339999999999999636e-01
3.440000000000000280e-01
5.460000000000000409e-01
3.956999999999999962e-01
2.300999999999999435e-01
3.373000000000000442e-01
3.956000000000000072e-01
1.032999999999999891e-01
1.948999999999999899e-01
4.745999999999999108e-01
3.317999999999999838e-01
1.801000000000000101e-01
1.406999999999999917e-01
1.326000000000000234e-01
1.164000000000000035e-01
1.661000000000000254e-01
2.476999999999999758e-01
1.774000000000000021e-01
1.737999999999999545e-01
1.444999999999999896e-01
1.510999999999999566e-01
3.356000000000000094e-01
9.145000000000000906e-01
4.382000000000000339e-01
5.653000000000000247e-01
1.655999999999999972e-01
1.286999999999999811e-01
1.215000000000000246e-01
7.000000000000002054e-02
1.336000000000000243e-01
