1.226000000000000006e-01
1.267999999999999960e-01
2.386999999999999955e-01
9.210000000000000131e-02
3.265000000000000124e-01
2.599000000000000754e-01
1.205300000000000038e+00
4.881000000000000338e-01
8.602000000000000757e-01
5.040000000000000036e-01
2.608000000000000318e-01
2.354000000000000259e-01
4.223000000000000087e-01
5.910999999999999588e-01
9.067999999999999394e-01
1.518000000000000183e-01
6.656999999999999584e-01
5.204999999999999627e-01
1.843999999999999806e-01
3.270000000000000684e-01
4.490000000000000102e-01
1.168099999999999916e+00
8.424999999999999156e-01
9.628000000000001002e-01
6.588999999999999302e-01
1.663000000000000034e-01
1.823000000000000176e-01
2.182000000000000051e-01
3.484000000000000430e-01
1.857999999999999929e-01
3.373000000000000997e-01
2.362000000000000210e-01
1.347999999999999754e-01
6.187000000000000277e-01
7.706000000000000627e-01
4.632000000000000006e-01
5.287999999999999368e-01
1.738000000000000100e-01
4.667000000000000592e-01
4.337000000000000299e-01
9.547000000000001041e-01
3.003899999999999793e+00
2.340100000000000069e+00
2.440699999999999648e+00
3.035800000000000498e+00
2.231399999999999828e+00
6.594999999999999751e-01
1.077600000000000113e+00
4.118999999999999329e-01
3.238999999999999657e-01
9.929999999999994387e-02
1.274000000000000132e-01
5.330000000000004179e-02
1.227999999999999925e-01
7.677000000000000490e-01
5.789000000000000812e-01
4.102999999999999980e-01
2.820000000000000839e-01
5.716999999999999860e-01
3.983000000000000429e-01
6.528000000000000469e-01
7.563999999999999613e-01
2.448999999999999233e-01
3.313000000000000389e-01
4.627999999999999892e-01
7.802000000000001156e-01
5.688999999999999613e-01
4.609999999999999654e-01
2.709999999999999076e-01
2.069999999999999618e-01
7.505999999999999339e-01
4.051000000000000156e-01
3.984000000000001429e-01
3.311000000000000609e-01
3.164000000000000146e-01
5.307999999999999385e-01
3.725000000000000533e-01
6.622999999999998888e-01
3.854999999999999538e-01
1.747000000000000774e-01
1.325000000000000344e-01
2.344999999999999585e-01
1.091000000000000303e-01
3.839999999999996888e-02
1.310000000000000608e-01
5.859999999999992992e-02
4.504000000000000226e-01
4.731000000000000760e-01
1.990999999999999159e-01
4.090000000000002661e-02
4.470000000000000362e-02
8.059999999999992171e-02
4.610000000000001597e-02
7.190000000000007496e-02
3.927000000000000490e-01
1.665000000000000036e+00
1.322799999999999976e+00
3.495000000000000329e-01
3.788000000000000811e-01
9.279999999999992422e-02
1.452000000000000512e-01
1.059999999999999554e-01
7.999999999999994615e-02
2.362000000000000210e-01
2.763000000000000456e-01
1.514000000000000346e-01
2.845999999999999641e-01
1.875000000000000278e-01
2.522999999999999687e-01
2.963999999999999968e-01
7.869000000000001549e-01
3.220999999999999419e-01
2.691000000000000059e-01
9.239999999999994051e-02
3.294000000000000261e-01
2.673999999999999710e-01
5.333000000000001073e-01
1.313000000000000556e-01
2.060999999999999499e-01
3.817999999999999727e-01
2.078999999999999737e-01
1.567000000000000060e-01
1.993000000000000327e-01
3.898000000000000353e-01
1.861000000000000154e-01
3.395000000000000240e-01
3.141000000000000458e-01
1.090400000000000036e+00
1.181300000000000017e+00
3.608000000000000096e-01
3.517000000000000126e-01
1.139000000000000568e-01
1.380000000000000115e-01
1.610999999999999377e-01
3.725999999999999868e-01
1.065599999999999881e+00
6.330000000000000071e-01
2.546000000000000485e-01
3.945999999999999508e-01
2.344000000000000250e-01
2.421999999999999709e-01
4.730000000000007809e-02
2.171000000000000985e-01
1.451000000000000068e-01
2.644000000000000794e-01
6.519999999999998019e-02
5.839999999999999358e-02
1.144000000000000156e-01
2.804000000000000381e-01
2.711500000000000021e+00
1.497700000000000031e+00
2.142500000000000071e+00
1.923199999999999799e+00
8.082000000000000295e-01
2.574999999999999512e-01
3.882999999999999785e-01
1.169000000000000317e-01
1.320999999999999952e-01
2.780999999999999028e-01
4.209000000000000519e-01
3.800000000000001710e-01
3.507000000000000672e-01
1.751000000000000334e-01
2.494000000000000106e-01
5.488999999999999435e-01
5.732000000000000428e-01
1.874000000000000665e-01
1.209000000000000213e-01
2.451999999999999735e-01
1.989999999999999825e-01
1.373000000000000054e-01
2.327000000000000179e-01
4.404999999999999472e-01
1.257700000000000040e+00
9.045999999999998487e-01
9.914000000000000590e-01
4.007000000000001116e-01
8.320000000000000728e-01
7.290000000000000924e-01
2.654999999999999583e-01
4.942999999999999616e-01
2.046000000000000041e-01
2.374000000000000554e-01
1.935999999999999943e-01
2.277000000000000690e-01
3.259000000000000785e-01
2.256000000000000227e-01
9.369999999999995000e-02
4.650000000000004130e-02
1.080000000000000127e-01
2.827000000000000624e-01
3.133999999999999009e-01
6.522000000000000020e-01
7.117000000000001103e-01
4.544000000000000261e-01
1.876899999999999791e+00
1.884500000000000064e+00
3.305999999999999606e+00
4.415900000000000603e+00
1.924900000000000055e+00
2.724999999999999645e-01
1.223000000000000087e+00
1.657600000000000184e+00
5.471999999999999087e-01
4.364000000000000101e-01
2.723999999999999755e-01
1.522999999999999632e-01
1.056999999999999190e-01
1.242999999999998689e-01
