2.944999999999999840e-01
1.779999999999999916e-01
1.797000000000000264e-01
2.100000000000000200e-01
1.332000000000000128e-01
1.174999999999999933e-01
7.749999999999998557e-02
1.476000000000000090e-01
8.899999999999999578e-02
8.799999999999999489e-02
1.482999999999999874e-01
3.534999999999999809e-01
2.227999999999999703e-01
5.620000000000001383e-02
8.729999999999998872e-02
1.107999999999999957e-01
8.399999999999999134e-02
2.216000000000000192e-01
1.695999999999999730e-01
8.169999999999999485e-02
1.699999999999999845e-01
1.303999999999999881e-01
9.859999999999999321e-02
1.325999999999999956e-01
2.131000000000000394e-01
1.053000000000000325e-01
6.789999999999998814e-02
8.899999999999999578e-02
1.298000000000000265e-01
5.540000000000000480e-02
1.305999999999999939e-01
8.179999999999998384e-02
1.042000000000000148e-01
1.018000000000000294e-01
5.940000000000000835e-02
1.005999999999999950e-01
1.005000000000000060e-01
8.720000000000001361e-02
1.025000000000000078e-01
1.142999999999999849e-01
6.690000000000002889e-02
4.789999999999999120e-02
6.950000000000002010e-02
1.358999999999999653e-01
7.400000000000001021e-02
1.749999999999999889e-01
1.154999999999999638e-01
8.899999999999999578e-02
9.459999999999997577e-02
3.939999999999996977e-02
1.281000000000000194e-01
1.106999999999999929e-01
1.147999999999999993e-01
9.760000000000002007e-02
1.422000000000000486e-01
7.349999999999995426e-02
6.579999999999999738e-02
1.222999999999999921e-01
1.561000000000000165e-01
1.249999999999999861e-01
5.469999999999998475e-02
1.371999999999999886e-01
1.154000000000000303e-01
1.029999999999999805e-01
1.018000000000000155e-01
1.935000000000000053e-01
6.790000000000001590e-02
1.083999999999999964e-01
7.350000000000000977e-02
7.060000000000002385e-02
9.559999999999999054e-02
6.460000000000003240e-02
8.660000000000003806e-02
3.059999999999996403e-02
1.486999999999999433e-01
9.330000000000000793e-02
6.929999999999997273e-02
6.010000000000002840e-02
1.226000000000000423e-01
1.246000000000000302e-01
3.426000000000000156e-01
2.936000000000000276e-01
1.054000000000000492e-01
7.530000000000001970e-02
8.530000000000000082e-02
6.590000000000001412e-02
6.549999999999996103e-02
2.423999999999999488e-01
1.457000000000000239e-01
2.319000000000000505e-01
1.303999999999999881e-01
6.650000000000001743e-02
7.420000000000001594e-02
9.640000000000001346e-02
8.969999999999997420e-02
1.134000000000000424e-01
7.279999999999998972e-02
9.679999999999996940e-02
1.319999999999999507e-01
6.229999999999998733e-02
4.199999999999994710e-02
1.329999999999999793e-01
3.790000000000002395e-02
6.079999999999995824e-02
1.324999999999999789e-01
1.490999999999999548e-01
5.199999999999993516e-02
6.160000000000000892e-02
7.449999999999998290e-02
1.161999999999999977e-01
9.799999999999994826e-02
1.950000000000000067e-01
1.345000000000000084e-01
2.742999999999999328e-01
9.389999999999995572e-02
6.919999999999998375e-02
1.300999999999999934e-01
6.640000000000002844e-02
8.020000000000003515e-02
6.910000000000002252e-02
1.885000000000000286e-01
1.007999999999999730e-01
1.485000000000000486e-01
1.864000000000000101e-01
9.500000000000000111e-02
7.319999999999998730e-02
9.659999999999999143e-02
1.035999999999999421e-01
1.106999999999999929e-01
1.262999999999999956e-01
1.088000000000000078e-01
1.795999999999999541e-01
7.120000000000005491e-02
1.421999999999999931e-01
8.989999999999997993e-02
1.387000000000000455e-01
8.239999999999997327e-02
9.909999999999992426e-02
8.550000000000003431e-02
9.180000000000007598e-02
3.189999999999992841e-02
1.260000000000000009e-01
2.006999999999999340e-01
9.819999999999998175e-02
9.579999999999996851e-02
9.929999999999994387e-02
1.116999999999999937e-01
1.116000000000000325e-01
1.136999999999999955e-01
8.869999999999994555e-02
1.332999999999999186e-01
9.290000000000003810e-02
1.870000000000000551e-01
1.683999999999999941e-01
1.264999999999999736e-01
2.413000000000000700e-01
9.849999999999997646e-02
1.116999999999999937e-01
1.428000000000000658e-01
1.548000000000000487e-01
1.385999999999999455e-01
6.669999999999998153e-02
8.860000000000003983e-02
8.799999999999991163e-02
5.990000000000005737e-02
9.239999999999998215e-02
1.169999999999998819e-01
9.479999999999999538e-02
8.759999999999995568e-02
4.520000000000001794e-02
9.729999999999996985e-02
8.080000000000002458e-02
1.696000000000000285e-01
7.800000000000006928e-02
6.579999999999996962e-02
7.870000000000004770e-02
6.849999999999999145e-02
9.320000000000000506e-02
5.559999999999996195e-02
6.010000000000011861e-02
1.889000000000000956e-01
1.048000000000001014e-01
1.230000000000000260e-01
8.890000000000004843e-02
9.719999999999998086e-02
1.081999999999999629e-01
2.058999999999999997e-01
3.963999999999998636e-01
5.100000000000001199e-01
4.381999999999999229e-01
1.886000000000000731e-01
9.659999999999999143e-02
7.059999999999999609e-02
1.051999999999999602e-01
9.349999999999999978e-02
1.335000000000000075e-01
2.113000000000000711e-01
1.211000000000000548e-01
1.434999999999999609e-01
7.610000000000001208e-01
2.900000000000000355e-01
2.369999999999999885e-01
1.661999999999999866e-01
1.013000000000000428e-01
9.270000000000007401e-02
1.072999999999999371e-01
7.809999999999998888e-02
5.619999999999980567e-02
1.512000000000002231e-01
