1.737000000000000210e-01
9.879999999999999893e-02
1.019999999999999934e-01
1.849999999999999978e-01
2.290999999999999981e-01
3.604000000000000536e-01
2.373000000000000109e-01
1.675000000000000100e-01
2.706999999999999407e-01
1.317000000000000393e-01
2.631999999999999895e-01
3.292000000000000481e-01
2.222000000000000086e-01
1.941000000000000225e-01
1.704000000000000514e-01
1.791000000000000092e-01
6.750000000000000444e-02
2.322000000000000175e-01
1.188000000000000028e-01
2.931000000000000272e-01
1.915000000000000036e-01
4.139999999999999236e-02
5.500000000000000722e-02
5.499999999999999334e-02
9.439999999999998392e-02
5.430000000000000104e-02
3.629999999999998506e-02
1.147999999999999993e-01
1.315999999999999948e-01
3.264000000000000234e-01
1.479000000000000314e-01
4.789999999999999813e-01
1.334000000000000186e-01
1.408000000000000085e-01
1.425000000000000155e-01
1.331999999999999851e-01
9.620000000000002160e-02
1.067300000000000137e+00
5.968999999999999861e-01
4.061000000000000165e-01
5.165000000000000702e-01
3.175999999999999934e-01
1.930000000000000049e-01
2.433999999999999497e-01
3.140000000000000013e-01
1.698999999999999677e-01
8.770000000000001406e-02
2.377000000000000224e-01
2.087999999999999856e-01
3.893999999999999684e-01
3.027999999999999581e-01
2.281999999999999584e-01
1.410000000000000142e-01
1.704999999999999849e-01
1.159999999999999781e-01
1.008000000000000007e-01
7.600000000000002587e-02
9.439999999999998392e-02
7.410000000000001308e-02
1.386000000000000565e-01
8.739999999999996383e-02
2.306999999999999884e-01
1.630999999999999672e-01
5.889999999999994545e-02
1.222000000000000586e-01
1.663999999999999924e-01
1.776000000000000634e-01
1.330000000000000626e-01
1.576000000000000179e-01
1.873999999999999833e-01
9.750000000000003109e-02
1.343999999999999639e-01
1.408000000000000917e-01
2.139999999999999403e-01
1.240999999999999603e-01
2.353999999999999704e-01
8.909999999999999865e-02
9.289999999999998259e-02
1.552999999999999936e-01
1.865999999999999881e-01
5.280000000000004134e-02
1.514000000000000623e-01
1.547000000000001152e-01
2.557999999999999163e-01
2.081999999999999962e-01
1.508000000000001284e-01
1.337000000000000133e-01
1.714999999999999580e-01
1.538000000000000478e-01
1.388000000000000345e-01
9.920000000000006590e-02
7.829999999999999460e-02
1.809999999999990783e-02
2.103999999999999482e-01
1.888000000000001066e-01
1.151000000000000634e-01
1.201000000000000401e-01
5.042999999999998595e-01
3.016999999999999682e-01
1.496999999999999720e-01
3.000000000000000444e-01
1.138000000000000400e-01
1.840999999999999581e-01
1.461999999999999689e-01
1.367999999999998939e-01
3.900000000000013178e-02
1.451999999999999957e-01
6.550000000000001654e-02
1.316000000000001058e-01
1.130000000000000587e-01
1.441000000000000614e-01
1.268999999999998740e-01
7.189999999999995006e-02
1.042999999999999067e-01
1.130999999999999783e-01
1.302999999999999714e-01
5.899999999999999689e-02
7.649999999999999856e-02
1.067999999999999922e-01
1.105999999999999761e-01
9.470000000000010354e-02
1.091000000000000858e-01
9.650000000000004408e-02
1.044999999999999957e-01
1.204999999999999682e-01
6.610000000000001985e-02
8.569999999999988738e-02
2.034999999999998477e-01
1.471999999999999420e-01
1.168999999999999206e-01
1.081999999999999351e-01
8.450000000000007505e-02
1.007000000000001644e-01
1.773000000000000131e-01
2.279000000000000470e-01
1.547000000000000319e-01
1.805000000000000493e-01
1.895000000000000573e-01
1.056999999999999190e-01
1.286999999999999256e-01
6.280000000000002247e-02
1.037000000000000421e-01
8.190000000000005609e-02
1.277000000000000357e-01
7.289999999999999258e-02
4.850000000000004308e-02
8.610000000000009313e-02
1.210000000000000520e-01
1.049999999999999545e-01
1.052000000000000157e-01
7.409999999999994369e-02
1.425000000000000433e-01
8.720000000000005524e-02
1.107999999999999818e-01
1.202000000000000568e-01
9.099999999999994205e-02
6.514000000000000901e-01
1.301300000000000123e+00
2.122000000000000275e-01
1.125000000000000167e-01
1.738999999999997770e-01
2.495999999999999608e-01
3.295000000000001261e-01
1.752000000000000501e-01
1.426999999999998825e-01
1.082000000000000323e-01
1.429000000000001935e-01
1.400999999999999468e-01
1.632000000000001505e-01
1.323000000000000842e-01
1.092000000000000332e-01
1.231999999999999901e-01
9.039999999999989710e-02
9.919999999999987161e-02
1.116000000000000325e-01
9.160000000000013964e-02
9.279999999999993809e-02
1.455000000000001570e-01
1.471999999999999975e-01
1.168999999999999068e-01
1.823000000000001286e-01
1.807999999999998220e-01
1.704999999999998739e-01
1.730999999999998651e-01
1.226000000000000006e-01
1.076000000000002232e-01
1.576000000000000179e-01
1.155000000000000610e-01
1.114999999999999741e-01
3.205000000000000071e-01
1.059000000000001607e-01
1.609000000000002095e-01
1.841000000000002079e-01
7.530000000000014460e-02
1.196000000000000812e-01
1.121999999999999248e-01
1.827000000000001401e-01
1.609000000000000430e-01
2.346999999999999365e-01
1.848999999999999810e-01
1.134000000000001257e-01
1.305000000000001159e-01
1.827999999999999348e-01
1.903000000000000802e-01
2.028999999999999415e-01
1.714000000000001633e-01
1.254999999999997784e-01
1.414999999999999869e-01
2.116000000000000381e-01
