2.984000000000000541e-01
5.082999999999999741e-01
2.444000000000000061e-01
2.453000000000000180e-01
6.849000000000000643e-01
3.558999999999999941e-01
3.850000000000000644e-01
5.347000000000000641e-01
4.129000000000000448e-01
5.784000000000000252e-01
3.791999999999999815e-01
3.720999999999999863e-01
6.596999999999999531e-01
2.524000000000000132e-01
2.494999999999999718e-01
2.321000000000000563e-01
3.849999999999998979e-01
2.230999999999999373e-01
4.299000000000000044e-01
2.166000000000000147e-01
1.720999999999999475e-01
2.467000000000000026e-01
4.703999999999999293e-01
2.295999999999999708e-01
2.672999999999999821e-01
6.074999999999999289e-01
4.551000000000000600e-01
1.999000000000000221e-01
1.236999999999999905e-01
2.120000000000000218e-01
2.239999999999999769e-01
1.714999999999999858e-01
1.935999999999999943e-01
1.323000000000000009e-01
2.190999999999999615e-01
1.464999999999999636e-01
1.086000000000000021e-01
2.366000000000000048e-01
4.356999999999999762e-01
2.613999999999999657e-01
4.900000000000000189e-02
2.795000000000000262e-01
4.974999999999999978e-01
4.274000000000000021e-01
9.480999999999999428e-01
2.691000000000000059e-01
5.497999999999999554e-01
5.093999999999999639e-01
9.668999999999999817e-01
7.661000000000001142e-01
2.887000000000000677e-01
2.344999999999999862e-01
3.698000000000000176e-01
3.300000000000000155e-01
2.643999999999999684e-01
3.563999999999999391e-01
7.329999999999998739e-01
2.710000000000000187e-01
2.542999999999999705e-01
1.867000000000000048e-01
1.190000000000000363e-01
1.714999999999999858e-01
2.014000000000000234e-01
1.270000000000000018e-01
1.470000000000000195e-01
1.653999999999999915e-01
1.343000000000000305e-01
1.454000000000000015e-01
1.653999999999999915e-01
1.432000000000000217e-01
1.310000000000000331e-01
1.260000000000000009e-01
3.034999999999999920e-01
2.487999999999999656e-01
2.040999999999999481e-01
1.870999999999999608e-01
2.980000000000000426e-01
2.421000000000000374e-01
2.570999999999999952e-01
2.299999999999999822e-01
2.199999999999999734e-01
2.019999999999999851e-01
1.732999999999999818e-01
2.009000000000000230e-01
1.356999999999999873e-01
7.310000000000002607e-02
2.057999999999999829e-01
1.919999999999999485e-01
3.659000000000000030e-01
1.135999999999999371e-01
6.019999999999999796e-01
2.463999999999999801e-01
2.137000000000000011e-01
2.752000000000000002e-01
1.853999999999999815e-01
1.787000000000000255e-01
1.799000000000000044e-01
2.009000000000000230e-01
2.130000000000000226e-01
1.946999999999999287e-01
1.732000000000000206e-01
1.347999999999999754e-01
2.600000000000000089e-01
3.340999999999999526e-01
2.299000000000000488e-01
2.405000000000000471e-01
2.544000000000000705e-01
1.610000000000000875e-01
2.149000000000000077e-01
1.184999999999999942e-01
8.299999999999996270e-02
2.132000000000000284e-01
1.407000000000000473e-01
2.596999999999999864e-01
2.565999999999999948e-01
3.371999999999999442e-01
2.435999999999999555e-01
4.458000000000000296e-01
6.404999999999999583e-01
6.025999999999999135e-01
3.054999999999999938e-01
2.378000000000000114e-01
2.217999999999999972e-01
2.006000000000000005e-01
2.392000000000000237e-01
1.218000000000000332e-01
3.656999999999999695e-01
1.027200000000000113e+00
5.833000000000000407e-01
3.284000000000000252e-01
2.174999999999999989e-01
2.668999999999999706e-01
2.009999999999999842e-01
1.405999999999999750e-01
5.888999999999999790e-01
1.403200000000000003e+00
4.887999999999999567e-01
4.638999999999999790e-01
2.620000000000000107e-01
3.017999999999999572e-01
4.543000000000000371e-01
6.607000000000000650e-01
6.794999999999999929e-01
2.879999999999999782e-01
3.075999999999999845e-01
2.727999999999999869e-01
3.180999999999999939e-01
7.334999999999999298e-01
6.083999999999998298e-01
8.253000000000000336e-01
3.750000000000000000e-01
2.468999999999999251e-01
6.804999999999999938e-01
2.298999999999999932e-01
5.517999999999999572e-01
2.353000000000000647e-01
4.415000000000000591e-01
7.351000000000000867e-01
4.855000000000000426e-01
3.654000000000000581e-01
2.764999999999999680e-01
1.967000000000000415e-01
3.267999999999999794e-01
7.056000000000000050e-01
4.002000000000000002e-01
3.178000000000000824e-01
3.533000000000000029e-01
2.333999999999999964e-01
3.669999999999999929e-01
2.557000000000000384e-01
1.821000000000000119e-01
2.896000000000000241e-01
2.416000000000000092e-01
2.705000000000000182e-01
1.256999999999999784e-01
1.497999999999999610e-01
4.844999999999999307e-01
5.551999999999999158e-01
4.357000000000000317e-01
4.485999999999999988e-01
2.651000000000000023e-01
1.874999999999999445e-01
2.764999999999999680e-01
3.359000000000000319e-01
3.714000000000000634e-01
2.052999999999999825e-01
2.705000000000000737e-01
2.036000000000000587e-01
1.369999999999999829e-01
1.582000000000000350e-01
1.528000000000000469e-01
3.231999999999999873e-01
1.743000000000000105e-01
1.980999999999999983e-01
2.212000000000000632e-01
1.345999999999999974e-01
1.959999999999999798e-01
2.776999999999999469e-01
2.169000000000000095e-01
2.379999999999999338e-01
2.477000000000000313e-01
2.633999999999999675e-01
1.578999999999999571e-01
1.247000000000000192e-01
2.768999999999999240e-01
1.436000000000000609e-01
1.902000000000000079e-01
2.799999999999999711e-01
1.113999999999999713e-01
