1.045999999999999985e-01
1.580999999999999905e-01
1.171000000000000096e-01
1.072000000000000175e-01
9.159999999999998699e-02
1.184000000000000052e-01
1.675000000000000100e-01
1.835999999999999854e-01
1.050999999999999990e-01
1.723999999999999977e-01
1.032000000000000001e-01
1.600000000000000033e-01
3.429999999999999716e-01
3.774999999999999467e-01
1.512999999999999901e-01
1.020999999999999824e-01
8.009999999999999065e-02
1.917999999999999705e-01
2.005000000000000115e-01
1.368000000000000049e-01
1.887999999999999678e-01
1.113999999999999713e-01
3.163999999999999591e-01
2.450999999999999845e-01
1.955000000000000349e-01
2.068000000000000393e-01
2.016999999999999904e-01
1.399000000000000243e-01
1.039000000000000062e-01
1.314000000000000445e-01
2.118999999999998940e-01
1.985000000000000098e-01
1.310000000000000053e-01
6.239999999999999714e-02
2.074999999999999345e-01
3.386000000000000121e-01
1.664999999999998981e-01
8.420000000000012197e-02
8.619999999999998497e-02
1.607000000000000650e-01
2.632999999999999785e-01
2.702999999999999847e-01
1.261999999999999511e-01
9.090000000000003633e-02
3.357999999999999874e-01
4.039999999999999147e-01
1.246000000000000857e-01
1.161999999999998451e-01
2.039000000000001922e-01
7.465999999999999304e-01
3.733999999999999542e-01
1.070599999999999774e+00
1.485999999999999543e-01
1.608000000000001650e-01
9.059999999999998610e-02
1.402999999999999248e-01
1.873999999999999833e-01
2.320999999999998342e-01
6.136000000000001453e-01
9.616999999999999993e-01
7.371999999999998554e-01
4.023999999999999244e-01
2.342999999999998417e-01
1.153000000000000830e-01
2.479999999999999705e-01
1.839999999999997748e-01
8.640000000000000457e-02
1.403999999999998305e-01
3.119000000000000106e-01
1.971000000000001362e-01
1.269000000000000683e-01
1.185999999999999138e-01
5.440000000000012881e-02
9.449999999999994515e-02
1.010999999999998844e-01
1.740999999999999770e-01
2.037999999999999812e-01
9.328000000000000735e-01
6.865999999999999881e-01
8.745000000000001661e-01
6.183999999999998387e-01
2.842999999999999972e-01
4.437999999999999723e-01
2.121000000000000663e-01
2.059999999999997944e-01
6.169999999999987994e-02
3.887000000000000455e-01
5.140999999999997794e-01
3.702999999999997405e-01
5.071999999999999842e-01
1.323900000000000077e+00
1.056599999999999984e+00
7.451000000000000956e-01
3.258999999999999675e-01
4.743000000000000549e-01
7.649999999999973488e-02
1.123999999999998889e-01
5.530999999999999250e-01
5.316000000000000725e-01
2.154999999999999138e-01
2.110999999999999543e-01
3.567000000000000171e-01
2.884999999999999787e-01
9.104000000000002091e-01
7.191000000000000725e-01
1.163999999999999063e-01
3.757999999999999119e-01
2.572699999999999765e+00
3.595399999999999707e+00
8.865000000000000657e-01
2.403000000000001801e-01
8.327999999999998737e-01
1.373799999999999910e+00
1.802799999999999736e+00
5.484999999999999876e-01
3.151000000000001577e-01
5.533000000000001251e-01
2.731999999999999984e-01
2.752999999999999892e-01
2.346199999999999619e+00
9.886000000000000343e-01
1.238099999999999756e+00
2.784000000000000918e-01
3.901999999999999913e-01
1.820900000000000185e+00
1.440000000000000169e+00
1.462500000000000133e+00
2.958699999999999886e+00
3.490000000000000879e-01
3.310000000000000164e-01
1.189999999999999114e-01
1.136000000000000204e-01
1.425299999999999789e+00
8.705999999999999295e-01
8.337999999999999856e-01
3.696999999999999176e-01
2.957000000000000184e-01
9.975999999999998202e-01
3.368999999999999773e-01
4.450000000000000622e-01
1.434999999999999887e-01
3.219000000000001305e-01
3.747000000000000886e-01
7.583999999999998520e-01
9.548999999999999710e-01
6.760000000000000453e-01
1.760299999999999976e+00
1.713499999999999801e+00
5.466999999999999638e-01
2.125000000000000222e-01
2.390999999999999515e-01
2.304999999999999549e-01
1.352999999999999758e-01
3.070999999999999286e-01
2.149999999999999134e-01
1.571999999999999509e-01
1.447999999999999843e-01
8.439999999999997504e-02
2.349000000000000532e-01
1.609000000000000707e-01
5.863000000000000433e-01
3.211000000000001076e-01
4.131999999999999562e-01
3.042000000000001370e-01
2.754000000000000892e-01
2.918999999999999373e-01
1.352999999999999758e-01
1.235000000000000681e-01
2.782999999999999918e-01
1.701099999999999834e+00
1.398600000000000065e+00
9.355000000000002203e-01
9.556000000000000050e-01
5.136000000000000565e-01
7.434000000000000608e-01
1.240400000000000169e+00
1.471299999999999830e+00
4.769000000000000461e-01
7.928999999999999382e-01
2.145000000000000517e-01
7.239999999999995051e-02
1.993000000000000882e-01
1.521000000000000685e-01
2.395999999999999797e-01
2.000999999999998891e-01
6.573999999999999844e-01
7.404000000000001691e-01
1.602899999999999991e+00
7.524999999999999467e-01
2.530999999999999917e-01
2.280999999999999694e-01
3.192999999999999172e-01
9.516000000000001124e-01
2.106999999999999706e-01
2.157000000000000306e-01
2.860000000000000320e-01
2.296000000000000263e-01
2.505999999999999339e-01
7.709000000000000297e-01
2.081000000000000627e-01
2.933999999999999941e-01
1.247600000000000042e+00
4.157000000000001250e-01
2.043699999999999850e+00
9.055000000000000826e-01
1.762800000000000367e+00
1.873800000000000132e+00
4.109999999999999765e-01
1.814999999999999947e-01
