1.969000000000000195e-01
2.669000000000000261e-01
2.681000000000000050e-01
1.314000000000000168e-01
2.144999999999999962e-01
2.001999999999999891e-01
1.711000000000000021e-01
1.229999999999999982e-01
1.193000000000000033e-01
1.509000000000000064e-01
2.248999999999999888e-01
1.606999999999999540e-01
9.199999999999999845e-02
2.114000000000000046e-01
2.324000000000000510e-01
2.293000000000000316e-01
1.975999999999999979e-01
2.777000000000000579e-01
2.296000000000000263e-01
1.529999999999999694e-01
1.601000000000000201e-01
1.660000000000000087e-01
2.239999999999999492e-01
2.095999999999999530e-01
1.912999999999999978e-01
3.271999999999999909e-01
3.366999999999999993e-01
1.148999999999999605e-01
1.185999999999999138e-01
1.478999999999999759e-01
2.077999999999999015e-01
1.459000000000000019e-01
1.680999999999999994e-01
1.063999999999999946e-01
2.492000000000000048e-01
1.836999999999999467e-01
1.980999999999999983e-01
1.182000000000000550e-01
2.332000000000000739e-01
2.955999999999999739e-01
2.893000000000000016e-01
1.583999999999999297e-01
9.459999999999997577e-02
1.898000000000000242e-01
2.604000000000000203e-01
2.029000000000000803e-01
2.268000000000000016e-01
1.380000000000000671e-01
3.473000000000000531e-01
2.666000000000000592e-01
1.384000000000000230e-01
1.985999999999999710e-01
3.388999999999999790e-01
2.175999999999999879e-01
1.256000000000000727e-01
2.117000000000000270e-01
6.630000000000002558e-02
1.502000000000000002e-01
2.099000000000000032e-01
1.898000000000000798e-01
3.833999999999999631e-01
3.637000000000000233e-01
1.947000000000000397e-01
2.346000000000000030e-01
2.357000000000000206e-01
3.173000000000000265e-01
2.297999999999999488e-01
2.088999999999999468e-01
3.109000000000000097e-01
3.555000000000000937e-01
5.002000000000000890e-01
2.777000000000000579e-01
2.139999999999999958e-01
1.914000000000000701e-01
1.793000000000000149e-01
1.852999999999999092e-01
2.096999999999999698e-01
2.264000000000000179e-01
1.710000000000000409e-01
2.211000000000000465e-01
1.423000000000000098e-01
2.052000000000000490e-01
2.509000000000000119e-01
2.258000000000000562e-01
1.694000000000000783e-01
1.450999999999999790e-01
2.002999999999999503e-01
1.721000000000000585e-01
1.642000000000000681e-01
2.095999999999999530e-01
2.016999999999999904e-01
1.709999999999999853e-01
1.565000000000000280e-01
1.759000000000001118e-01
2.225000000000000588e-01
2.780000000000000249e-01
2.504000000000000115e-01
5.595999999999999863e-01
5.416999999999999593e-01
4.715000000000000857e-01
4.487000000000000988e-01
5.664000000000000146e-01
3.270000000000000129e-01
1.626000000000000223e-01
2.282999999999999752e-01
2.968000000000000638e-01
1.802999999999999881e-01
3.678000000000000158e-01
4.417999999999999705e-01
2.541999999999999815e-01
1.959000000000000186e-01
2.060000000000000164e-01
1.524999999999999412e-01
2.745000000000000218e-01
3.190999999999999392e-01
4.054999999999999716e-01
1.830999999999999572e-01
1.215000000000000108e-01
1.814999999999999947e-01
3.007000000000000228e-01
1.547000000000000319e-01
2.459999999999999964e-01
3.561999999999999611e-01
3.650000000000000466e-01
5.398000000000000576e-01
3.192000000000000393e-01
3.538999999999999924e-01
2.314999999999999558e-01
1.030999999999999972e-01
2.073999999999999733e-01
1.591999999999999804e-01
1.916000000000000203e-01
1.943000000000000005e-01
1.038000000000000034e-01
1.141000000000000347e-01
2.134999999999999953e-01
2.371999999999999664e-01
2.972000000000000197e-01
1.899999999999999467e-01
1.313999999999999058e-01
2.083999999999999742e-01
2.915999999999999703e-01
2.475999999999999868e-01
2.497000000000000053e-01
1.801999999999999991e-01
1.486000000000000099e-01
1.500000000000000222e-01
2.074000000000000010e-01
1.993999999999999939e-01
3.488000000000000544e-01
6.339999999999998415e-02
2.132999999999999896e-01
3.115999999999999881e-01
1.794999999999999374e-01
2.595999999999999974e-01
1.885000000000000009e-01
2.905999999999999694e-01
1.325000000000000622e-01
2.422999999999999876e-01
2.528000000000000247e-01
2.101000000000000090e-01
2.030999999999999750e-01
2.110999999999999543e-01
2.562999999999999723e-01
2.067999999999999838e-01
1.693999999999999673e-01
1.725000000000000977e-01
1.086000000000000298e-01
1.568999999999999839e-01
4.611000000000000099e-01
1.020000000000001045e-01
2.119000000000000050e-01
2.961999999999999633e-01
1.962999999999999190e-01
2.974999999999999867e-01
2.746999999999999442e-01
2.439000000000000057e-01
3.105999999999999872e-01
2.623000000000000886e-01
1.927999999999999714e-01
2.467999999999998528e-01
1.981000000000000538e-01
1.588000000000000245e-01
2.627999999999999226e-01
1.146999999999999686e-01
2.505000000000001115e-01
1.532000000000000861e-01
1.661999999999999589e-01
4.410999999999999366e-01
2.022999999999999243e-01
1.675000000000000377e-01
1.722000000000000475e-01
2.396000000000001184e-01
3.455000000000000293e-01
4.452000000000000401e-01
4.320000000000000506e-01
7.656999999999999362e-01
1.092000000000000082e+00
2.747999999999999332e-01
2.182000000000000328e-01
2.466000000000000414e-01
1.980000000000001759e-01
1.087000000000001715e-01
4.680999999999999606e-01
3.567000000000000171e-01
2.691000000000000059e-01
2.234999999999998932e-01
2.887000000000000122e-01
1.253000000000000502e-01
