1.748000000000000109e-01
1.202000000000000152e-01
2.422000000000000264e-01
7.959999999999999021e-02
1.693000000000000060e-01
1.479000000000000037e-01
1.102999999999999953e-01
1.357999999999999763e-01
1.845999999999999863e-01
1.101999999999999924e-01
1.532999999999999641e-01
9.629999999999999671e-02
1.044000000000000067e-01
1.231999999999999762e-01
2.028999999999999970e-01
1.899000000000000132e-01
1.700000000000000122e-01
1.964000000000000190e-01
1.542000000000000037e-01
9.260000000000000175e-02
1.220000000000000112e-01
1.658000000000000029e-01
1.494999999999999940e-01
9.909999999999999365e-02
1.562999999999999945e-01
1.282000000000000361e-01
9.169999999999998985e-02
1.197000000000000008e-01
1.706999999999999906e-01
2.656000000000000028e-01
1.403999999999999970e-01
9.500000000000000111e-02
1.954000000000000181e-01
1.799000000000000044e-01
1.686999999999999611e-01
6.620000000000000884e-02
9.630000000000002447e-02
7.590000000000000913e-02
1.262999999999999678e-01
9.169999999999997597e-02
1.576999999999999791e-01
1.948999999999999622e-01
1.111999999999999933e-01
1.398999999999999966e-01
1.060999999999999999e-01
9.639999999999999958e-02
1.027000000000000274e-01
1.057000000000000023e-01
1.686999999999999611e-01
2.375999999999999779e-01
1.522000000000000020e-01
9.419999999999999207e-02
6.559999999999999165e-02
1.269000000000000128e-01
1.304000000000000159e-01
4.149999999999999523e-02
1.034999999999999809e-01
1.470999999999999530e-01
2.066999999999999948e-01
1.356000000000000538e-01
1.061999999999999889e-01
7.010000000000000953e-02
1.565999999999999892e-01
1.064000000000000085e-01
9.379999999999999449e-02
5.079999999999997018e-02
2.028000000000000080e-01
1.974999999999999811e-01
2.604999999999999538e-01
1.267999999999999960e-01
1.451999999999999957e-01
1.094000000000000250e-01
7.510000000000000009e-02
9.630000000000005222e-02
1.082000000000000045e-01
1.221999999999999892e-01
9.960000000000002185e-02
1.805999999999999828e-01
1.617999999999999994e-01
1.202999999999999764e-01
2.327999999999999514e-01
1.620999999999999663e-01
1.641999999999999849e-01
5.349999999999998507e-02
7.879999999999998117e-02
1.355000000000000093e-01
8.159999999999999198e-02
8.470000000000001139e-02
1.438999999999999724e-01
1.445000000000000173e-01
1.539999999999999980e-01
2.575000000000000067e-01
5.501000000000000334e-01
3.735000000000000542e-01
2.113000000000000156e-01
1.875999999999999890e-01
3.518000000000000016e-01
3.039000000000000590e-01
3.091000000000000414e-01
1.492999999999999883e-01
2.551999999999999824e-01
1.010300000000000198e+00
4.385999999999999899e-01
2.772999999999999909e-01
1.479000000000000037e-01
1.095999999999999891e-01
1.413000000000000089e-01
7.750000000000002720e-02
9.510000000000001785e-02
1.021999999999999853e-01
2.734000000000000319e-01
6.516999999999999460e-01
9.005999999999999561e-01
3.543999999999999373e-01
2.231000000000000483e-01
1.102999999999999814e-01
1.658999999999999364e-01
1.444999999999999618e-01
1.619000000000000439e-01
1.220000000000000390e-01
6.169000000000000039e-01
3.408999999999999808e-01
5.599999999999999423e-01
2.953999999999999959e-01
1.450000000000000178e-01
1.353999999999999648e-01
1.112999999999999823e-01
1.660999999999999699e-01
1.644999999999999796e-01
2.151000000000000134e-01
1.180000000000000215e-01
4.810000000000001080e-02
1.444000000000000283e-01
1.045999999999999291e-01
1.791999999999999704e-01
1.463999999999999746e-01
9.840000000000000135e-02
6.359999999999998987e-02
1.228999999999999676e-01
1.478000000000000147e-01
1.849000000000000088e-01
1.597000000000000086e-01
1.167999999999999872e-01
9.340000000000003855e-02
6.793000000000000149e-01
6.756000000000000894e-01
1.067000000000000448e-01
1.186500000000000110e+00
4.888000000000000123e-01
6.629999999999999227e-01
6.446999999999999398e-01
2.545000000000000595e-01
7.030000000000000138e-02
2.673999999999999710e-01
1.393999999999999684e-01
6.679999999999997051e-02
2.672999999999999821e-01
1.512999999999999901e-01
1.702000000000000179e-01
8.080000000000001070e-02
1.147999999999999854e-01
8.349999999999999090e-02
1.483999999999999486e-01
1.833999999999999519e-01
8.590000000000003189e-02
1.016999999999999849e-01
1.695000000000000118e-01
9.479999999999998150e-02
1.235000000000000125e-01
2.069000000000000283e-01
2.099999999999999645e-01
2.034999999999999587e-01
2.155999999999999861e-01
1.227999999999999925e-01
1.216999999999999749e-01
1.187999999999999612e-01
1.350000000000000089e-01
1.236000000000000293e-01
1.824000000000000343e-01
1.463000000000000134e-01
1.767000000000000237e-01
8.379999999999998561e-02
9.339999999999999691e-02
7.819999999999999174e-02
9.660000000000000531e-02
1.845999999999999863e-01
1.721000000000000307e-01
1.564000000000000112e-01
1.099999999999999589e-01
1.315000000000000058e-01
1.856000000000000427e-01
1.424000000000000266e-01
6.920000000000001150e-02
2.806999999999999496e-01
1.216999999999999749e-01
3.810000000000000053e-01
1.239000000000000101e-01
8.480000000000000038e-02
2.460999999999999854e-01
1.212999999999999773e-01
1.898000000000000242e-01
1.002999999999999725e-01
9.440000000000001168e-02
1.443000000000000116e-01
1.733999999999999986e-01
2.361000000000000043e-01
2.176000000000000156e-01
2.308999999999999941e-01
2.647999999999999798e-01
