2.837999999999999967e-01
1.330000000000000071e-01
8.870000000000000107e-02
1.794999999999999929e-01
9.260000000000001563e-02
8.620000000000001272e-02
1.386000000000000010e-01
2.002999999999999781e-01
1.093000000000000083e-01
1.456000000000000072e-01
1.217000000000000026e-01
1.559000000000000385e-01
7.440000000000002167e-02
2.643000000000000349e-01
1.883999999999999564e-01
1.455000000000000182e-01
2.490000000000000269e-01
2.249000000000000443e-01
1.390999999999999737e-01
6.150000000000001993e-02
8.760000000000002507e-02
1.480000000000000204e-01
1.365000000000000102e-01
1.672999999999999765e-01
1.565999999999999615e-01
1.223999999999999672e-01
1.093999999999999834e-01
1.145000000000000323e-01
4.899999999999997413e-02
1.003000000000000141e-01
1.164000000000000312e-01
1.261999999999999789e-01
1.057999999999999774e-01
1.428999999999999992e-01
2.279000000000000470e-01
1.866000000000000436e-01
1.524000000000000354e-01
1.532999999999999918e-01
7.240000000000006153e-02
1.493000000000000160e-01
1.824999999999999956e-01
4.810000000000000386e-01
3.800999999999999934e-01
2.684000000000000830e-01
1.093000000000000499e-01
1.255999999999999617e-01
1.890000000000000291e-01
1.659999999999999254e-01
1.358999999999999653e-01
1.865999999999999326e-01
1.066999999999999338e-01
1.165999999999999814e-01
1.951000000000000789e-01
1.976999999999999869e-01
1.327000000000000124e-01
1.084000000000000380e-01
2.104000000000000592e-01
2.154999999999999694e-01
1.510000000000000786e-01
1.264999999999999458e-01
8.100000000000000255e-02
1.710000000000000131e-01
1.655999999999999972e-01
2.374000000000000554e-01
1.998000000000000331e-01
8.990000000000003544e-02
1.335000000000000908e-01
8.790000000000008917e-02
1.671999999999999598e-01
2.080000000000000182e-01
2.617999999999999772e-01
1.745999999999999774e-01
1.835999999999999854e-01
2.182000000000000051e-01
1.478999999999999482e-01
1.303999999999999881e-01
2.324000000000000232e-01
9.789999999999990377e-02
1.570999999999999897e-01
2.074999999999999345e-01
2.798999999999999266e-01
2.783999999999999253e-01
2.491999999999999771e-01
1.130000000000000171e-01
1.157999999999999585e-01
1.536999999999999200e-01
2.255999999999999395e-01
2.608000000000000318e-01
2.979999999999999871e-01
2.371999999999999664e-01
2.305999999999999717e-01
4.346000000000000418e-01
3.084000000000000075e-01
1.717999999999999527e-01
2.182000000000000051e-01
2.160999999999999588e-01
2.404999999999999361e-01
1.090999999999999887e-01
1.205000000000000238e-01
1.925000000000000044e-01
1.214999999999999969e-01
7.219999999999995866e-02
1.748999999999999722e-01
9.780000000000003968e-02
1.730000000000000704e-01
2.063000000000000389e-01
2.197000000000000064e-01
1.049999999999999822e-01
1.497000000000000552e-01
1.166000000000000647e-01
9.160000000000001474e-02
2.012000000000000177e-01
2.089000000000000024e-01
1.503999999999999504e-01
1.564000000000000112e-01
1.865000000000000269e-01
2.503999999999999559e-01
2.149000000000000077e-01
2.294999999999999263e-01
2.497999999999999388e-01
3.094000000000000083e-01
2.746999999999999997e-01
1.569999999999999729e-01
2.038000000000000367e-01
1.970000000000000084e-01
3.956999999999999962e-01
2.768999999999999240e-01
3.013000000000000123e-01
1.218999999999999112e-01
5.480000000000004312e-02
1.305000000000000049e-01
9.479999999999995375e-02
1.066000000000000281e-01
2.151000000000000134e-01
3.250999999999999446e-01
2.455999999999999850e-01
1.422000000000000208e-01
1.926000000000000489e-01
1.743000000000000382e-01
1.998000000000000331e-01
1.427999999999999825e-01
1.227000000000000174e-01
1.696000000000000285e-01
2.523999999999999577e-01
1.755999999999999506e-01
7.219999999999997253e-02
2.033999999999999697e-01
1.358999999999999930e-01
1.146999999999999131e-01
9.130000000000002003e-02
1.902999999999999692e-01
1.010999999999999815e-01
1.692000000000000448e-01
1.505999999999999006e-01
1.713000000000000078e-01
2.211999999999999800e-01
3.267000000000000459e-01
2.750999999999999002e-01
2.103999999999999759e-01
2.767999999999998795e-01
2.699000000000000288e-01
1.044000000000000622e-01
1.318999999999999617e-01
9.009999999999997178e-02
5.882000000000000561e-01
7.443999999999999506e-01
3.569000000000000505e-01
2.200999999999999901e-01
1.916999999999999815e-01
1.766999999999999682e-01
1.627999999999999725e-01
1.871999999999999775e-01
2.228999999999999315e-01
2.352999999999999814e-01
1.441999999999999671e-01
1.420000000000000429e-01
9.439999999999997005e-02
1.168999999999999900e-01
1.768000000000000127e-01
2.073999999999999733e-01
2.903000000000000025e-01
1.365000000000000102e-01
1.006999999999999840e-01
1.149000000000000021e-01
1.252999999999999670e-01
1.407999999999999252e-01
1.419999999999999041e-01
1.413000000000000644e-01
1.245000000000000412e-01
2.419000000000000039e-01
2.307999999999999496e-01
1.986000000000000265e-01
1.086000000000000021e-01
1.105999999999999761e-01
1.058000000000000745e-01
1.386000000000000287e-01
1.796999999999999709e-01
1.812999999999999612e-01
2.332000000000000184e-01
1.402000000000000191e-01
1.431000000000000327e-01
2.643000000000000349e-01
2.670000000000000151e-01
1.981999999999999873e-01
1.461999999999999134e-01
1.618999999999999884e-01
2.565999999999999392e-01
2.286999999999999589e-01
1.215000000000000108e-01
