3.130999999999999894e-01
8.720000000000002749e-02
2.180000000000000271e-01
1.165000000000000341e-01
9.370000000000000551e-02
1.320999999999999952e-01
1.721999999999999642e-01
1.270999999999999630e-01
1.193999999999999645e-01
1.090000000000000135e-01
1.041999999999999871e-01
1.157000000000000112e-01
5.999999999999997696e-02
1.721000000000000030e-01
1.455000000000000182e-01
8.469999999999996976e-02
1.314999999999999780e-01
2.537999999999999701e-01
4.754000000000000448e-01
1.142999999999999988e-01
1.108999999999999847e-01
1.446999999999999953e-01
1.220000000000000112e-01
1.097999999999999809e-01
1.250000000000000000e-01
1.733999999999999708e-01
8.319999999999999618e-02
7.340000000000002078e-02
1.082000000000000184e-01
6.350000000000002864e-02
1.973999999999999644e-01
2.201999999999999513e-01
2.858000000000000540e-01
1.335999999999999965e-01
7.270000000000002849e-02
4.586000000000000076e-01
2.224000000000000421e-01
2.403999999999999471e-01
1.133000000000000396e-01
5.604999999999999982e-01
3.763000000000000234e-01
5.610000000000001097e-02
1.160000000000000059e-01
1.544000000000000372e-01
1.169000000000000317e-01
1.663999999999999646e-01
2.291999999999999871e-01
1.633000000000000007e-01
4.857999999999998986e-01
1.568999999999999839e-01
7.470000000000001639e-02
4.209999999999999853e-02
2.055000000000000160e-01
2.238999999999999324e-01
1.822999999999999898e-01
1.759999999999999343e-01
3.567999999999998950e-01
1.023100000000000120e+00
7.010000000000000675e-01
6.823000000000000176e-01
4.368999999999999551e-01
4.579999999999999627e-01
2.974999999999999867e-01
5.454999999999998739e-01
9.810000000000006215e-02
3.114000000000000101e-01
3.942999999999999838e-01
3.410000000000000531e-02
3.317999999999999838e-01
3.540999999999999703e-01
1.290999999999999925e-01
2.460999999999999854e-01
2.101999999999999702e-01
2.197999999999999954e-01
8.899999999999999578e-02
1.769999999999999907e-01
1.962999999999999745e-01
1.011999999999999983e-01
2.472000000000000308e-01
8.590000000000000413e-02
5.514000000000001123e-01
8.972000000000001085e-01
2.018300000000000427e+00
5.149999999999999023e-01
1.459000000000000297e-01
2.102999999999999869e-01
1.657000000000000695e-01
3.306000000000000050e-01
2.273999999999999910e-01
3.064999999999999947e-01
3.050000000000000488e-01
1.858000000000000207e-01
1.987000000000000988e-01
1.541999999999999205e-01
2.373999999999999722e-01
1.379000000000000226e-01
5.729999999999996207e-02
1.513000000000000456e-01
1.181000000000000660e-01
2.851000000000000201e-01
1.795000000000000207e-01
1.898999999999999855e-01
1.878000000000000780e-01
1.971999999999999864e-01
1.775000000000000466e-01
1.857000000000000317e-01
3.139999999999998348e-02
1.147000000000000519e-01
1.312999999999999445e-01
2.019999999999998741e-01
3.697000000000000286e-01
2.676999999999999380e-01
2.352000000000000757e-01
2.048999999999999710e-01
7.043000000000000371e-01
8.480999999999999650e-01
4.668999999999999262e-01
4.071999999999998954e-01
2.399000000000000576e-01
3.295999999999998931e-01
2.437000000000000832e-01
2.423000000000000154e-01
2.439999999999999392e-01
1.750000000000000722e-01
3.551000000000001378e-01
1.145999999999999519e-01
3.162000000000000366e-01
5.403999999999999915e-01
8.115000000000001101e-01
5.229000000000000314e-01
3.215999999999999970e-01
6.445000000000000728e-01
3.709000000000000075e-01
8.270999999999999464e-01
1.089000000000000107e-01
2.117000000000000826e-01
2.317000000000000171e-01
2.571999999999999842e-01
1.958999999999999631e-01
2.487999999999999656e-01
5.786999999999999922e-01
4.182000000000000162e-01
2.130000000000000226e-01
4.997000000000000330e-01
2.551999999999999824e-01
1.801000000000000101e-01
2.250000000000000056e-01
1.794000000000000039e-01
1.065000000000000391e-01
1.289000000000000146e-01
1.550000000000000266e-01
1.157000000000000667e-01
1.316999999999999837e-01
1.323000000000000009e-01
1.202000000000000152e-01
2.281999999999999862e-01
3.567000000000000171e-01
4.335000000000000520e-01
2.009999999999999842e-01
1.406000000000000028e-01
3.679000000000000048e-01
5.774999999999999023e-01
1.038000000000000173e-01
2.704999999999999627e-01
1.189999999999999530e-01
2.839999999999999747e-01
1.668999999999999928e-01
2.990000000000000435e-01
1.572000000000000342e-01
3.926999999999999380e-01
4.415999999999999925e-01
1.391000000000000569e-01
1.605000000000000038e-01
1.453000000000000125e-01
1.300999999999999102e-01
1.411999999999999922e-01
2.269000000000000183e-01
9.569999999999999341e-02
1.852000000000000868e-01
3.131000000000000449e-01
6.340000000000000080e-01
3.255000000000000115e-01
1.799000000000000599e-01
1.165000000000000618e-01
1.667000000000000148e-01
1.665999999999999981e-01
2.621999999999999886e-01
1.185699999999999976e+00
1.547199999999999909e+00
4.132000000000000672e-01
2.781000000000000139e-01
2.290999999999999981e-01
1.821999999999999731e-01
2.774999999999999689e-01
1.055000000000000521e-01
5.900999999999999579e-01
1.373999999999999944e-01
1.188000000000000028e-01
1.317000000000000670e-01
9.799999999999997602e-02
1.401999999999999635e-01
7.599999999999995648e-02
1.457999999999999574e-01
2.197000000000000064e-01
1.646999999999999853e-01
2.572999999999999732e-01
2.029999999999999860e-01
1.488000000000000156e-01
4.443000000000000282e-01
