1.753000000000000114e-01
2.497999999999999665e-01
1.974000000000000199e-01
7.839999999999999747e-02
1.187000000000000277e-01
1.877000000000000335e-01
2.520000000000000018e-01
1.234999999999999709e-01
1.028000000000000025e-01
5.440000000000003860e-02
9.829999999999999849e-02
6.489999999999999936e-02
7.839999999999996971e-02
1.668000000000000038e-01
1.481000000000000094e-01
1.562999999999999945e-01
1.040000000000000091e-01
6.299999999999998657e-02
1.737999999999999823e-01
7.089999999999999081e-02
1.262000000000000344e-01
1.255999999999999894e-01
8.379999999999999949e-02
8.210000000000002018e-02
1.959000000000000463e-01
1.570000000000000284e-01
5.109999999999996489e-02
1.118000000000000105e-01
1.749999999999999889e-01
2.486000000000000432e-01
1.517000000000000293e-01
1.673999999999999932e-01
2.090999999999999526e-01
1.401999999999999913e-01
1.516000000000000125e-01
2.018000000000000071e-01
2.928000000000000047e-01
1.518000000000000460e-01
1.819000000000000616e-01
9.789999999999998703e-02
7.099999999999995204e-02
8.949999999999999623e-02
1.460999999999999799e-01
1.738999999999999990e-01
8.220000000000005080e-02
1.255999999999999617e-01
1.215000000000000940e-01
2.391000000000000070e-01
1.934000000000000163e-01
2.666999999999999926e-01
1.141999999999999543e-01
1.062999999999999640e-01
1.125999999999999779e-01
8.480000000000002813e-02
1.716000000000000303e-01
1.799000000000000044e-01
1.066999999999999754e-01
1.248000000000000359e-01
1.876999999999999502e-01
1.396999999999999909e-01
5.690999999999999392e-01
2.884000000000000452e-01
1.126000000000000195e-01
1.517999999999999905e-01
1.084000000000000102e-01
1.160999999999999949e-01
1.068000000000000616e-01
2.069000000000000006e-01
2.156000000000000139e-01
2.607000000000000428e-01
2.764000000000000901e-01
1.870999999999999885e-01
1.702999999999999792e-01
1.058999999999999803e-01
1.908000000000000251e-01
1.114000000000000129e-01
1.578000000000000513e-01
1.618999999999999606e-01
1.805000000000000215e-01
1.872999999999999665e-01
2.045999999999999763e-01
1.166999999999999982e-01
4.800000000000001488e-02
1.551000000000000156e-01
1.436999999999999944e-01
1.256000000000000449e-01
6.281999999999999806e-01
4.742999999999999439e-01
5.074000000000000732e-01
2.654000000000000248e-01
1.107000000000000067e-01
1.019000000000000183e-01
1.859999999999999709e-01
2.182999999999999940e-01
1.651999999999999580e-01
6.150000000000000605e-02
1.147000000000000103e-01
7.840000000000001135e-02
1.078999999999999959e-01
1.845999999999999863e-01
1.168000000000000288e-01
1.179999999999999938e-01
1.063999999999999946e-01
2.658000000000000362e-01
2.029999999999999583e-01
1.649999999999999523e-01
3.085000000000000520e-01
2.213000000000000522e-01
1.756000000000000338e-01
5.619999999999999996e-02
1.368999999999999939e-01
2.663999999999999702e-01
1.694999999999999563e-01
2.593000000000000305e-01
2.277000000000000690e-01
8.599999999999999312e-02
8.300000000000000433e-02
7.639999999999998181e-02
4.640000000000001068e-02
8.759999999999998344e-02
1.317000000000000115e-01
8.100000000000001643e-02
1.294000000000000428e-01
1.901000000000000190e-01
2.380000000000000171e-01
3.229000000000000203e-01
1.463000000000000411e-01
9.139999999999989799e-02
1.006999999999999285e-01
1.101000000000000312e-01
1.132999999999999563e-01
4.619999999999996332e-02
1.040999999999999703e-01
1.141000000000000625e-01
2.049999999999999323e-01
1.481000000000000372e-01
2.471000000000000418e-01
1.605000000000000038e-01
2.751000000000000112e-01
5.206999999999999407e-01
4.551999999999999935e-01
1.009000000000000452e-01
9.940000000000007163e-02
9.259999999999997400e-02
9.379999999999999449e-02
7.750000000000004108e-02
9.019999999999997464e-02
5.069999999999999507e-02
9.430000000000003657e-02
7.960000000000001796e-02
6.980000000000004257e-02
1.751000000000000334e-01
6.070000000000001783e-02
1.378000000000000891e-01
6.440000000000006830e-02
6.470000000000003526e-02
1.010999999999999815e-01
1.898000000000000242e-01
3.454999999999999183e-01
1.971999999999999864e-01
2.691999999999999948e-01
1.824000000000000343e-01
1.157000000000000250e-01
1.113999999999999435e-01
4.027000000000000579e-01
5.663000000000000256e-01
2.005000000000000115e-01
2.646000000000000019e-01
1.609999999999999765e-01
2.795000000000000262e-01
1.557999999999999940e-01
1.474000000000000032e-01
1.338000000000000300e-01
1.545000000000000262e-01
1.944000000000000172e-01
1.260000000000000286e-01
1.789000000000000312e-01
2.133000000000000451e-01
1.564000000000000390e-01
7.949999999999997347e-02
6.259999999999998899e-02
1.049000000000000071e-01
1.086999999999999911e-01
1.811000000000000110e-01
2.021000000000000019e-01
2.721999999999999975e-01
1.239000000000000518e-01
2.016000000000000292e-01
2.329999999999999849e-01
2.632999999999999785e-01
2.639000000000000234e-01
1.743999999999999995e-01
1.596999999999999809e-01
2.994999999999999329e-01
2.206000000000000183e-01
8.190000000000001446e-02
1.272000000000000075e-01
1.125000000000000167e-01
1.191000000000000253e-01
2.052000000000000213e-01
1.536000000000000143e-01
1.834999999999999964e-01
2.415999999999999814e-01
3.890000000000000124e-01
3.462999999999999412e-01
2.819999999999999729e-01
2.129000000000000059e-01
2.153000000000000469e-01
2.604000000000000759e-01
