5.791999999999999371e-01
9.169999999999998985e-02
2.093999999999999750e-01
2.745999999999999552e-01
4.422000000000000375e-01
1.655000000000000082e-01
2.759000000000000341e-01
3.309000000000000274e-01
2.650000000000000133e-01
2.746000000000000107e-01
3.369000000000000328e-01
1.526999999999999746e-01
3.687999999999999612e-01
1.140999999999999515e-01
4.932999999999999607e-01
2.936000000000000276e-01
2.172999999999999932e-01
4.049999999999996658e-02
1.900000000000000022e-01
1.990000000000000657e-01
1.554999999999999993e-01
1.743999999999999995e-01
1.796999999999999431e-01
1.311999999999999833e-01
5.629999999999998200e-02
1.689999999999999281e-01
1.042000000000000981e-01
2.355999999999998928e-01
1.949000000000000732e-01
1.215000000000000246e-01
1.572000000000000342e-01
2.006000000000000005e-01
1.794999999999998819e-01
2.255999999999999950e-01
2.744000000000000883e-01
3.176999999999999269e-01
1.631000000000000782e-01
1.209000000000000630e-01
6.979999999999997318e-02
2.750999999999999557e-01
1.335999999999999688e-01
2.429999999999998828e-01
2.124999999999999667e-01
2.072999999999998455e-01
1.817000000000000004e-01
1.666000000000001369e-01
1.125000000000000999e-01
1.640000000000000346e-01
2.457000000000000295e-01
6.050000000000002598e-02
1.342999999999998639e-01
2.302999999999999214e-01
1.186999999999999583e-01
1.565000000000000002e-01
2.363000000000001766e-01
3.230000000000000093e-01
2.368000000000000382e-01
1.389000000000000234e-01
1.237000000000000044e-01
1.620000000000000329e-01
1.668999999999999928e-01
2.292999999999999483e-01
3.321999999999999953e-01
2.355000000000000426e-01
2.304000000000000214e-01
1.475999999999999812e-01
1.882999999999999119e-01
2.401999999999999968e-01
1.031000000000000250e-01
1.238000000000000766e-01
1.623000000000000553e-01
1.136999999999998290e-01
2.175000000000001377e-01
1.219999999999999141e-01
1.102999999999998704e-01
2.258999999999997677e-01
2.724000000000000865e-01
1.527999999999998249e-01
2.989000000000000545e-01
2.008000000000000618e-01
1.842000000000000859e-01
1.751999999999999669e-01
1.405999999999999472e-01
1.522000000000001962e-01
1.526000000000000689e-01
1.679000000000000214e-01
1.256999999999999784e-01
1.504999999999998561e-01
1.136000000000002008e-01
2.388000000000001788e-01
1.608999999999999597e-01
1.965999999999999692e-01
9.220000000000000417e-02
1.613000000000000267e-01
2.258000000000000285e-01
1.616999999999998161e-01
9.099999999999994205e-02
1.286999999999998978e-01
2.236999999999999267e-01
1.728999999999999149e-01
1.378000000000000058e-01
1.231000000000001815e-01
5.009999999999997788e-01
4.598000000000000420e-01
3.061000000000000387e-01
5.356000000000000760e-01
1.396999999999997411e-01
2.273999999999999078e-01
2.378999999999999448e-01
2.058999999999999719e-01
2.185000000000000275e-01
1.444000000000000283e-01
1.684000000000000774e-01
1.596000000000000196e-01
2.016000000000000014e-01
3.365000000000000213e-01
3.476999999999998425e-01
1.343000000000000305e-01
3.843000000000000305e-01
2.292000000000000148e-01
1.748000000000000109e-01
1.494999999999999385e-01
1.663000000000000866e-01
1.951999999999999014e-01
1.077999999999999514e-01
1.804999999999999383e-01
1.753999999999999726e-01
1.351000000000001089e-01
2.287000000000001254e-01
2.416399999999999881e+00
4.848000000000000087e-01
1.120600000000000041e+00
6.238999999999998991e-01
8.991999999999997772e-01
6.497999999999999332e-01
5.795999999999998931e-01
3.709000000000000630e-01
2.475999999999999868e-01
1.588000000000001632e-01
2.897999999999999465e-01
2.444000000000000061e-01
1.744999999999998774e-01
2.884999999999998677e-01
3.477000000000000091e-01
2.376999999999998836e-01
3.771999999999999242e-01
4.266999999999999682e-01
1.251000000000001278e-01
3.669999999999999929e-01
1.884000000000000674e-01
1.932000000000001216e-01
3.500000000000000333e-01
4.650000000000001354e-02
1.350000000000001754e-01
6.703999999999998849e-01
2.221999999999998698e-01
3.499999999999998668e-01
2.144999999999997742e-01
3.089999999999998304e-01
3.531000000000000250e-01
1.796999999999999431e-01
4.027000000000000024e-01
2.176999999999999491e-01
2.839000000000001522e-01
2.266000000000001346e-01
1.962000000000002076e-01
8.425000000000001377e-01
3.777999999999998582e-01
2.106000000000000649e-01
5.772000000000001574e-01
1.192000000000000171e+00
8.418999999999997597e-01
4.618999999999999218e-01
1.824999999999996625e-01
4.768000000000001126e-01
1.005399999999999849e+00
4.042999999999999927e-01
3.362000000000000544e-01
8.641000000000000902e-01
1.597999999999999698e-01
2.480000000000000260e-01
3.194999999999997287e-01
3.747000000000001996e-01
1.347000000000000974e-01
6.539999999999998592e-02
6.438000000000000389e-01
5.439000000000000501e-01
2.346000000000001695e-01
2.342000000000000193e-01
1.696999999999999620e-01
3.610999999999999766e-01
3.900999999999999468e-01
1.622999999999998888e-01
1.046000000000000263e-01
7.119999999999984674e-02
2.225999999999998813e-01
5.846000000000000085e-01
2.911999999999999034e-01
5.211000000000001187e-01
2.844999999999999751e-01
1.396999999999999353e-01
3.127000000000000335e-01
1.727999999999999536e-01
1.462000000000001076e-01
2.640000000000000124e-01
3.921999999999997710e-01
2.088000000000000689e-01
1.565999999999998227e-01
3.836999999999999300e-01
