2.496000000000000163e-01
2.114999999999999936e-01
2.525999999999999357e-01
2.585000000000000075e-01
1.426000000000000045e-01
1.946999999999999842e-01
1.434999999999999609e-01
2.544999999999999485e-01
1.449000000000000288e-01
7.250000000000000888e-02
2.108000000000000151e-01
7.589999999999999525e-02
1.160000000000000059e-01
1.763000000000000123e-01
1.451999999999999957e-01
1.377999999999999781e-01
1.213999999999999940e-01
1.750000000000000444e-01
2.460000000000000797e-01
1.669999999999999263e-01
8.330000000000005456e-02
2.161000000000000143e-01
1.326000000000000512e-01
2.504000000000000670e-01
1.908000000000000806e-01
3.303000000000000380e-01
1.746000000000000052e-01
7.619999999999998996e-02
1.257999999999998564e-01
2.354999999999999039e-01
1.558999999999999275e-01
2.045000000000000151e-01
1.272999999999999687e-01
1.648000000000000853e-01
1.344000000000001027e-01
2.814999999999998614e-01
8.329999999999998517e-02
1.403000000000000358e-01
2.460999999999999299e-01
1.779999999999999916e-01
1.537000000000000033e-01
2.033000000000000640e-01
8.210000000000004794e-02
1.587000000000000910e-01
1.383999999999998565e-01
8.499999999999985345e-02
2.289999999999999536e-01
8.680000000000007154e-02
2.442999999999999616e-01
7.340000000000013181e-02
1.336999999999998745e-01
2.491000000000000991e-01
2.209000000000000408e-01
2.437000000000001387e-01
1.058000000000000884e-01
8.029999999999995475e-02
1.752000000000001612e-01
8.899999999999992639e-02
1.278000000000000247e-01
1.521999999999998632e-01
1.318999999999998229e-01
8.790000000000011693e-02
1.624000000000001831e-01
2.008999999999999952e-01
1.046999999999999043e-01
8.950000000000007949e-02
1.040000000000000091e-01
1.224000000000001198e-01
1.456000000000000627e-01
1.197999999999998649e-01
1.658999999999999364e-01
9.020000000000008566e-02
1.658999999999999364e-01
1.563000000000000222e-01
6.549999999999986389e-02
1.780999999999999805e-01
7.649999999999995692e-02
1.806000000000000938e-01
2.051000000000001156e-01
1.532999999999998531e-01
1.411000000000001142e-01
1.215000000000000108e-01
2.101999999999999702e-01
2.162000000000000866e-01
5.929999999999999161e-02
9.760000000000018661e-02
6.930000000000022253e-02
6.840000000000007185e-02
1.090000000000000552e-01
1.056000000000000827e-01
1.194000000000000616e-01
2.274999999999999800e-01
1.971999999999999864e-01
2.761000000000000121e-01
1.319999999999999785e-01
1.904999999999999749e-01
2.016000000000000292e-01
2.806000000000001826e-01
1.001000000000000500e-01
1.358000000000000596e-01
4.569999999999985185e-02
1.769000000000000850e-01
2.499999999999999167e-01
1.212999999999999495e-01
2.929999999999974292e-02
1.904999999999997806e-01
1.745999999999997276e-01
1.498000000000000165e-01
1.408000000000000362e-01
2.182000000000001438e-01
1.783000000000001806e-01
1.674000000000002153e-01
1.759000000000000841e-01
3.189000000000000723e-01
7.719999999999990759e-02
3.664000000000000035e-01
7.965000000000000968e-01
4.434000000000001274e-01
1.268999999999999295e-01
1.649999999999999800e-01
2.942999999999998950e-01
2.006999999999999618e-01
9.279999999999999361e-02
2.363000000000000378e-01
1.098000000000000642e-01
2.498000000000000498e-01
8.180000000000009486e-02
1.628999999999999337e-01
7.480000000000017191e-02
1.609000000000000707e-01
2.222000000000000086e-01
3.226999999999999869e-01
2.671000000000000041e-01
2.902000000000000135e-01
1.539000000000000090e-01
1.016999999999999987e-01
1.472000000000001085e-01
1.130000000000001281e-01
1.539000000000002311e-01
1.578000000000000513e-01
2.600999999999999979e-01
1.741000000000000325e-01
8.749999999999989730e-02
1.596000000000000196e-01
5.699999999999988409e-02
1.861000000000000987e-01
1.129000000000000559e-01
2.973999999999999977e-01
1.735999999999999488e-01
1.552999999999998548e-01
1.042999999999997263e-01
1.749000000000000554e-01
1.935000000000000331e-01
2.486000000000002652e-01
1.218999999999999528e-01
1.885000000000001952e-01
3.217000000000002080e-01
3.594999999999998752e-01
3.987999999999999878e-01
4.146000000000001906e-01
2.665000000000001257e-01
1.471000000000000363e-01
7.719999999999994922e-02
3.391000000000000125e-01
2.793000000000001037e-01
1.685000000000000386e-01
1.885000000000000286e-01
2.181999999999998663e-01
2.728999999999998649e-01
2.327999999999997849e-01
8.630000000000004334e-02
6.990000000000001767e-02
1.562999999999999667e-01
9.649999999999989142e-02
1.206999999999999185e-01
1.661999999999997923e-01
2.129999999999999671e-01
1.587999999999999967e-01
1.073999999999999122e-01
1.722999999999999809e-01
1.538999999999998425e-01
2.029999999999999027e-01
1.591999999999999527e-01
2.217999999999999694e-01
3.000000000000000444e-01
2.101000000000000922e-01
1.339000000000000190e-01
3.625999999999999224e-01
5.009999999999998899e-01
9.679999999999983062e-02
9.620000000000003548e-02
1.325000000000000899e-01
1.889999999999999736e-01
1.708000000000001184e-01
1.046000000000000263e-01
1.714000000000000523e-01
1.516000000000000958e-01
1.350000000000000644e-01
1.328000000000001957e-01
3.595999999999999197e-01
2.712999999999999856e-01
2.306000000000000272e-01
2.218999999999998751e-01
2.848000000000000531e-01
2.334000000000001906e-01
7.289999999999990932e-02
3.172000000000002040e-01
1.970000000000000362e-01
2.594000000000000195e-01
