2.453000000000000180e-01
1.358000000000000040e-01
1.050999999999999990e-01
1.248999999999999971e-01
6.819999999999998286e-02
2.114999999999999936e-01
2.041999999999999926e-01
8.360000000000000764e-02
9.669999999999999429e-02
1.419000000000000261e-01
2.129999999999999949e-01
1.839000000000000079e-01
2.287999999999999756e-01
1.266000000000000181e-01
9.820000000000000950e-02
2.279000000000000192e-01
2.670000000000000151e-01
1.919000000000000150e-01
1.128999999999999865e-01
7.370000000000000162e-02
5.089999999999999386e-02
1.275999999999999912e-01
1.695999999999999730e-01
2.339999999999999580e-01
1.951999999999999846e-01
8.879999999999999005e-02
8.949999999999999623e-02
1.404999999999999860e-01
1.404000000000000248e-01
1.785000000000000198e-01
2.546999999999999820e-01
1.680999999999999994e-01
1.747999999999999832e-01
1.951999999999999846e-01
1.509000000000000341e-01
9.390000000000001124e-02
1.336999999999999578e-01
1.498000000000000165e-01
2.223999999999999866e-01
2.689999999999999614e-01
1.939000000000000168e-01
1.687999999999999778e-01
9.749999999999994782e-02
1.250999999999999890e-01
8.720000000000001361e-02
1.153000000000000136e-01
1.006000000000000227e-01
1.080999999999999739e-01
1.028000000000000025e-01
1.935000000000000053e-01
2.129000000000000059e-01
2.483999999999999819e-01
1.993999999999999939e-01
2.120000000000000495e-01
2.140999999999999848e-01
1.805000000000000215e-01
1.670000000000000095e-01
9.659999999999996367e-02
9.489999999999998437e-02
8.419999999999999707e-02
1.098999999999999838e-01
1.217000000000000026e-01
1.478000000000000147e-01
1.529999999999999694e-01
1.236999999999999905e-01
1.331999999999999851e-01
1.336999999999999855e-01
1.696000000000000008e-01
1.434999999999999609e-01
1.363999999999999380e-01
1.673999999999999932e-01
1.630000000000000060e-01
1.046000000000000679e-01
1.647000000000000131e-01
4.439999999999999503e-02
1.102000000000000063e-01
1.880000000000000004e-01
9.819999999999996787e-02
1.668000000000000038e-01
1.005999999999999950e-01
1.312000000000000666e-01
1.808999999999999775e-01
1.717999999999999527e-01
2.200999999999999623e-01
2.341000000000000025e-01
1.725000000000000144e-01
9.079999999999999183e-02
1.357999999999999763e-01
1.913999999999999868e-01
2.419000000000000317e-01
1.494000000000000328e-01
8.319999999999999618e-02
1.073000000000000065e-01
1.824000000000000066e-01
2.192000000000000060e-01
1.250000000000000555e-01
1.377000000000000446e-01
2.484000000000000652e-01
2.841000000000000192e-01
2.620999999999999996e-01
2.099999999999999645e-01
2.340999999999999748e-01
2.300999999999999712e-01
1.474999999999999645e-01
1.845999999999999308e-01
1.752000000000000224e-01
1.477000000000000535e-01
2.533000000000000251e-01
2.873999999999999888e-01
2.022999999999999521e-01
7.709999999999993248e-02
7.530000000000001970e-02
1.802999999999999603e-01
1.868000000000000216e-01
3.173999999999999599e-01
2.583999999999999631e-01
1.769000000000000017e-01
1.634000000000000175e-01
1.371999999999999886e-01
2.329999999999999849e-01
2.306000000000000272e-01
1.667000000000000426e-01
1.349000000000000477e-01
1.267999999999999960e-01
2.147999999999999909e-01
2.904999999999999805e-01
1.917999999999999705e-01
1.002999999999999586e-01
2.482999999999999929e-01
8.429999999999999993e-02
1.843000000000000194e-01
1.283000000000000251e-01
1.402000000000000191e-01
2.036000000000000310e-01
1.650000000000000078e-01
1.088000000000000078e-01
1.363000000000000600e-01
1.848000000000000198e-01
2.391999999999999960e-01
3.140000000000000013e-01
2.591999999999999860e-01
2.588000000000000300e-01
1.722000000000000197e-01
2.306999999999999329e-01
1.751000000000000334e-01
1.501000000000000112e-01
2.781000000000000694e-01
2.824000000000000399e-01
2.278999999999999360e-01
1.847000000000000031e-01
1.222999999999999921e-01
1.698999999999999677e-01
1.598999999999999866e-01
1.255999999999999894e-01
1.095000000000000417e-01
1.685999999999999721e-01
1.442999999999999561e-01
8.240000000000001490e-02
1.333999999999999908e-01
1.347000000000000419e-01
1.484000000000000319e-01
1.118000000000000105e-01
1.169000000000000317e-01
1.778000000000000136e-01
1.547000000000000042e-01
1.702000000000000179e-01
2.325999999999999734e-01
1.929000000000000159e-01
1.610000000000000042e-01
1.685000000000000109e-01
1.908000000000000251e-01
1.436999999999999944e-01
9.720000000000000862e-02
9.460000000000001741e-02
1.472999999999999865e-01
1.724999999999999867e-01
2.362000000000000210e-01
2.337000000000000188e-01
2.201999999999999513e-01
2.656999999999999917e-01
3.032999999999999585e-01
2.730000000000000204e-01
2.641000000000000014e-01
1.492999999999999883e-01
1.129000000000000004e-01
1.040999999999999981e-01
2.089999999999999913e-01
3.051999999999999713e-01
2.928999999999999937e-01
1.920000000000000040e-01
1.277999999999999969e-01
1.443000000000000393e-01
1.408999999999999697e-01
1.484000000000000041e-01
1.902999999999999692e-01
1.246999999999999775e-01
7.199999999999999456e-02
1.384000000000000230e-01
8.140000000000000013e-02
9.010000000000001341e-02
1.661000000000000254e-01
1.789000000000000035e-01
2.762000000000000011e-01
2.438999999999999779e-01
1.667000000000000426e-01
8.659999999999999643e-02
1.222000000000000308e-01
1.027000000000000274e-01
1.477999999999999869e-01
