3.174000000000000155e-01
1.504999999999999949e-01
6.400000000000000133e-02
1.459000000000000297e-01
2.289000000000000201e-01
2.091000000000000081e-01
2.976000000000000867e-01
1.696999999999999897e-01
1.607999999999999985e-01
1.093000000000000221e-01
1.029999999999999943e-01
2.167000000000000037e-01
2.566999999999999282e-01
2.147000000000000020e-01
2.650000000000000133e-01
3.503000000000000003e-01
1.026000000000000245e-01
9.180000000000000659e-02
1.328999999999999904e-01
1.774000000000000021e-01
2.192000000000000060e-01
1.714999999999999858e-01
1.426999999999999935e-01
1.806999999999999718e-01
2.190999999999999892e-01
2.333000000000000074e-01
2.033000000000000085e-01
1.079999999999999988e-01
7.259999999999999787e-02
1.461999999999999966e-01
1.788999999999999757e-01
3.287999999999999812e-01
2.479000000000000092e-01
9.540000000000001257e-02
1.046999999999999875e-01
3.689999999999999392e-01
2.190000000000000002e-01
1.966000000000000247e-01
1.938000000000000278e-01
1.364000000000000212e-01
1.636000000000000232e-01
2.550000000000000044e-01
2.180999999999999883e-01
2.358000000000000096e-01
2.572999999999999732e-01
6.840000000000001634e-02
3.389999999999998570e-02
1.804999999999999938e-01
1.950999999999999956e-01
1.149999999999999911e-01
1.141999999999999821e-01
1.920000000000000040e-01
2.814999999999999725e-01
2.991000000000000325e-01
1.349000000000000199e-01
1.039999999999999952e-01
1.227000000000000174e-01
4.740000000000000463e-02
8.780000000000000304e-02
1.163000000000000006e-01
2.963999999999999968e-01
2.239999999999999769e-01
1.280999999999999917e-01
6.930000000000000049e-02
1.370000000000000107e-01
1.223999999999999949e-01
1.688999999999999946e-01
2.464999999999999691e-01
2.058000000000000385e-01
1.554999999999999716e-01
1.612000000000000377e-01
2.635000000000000120e-01
1.361999999999999877e-01
7.990000000000001268e-02
1.232000000000000178e-01
1.108000000000000096e-01
1.983999999999999653e-01
1.996999999999999886e-01
1.173999999999999766e-01
1.671000000000000263e-01
1.751000000000000334e-01
2.548000000000000265e-01
1.771000000000000352e-01
1.637000000000000122e-01
1.466000000000000081e-01
6.769999999999999629e-02
1.089999999999999858e-01
1.351999999999999869e-01
2.171000000000000152e-01
2.343000000000000360e-01
1.249999999999999722e-01
1.241000000000000159e-01
1.851999999999999758e-01
1.401999999999999635e-01
2.759999999999999259e-02
2.262000000000000399e-01
2.574000000000000177e-01
2.415999999999999814e-01
1.417999999999999816e-01
9.310000000000002995e-02
1.336999999999999855e-01
2.195999999999999619e-01
3.392999999999999905e-01
2.438000000000000167e-01
2.280999999999999972e-01
2.506000000000000449e-01
1.345000000000000362e-01
1.289000000000000146e-01
9.839999999999995972e-02
2.316000000000000003e-01
2.225000000000000311e-01
1.338999999999999913e-01
1.572000000000000064e-01
6.579999999999999738e-02
8.830000000000005900e-02
1.991000000000000270e-01
2.011000000000000010e-01
1.871000000000000163e-01
2.369999999999999885e-01
2.046999999999999931e-01
1.440999999999999781e-01
9.049999999999999711e-02
2.360000000000000431e-01
9.570000000000000728e-02
1.485000000000000209e-01
1.347000000000000142e-01
4.419999999999998930e-02
7.810000000000000275e-02
1.108999999999999986e-01
2.016999999999999627e-01
1.747999999999999832e-01
3.009000000000000563e-01
2.939999999999999836e-01
1.645999999999999408e-01
3.038999999999999480e-01
5.263999999999999790e-01
4.116999999999999549e-01
1.760000000000000453e-01
2.782000000000000028e-01
2.126000000000000112e-01
3.025000000000000466e-01
2.173999999999999821e-01
3.013999999999999457e-01
3.216999999999999860e-01
1.790999999999999814e-01
1.073000000000000481e-01
1.214999999999999969e-01
1.303999999999999604e-01
1.362999999999999490e-01
2.088999999999999746e-01
1.346999999999999864e-01
9.139999999999999514e-02
1.568999999999999839e-01
1.776999999999999968e-01
1.772000000000000519e-01
1.524000000000000077e-01
1.249999999999999861e-01
1.107999999999999818e-01
1.591000000000000192e-01
1.320999999999999952e-01
1.670999999999999708e-01
2.265000000000000069e-01
1.340999999999999692e-01
9.560000000000001830e-02
2.342000000000000193e-01
2.052999999999999825e-01
3.242000000000000437e-01
2.878000000000000558e-01
4.381999999999999784e-01
2.192999999999999672e-01
1.450000000000000178e-01
2.156000000000000139e-01
2.409999999999999643e-01
2.596999999999999309e-01
2.156999999999999751e-01
2.510999999999999899e-01
2.933999999999999941e-01
1.178999999999999493e-01
1.131000000000000061e-01
5.256999999999999451e-01
3.336000000000000076e-01
1.710000000000000409e-01
3.099000000000000643e-01
3.914000000000000812e-01
2.541000000000000481e-01
2.038999999999999979e-01
1.547999999999999932e-01
5.629999999999993343e-02
2.506999999999999784e-01
1.790999999999999814e-01
2.514999999999998903e-01
2.414999999999999925e-01
1.150999999999999940e-01
1.184000000000000608e-01
3.236999999999999877e-01
2.903000000000000580e-01
1.643999999999999906e-01
2.029000000000000248e-01
3.475000000000000311e-01
3.034000000000000585e-01
1.481000000000000649e-01
1.745000000000000440e-01
2.472999999999999643e-01
1.942000000000000115e-01
2.918000000000000593e-01
1.465999999999998971e-01
3.457000000000000073e-01
7.851000000000001311e-01
1.279800000000000049e+00
