6.004999999999999227e-01
5.474000000000001087e-01
5.117000000000000437e-01
2.402000000000000246e-01
1.345000000000000084e-01
1.519000000000000350e-01
1.593999999999999306e-01
2.313999999999999946e-01
1.597000000000000086e-01
2.366000000000000048e-01
1.190999999999999975e-01
1.602000000000000091e-01
2.287000000000000144e-01
4.049000000000000377e-01
7.677999999999999270e-01
6.065999999999999170e-01
6.142000000000000792e-01
4.936000000000000387e-01
3.055999999999999828e-01
3.199999999999999512e-01
6.028000000000000025e-01
5.121999999999999886e-01
4.642999999999999905e-01
2.352000000000000479e-01
2.337999999999999801e-01
1.007999999999999730e-01
1.190999999999999143e-01
8.009999999999996290e-02
3.770000000000005291e-02
2.517000000000000348e-01
1.827999999999999903e-01
1.943999999999999617e-01
2.394999999999999907e-01
5.831000000000000627e-01
9.476999999999999869e-01
6.277000000000000357e-01
4.279000000000000026e-01
3.275900000000000034e+00
2.555800000000000072e+00
2.060999999999999777e-01
3.179999999999999494e-01
1.566000000000000725e-01
5.508999999999999453e-01
3.928000000000000380e-01
1.615000000000000324e-01
1.802000000000000546e-01
1.438000000000000389e-01
2.622999999999999776e-01
1.381000000000000560e-01
1.478599999999999914e+00
5.652999999999999137e-01
1.103500000000000147e+00
1.060000000000000109e-01
1.388000000000002565e-01
1.509999999999999953e-01
2.740000000000000213e-01
2.543999999999998485e-01
1.227000000000000868e-01
1.079999999999999571e-01
8.439999999999991953e-02
9.349999999999991651e-02
2.588000000000000300e-01
5.090000000000001190e-01
7.859000000000000430e-01
6.663500000000000867e+00
2.676199999999999690e+00
1.526799999999999935e+00
5.246000000000000663e-01
3.983299999999999841e+00
1.452099999999999724e+00
6.999000000000001886e-01
8.709999999999999964e-01
7.959000000000001629e-01
2.855000000000000870e-01
4.657000000000000028e-01
3.612000000000000766e-01
9.599999999999986322e-02
2.871000000000000218e-01
9.129000000000000448e-01
3.079000000000001736e-01
4.750999999999999668e-01
2.976000000000001977e-01
5.713000000000001410e-01
1.150399999999999867e+00
7.686999999999997168e-01
6.645000000000003126e-01
8.428999999999998716e-01
7.983999999999997765e-01
6.644000000000003237e-01
5.692000000000001503e-01
1.364400000000000057e+00
9.586999999999998856e-01
9.078999999999999293e-01
4.010999999999998455e-01
8.121000000000001551e-01
8.353000000000001535e-01
3.458999999999998187e-01
1.057900000000000285e+00
9.920999999999998709e-01
5.850999999999998424e-01
9.996000000000000441e-01
4.372000000000000330e-01
3.103999999999998982e-01
1.862999999999999656e-01
1.130000000000000449e-01
3.099000000000000643e-01
3.848399999999999821e+00
1.845100000000000184e+00
9.768000000000001126e-01
9.497999999999999776e-01
4.098000000000000531e-01
1.014499999999999957e+00
6.246000000000000441e-01
6.831000000000000405e-01
1.610000000000000320e-01
2.488999999999999546e-01
3.429999999999999161e-01
9.064000000000000945e-01
6.292999999999999705e-01
3.361999999999999433e-01
1.842799999999999772e+00
1.187599999999999989e+00
6.473999999999998645e-01
5.773999999999999133e-01
3.471000000000000196e-01
8.095000000000001084e-01
1.869499999999999940e+00
7.938999999999999391e-01
2.354999999999999871e-01
3.201999999999999846e-01
5.544000000000000039e-01
1.207500000000000018e+00
8.312999999999999279e-01
1.813000000000000167e+00
2.407299999999999773e+00
2.064100000000000268e+00
5.367999999999999439e-01
2.050000000000000266e+00
1.359699999999999687e+00
3.217799999999999994e+00
2.739200000000000301e+00
3.255300000000000082e+00
2.439300000000000246e+00
3.257099999999999884e+00
2.387699999999999712e+00
4.028000000000000469e-01
4.824999999999999289e-01
9.312000000000000277e-01
4.762000000000000677e-01
4.165000000000000369e-01
2.008000000000000618e-01
1.979999999999999261e-01
3.552999999999999492e-01
5.362000000000000099e-01
8.848000000000000309e-01
4.138000000000000567e-01
9.628999999999999782e-01
2.021099999999999675e+00
4.110000000000000320e-01
4.247999999999999554e-01
3.978999999999999759e-01
3.097999999999999643e-01
9.839999999999994584e-02
1.809500000000000330e+00
2.157100000000000239e+00
1.286600000000000188e+00
3.021999999999999353e+00
1.286899999999999933e+00
4.927000000000000268e-01
7.995999999999999774e-01
1.034299999999999997e+00
1.556000000000000050e+00
2.121000000000000107e-01
6.075999999999999179e-01
1.671799999999999731e+00
1.174499999999999877e+00
2.149899999999999700e+00
6.945999999999998842e-01
1.789199999999999680e+00
2.279899999999999594e+00
1.156000000000000139e+00
6.843000000000001304e-01
5.287400000000000766e+00
1.275500000000000522e+00
2.798999999999999932e+00
4.133999999999999342e-01
7.793999999999999817e-01
1.143000000000000238e+00
7.122000000000002773e-01
1.361899999999999888e+00
8.584999999999998188e-01
1.038899999999999713e+00
1.061800000000000077e+00
1.212800000000000100e+00
1.277100000000000346e+00
2.153300000000000214e+00
1.183599999999999763e+00
1.980799999999999894e+00
1.519600000000000284e+00
4.330000000000001070e-01
2.020299999999999763e+00
2.921899999999999942e+00
4.203200000000000713e+00
4.622900000000000453e+00
3.215000000000000302e+00
1.550300000000000011e+00
1.243800000000000239e+00
5.515999999999999792e-01
1.676999999999999325e-01
