2.734999999999999654e-01
2.112000000000000544e-01
2.665000000000000147e-01
2.096999999999999975e-01
2.327000000000000179e-01
2.157000000000000028e-01
1.250000000000000000e-01
1.642000000000000126e-01
2.003999999999999948e-01
1.227999999999999925e-01
1.539000000000000090e-01
1.471000000000000085e-01
8.399999999999996358e-02
1.562999999999999667e-01
2.748000000000000442e-01
1.426999999999999935e-01
1.932999999999999996e-01
5.509999999999998926e-02
1.617999999999999994e-01
1.953999999999999904e-01
2.103999999999999759e-01
1.314999999999999780e-01
1.119000000000000550e-01
1.424000000000000266e-01
2.346000000000000307e-01
2.570000000000000062e-01
3.064999999999999947e-01
3.230999999999999983e-01
2.297999999999999765e-01
4.649000000000000354e-01
1.681999999999999607e-01
2.641000000000000014e-01
2.045000000000000151e-01
1.421999999999999931e-01
1.307999999999999996e-01
1.958000000000000018e-01
3.245000000000000107e-01
1.885000000000000286e-01
1.397999999999999798e-01
2.037999999999999812e-01
2.070000000000000451e-01
2.875000000000000888e-01
2.200000000000000289e-01
2.353999999999999704e-01
1.287000000000000366e-01
2.149000000000000354e-01
2.309999999999999554e-01
2.498999999999999833e-01
4.135999999999999677e-01
4.102000000000000646e-01
2.315000000000000946e-01
2.268000000000000294e-01
1.981999999999999040e-01
9.229999999999996541e-02
8.180000000000001159e-02
1.660999999999999699e-01
1.530999999999999861e-01
2.015000000000000124e-01
2.531999999999999806e-01
2.118000000000000160e-01
2.743000000000000438e-01
1.866999999999999771e-01
7.400000000000006573e-02
1.334000000000000186e-01
1.289000000000000146e-01
2.188000000000000500e-01
2.162999999999999923e-01
9.080000000000001958e-02
1.265999999999999903e-01
1.994999999999999829e-01
2.792000000000000037e-01
3.238999999999999102e-01
2.987999999999999545e-01
2.820000000000000284e-01
1.958999999999999908e-01
9.330000000000006344e-02
2.327000000000000735e-01
3.348000000000000975e-01
2.499000000000000110e-01
5.449999999999996514e-02
2.211000000000000743e-01
2.613000000000000878e-01
1.061000000000000554e-01
1.574000000000000399e-01
2.385000000000000175e-01
1.995999999999999719e-01
9.929999999999997162e-02
4.428000000000000269e-01
2.711999999999999411e-01
1.693999999999999395e-01
2.404999999999999638e-01
2.802999999999999936e-01
2.309999999999999831e-01
1.804000000000000048e-01
1.261000000000000454e-01
2.101000000000000922e-01
2.386999999999999678e-01
3.057999999999999607e-01
1.937999999999999723e-01
1.605999999999999650e-01
7.550000000000005318e-02
1.442999999999999838e-01
1.402999999999999803e-01
2.765999999999999570e-01
2.824999999999999178e-01
1.243999999999998995e-01
1.644999999999999518e-01
1.736999999999999933e-01
8.760000000000005282e-02
1.030999999999999833e-01
1.776999999999999691e-01
1.590999999999999637e-01
1.830999999999999295e-01
1.913999999999999868e-01
2.450999999999999845e-01
2.893000000000000016e-01
2.439999999999999392e-01
2.137999999999999901e-01
9.720000000000009188e-02
2.120000000000000495e-01
2.326000000000000290e-01
2.795999999999999597e-01
2.640000000000000124e-01
2.159000000000000641e-01
9.919999999999999651e-02
9.820000000000002338e-02
1.143999999999999462e-01
1.058999999999999803e-01
1.313000000000000000e-01
2.177000000000000046e-01
2.184000000000000108e-01
1.585000000000000298e-01
7.870000000000001994e-02
8.459999999999993914e-02
1.535999999999999865e-01
1.773000000000000131e-01
2.284999999999999531e-01
2.201000000000000179e-01
2.180000000000000548e-01
2.695000000000000728e-01
2.439000000000000334e-01
1.878000000000000502e-01
1.399000000000000243e-01
1.803999999999998938e-01
2.216999999999999527e-01
2.523000000000000798e-01
9.840000000000004299e-02
7.269999999999994522e-02
1.434999999999999609e-01
8.209999999999997855e-02
1.435999999999999499e-01
1.949000000000000177e-01
1.724999999999999589e-01
2.127999999999999614e-01
2.791999999999999482e-01
2.190000000000000280e-01
2.578999999999999626e-01
2.712999999999999856e-01
9.620000000000004936e-02
1.363999999999999102e-01
2.430999999999999828e-01
2.416000000000000092e-01
1.696999999999999897e-01
1.224999999999999423e-01
1.157000000000000250e-01
1.637999999999999456e-01
2.057999999999999552e-01
1.541999999999999760e-01
8.740000000000006097e-02
9.590000000000004077e-02
2.427999999999999603e-01
2.722999999999999865e-01
2.266000000000000236e-01
2.729000000000000314e-01
1.995000000000000107e-01
1.586999999999999522e-01
1.448999999999999455e-01
1.114000000000000407e-01
1.336000000000000243e-01
1.731999999999999929e-01
2.975000000000000422e-01
2.803999999999999826e-01
2.498999999999999555e-01
2.143999999999999517e-01
2.532999999999999696e-01
3.092000000000000304e-01
1.960000000000000353e-01
2.791000000000000703e-01
7.824999999999998623e-01
4.407999999999999696e-01
4.925999999999999268e-01
2.736000000000000099e-01
2.721000000000001195e-01
2.311000000000000276e-01
1.887000000000000344e-01
1.947000000000000397e-01
8.560000000000000941e-02
8.279999999999991533e-02
1.446999999999999398e-01
1.811999999999999722e-01
1.394999999999999019e-01
1.922999999999999432e-01
2.905000000000000360e-01
3.762999999999999678e-01
3.305000000000000160e-01
3.079000000000000625e-01
2.051000000000000323e-01
1.357000000000000428e-01
4.550000000000007511e-02
