7.730000000000000759e-02
1.804999999999999938e-01
1.353000000000000036e-01
1.111000000000000182e-01
1.932999999999999996e-01
1.973999999999999644e-01
3.140000000000000013e-01
2.678999999999999715e-01
1.614999999999999492e-01
1.415000000000000147e-01
1.730000000000000149e-01
1.106999999999999929e-01
1.511999999999999733e-01
1.460000000000000187e-01
1.061999999999999750e-01
1.127000000000000085e-01
1.554999999999999993e-01
1.777999999999999581e-01
2.242999999999999994e-01
2.761000000000000121e-01
2.766000000000000125e-01
1.960999999999999688e-01
4.343000000000000194e-01
3.176999999999999824e-01
1.864000000000000656e-01
1.005000000000000199e-01
1.290999999999999925e-01
1.036000000000000254e-01
8.430000000000001381e-02
1.295000000000000040e-01
8.130000000000003890e-02
4.569999999999996287e-02
2.787000000000000033e-01
3.158999999999999031e-01
2.516999999999999793e-01
2.169999999999999707e-01
2.014000000000000234e-01
8.119999999999995277e-02
1.339999999999998692e-01
1.382999999999998952e-01
1.986999999999999600e-01
1.061999999999999195e-01
2.730000000000000204e-01
1.341999999999999860e-01
8.319999999999996843e-02
1.489999999999999658e-01
1.589999999999999747e-01
1.774000000000000021e-01
1.921000000000000485e-01
1.795000000000000484e-01
1.763000000000000678e-01
1.410999999999999477e-01
6.710000000000003462e-02
1.833000000000000740e-01
1.910000000000000031e-01
2.371000000000000330e-01
4.538999999999999702e-01
1.155900000000000150e+00
4.464000000000000190e-01
1.600000000000000033e-01
1.508999999999999786e-01
1.222000000000000308e-01
1.786000000000000087e-01
5.368999999999999329e-01
3.610999999999999766e-01
1.046000000000000263e-01
1.519000000000000350e-01
2.742999999999999883e-01
1.629999999999999227e-01
1.993000000000000049e-01
2.397999999999999854e-01
1.545000000000000262e-01
8.074999999999998845e-01
3.507999999999998342e-01
2.487999999999999934e-01
3.173000000000000820e-01
5.584000000000000075e-01
2.497999999999999665e-01
1.408999999999999697e-01
1.668999999999999651e-01
3.347000000000000530e-01
8.680000000000002991e-02
7.540000000000000036e-01
6.340000000000000080e-01
4.468000000000000305e-01
2.830999999999999628e-01
8.215999999999998860e-01
3.603000000000000091e-01
9.980000000000002758e-02
1.423000000000000376e-01
6.103000000000000647e-01
4.238000000000000655e-01
2.307999999999999496e-01
1.509000000000000064e-01
1.480000000000000204e-01
4.769999999999999796e-01
1.346999999999999864e-01
1.916000000000000203e-01
2.605000000000000093e-01
1.315999999999999115e-01
1.583000000000000240e-01
2.424999999999999933e-01
2.736000000000000654e-01
6.057000000000000162e-01
3.919999999999999041e-01
8.901000000000000023e-01
5.625999999999999890e-01
4.474000000000000199e-01
3.281000000000000028e-01
1.130000000000000171e-01
2.330000000000000404e-01
1.321000000000000507e-01
2.702000000000000512e-01
5.576999999999999735e-01
3.875999999999999446e-01
2.391999999999999682e-01
2.317999999999999783e-01
2.309000000000000496e-01
6.330000000000006455e-02
1.145000000000000184e-01
1.887999999999999678e-01
1.939000000000000723e-01
2.396999999999999964e-01
1.558999999999999553e-01
1.073000000000001175e-01
1.802000000000000823e-01
3.676000000000000378e-01
4.115000000000000324e-01
2.991000000000000325e-01
1.882999999999999674e-01
7.649999999999998468e-02
2.593999999999999639e-01
1.910000000000001141e-01
3.169999999999999485e-01
3.244000000000001327e-01
2.889000000000000457e-01
6.280000000000001137e-01
3.208000000000000296e-01
1.246999999999999498e-01
2.127999999999999892e-01
2.059999999999999887e-01
2.034999999999999587e-01
1.281000000000001027e-01
3.119999999999999440e-01
4.219000000000000528e-01
5.912999999999999368e-01
3.739000000000000101e-01
2.117000000000000270e-01
2.676000000000000600e-01
4.737000000000000099e-01
3.920000000000000151e-01
4.678999999999999826e-01
3.679999999999999383e-01
3.043999999999998374e-01
4.746999999999998998e-01
1.742399999999999949e+00
2.790999999999999037e-01
6.547000000000000597e-01
4.320000000000001061e-01
1.849999999999999978e-01
1.760999999999999788e-01
2.462999999999999634e-01
2.932000000000000162e-01
1.144999999999999629e-01
3.370999999999999552e-01
3.271999999999999909e-01
3.733999999999998987e-01
3.613999999999999990e-01
2.614000000000000767e-01
4.265999999999999792e-01
5.449999999999998179e-01
3.180999999999999939e-01
8.250999999999999446e-01
4.133000000000000007e-01
4.279999999999999916e-01
6.445999999999999508e-01
1.024800000000000155e+00
2.476999999999999758e-01
5.076000000000000512e-01
1.987300000000000066e+00
2.049599999999999866e+00
4.628000000000001002e-01
3.888000000000001455e-01
1.077499999999999902e+00
2.397000000000000242e-01
2.990000000000000435e-01
8.046999999999998598e-01
1.217000000000000026e-01
9.689999999999997227e-02
2.909999999999999254e-01
4.429999999999999494e-01
8.174000000000000155e-01
1.086199999999999832e+00
3.310000000000000164e-01
3.816000000000000503e-01
4.218000000000000638e-01
2.384999999999999620e-01
2.967999999999998972e-01
3.636999999999999122e-01
5.143999999999999684e-01
4.106000000000000760e-01
3.036000000000000365e-01
7.248999999999999888e-01
1.127399999999999958e+00
5.559999999999999387e-01
3.597000000000000752e-01
6.478999999999999204e-01
3.283999999999999142e-01
3.566999999999999060e-01
