2.553999999999999604e-01
9.889999999999998792e-02
1.591000000000000192e-01
2.637999999999999790e-01
1.465000000000000191e-01
1.448000000000000120e-01
1.090999999999999887e-01
1.393999999999999961e-01
1.073000000000000065e-01
1.439000000000000279e-01
9.940000000000000224e-02
7.530000000000000582e-02
7.840000000000001135e-02
1.289999999999999758e-01
1.081999999999999906e-01
5.290000000000000258e-02
1.062999999999999778e-01
1.637000000000000122e-01
2.355000000000000149e-01
1.428999999999999715e-01
1.201999999999999735e-01
1.270000000000000018e-01
1.717999999999999805e-01
1.487999999999999878e-01
1.824999999999999956e-01
1.599999999999999756e-01
1.379999999999999838e-01
1.235999999999999877e-01
1.041000000000000258e-01
9.901999999999999691e-01
3.369199999999999751e+00
9.439099999999999824e+00
6.548700000000000188e+00
1.442599999999999882e+00
5.576999999999999735e-01
7.269999999999999796e-01
3.298999999999999155e-01
2.882000000000000117e-01
2.338000000000003964e-01
2.141000000000000958e-01
1.738999999999999435e-01
2.380000000000001559e-01
1.706000000000000294e-01
2.195999999999998509e-01
2.364999999999999325e-01
2.504000000000004000e-01
1.524000000000002575e-01
1.657000000000000695e-01
1.790999999999998149e-01
1.320000000000000895e-01
5.889999999999970259e-02
1.185000000000001052e-01
1.136999999999997596e-01
3.451000000000001289e-01
3.280999999999998362e-01
1.409999999999999865e-01
8.279999999999987370e-02
1.149999999999999495e-01
1.635000000000000064e-01
1.338000000000000300e-01
1.098999999999999561e-01
2.341000000000000858e-01
3.486000000000002985e-01
9.797999999999998932e-01
1.516399999999999970e+00
7.555000000000000604e-01
6.872999999999998000e-01
3.929000000000000825e-01
9.281999999999999140e-01
3.762199999999999989e+00
1.701200000000000045e+00
9.246000000000000885e-01
1.757700000000000262e+00
1.404099999999999904e+00
1.352000000000000313e+00
2.247999999999997778e-01
2.608299999999999841e+00
2.383799999999999475e+00
8.632999999999999563e-01
4.752999999999998892e-01
1.663000000000002254e-01
2.747999999999999887e-01
7.850000000000012523e-02
1.815999999999999281e-01
1.388999999999998014e-01
2.124999999999998002e-01
2.387000000000000788e-01
1.308000000000000829e-01
1.506000000000001227e-01
1.063000000000000611e-01
1.755000000000000449e-01
1.210999999999998189e-01
9.329999999999993854e-02
1.781000000000000361e-01
1.774999999999999356e-01
1.050000000000001488e-01
1.919000000000000150e-01
1.420999999999999486e-01
4.519999999999968487e-02
5.909999999999990261e-02
3.101999999999999202e-01
2.369999999999998219e-01
1.703999999999999126e-01
1.212999999999997691e-01
2.530999999999996586e-01
9.109999999999993103e-02
2.596999999999998199e-01
1.728000000000000647e-01
1.966199999999999948e+00
3.569999999999999840e-01
3.942000000000001059e-01
2.278999999999999360e-01
1.651999999999999580e-01
1.490999999999999548e-01
1.661000000000000809e-01
1.492999999999998773e-01
1.974999999999999811e-01
1.281999999999999529e-01
7.689999999999997948e-01
1.163800000000000168e+00
1.026100000000000012e+00
5.725000000000000089e-01
1.172000000000000375e+00
7.805000000000000826e-01
3.787099999999999689e+00
1.005699999999999816e+00
3.861000000000001098e-01
1.170000000000001039e-01
1.964999999999997859e-01
3.219000000000001860e-01
2.760999999999999011e-01
2.521999999999999797e-01
1.234000000000000652e-01
1.327000000000002344e-01
2.070000000000001283e-01
9.290000000000003810e-02
1.385000000000000953e-01
1.007999999999999174e-01
1.284000000000000696e-01
1.140000000000001290e-01
1.730999999999998096e-01
1.200999999999999429e-01
6.219999999999997753e-02
5.999999999999995615e-02
9.080000000000015836e-02
1.450999999999999512e-01
1.504999999999999949e-01
3.989999999999996327e-02
8.050000000000011313e-02
9.039999999999989710e-02
1.608000000000000540e-01
7.119999999999999940e-02
7.449999999999967759e-02
1.265999999999998793e-01
1.106000000000000039e-01
1.149999999999997413e-01
1.286999999999999533e-01
1.514999999999999403e-01
1.453000000000000125e-01
9.659999999999986653e-02
8.360000000000003539e-02
1.333999999999999908e-01
1.053399999999999892e+00
9.316999999999998616e-01
1.578400000000000247e+00
2.587699999999999889e+00
3.706599999999999895e+00
1.535800000000000054e+00
2.176199999999999690e+00
6.847000000000000863e-01
5.575000000000001066e-01
2.006600000000000161e+00
5.423000000000000043e-01
4.212000000000001299e-01
2.087200000000000166e+00
2.162700000000000067e+00
6.887999999999999678e-01
2.417000000000000814e-01
9.490000000000003988e-02
7.179999999999997495e-02
2.250999999999999668e-01
1.834000000000000630e-01
6.697000000000000730e-01
4.169000000000001593e-01
1.636999999999999567e-01
1.417000000000000481e-01
2.262000000000001787e-01
3.681999999999999718e-01
2.259000000000000341e+00
8.540000000000002034e-01
2.518000000000001348e-01
1.496499999999999719e+00
1.964699999999999891e+00
1.784799999999999942e+00
3.225999999999997758e-01
4.601999999999999424e-01
1.608999999999999320e-01
2.227000000000000091e-01
1.596000000000000196e-01
1.320000000000001172e-01
2.220999999999999641e-01
9.170000000000005924e-02
1.297000000000002595e-01
9.980000000000011084e-02
6.190000000000001057e-02
1.349000000000000199e-01
1.247000000000001996e-01
1.373000000000000331e-01
1.106000000000000871e-01
