3.360999999999999543e-01
3.385000000000000231e-01
1.927999999999999992e-01
3.588000000000000078e-01
2.575999999999999956e-01
1.544000000000000372e-01
3.224000000000000199e-01
5.505000000000001004e-01
6.160000000000001030e-01
1.807999999999999885e-01
1.173000000000000154e-01
1.146000000000000074e-01
1.782000000000000250e-01
1.789000000000000035e-01
1.839000000000000079e-01
2.434999999999999942e-01
3.073000000000000176e-01
1.544000000000000372e-01
3.140000000000000568e-01
4.150000000000000355e-01
3.443000000000000504e-01
5.518999999999999462e-01
1.946299999999999919e+00
7.883999999999998787e-01
8.160999999999999366e-01
1.681000000000000272e-01
1.444000000000000283e-01
4.049000000000000377e-01
1.454999999999999905e-01
3.430000000000000271e-01
5.606999999999999762e-01
7.331000000000000849e-01
5.128000000000000336e-01
3.592999999999999527e-01
3.612999999999999545e-01
4.152000000000000135e-01
2.455999999999999850e-01
2.086999999999999966e-01
3.105999999999999872e-01
3.248999999999999666e-01
1.571000000000000174e-01
2.048000000000000376e-01
2.859000000000000430e-01
3.189000000000000168e-01
2.348999999999999977e-01
2.511000000000000454e-01
1.937000000000000111e-01
1.384000000000000230e-01
1.539999999999999980e-01
1.486999999999999711e-01
2.097999999999999865e-01
2.497000000000000053e-01
2.432000000000000273e-01
2.884999999999999787e-01
3.432999999999999385e-01
2.152999999999999914e-01
1.874000000000000110e-01
1.573999999999999844e-01
4.625000000000000222e-01
4.112000000000000099e-01
2.324999999999999845e-01
1.595999999999999919e-01
1.773999999999999744e-01
2.770000000000000240e-01
3.920000000000000151e-01
4.430999999999999939e-01
2.572999999999999732e-01
1.736000000000000043e-01
1.162999999999999867e-01
1.554000000000000103e-01
2.606999999999999873e-01
3.607999999999998986e-01
3.539999999999999813e-01
1.658999999999999919e-01
2.706000000000000072e-01
4.218999999999999417e-01
3.423000000000000487e-01
2.519000000000000128e-01
1.486999999999999988e-01
1.166000000000000092e-01
2.783999999999999808e-01
2.336999999999999911e-01
1.761000000000000065e-01
1.315999999999999392e-01
2.292999999999999761e-01
1.990999999999999992e-01
3.536999999999999589e-01
3.936999999999999389e-01
3.577000000000000179e-01
2.936999999999999611e-01
2.697999999999999843e-01
1.989999999999999825e-01
1.350000000000000089e-01
6.060000000000001497e-02
1.586000000000000187e-01
3.170000000000000040e-01
2.854999999999999760e-01
1.881000000000000172e-01
5.129999999999998450e-02
4.398999999999999577e-01
5.075999999999999401e-01
3.549999999999999822e-01
2.608999999999999653e-01
1.930000000000000049e-01
2.128000000000000169e-01
2.430999999999999828e-01
3.317999999999999838e-01
4.064999999999999725e-01
4.719999999999999751e-01
2.978999999999999426e-01
2.585000000000000075e-01
8.590000000000001801e-02
1.704999999999999849e-01
2.908000000000000029e-01
4.340999999999999859e-01
4.799000000000001043e-01
3.559999999999999831e-01
2.901999999999999580e-01
1.834000000000000075e-01
1.844999999999999973e-01
1.562999999999999945e-01
3.986000000000000654e-01
3.144000000000000128e-01
2.953999999999999959e-01
3.497000000000000108e-01
1.767000000000000515e-01
1.139000000000000012e-01
3.244000000000000217e-01
4.489000000000000212e-01
5.897999999999998799e-01
6.470999999999998975e-01
2.321000000000000285e-01
6.277000000000000357e-01
2.168000000000000205e-01
6.051999999999999602e-01
3.847000000000000419e-01
3.582000000000000739e-01
1.659999999999998699e-01
2.081999999999999407e-01
1.107000000000000206e-01
2.742000000000000548e-01
4.052000000000000601e-01
3.235999999999999988e-01
8.129999999999999727e-02
2.477000000000000313e-01
3.341000000000000636e-01
4.325999999999999845e-01
4.054000000000000381e-01
1.839000000000000634e-01
2.231000000000000205e-01
3.904000000000000803e-01
4.460000000000000631e-01
4.459000000000000186e-01
3.257999999999999230e-01
1.449000000000000565e-01
3.328999999999999182e-01
3.722999999999999643e-01
4.410000000000000586e-01
5.473999999999999977e-01
4.780999999999998584e-01
2.158999999999999531e-01
1.792999999999999872e-01
1.652999999999999470e-01
3.757999999999999119e-01
4.351999999999999202e-01
3.839000000000000190e-01
3.567999999999999505e-01
3.863999999999999657e-01
3.627000000000000224e-01
2.321999999999999620e-01
2.043000000000000371e-01
2.662999999999999257e-01
5.717999999999998639e-01
6.897000000000000908e-01
2.987999999999999545e-01
3.200999999999999956e-01
4.807999999999998941e-01
4.213999999999999413e-01
3.858000000000000318e-01
2.168000000000001593e-01
1.779000000000000858e-01
1.518999999999999240e-01
3.346000000000000640e-01
4.087000000000000632e-01
3.586000000000000298e-01
3.031999999999999695e-01
1.959000000000001018e-01
3.669999999999999929e-01
2.573999999999999622e-01
3.656999999999999140e-01
3.933999999999999164e-01
3.944999999999999618e-01
4.200000000000000400e-01
3.311000000000000054e-01
1.227000000000000035e-01
3.253999999999999670e-01
3.614000000000000545e-01
3.367999999999999883e-01
2.923999999999999932e-01
1.869000000000000106e-01
1.968000000000000582e-01
2.155000000000000249e-01
1.153999999999999887e-01
2.622000000000000997e-01
2.888000000000000567e-01
3.005999999999999783e-01
2.945999999999999175e-01
2.122999999999999887e-01
1.826000000000000123e-01
