1.922999999999999710e-01
3.453999999999999848e-01
4.899000000000000021e-01
1.169999999999999929e+00
5.071999999999999842e-01
2.696000000000000063e-01
2.500000000000000000e-01
1.565999999999999892e-01
3.214000000000000190e-01
1.407599999999999962e+00
9.851999999999999647e-01
3.673999999999999488e-01
1.230000000000000260e-01
6.300999999999999934e-01
5.046999999999999265e-01
1.280000000000000027e-01
2.965999999999999748e-01
3.201999999999999291e-01
1.465000000000000191e-01
1.418000000000000094e-01
1.767999999999999572e-01
2.646999999999999909e-01
2.445999999999999563e-01
1.866000000000000714e-01
1.749000000000000554e-01
2.796000000000000152e-01
3.365000000000000213e-01
1.554000000000000381e-01
1.010999999999999815e-01
2.721999999999999975e-01
2.930999999999999717e-01
1.074999999999999983e-01
9.120000000000001716e-02
4.515000000000000679e-01
2.165999999999999592e-01
1.033000000000000723e-01
1.638000000000000289e-01
1.634000000000000175e-01
1.662000000000000421e-01
1.342000000000000415e-01
2.142000000000000293e-01
2.671000000000000041e-01
2.778999999999999249e-01
1.801000000000000101e-01
2.726000000000000090e-01
3.770999999999999908e-01
3.792999999999999705e-01
3.883999999999999675e-01
2.338000000000000078e-01
3.988000000000000989e-01
6.749999999999999334e-01
6.589000000000000412e-01
4.911999999999999700e-01
5.589999999999999414e-01
8.488999999999999879e-01
6.183999999999999497e-01
4.224999999999999312e-01
3.479999999999999760e-01
1.081999999999998519e-01
2.273999999999997690e-01
1.547000000000001152e-01
1.998999999999999388e-01
1.949000000000000177e-01
1.524999999999999134e-01
6.457999999999999297e-01
2.184000000000000385e-01
1.926000000000000212e-01
1.839000000000002299e-01
2.640000000000000124e-01
8.111000000000001542e-01
3.193000000000000282e-01
2.584999999999997855e-01
3.435000000000000275e-01
5.467999999999997307e-01
5.268999999999999240e-01
3.914000000000000812e-01
1.552000000000000601e-01
1.628000000000000003e-01
2.487000000000002264e-01
1.029000000000000054e-01
3.389999999999998570e-01
2.310999999999999721e-01
2.066000000000000891e-01
1.536999999999998368e-01
5.970000000000000862e-01
5.086000000000000520e-01
4.161999999999999034e-01
3.762000000000000344e-01
3.547999999999998932e-01
2.613999999999998547e-01
7.144999999999999130e-01
8.965000000000000746e-01
5.441000000000001391e-01
3.461999999999997857e-01
2.617000000000002657e-01
2.591999999999999860e-01
9.810000000000004827e-02
1.822000000000000564e-01
5.305000000000000826e-01
5.047000000000000375e-01
4.508000000000000340e-01
3.951999999999999402e-01
1.759999999999999343e-01
2.685999999999999499e-01
2.099999999999998812e-01
1.294000000000000705e-01
1.406000000000000305e-01
1.249000000000000110e-01
1.976999999999999313e-01
1.986999999999999877e-01
2.492000000000001159e-01
1.593000000000000804e-01
1.770999999999999519e-01
1.642000000000000126e-01
1.591000000000000469e-01
1.632000000000001227e-01
6.979999999999997318e-02
6.819999999999992735e-02
1.097999999999999948e-01
1.877000000000001723e-01
1.660000000000000919e-01
1.310999999999999388e-01
1.793000000000000427e-01
3.194000000000000172e-01
2.231999999999999540e-01
1.279999999999999749e-01
1.459999999999999909e-01
1.529999999999999694e-01
1.367000000000000992e-01
7.098999999999999755e-01
3.036000000000000365e-01
2.062000000000000777e-01
1.705999999999999739e-01
2.870000000000000329e-01
3.039000000000000590e-01
1.634000000000001285e-01
1.997000000000000164e-01
1.029999999999999527e-01
1.235999999999998766e-01
1.269999999999998908e-01
2.327999999999998404e-01
2.359000000000000541e-01
3.593999999999999417e-01
4.776999999999997915e-01
3.720999999999998753e-01
3.469000000000000417e-01
3.093000000000000194e-01
3.310000000000000164e-01
2.784000000000000363e-01
3.245999999999999996e-01
1.890999999999999903e-01
1.898000000000000520e-01
1.085999999999999882e-01
1.864999999999999991e-01
2.650000000000000133e-01
3.501000000000000778e-01
1.759999999999999898e-01
1.097000000000000752e-01
5.310000000000002218e-02
8.990000000000006319e-02
3.195000000000001172e-01
1.621999999999999831e-01
1.032000000000000417e-01
1.204999999999999682e-01
8.329999999999998517e-02
1.102999999999999259e-01
1.006999999999999840e-01
1.688999999999999391e-01
1.902999999999999969e-01
1.249000000000000388e-01
1.454999999999999349e-01
5.659000000000000696e-01
4.844999999999998752e-01
3.506000000000000227e-01
2.867000000000001214e-01
2.202999999999999958e-01
1.360000000000000098e-01
1.967999999999999750e-01
1.241000000000000020e-01
1.419000000000000539e-01
1.882000000000000339e-01
1.746999999999999387e-01
1.377999999999999503e-01
1.117000000000000909e-01
1.017000000000001514e-01
9.740000000000008373e-02
9.130000000000006166e-02
9.810000000000002052e-02
1.405000000000001248e-01
2.689000000000001389e-01
2.085000000000000187e-01
2.708999999999999186e-01
4.929999999999998966e-02
1.917999999999999150e-01
1.179999999999999521e-01
4.592000000000001081e-01
1.182799999999999851e+00
7.665000000000000702e-01
6.270000000000001128e-01
3.827999999999999736e-01
7.065999999999998948e-01
4.649999999999999689e-01
2.927000000000000712e-01
3.324999999999999067e-01
2.175000000000000266e-01
2.109000000000000041e-01
1.269000000000000128e-01
8.850000000000005085e-02
4.667999999999999927e-01
