2.645000000000000129e-01
2.627999999999999781e-01
2.426000000000000101e-01
2.099999999999999922e-01
3.137000000000000344e-01
3.341000000000000081e-01
2.166999999999999760e-01
1.987999999999999767e-01
2.029000000000000248e-01
1.461000000000000076e-01
1.609000000000000152e-01
1.672000000000000153e-01
1.381999999999999895e-01
1.423999999999999988e-01
1.505000000000000226e-01
1.442999999999999838e-01
1.921999999999999820e-01
1.794000000000000039e-01
2.101999999999999702e-01
2.792000000000000037e-01
3.286000000000000587e-01
2.612999999999999767e-01
2.122000000000000275e-01
2.297000000000000430e-01
2.614000000000000212e-01
1.580999999999999905e-01
1.721000000000000030e-01
8.240000000000000102e-02
1.380000000000000115e-01
1.995000000000000107e-01
1.238000000000000073e-01
1.296000000000000207e-01
1.885999999999999899e-01
2.555000000000000049e-01
2.016000000000000014e-01
1.829999999999999960e-01
2.300999999999999990e-01
1.905999999999999917e-01
2.104000000000000314e-01
2.457000000000000295e-01
2.207999999999999685e-01
2.267999999999999461e-01
2.746999999999999997e-01
2.770000000000000240e-01
2.114000000000000046e-01
2.265000000000000069e-01
2.124000000000000055e-01
2.430000000000000215e-01
3.004999999999999893e-01
2.333000000000000351e-01
2.309999999999999831e-01
2.551999999999999824e-01
2.023000000000000076e-01
1.862000000000000044e-01
1.620000000000000051e-01
1.709999999999999853e-01
1.610999999999999932e-01
1.630999999999999950e-01
1.449000000000000288e-01
1.110000000000000014e-01
1.160999999999999810e-01
1.164999999999999925e-01
1.188000000000000306e-01
1.469000000000000028e-01
2.014000000000000234e-01
2.205000000000000293e-01
2.360999999999999766e-01
2.611999999999999877e-01
2.373999999999999999e-01
1.690000000000000113e-01
2.017999999999999794e-01
2.721999999999999975e-01
2.076999999999999957e-01
1.674000000000000210e-01
2.212000000000000077e-01
2.526999999999999802e-01
2.186000000000000165e-01
2.454000000000000070e-01
2.101999999999999980e-01
1.149000000000000021e-01
9.040000000000000813e-02
1.615000000000000047e-01
1.836999999999999744e-01
2.044000000000000261e-01
3.201000000000000512e-01
2.215000000000000024e-01
1.811999999999999722e-01
1.613000000000000544e-01
1.611000000000000210e-01
1.558999999999999830e-01
2.077000000000000235e-01
2.622999999999999776e-01
2.650000000000000133e-01
1.976999999999999869e-01
2.379000000000000004e-01
1.948000000000000009e-01
1.252999999999999947e-01
1.223999999999999672e-01
1.990999999999999992e-01
2.100000000000000200e-01
2.101999999999999980e-01
1.819000000000000061e-01
1.840999999999999859e-01
1.507000000000000006e-01
1.804999999999999938e-01
1.922000000000000097e-01
2.086000000000000354e-01
2.581999999999999851e-01
2.263000000000000012e-01
1.686999999999999889e-01
2.100000000000000200e-01
1.504000000000000059e-01
1.340000000000000080e-01
1.580999999999999905e-01
2.359999999999999876e-01
2.149999999999999689e-01
2.318999999999999950e-01
2.376999999999999669e-01
1.548000000000000209e-01
1.547000000000000042e-01
1.614999999999999769e-01
1.328000000000000014e-01
1.523999999999999799e-01
2.827999999999999958e-01
3.062000000000000277e-01
2.147000000000000297e-01
2.058000000000000107e-01
1.419000000000000261e-01
1.957999999999999741e-01
2.958999999999999964e-01
2.209999999999999742e-01
1.983999999999999653e-01
1.746000000000000052e-01
1.179999999999999938e-01
1.534000000000000086e-01
1.528999999999999804e-01
1.404999999999999860e-01
1.564999999999999725e-01
1.130000000000000032e-01
1.073999999999999955e-01
1.111999999999999794e-01
1.565000000000000280e-01
1.849000000000000365e-01
2.169000000000000095e-01
2.708000000000000407e-01
2.524000000000000132e-01
1.936999999999999833e-01
1.162999999999999867e-01
1.570999999999999897e-01
1.326999999999999846e-01
1.331000000000000238e-01
1.143999999999999878e-01
1.200999999999999984e-01
1.724999999999999867e-01
2.217999999999999694e-01
2.015000000000000124e-01
2.046999999999999931e-01
2.347999999999999532e-01
2.207999999999999963e-01
2.184999999999999720e-01
2.489999999999999991e-01
2.896999999999999575e-01
2.308000000000000052e-01
1.697000000000000175e-01
1.219000000000000083e-01
2.702999999999999847e-01
2.687999999999999834e-01
2.827000000000000068e-01
2.671999999999999931e-01
1.474000000000000032e-01
1.784999999999999920e-01
1.471999999999999698e-01
2.144000000000000350e-01
2.648999999999999688e-01
2.492000000000000048e-01
2.250000000000000056e-01
1.960000000000000075e-01
1.718000000000000083e-01
1.759999999999999898e-01
1.248000000000000081e-01
1.352000000000000146e-01
1.260000000000000009e-01
2.011000000000000010e-01
2.270999999999999963e-01
2.339999999999999858e-01
2.215000000000000302e-01
2.023999999999999966e-01
1.677000000000000157e-01
1.504000000000000059e-01
1.521999999999999742e-01
1.460999999999999799e-01
1.944999999999999785e-01
2.851000000000000201e-01
2.973999999999999977e-01
2.022000000000000741e-01
1.784000000000000030e-01
1.247000000000000053e-01
1.467999999999999861e-01
1.078999999999999820e-01
1.282000000000000084e-01
1.136000000000000204e-01
1.910000000000000031e-01
2.187999999999999945e-01
2.111000000000000099e-01
2.988000000000000100e-01
2.587999999999999745e-01
2.665000000000000147e-01
2.481000000000000427e-01
2.290000000000000091e-01
