3.498999999999999888e-01
3.659000000000000030e-01
7.939999999999998448e-02
1.262999999999999956e-01
1.696999999999999897e-01
7.730000000000000759e-02
9.599999999999997424e-02
5.920000000000000262e-02
9.790000000000001479e-02
5.869999999999999524e-02
1.118999999999999995e-01
1.079999999999999988e-01
1.005000000000000199e-01
9.539999999999999869e-02
1.050000000000000100e-01
1.432999999999999829e-01
1.796999999999999709e-01
1.800800000000000178e+00
1.139999999999999902e+00
3.692999999999999616e-01
1.717999999999999805e-01
1.373999999999999944e-01
2.304000000000000492e-01
2.695000000000000728e-01
1.497999999999999887e-01
2.268000000000000016e-01
1.474000000000000310e-01
1.864000000000000101e-01
1.117999999999999550e-01
1.786999999999999977e-01
2.991999999999999105e-01
3.065999999999999837e-01
3.390000000000000235e-01
2.145000000000000240e-01
2.692999999999999838e-01
1.244000000000000383e-01
1.491999999999999438e-01
1.233999999999999542e-01
2.181999999999999496e-01
8.440000000000003055e-02
1.893000000000000516e-01
1.457999999999999852e-01
9.489999999999998437e-02
8.559999999999996778e-02
8.530000000000004245e-02
1.026999999999999719e-01
8.559999999999999554e-02
8.589999999999997637e-02
2.190000000000000002e-01
1.268000000000000238e-01
5.540000000000000480e-02
8.209999999999995079e-02
1.067999999999999783e-01
1.517999999999999905e-01
1.828000000000000180e-01
1.295999999999999930e-01
7.169999999999995821e-02
8.019999999999997964e-02
1.009999999999999787e-01
7.490000000000004987e-02
6.450000000000001565e-02
9.229999999999996541e-02
1.705000000000000404e-01
6.930000000000002824e-02
8.240000000000000102e-02
2.259999999999999509e-01
1.938999999999999613e-01
7.309999999999994280e-02
2.159999999999998033e-02
1.424000000000000543e-01
1.411000000000000587e-01
1.224999999999999978e-01
1.677999999999999770e-01
1.740000000000000158e-01
1.997999999999999776e-01
1.250999999999999335e-01
5.040000000000000036e-02
1.023000000000000020e-01
1.562000000000000055e-01
1.260000000000000009e-01
6.839999999999998859e-02
1.179999999999999938e-01
1.194000000000000200e-01
9.610000000000001874e-02
6.760000000000003506e-02
9.190000000000009273e-02
1.475000000000000755e-01
1.413000000000000367e-01
1.372000000000000441e-01
1.279999999999999749e-01
1.507000000000000839e-01
1.024000000000000188e-01
1.236000000000000154e-01
1.808000000000000440e-01
1.091000000000000719e-01
7.170000000000001372e-02
9.639999999999999958e-02
2.024000000000000798e-01
1.350000000000000089e-01
1.022999999999999465e-01
8.379999999999999949e-02
1.309999999999999776e-01
8.769999999999993079e-02
4.140000000000005481e-02
1.315999999999999948e-01
7.849999999999998646e-02
7.319999999999998730e-02
8.189999999999998670e-02
1.578999999999999848e-01
2.466000000000000691e-01
1.511000000000000398e-01
2.055999999999998940e-01
4.414000000000000701e-01
2.728000000000000425e-01
1.382000000000000728e-01
1.903000000000000247e-01
1.085999999999999327e-01
1.396999999999999353e-01
1.179000000000000742e-01
1.100999999999999757e-01
8.539999999999987879e-02
1.024999999999998412e-01
1.228999999999998982e-01
7.039999999999999036e-02
1.392000000000001569e-01
1.194999999999999951e-01
8.129999999999990012e-02
1.353999999999999926e-01
9.130000000000007554e-02
8.130000000000003890e-02
1.441999999999999948e-01
7.860000000000011422e-02
1.093000000000000638e-01
1.241999999999999910e-01
6.559999999999993614e-02
1.298000000000000265e-01
1.342999999999999750e-01
1.056000000000000549e-01
1.320999999999999952e-01
1.549000000000000654e-01
1.341000000000000525e-01
2.272999999999999188e-01
1.379999999999999283e-01
6.809999999999993836e-02
1.335999999999999410e-01
1.202999999999999486e-01
1.784000000000000030e-01
1.003999999999999893e-01
8.889999999999992353e-02
1.229000000000000092e-01
1.420999999999999486e-01
2.100000000000000755e-01
8.379999999999997173e-02
1.222000000000000031e-01
9.880000000000008220e-02
9.670000000000006368e-02
9.219999999999993479e-02
1.601999999999999258e-01
1.224000000000000088e-01
1.160000000000000475e-01
1.210000000000000242e-01
1.506000000000000394e-01
2.002999999999999503e-01
1.325000000000000622e-01
1.117000000000000215e-01
1.723000000000000087e-01
1.675999999999999157e-01
8.419999999999991380e-02
1.740999999999999215e-01
1.082999999999998963e-01
1.083000000000001045e-01
1.386000000000000010e-01
9.150000000000001188e-02
1.545000000000000262e-01
3.756000000000001560e-01
1.372000000000000441e-01
1.453999999999999737e-01
1.557999999999999940e-01
2.264999999999999791e-01
1.454000000000001402e-01
5.526999999999999691e-01
1.592999999999999972e-01
1.117000000000001186e-01
1.593999999999999861e-01
5.370000000000017815e-02
2.122000000000000552e-01
6.510999999999999011e-01
2.554000000000000159e-01
7.849999999999994482e-02
1.239000000000000240e-01
5.720000000000007023e-02
9.220000000000005969e-02
8.729999999999996096e-02
1.074999999999999845e-01
1.577000000000000068e-01
1.006000000000000505e-01
1.286999999999999811e-01
8.859999999999992881e-02
1.148999999999999327e-01
1.482000000000001094e-01
8.064999999999997726e-01
8.913000000000002032e-01
6.195999999999999286e-01
2.089000000000000301e-01
7.274999999999998135e-01
3.016000000000000347e-01
1.005000000000000338e-01
2.964999999999999303e-01
2.003999999999998560e-01
