5.765000000000000124e-01
3.234000000000000208e-01
2.623000000000000331e-01
7.284000000000000474e-01
9.445999999999998842e-01
9.530999999999999472e-01
2.447000000000000008e-01
3.220000000000000639e-01
4.851999999999999647e-01
5.903999999999999249e-01
6.401000000000000023e-01
4.670999999999999597e-01
3.684999999999999387e-01
3.396999999999999464e-01
2.402000000000000246e-01
3.279999999999999583e-01
2.624999999999999556e-01
4.405999999999999917e-01
3.068000000000000171e-01
6.739000000000000545e-01
4.621000000000000663e-01
3.876999999999999336e-01
3.235999999999999988e-01
2.697999999999999843e-01
3.557999999999999496e-01
1.239100000000000090e+00
9.651999999999999469e-01
1.160199999999999898e+00
1.360300000000000065e+00
1.700299999999999923e+00
3.525000000000000355e-01
3.398999999999999799e-01
1.021699999999999831e+00
7.479999999999997762e-01
5.599999999999999423e-01
3.642000000000000792e-01
3.015000000000001013e-01
2.075999999999999790e-01
2.979999999999999316e-01
4.248000000000000664e-01
2.821000000000000174e-01
1.121000000000000330e-01
2.680000000000000715e-01
3.647000000000000242e-01
2.443000000000001282e-01
2.240999999999999104e-01
2.112000000000001099e-01
2.900000000000000355e-01
2.329000000000000514e-01
2.142000000000000015e-01
5.214000000000000856e-01
8.156999999999998696e-01
8.100999999999999313e-01
4.914999999999999925e-01
4.860000000000000431e-01
3.297000000000001041e-01
1.308000000000000274e-01
2.542000000000000370e-01
3.162000000000000366e-01
3.229999999999999538e-01
2.517000000000000348e-01
1.962999999999999745e-01
1.585000000000000298e-01
3.220000000000000639e-01
4.234999999999999876e-01
1.031999999999999446e-01
1.728999999999999981e-01
2.359999999999999321e-01
3.938999999999999724e-01
2.280000000000000915e-01
1.251000000000001000e-01
2.187000000000000610e-01
2.861000000000000210e-01
2.560999999999999943e-01
8.360000000000004927e-02
1.505999999999999561e-01
3.589999999999999858e-01
3.225000000000000644e-01
2.979000000000000536e-01
2.631000000000000005e-01
1.351000000000001089e-01
2.113999999999998936e-01
3.232000000000000428e-01
2.012000000000000455e-01
1.708999999999999964e-01
1.796800000000000175e+00
1.702999999999999847e+00
8.006999999999998563e-01
4.499999999999999556e-01
1.425000000000000711e-01
5.467000000000001858e-01
3.304000000000001380e-01
1.212000000000000854e-01
2.524000000000001798e-01
4.257000000000000783e-01
2.060000000000000164e-01
4.513999999999998569e-01
5.181999999999999940e-01
2.926000000000001378e-01
3.234000000000000208e-01
3.004999999999999338e-01
3.077999999999998515e-01
2.277999999999998360e-01
2.903000000000000580e-01
3.486999999999999544e-01
3.197999999999999732e-01
4.684000000000000941e-01
3.783000000000000806e-01
1.192000000000001114e-01
6.055000000000000382e-01
4.160999999999999144e-01
2.065999999999999504e-01
1.915999999999999648e-01
6.866000000000000991e-01
3.044000000000000039e-01
2.119999999999999662e-01
3.097000000000000308e-01
3.065000000000000502e-01
1.700000000000000955e-01
2.172999999999999932e-01
3.140000000000000568e-01
1.200000000000001066e-01
2.302000000000000990e-01
3.920000000000000151e-01
3.229999999999998983e-01
1.879000000000000115e-01
4.835999999999999188e-01
1.657000000000000972e-01
3.605000000000000426e-01
1.517000000000000015e-01
3.160000000000000586e-01
2.242000000000001214e-01
1.448000000000000953e-01
2.583999999999999075e-01
2.523999999999999022e-01
2.668000000000000371e-01
3.286000000000000587e-01
2.635000000000000120e-01
1.818000000000000449e-01
2.091000000000000358e-01
1.159000000000000585e-01
1.809999999999999387e-01
4.167999999999998928e-01
7.689999999999995450e-02
2.004000000000000503e-01
1.908999999999998753e-01
3.060999999999999277e-01
9.561999999999998279e-01
4.198000000000000620e-01
8.729000000000000092e-01
1.429000000000000825e-01
3.755999999999998784e-01
4.391000000000002124e-01
3.757999999999997454e-01
4.026000000000000134e-01
4.542999999999999261e-01
2.221000000000001584e-01
2.617000000000000437e-01
3.057000000000000273e-01
3.599000000000002197e-01
1.187400000000000011e+00
1.399699999999999944e+00
1.471899999999999986e+00
7.201000000000000734e-01
2.133000000000000007e+00
2.196499999999999453e+00
6.383999999999999675e-01
4.908000000000001251e-01
4.263000000000000123e-01
5.765000000000000124e-01
2.126999999999999447e-01
3.492999999999999994e-01
2.118000000000000438e-01
3.865999999999999992e-01
1.555999999999998773e-01
3.275000000000000133e-01
4.895000000000000462e-01
1.038799999999999946e+00
6.507000000000001672e-01
5.407000000000000695e-01
5.463000000000000078e-01
2.335000000000000409e-01
1.154199999999999893e+00
7.732000000000001094e-01
4.117999999999999439e-01
3.382000000000000006e-01
4.010999999999999566e-01
2.571000000000000507e-01
2.797000000000000597e-01
4.260000000000001563e-01
1.827000000000001401e-01
1.766000000000001180e-01
1.349000000000000199e-01
2.972000000000001307e-01
3.615000000000001545e-01
3.464000000000000412e-01
2.822000000000001174e-01
1.127000000000001056e-01
1.853999999999999537e-01
2.252999999999999170e-01
1.459999999999999354e-01
1.811000000000000110e-01
2.968999999999999417e-01
2.945999999999998620e-01
2.829999999999998628e-01
5.500000000000004885e-02
2.392999999999999294e-01
2.888999999999999346e-01
3.865000000000000657e-01
