4.277000000000000246e-01
3.999999999999999667e-01
2.620999999999999996e-01
1.301999999999999824e-01
4.493999999999999662e-01
4.830999999999999739e-01
8.245999999999999996e-01
6.431000000000000050e-01
4.155999999999999694e-01
5.844000000000000306e-01
5.590000000000000524e-01
4.772999999999999465e-01
5.625999999999999890e-01
3.377999999999999892e-01
4.034999999999999698e-01
4.142000000000000126e-01
3.205000000000000071e-01
2.727999999999999869e-01
3.084999999999999964e-01
2.640000000000000124e-01
2.753000000000000447e-01
2.316999999999999893e-01
1.695000000000000118e-01
1.925999999999999657e-01
4.434000000000000163e-01
4.307999999999999607e-01
2.721999999999999975e-01
3.789000000000000146e-01
2.985999999999999766e-01
3.886000000000000010e-01
3.973999999999999755e-01
3.374000000000000332e-01
3.469999999999999751e-01
1.275000000000000022e-01
1.919000000000000150e-01
2.239000000000000434e-01
4.372000000000000330e-01
3.323999999999999733e-01
2.994999999999999885e-01
3.165999999999999925e-01
3.739999999999999991e-01
4.573000000000000398e-01
4.923000000000000154e-01
3.669999999999999929e-01
2.904999999999999805e-01
3.634000000000000563e-01
3.580000000000000404e-01
3.675999999999999823e-01
4.669999999999999707e-01
4.450000000000000067e-01
4.152999999999999470e-01
3.206999999999999851e-01
3.669999999999999929e-01
3.449999999999999734e-01
1.008000000000000146e-01
2.759000000000000341e-01
2.739000000000000323e-01
4.288000000000000145e-01
3.286000000000000032e-01
4.472000000000000419e-01
4.939999999999999947e-01
3.637000000000000233e-01
2.467999999999999639e-01
2.902999999999999470e-01
3.138999999999999568e-01
4.668000000000000482e-01
4.624000000000000332e-01
3.024999999999999911e-01
3.941000000000000059e-01
4.412999999999999701e-01
3.922999999999999265e-01
4.394000000000000683e-01
5.234000000000000874e-01
3.574999999999999845e-01
3.855000000000000648e-01
4.638999999999999790e-01
3.541000000000000814e-01
2.420000000000000484e-01
2.891000000000000791e-01
1.847000000000000031e-01
3.752999999999999670e-01
2.911999999999999589e-01
3.724999999999999978e-01
4.215000000000000413e-01
1.454999999999999905e-01
1.394999999999999574e-01
1.745000000000000162e-01
3.989000000000000323e-01
4.673000000000000487e-01
7.253000000000000558e-01
2.215000000000000024e-01
1.744000000000000272e-01
1.153999999999999887e-01
1.061999999999999611e-01
8.280000000000001248e-02
1.461000000000000076e-01
1.481999999999999706e-01
3.775000000000000022e-01
2.279999999999999805e-01
7.846999999999999531e-01
3.491999999999999549e-01
4.884000000000000008e-01
1.144999999999999768e-01
2.852999999999999980e-01
2.431000000000000383e-01
2.614000000000000212e-01
3.542999999999999483e-01
3.842999999999999750e-01
6.075999999999999179e-01
5.090999999999998860e-01
3.053999999999999493e-01
1.610000000000000320e-01
2.672999999999999821e-01
3.351000000000000090e-01
3.440999999999999615e-01
3.787999999999999146e-01
4.038999999999999257e-01
2.518000000000000238e-01
4.052900000000000169e+00
7.123999999999998112e-01
1.813500000000000556e+00
1.130300000000000304e+00
4.793999999999999373e-01
3.898000000000000909e-01
3.468999999999999306e-01
2.870999999999998553e-01
4.510000000000000675e-01
2.495000000000000828e-01
1.413000000000000922e-01
3.066999999999999726e-01
4.168999999999999928e-01
2.745000000000000773e-01
3.469000000000000417e-01
3.921000000000000596e-01
1.891000000000001013e-01
3.295999999999999486e-01
5.631000000000000449e-01
3.141000000000000458e-01
1.341999999999999860e-01
2.206000000000001293e-01
2.456000000000000683e-01
2.366000000000000603e-01
2.211999999999999522e-01
3.685000000000000497e-01
3.491000000000000214e-01
1.773000000000000687e-01
1.473000000000001253e-01
1.371000000000000274e-01
2.142999999999999627e-01
1.936000000000001053e-01
8.043000000000001259e-01
1.481700000000000017e+00
4.038999999999999257e-01
3.422999999999999932e-01
1.900000000000000022e-01
3.276000000000000023e-01
4.894000000000000572e-01
2.909999999999999254e-01
1.603000000000000536e-01
2.061000000000000332e-01
2.724000000000000310e-01
2.951000000000000290e-01
2.858999999999999875e-01
2.558999999999999053e-01
1.179999999999999799e-01
1.919999999999999762e-01
2.748999999999999222e-01
3.258000000000000340e-01
2.509000000000000674e-01
1.644999999999999796e-01
4.405999999999999917e-01
3.730999999999999872e-01
2.793999999999999817e-01
3.769999999999999463e-01
3.454000000000000403e-01
3.608000000000000096e-01
2.851000000000000201e-01
3.737999999999999656e-01
3.631999999999999118e-01
2.819999999999999174e-01
4.650000000000000244e-01
3.419899999999999718e+00
2.119200000000000195e+00
1.865300000000000180e+00
5.756000000000000005e-01
1.947000000000000675e-01
1.845999999999999863e-01
2.223999999999999866e-01
1.996999999999999886e-01
3.161000000000000476e-01
2.665999999999999481e-01
2.242000000000000104e-01
2.706000000000000627e-01
1.743999999999999995e-01
4.120000000000000329e-01
3.772000000000000908e-01
1.658700000000000063e+00
1.377000000000000002e+00
2.379400000000000404e+00
2.175699999999999967e+00
9.046000000000000707e-01
1.386000000000000010e-01
2.882000000000000117e-01
5.268999999999999240e-01
4.525000000000000133e-01
4.409000000000000141e-01
6.039999999999999813e-01
3.630999999999999783e-01
1.701999999999999902e-01
