1.482999999999999874e-01
3.406000000000000139e-01
1.315000000000000058e-01
2.966000000000000303e-01
2.956000000000000294e-01
2.933999999999999386e-01
4.399000000000000687e-01
4.635000000000000231e-01
4.222000000000000197e-01
4.860999999999999766e-01
4.029000000000000359e-01
7.012999999999999234e-01
3.813000000000000833e-01
5.007999999999999119e-01
3.091999999999999194e-01
5.705000000000000071e-01
3.238299999999999734e+00
2.077600000000000335e+00
2.332899999999999974e+00
2.100099999999999856e+00
6.452000000000001068e-01
7.514000000000000679e-01
3.669200000000000017e+00
2.506800000000000583e+00
2.784000000000000918e-01
1.995299999999999851e+00
2.369700000000000362e+00
1.058300000000000018e+00
2.225700000000000234e+00
2.293499999999999872e+00
1.761599999999999833e+00
2.353999999999999648e+00
1.614099999999999868e+00
1.553599999999999870e+00
9.385000000000001119e-01
2.706199999999999939e+00
5.890000000000000790e-01
2.639800000000000590e+00
3.320200000000000262e+00
1.330300000000000038e+00
9.027999999999999359e-01
1.432599999999999874e+00
3.689599999999999991e+00
3.751599999999999380e+00
1.764699999999999935e+00
2.764499999999999957e+00
1.862299999999999844e+00
1.062599999999999989e+00
6.624999999999998668e-01
6.403999999999999693e-01
3.092000000000000859e-01
1.084199999999999831e+00
4.945000000000000506e-01
3.680000000000001603e-01
2.933000000000001162e-01
6.054999999999999272e-01
7.888999999999999346e-01
2.723000000000000975e-01
2.241999999999998716e-01
2.564000000000000723e-01
2.085000000000000187e-01
1.410999999999998644e-01
3.015800000000000480e+00
3.959299999999999820e+00
6.345600000000000129e+00
1.461899999999999977e+00
2.456999999999998630e-01
5.182000000000001050e-01
1.253300000000000081e+00
2.925700000000000855e+00
5.137800000000000367e+00
1.062059999999999960e+01
8.865399999999999281e+00
6.638099999999999667e+00
1.982099999999999751e+00
1.223570000000000135e+01
7.035299999999999443e+00
5.840799999999999770e+00
2.472099999999999298e+00
9.397999999999998577e-01
1.161500000000000199e+00
7.849999999999999201e-01
1.257599999999999607e+00
3.363500000000000156e+00
4.653000000000000469e+00
2.855799999999999450e+00
3.562999999999999723e+00
5.981799999999999784e+00
9.078099999999999170e+00
2.351500000000000590e+00
2.573500000000000121e+00
5.496999999999999886e+00
3.866700000000000248e+00
5.115999999999996106e-01
2.366600000000000037e+00
3.377699999999999925e+00
1.450600000000000112e+00
1.466500000000000359e+00
6.039999999999997593e-01
5.335000000000000853e-01
6.095000000000001528e-01
3.897000000000006015e-01
1.918999999999989881e-01
3.341000000000007852e-01
5.096000000000002750e-01
2.400000000000003519e-01
9.719999999999950901e-02
3.082000000000000295e-01
8.386999999999997790e-01
1.748300000000000409e+00
1.084300000000000264e+00
3.858999999999999098e-01
8.650000000000068745e-02
8.565000000000003721e-01
5.184300000000000352e+00
2.486600000000000144e+00
1.873200000000000642e+00
2.098700000000000898e+00
3.335899999999999643e+00
1.038400000000000212e+00
1.129199999999999982e+00
3.108800000000000452e+00
1.462500000000000133e+00
2.238100000000000200e+00
2.017600000000000282e+00
1.593199999999999950e+00
2.681300000000000239e+00
4.010500000000000398e+00
2.148629999999999995e+01
1.759730000000000061e+01
3.039200000000000124e+00
6.576499999999999346e+00
3.802000000000000490e+00
2.048000000000000931e+00
1.043980000000000175e+01
9.988299999999998846e+00
1.095159999999999911e+01
7.671699999999999520e+00
4.082700000000000884e+00
1.972899999999999876e+00
2.073300000000001031e+00
5.075900000000000745e+00
1.405400000000000205e+00
2.778000000000006020e-01
4.186999999999993505e-01
4.914999999999997149e-01
2.777999999999994363e-01
1.630000000000010885e-01
6.205999999999999295e-01
1.959800000000000431e+00
2.436500000000000110e+00
5.948000000000008836e-01
6.863999999999997881e-01
1.080000000000010257e-01
1.997999999999990894e-01
3.949999999999995737e-01
3.389299999999999979e+00
5.511199999999998766e+00
3.041399999999999881e+00
1.354399999999999382e+00
6.334999999999989528e-01
6.345999999999994978e-01
7.156999999999998918e-01
6.556999999999997275e-01
3.282000000000006579e-01
3.496999999999987896e-01
2.636999999999996569e-01
1.790000000000010472e-01
1.896000000000000185e-01
5.098999999999995758e-01
2.696999999999999398e-01
4.033000000000002139e-01
3.495000000000000551e+00
2.931500000000000661e+00
2.707899999999999974e+00
1.385299999999999310e+00
2.935700000000000198e+00
1.088200000000000056e+00
9.306000000000002048e-01
3.878999999999996340e-01
3.710999999999996524e-01
1.933999999999999608e-01
2.119999999999999662e-01
1.645000000000000628e-01
1.959000000000001296e-01
3.401000000000002910e-01
1.644600000000000506e+00
1.682890000000000086e+01
2.123519999999999897e+01
3.258600000000000385e+00
1.857310000000000016e+01
1.492569999999999908e+01
6.416299999999999670e+00
1.755100000000000104e+00
5.206100000000001060e+00
2.343300000000000161e+00
3.184699999999999420e+00
4.759999999999985909e-01
9.403000000000002467e-01
3.289499999999999424e+00
2.222800000000000331e+00
1.174000000000000599e+00
1.063099999999999712e+00
1.208899999999999419e+00
5.347000000000003972e-01
5.728999999999996318e-01
5.802999999999982617e-01
1.294000000000000483e+00
2.713099999999999845e+00
