4.094000000000000417e-01
2.031000000000000028e-01
2.091999999999999971e-01
1.193000000000000171e-01
3.294000000000000261e-01
3.306000000000000050e-01
2.613000000000000322e-01
1.704999999999999849e-01
7.009999999999999565e-02
1.624999999999999778e-01
2.067999999999999838e-01
4.152000000000000135e-01
3.538000000000000034e-01
2.426000000000000101e-01
1.925000000000000044e-01
1.925999999999999379e-01
3.884000000000000230e-01
3.799000000000000155e-01
3.074000000000000066e-01
1.898999999999999855e-01
4.329999999999999821e-02
2.270000000000000351e-01
2.095000000000000195e-01
8.230000000000001203e-02
3.062000000000000277e-01
4.158999999999999919e-01
1.572000000000000064e-01
9.140000000000000902e-02
1.457000000000000239e-01
2.493000000000000216e-01
2.078000000000000125e-01
9.349999999999999978e-02
3.011000000000000343e-01
2.766000000000000125e-01
1.039000000000000062e-01
3.175000000000000044e-01
2.442999999999999616e-01
4.900000000000000189e-02
1.784999999999999920e-01
2.023000000000000076e-01
1.854999999999999982e-01
2.134999999999999676e-01
1.038999999999999924e-01
4.130000000000000338e-02
2.988999999999999990e-01
4.053999999999999826e-01
3.258000000000000340e-01
4.599999999999999228e-02
1.492999999999999883e-01
2.105999999999999817e-01
3.125999999999999890e-01
2.671000000000000041e-01
1.104999999999999871e-01
3.119000000000000106e-01
4.119999999999999774e-01
4.153000000000000580e-01
2.852999999999999980e-01
1.530000000000000249e-01
3.203999999999999626e-01
3.109000000000000097e-01
4.969999999999999418e-02
2.263999999999999901e-01
2.920000000000000373e-01
1.021000000000000379e-01
1.910999999999999921e-01
3.113999999999999546e-01
1.857000000000000317e-01
6.820000000000001061e-02
2.058999999999999997e-01
3.069999999999999396e-01
2.093999999999999750e-01
9.810000000000000664e-02
3.467999999999999972e-01
4.623999999999999777e-01
1.989000000000000212e-01
8.749999999999998057e-02
2.153999999999999804e-01
1.547999999999999654e-01
3.724999999999999978e-01
1.259300000000000086e+00
1.256000000000000227e+00
2.146099999999999675e+00
3.461999999999999522e-01
1.332999999999999741e-01
5.000999999999999890e-01
3.382000000000000006e-01
1.826000000000000123e-01
1.925999999999999657e-01
3.235000000000000098e-01
3.774999999999999467e-01
1.532000000000000028e-01
6.959999999999993969e-02
9.209999999999995968e-02
2.790999999999999592e-01
2.207600000000000229e+00
9.998999999999997890e-01
5.701000000000000512e-01
7.175000000000000266e-01
2.688000000000000389e-01
1.529000000000000081e-01
9.200000000000001232e-02
8.670000000000001317e-02
5.800000000000005845e-02
6.629999999999998395e-02
5.079000000000000181e-01
2.959600000000000009e+00
2.101699999999999680e+00
1.046100000000000030e+00
6.572000000000000064e-01
1.427099999999999813e+00
1.776899999999999924e+00
4.415000000000000036e-01
1.701999999999998514e-01
1.233999999999999958e-01
5.679999999999997551e-02
4.866000000000000325e-01
4.545000000000000706e-01
9.170000000000003149e-02
2.964999999999999858e-01
3.381999999999999451e-01
1.795999999999999819e-01
1.795000000000000484e-01
1.521000000000000685e-01
3.927000000000000490e-01
2.867999999999999994e-01
1.800000000000001044e-01
4.340999999999999859e-01
5.050999999999998824e-01
2.764999999999999680e-01
2.648999999999999688e-01
2.238999999999999324e-01
9.069999999999998896e-02
2.717000000000000526e-01
2.554000000000000159e-01
3.415000000000000258e-01
4.711000000000000187e-01
3.817999999999999172e-01
1.335999999999999965e-01
1.291999999999999538e-01
1.704999999999999571e-01
3.250999999999999446e-01
3.175000000000000044e-01
1.756000000000000338e-01
9.660000000000004694e-02
1.441000000000000059e-01
2.709999999999999076e-01
3.303999999999999160e-01
2.172999999999999932e-01
1.788000000000000145e-01
9.052000000000000046e-01
4.652000000000000024e-01
2.806000000000000161e-01
4.173999999999999377e-01
3.222000000000000419e-01
4.249000000000000554e-01
3.267999999999999794e-01
1.227000000000000035e-01
9.989999999999998881e-02
1.553000000000000214e-01
3.094999999999999973e-01
2.645000000000000129e-01
2.178000000000000214e-01
1.044999999999999679e-01
1.128999999999999865e-01
3.345000000000000195e-01
1.296600000000000197e+00
8.029000000000000581e-01
9.921999999999998598e-01
2.143399999999999750e+00
1.938899999999999846e+00
6.059999999999999831e-01
4.029000000000000359e-01
6.188000000000000167e-01
3.512999999999999456e-01
2.753999999999999782e-01
5.802999999999999270e-01
3.180999999999999384e-01
3.146000000000000463e-01
1.104300000000000059e+00
6.974000000000001309e-01
2.153999999999999804e-01
2.364999999999999325e-01
3.645000000000000462e-01
3.190000000000001168e-01
3.283000000000000362e-01
1.682299999999999685e+00
1.016000000000000014e+00
9.187000000000001831e-01
1.379499999999999948e+00
2.641999999999999904e-01
2.354999999999999871e-01
1.059999999999998999e-01
3.291999999999999926e-01
1.935000000000000053e-01
4.919000000000000594e-01
2.605000000000000093e-01
8.876000000000000556e-01
3.894000000000000239e-01
8.160000000000000586e-01
9.357999999999999652e-01
4.149999999999999800e-01
4.481000000000000538e-01
2.281999999999999584e-01
6.531000000000000139e-01
4.395999999999999908e-01
1.517100000000000115e+00
8.874000000000000776e-01
9.830999999999998629e-01
4.843999999999998862e-01
