2.700000000000000178e-01
2.257999999999999730e-01
7.960000000000000409e-02
1.356999999999999873e-01
1.123999999999999999e-01
1.131000000000000061e-01
1.179999999999999938e-01
1.809999999999999942e-01
1.927999999999999992e-01
2.118999999999999773e-01
1.997999999999999776e-01
1.259000000000000119e-01
1.199000000000000066e-01
1.415000000000000147e-01
1.229000000000000092e-01
7.799999999999999989e-02
3.969999999999999918e-02
1.017999999999999877e-01
8.650000000000000744e-02
5.630000000000000282e-02
1.032000000000000139e-01
1.020999999999999963e-01
1.509000000000000064e-01
1.817999999999999894e-01
1.738999999999999990e-01
1.534999999999999976e-01
1.423000000000000098e-01
1.504000000000000059e-01
9.019999999999998852e-02
7.989999999999999880e-02
1.134000000000000008e-01
1.636999999999999844e-01
1.519999999999999962e-01
1.335000000000000075e-01
9.360000000000001652e-02
4.050000000000000822e-02
7.230000000000000315e-02
1.408999999999999975e-01
1.237000000000000044e-01
1.431000000000000050e-01
1.179999999999999938e-01
1.400000000000000133e-01
1.113999999999999990e-01
1.096000000000000030e-01
7.680000000000000715e-02
5.799999999999999600e-02
1.106000000000000039e-01
1.145000000000000046e-01
9.229999999999999316e-02
1.428999999999999715e-01
1.189999999999999947e-01
1.343300000000000161e+00
1.188500000000000112e+00
9.989000000000000101e-01
1.215799999999999770e+00
9.210999999999999188e-01
4.643000000000000460e-01
6.644999999999999796e-01
1.494999999999999940e-01
2.520000000000000018e-01
1.726000000000000312e-01
2.189999999999999725e-01
1.430999999999999772e-01
9.550000000000001543e-02
1.088999999999999690e-01
9.739999999999995883e-02
1.339999999999999247e-01
1.307999999999999718e-01
6.490000000000001323e-02
1.895000000000000018e-01
1.628999999999999615e-01
1.061000000000000276e-01
1.913999999999999868e-01
1.673000000000000320e-01
1.398000000000000076e-01
1.583000000000000240e-01
1.769999999999999907e-01
1.188999999999999779e-01
1.749999999999999889e-01
1.577999999999999681e-01
8.960000000000001297e-02
1.213000000000000050e-01
8.880000000000000393e-02
1.121999999999999942e-01
1.763000000000000123e-01
1.022999999999999882e-01
1.115999999999999909e-01
1.907999999999999974e-01
2.073999999999999733e-01
1.464000000000000301e-01
1.020999999999999686e-01
1.169000000000000178e-01
1.752000000000000224e-01
2.253000000000000280e-01
2.260999999999999677e-01
8.659999999999998255e-02
1.511000000000000121e-01
1.792000000000000259e-01
1.567999999999999949e-01
1.253999999999999837e-01
1.737000000000000210e-01
1.320000000000000062e-01
8.599999999999999312e-02
1.681000000000000272e-01
1.411000000000000032e-01
9.379999999999999449e-02
6.769999999999999629e-02
1.432999999999999829e-01
1.514000000000000068e-01
1.353999999999999926e-01
1.222000000000000031e-01
7.530000000000000582e-02
5.109999999999998571e-02
7.490000000000002212e-02
7.800000000000001377e-02
1.228999999999999954e-01
1.547000000000000042e-01
1.616999999999999826e-01
1.022000000000000131e-01
1.866000000000000159e-01
1.155999999999999805e-01
1.832999999999999630e-01
8.640000000000000457e-02
1.573000000000000231e-01
9.709999999999999187e-02
9.659999999999999143e-02
9.829999999999999849e-02
6.860000000000002207e-02
6.899999999999999190e-02
1.792000000000000259e-01
7.470000000000000251e-02
1.024000000000000188e-01
9.740000000000000047e-02
7.499999999999998335e-02
9.640000000000001346e-02
1.469999999999999918e-01
1.537999999999999923e-01
9.490000000000001212e-02
2.169999999999999984e-01
2.318999999999999950e-01
1.373000000000000054e-01
1.864999999999999714e-01
1.821000000000000396e-01
1.392000000000000182e-01
2.353999999999999981e-01
1.068000000000000060e-01
1.905000000000000027e-01
1.757000000000000228e-01
1.645999999999999963e-01
1.782000000000000250e-01
2.044999999999999873e-01
3.257999999999999785e-01
3.594000000000000528e-01
2.929999999999999272e-01
2.390999999999999792e-01
1.822000000000000008e-01
1.121999999999999942e-01
5.099999999999998979e-02
1.113000000000000100e-01
1.290000000000000036e-01
1.917000000000000093e-01
1.823999999999999788e-01
1.795999999999999819e-01
1.822999999999999898e-01
2.318999999999999673e-01
6.890000000000001679e-02
2.207000000000000073e-01
2.396000000000000352e-01
1.529000000000000081e-01
3.680000000000001326e-02
7.689999999999999614e-02
1.586000000000000187e-01
1.128999999999999865e-01
1.032999999999999891e-01
1.536000000000000143e-01
2.868999999999999884e-01
1.670999999999999985e-01
1.934999999999999776e-01
3.274000000000000243e-01
1.627000000000000113e-01
1.608000000000000262e-01
2.152999999999999914e-01
2.337999999999999523e-01
2.552000000000000379e-01
2.886999999999999567e-01
2.510999999999999899e-01
2.809999999999999720e-01
2.893999999999999906e-01
1.901000000000000190e-01
1.977999999999999758e-01
2.326999999999999902e-01
3.436000000000000165e-01
2.542999999999999705e-01
1.622000000000000108e-01
1.905000000000000027e-01
1.544999999999999984e-01
1.539999999999999702e-01
1.784000000000000030e-01
1.619000000000000161e-01
1.704999999999999571e-01
7.069999999999995732e-02
1.313999999999999890e-01
1.250999999999999890e-01
5.499999999999997946e-02
1.643999999999999906e-01
8.550000000000002043e-02
1.029000000000000054e-01
1.019000000000000322e-01
1.718000000000000360e-01
