2.540999999999999925e-01
2.590000000000000080e-01
3.115999999999999881e-01
3.961000000000000631e-01
3.631000000000000338e-01
1.828000000000000180e-01
3.891999999999999349e-01
2.791000000000000147e-01
3.275000000000000133e-01
1.561000000000000165e-01
2.409000000000000030e-01
1.257999999999999674e-01
2.045999999999999486e-01
1.834000000000000075e-01
1.115000000000000158e-01
2.280000000000000082e-01
2.089999999999999636e-01
2.712999999999999856e-01
2.402000000000000246e-01
1.330000000000000071e-01
2.679000000000000270e-01
1.078999999999999682e-01
1.935999999999998833e-01
2.250999999999999668e-01
1.932999999999999718e-01
1.110999999999999349e-01
7.959999999999994857e-02
3.182000000000000384e-01
3.119000000000000661e-01
2.829000000000000403e-01
1.960000000000000631e-01
2.356999999999998541e-01
1.810000000000000497e-01
1.660000000000000364e-01
1.833000000000000740e-01
2.543000000000000260e-01
1.519000000000000905e-01
9.509999999999994846e-02
8.379999999999990234e-02
1.322999999999999177e-01
2.257000000000000395e-01
1.716000000000000303e-01
2.420000000000001594e-01
2.558000000000000274e-01
2.660000000000000697e-01
1.892999999999999960e-01
2.423000000000000709e-01
1.631999999999999285e-01
1.249000000000000388e-01
1.334000000000000463e-01
2.649000000000000243e-01
5.466999999999999638e-01
3.313000000000000944e-01
2.108000000000000707e-01
1.066000000000000836e-01
1.854000000000000092e-01
1.738999999999999713e-01
1.127999999999999281e-01
1.262000000000000066e-01
1.652999999999999470e-01
1.653000000000000858e-01
2.063999999999999446e-01
1.673000000000000320e-01
2.747999999999999332e-01
5.323999999999999844e-01
3.296999999999999376e-01
2.612000000000000988e-01
2.509000000000001229e-01
1.095999999999999475e-01
3.287000000000000477e-01
1.422999999999999821e-01
1.087999999999999939e-01
2.080999999999999794e-01
2.046999999999999931e-01
2.322000000000001008e-01
1.663000000000000311e-01
1.864999999999999991e-01
2.550999999999999379e-01
1.365999999999999992e-01
1.512000000000000011e-01
6.988999999999999657e-01
7.864999999999998659e-01
2.463999999999999524e-01
2.923000000000000043e-01
3.681000000000000383e-01
2.252999999999999448e-01
2.604000000000000759e-01
2.681999999999999384e-01
2.290999999999999148e-01
2.208999999999999853e-01
2.822000000000000064e-01
3.539999999999999813e-01
1.904999999999999749e-01
2.440999999999999837e-01
1.265000000000000568e-01
7.522000000000000908e-01
7.358999999999998876e-01
6.799999999999999378e-01
6.937999999999999723e-01
2.585000000000001186e-01
2.717000000000000526e-01
3.545000000000000373e-01
3.041999999999999149e-01
1.755999999999998673e-01
1.760999999999999233e-01
2.069999999999999618e-01
1.767000000000000792e-01
2.079999999999999072e-01
3.134000000000000119e-01
3.252000000000001001e-01
2.121000000000001773e-01
2.211000000000000465e-01
2.466000000000000414e-01
1.587000000000000077e-01
1.419999999999999596e-01
2.010000000000000953e-01
1.587000000000000077e-01
2.092000000000001636e-01
1.864000000000000379e-01
2.100999999999998979e-01
2.410999999999999532e-01
1.077000000000002122e-01
3.180999999999997163e-01
3.130999999999999339e-01
4.329000000000001180e-01
2.580000000000000071e-01
6.512000000000000011e-01
2.977000000000001867e-01
7.458000000000000185e-01
4.824000000000000510e-01
2.584000000000000186e-01
2.695000000000000173e-01
2.182999999999999385e-01
2.236999999999999267e-01
2.172000000000001985e-01
2.171000000000001262e-01
2.131000000000000394e-01
2.438000000000001277e-01
1.646999999999999575e-01
2.764999999999998570e-01
1.828999999999998405e-01
1.724000000000001642e-01
1.344000000000001027e-01
3.146000000000001573e-01
3.654999999999999916e-01
1.567999999999999949e-01
1.937999999999999168e-01
1.630000000000001448e-01
2.463000000000000467e-01
1.139000000000000151e-01
2.303000000000000047e-01
3.432999999999999385e-01
2.363000000000001488e-01
2.720000000000000751e-01
3.180000000000000604e-01
5.241999999999997772e-01
7.374999999999998224e-01
1.645999999999999686e-01
1.102999999999998565e-01
1.066999999999999893e-01
1.250000000000000833e-01
3.185000000000000053e-01
3.576000000000000845e-01
2.311000000000001109e-01
1.514999999999999958e-01
2.973000000000000087e-01
3.413999999999999813e-01
1.656999999999999862e-01
9.990000000000004432e-02
1.989000000000000767e-01
1.707999999999999241e-01
2.332000000000000461e-01
2.345000000000001528e-01
2.623999999999999666e-01
3.003999999999997783e-01
1.536999999999999478e-01
1.400999999999998913e-01
1.997999999999999499e-01
2.190000000000000280e-01
4.044999999999999707e-01
3.475999999999999646e-01
2.334999999999999298e-01
1.906999999999998974e-01
2.806999999999999496e-01
2.665999999999999481e-01
3.989999999999999658e-01
3.259999999999998455e-01
1.351999999999998758e-01
2.064999999999999336e-01
5.327999999999999403e-01
2.332999999999999519e-01
2.273999999999997690e-01
1.087999999999998413e-01
1.561000000000000443e-01
2.023000000000000353e-01
2.051000000000000045e-01
1.760999999999999510e-01
1.840999999999999304e-01
1.035999999999999838e-01
1.526000000000002910e-01
2.048000000000000098e-01
2.566000000000000503e-01
1.798999999999999488e-01
1.695999999999999452e-01
1.464000000000000024e-01
1.776999999999999968e-01
1.787999999999999035e-01
1.974999999999999534e-01
1.602000000000000646e-01
