2.958999999999999964e-01
1.502999999999999892e-01
3.494000000000000439e-01
2.392000000000000237e-01
8.170000000000002260e-02
1.877999999999999947e-01
3.008999999999999453e-01
9.529999999999999583e-02
9.580000000000003790e-02
7.490000000000002212e-02
5.589999999999997055e-02
1.427999999999999547e-01
1.519999999999999685e-01
2.817999999999999949e-01
1.667000000000000426e-01
3.913000000000000367e-01
8.160000000000000586e-02
1.710999999999999743e-01
2.835000000000000853e-01
1.233000000000000207e-01
2.467999999999999639e-01
3.601999999999999647e-01
1.837000000000000577e-01
2.272999999999999743e-01
2.175000000000000544e-01
2.590000000000000080e-01
4.894999999999999907e-01
5.708999999999999631e-01
2.793999999999999817e-01
3.370000000000000773e-01
1.101000000000001283e-01
2.121000000000001218e-01
2.655000000000000693e-01
1.227000000000000174e-01
5.133000000000000895e-01
2.671000000000000041e-01
1.516000000000000680e-01
3.344999999999999640e-01
2.565000000000000058e-01
2.049000000000000543e-01
5.290000000000005809e-02
9.229999999999999316e-02
1.282999999999998586e-01
1.965000000000000357e-01
9.669999999999993878e-02
1.050999999999998880e-01
1.605000000000000038e-01
2.179999999999998883e-01
2.184999999999998055e-01
2.386999999999998290e-01
2.183999999999998720e-01
2.356000000000001704e-01
3.972999999999999865e-01
1.832999999999999630e-01
1.650999999999998580e-01
1.702999999999999514e-01
5.235000000000000764e-01
2.698000000000000398e-01
1.193000000000000033e-01
7.805999999999998495e-01
2.874999999999999778e-01
2.262000000000002342e-01
1.703999999999999959e-01
1.776999999999999691e-01
3.380000000000000226e-01
1.344999999999998974e-01
6.839999999999997471e-02
3.500999999999999668e-01
5.429000000000001602e-01
4.760999999999997456e-01
2.627000000000001556e-01
3.005999999999999783e-01
2.355999999999998928e-01
4.122000000000000108e-01
2.306999999999999607e-01
1.905999999999999917e-01
1.891000000000001846e-01
2.988999999999999435e-01
3.116999999999999216e-01
1.171999999999998182e-01
2.749999999999999112e-01
3.399999999999999689e-01
2.777000000000000579e-01
1.040999999999999925e+00
7.967999999999999527e-01
3.313999999999999169e-01
1.904999999999999472e-01
1.690000000000000391e-01
1.950999999999999679e-01
1.992000000000000715e-01
2.155999999999999861e-01
1.509999999999999676e-01
1.100000000000000977e-01
1.179999999999999938e-01
1.898999999999998467e-01
8.849999999999995370e-02
5.082999999999999741e-01
3.788999999999999591e-01
2.273000000000000576e-01
2.256000000000001060e-01
2.186000000000001275e-01
3.544000000000001038e-01
3.763000000000001344e-01
2.635999999999999455e-01
2.090999999999999526e-01
1.423999999999998878e-01
3.396999999999998909e-01
2.062999999999999279e-01
3.408999999999999808e-01
2.012999999999998679e-01
2.047000000000001319e-01
1.200000000000001343e-01
2.881000000000000782e-01
2.784000000000000363e-01
2.687000000000001054e-01
2.735999999999998433e-01
2.062000000000001332e-01
2.457000000000000850e-01
2.022000000000001019e-01
1.532999999999999363e-01
1.299000000000000710e-01
4.334999999999999964e-01
1.770000000000001295e-01
4.536000000000001697e-01
2.791999999999999482e-01
4.064999999999999170e-01
1.949000000000000177e-01
2.167000000000001148e-01
4.157999999999998919e-01
4.337999999999999634e-01
3.530000000000000915e-01
4.274000000000001132e-01
6.298999999999999044e-01
3.426999999999998936e-01
1.504000000000000059e-01
1.508999999999998398e-01
2.406999999999998030e-01
2.874999999999999778e-01
2.406999999999998030e-01
2.051000000000000878e-01
1.949000000000001565e-01
3.418999999999999817e-01
2.118999999999999218e-01
2.196000000000000174e-01
3.206999999999998741e-01
2.554999999999998384e-01
1.842999999999998251e-01
2.078000000000001235e-01
2.032000000000000195e-01
2.668000000000000926e-01
3.581999999999999074e-01
3.152999999999998582e-01
3.932999999999998719e-01
3.996000000000001218e-01
6.717999999999999527e-01
1.369000000000000217e-01
4.267999999999999017e-01
1.044100000000000028e+00
6.896999999999999797e-01
2.837999999999998857e-01
4.087000000000000632e-01
5.262999999999998790e-01
4.074000000000000399e-01
1.215899999999999981e+00
6.556000000000001826e-01
4.016000000000000680e-01
1.190999999999999975e-01
2.663000000000002587e-01
1.120999999999999774e-01
1.051599999999999868e+00
2.783699999999999619e+00
1.792899999999999716e+00
5.198999999999999178e-01
1.324000000000000732e-01
4.216999999999999638e-01
2.448999999999999788e-01
1.537999999999999645e-01
2.718000000000000416e-01
4.224000000000000532e-01
2.088000000000000689e-01
1.742000000000001325e-01
3.025000000000001577e-01
8.907000000000001583e-01
4.251999999999999114e-01
3.107999999999999097e-01
2.336999999999999911e-01
1.550999999999999046e-01
1.277999999999999692e-01
3.427999999999999381e-01
3.018999999999998352e-01
1.535499999999999865e+00
8.645000000000001572e-01
3.311999999999999944e-01
2.655000000000000138e-01
1.498999999999998944e-01
8.125999999999999890e-01
9.334000000000000075e-01
2.280999999999999694e-01
3.745999999999999330e-01
1.612000000000000099e-01
4.502999999999999226e-01
3.775000000000000022e-01
1.824000000000000066e-01
2.290999999999999703e-01
4.881999999999999673e-01
2.385999999999999788e-01
4.063999999999999835e-01
3.253000000000000336e-01
4.456999999999998741e-01
