2.932000000000000162e-01
4.143000000000000016e-01
3.518999999999999906e-01
2.201999999999999513e-01
2.614999999999999547e-01
1.700000000000000122e-01
1.568999999999999839e-01
2.004999999999999838e-01
1.527999999999999914e-01
1.432999999999999829e-01
1.761000000000000065e-01
1.269000000000000128e-01
2.079999999999999627e-01
1.759000000000000286e-01
1.530000000000000249e-01
1.597000000000000364e-01
1.877000000000000057e-01
1.728999999999999426e-01
3.888000000000000345e-01
3.493999999999999329e-01
8.379999999999997173e-02
6.190000000000005220e-02
1.756000000000000338e-01
1.719999999999999307e-01
1.010999999999999399e-01
1.664000000000000756e-01
1.251999999999999780e-01
9.949999999999994960e-02
1.329999999999999238e-01
1.606999999999999540e-01
1.314000000000000445e-01
1.374999999999999278e-01
1.020000000000000906e-01
2.193000000000000227e-01
1.644000000000000183e-01
9.730000000000009475e-02
2.121000000000000107e-01
9.960000000000001075e-01
1.824199999999999822e+00
6.136999999999998012e-01
4.843000000000001193e-01
1.481999999999999984e-01
1.859000000000000374e-01
1.639000000000000457e-01
1.959999999999998410e-01
2.042999999999998706e-01
1.020999999999999130e-01
1.563999999999999835e-01
2.518999999999997907e-01
1.330999999999999961e-01
1.610999999999998544e-01
1.174999999999999656e-01
2.051000000000000878e-01
1.752999999999999003e-01
1.044999999999999818e-01
1.963999999999998802e-01
2.082000000000000794e-01
1.141000000000001458e-01
7.229999999999990601e-02
1.705000000000000404e-01
1.153999999999999471e-01
6.620000000000014762e-02
1.632999999999999730e-01
1.394999999999999574e-01
2.324000000000000510e-01
2.871999999999998998e-01
2.447000000000000286e-01
1.034000000000000197e-01
1.623999999999999888e-01
1.328000000000000569e-01
6.000000000000008799e-02
1.493999999999998662e-01
1.388999999999998014e-01
6.910000000000016129e-02
1.209000000000002017e-01
1.304999999999998939e-01
5.920000000000001650e-02
9.470000000000000639e-02
8.339999999999986313e-02
3.890999999999998904e-01
3.342999999999999861e-01
3.334000000000000852e-01
6.208000000000001295e-01
3.315000000000000724e-01
7.259999999999999787e-02
1.905999999999999917e-01
2.326999999999999624e-01
2.336000000000000298e-01
1.398000000000000631e-01
4.718999999999998751e-01
2.649000000000000243e-01
1.970999999999999974e-01
1.681999999999999051e-01
1.976999999999999591e-01
1.849999999999999423e-01
1.849999999999999423e-01
2.686999999999999389e-01
1.967999999999998917e-01
1.826999999999998625e-01
1.586999999999999245e-01
7.463999999999999524e-01
1.637799999999999923e+00
1.143299999999999983e+00
3.905000000000000138e-01
2.712999999999999856e-01
2.596000000000000529e-01
1.345999999999999974e-01
1.111000000000000043e-01
1.514999999999999958e-01
1.726999999999999647e-01
1.212000000000000161e-01
1.956999999999999573e-01
1.367999999999999772e-01
1.650300000000000100e+00
2.528000000000000025e+00
2.027899999999999814e+00
4.801399999999999224e+00
1.201699999999999990e+00
4.336000000000000409e-01
1.153800000000000159e+00
1.020899999999999919e+00
8.049999999999999378e-01
5.513000000000000123e-01
4.310000000000000497e-01
1.272999999999999687e-01
1.523000000000000131e+00
2.813000000000001055e-01
1.966000000000000525e-01
1.441999999999999948e-01
1.383000000000000063e-01
1.515999999999999848e-01
2.667000000000000481e-01
2.152000000000000579e-01
1.220000000000000390e-01
2.606999999999999873e-01
2.372999999999999832e-01
2.322000000000000730e-01
1.015999999999999959e-01
1.958999999999999075e-01
2.036000000000000032e-01
1.199000000000000205e-01
6.239999999999999714e-02
1.272999999999999687e-01
1.696999999999999342e-01
1.490000000000000491e-01
1.301999999999999824e-01
1.570000000000000007e-01
3.152000000000000912e-01
2.517000000000000348e-01
1.601999999999999535e-01
4.659999999999994702e-02
6.119999999999994195e-02
1.204999999999998850e-01
8.080000000000003846e-02
1.573000000000000509e-01
2.051999999999998825e-01
1.557999999999999385e-01
3.583000000000000629e-01
2.377600000000000158e+00
3.650700000000000056e+00
1.755700000000000038e+00
2.158099999999999685e+00
6.177000000000001378e-01
3.123000000000000775e-01
6.319000000000001283e-01
6.732000000000001316e-01
4.706199999999999939e+00
5.508399999999999963e+00
1.245899999999999785e+00
1.847899999999999654e+00
2.900000000000000355e-01
8.319999999999994067e-02
1.271999999999999797e-01
1.562999999999997724e-01
6.742999999999998995e-01
1.229999999999999982e+00
2.955899999999999750e+00
5.967000000000000082e-01
5.021000000000001018e-01
1.801999999999994995e-01
2.596000000000000529e-01
1.034000000000001862e-01
1.814999999999995783e-01
2.870999999999997998e-01
1.951000000000001622e-01
1.018000000000000294e-01
3.437999999999998835e-01
2.024999999999998468e-01
6.440000000000015157e-02
1.441999999999999393e-01
1.434999999999999609e-01
1.846999999999998920e-01
1.362999999999998657e-01
7.109999999999983000e-02
1.546999999999999487e-01
1.981999999999997097e-01
1.769999999999999352e-01
9.800000000000011480e-02
1.071000000000001118e-01
2.193000000000002170e-01
1.365999999999999714e-01
7.599999999999998423e-02
1.791999999999995541e-01
1.491999999999996662e-01
1.096000000000001418e-01
1.599999999999999201e-01
1.850000000000000533e-01
1.364000000000002433e-01
1.355000000000000926e-01
