3.191999999999999837e-01
1.922000000000000097e-01
2.343999999999999972e-01
3.443000000000000504e-01
1.984000000000000208e-01
3.026999999999999691e-01
2.171000000000000152e-01
2.601999999999999869e-01
1.389999999999999847e-01
1.125000000000000028e-01
1.617000000000000104e-01
1.940000000000000058e-01
2.066000000000000059e-01
2.305000000000000104e-01
1.355000000000000093e-01
1.968999999999999639e-01
2.848999999999999311e-01
1.965000000000000357e-01
2.171000000000000152e-01
2.453999999999999793e-01
1.602000000000000091e-01
2.192000000000000060e-01
3.135999999999999899e-01
1.630000000000000338e-01
1.030000000000000360e-01
3.241000000000000547e-01
2.847999999999999976e-01
3.046999999999999709e-01
1.643000000000000016e-01
1.034999999999999809e-01
1.622000000000000108e-01
4.152000000000000135e-01
2.254999999999999782e-01
7.074000000000000288e-01
4.426000000000000489e-01
2.062000000000000222e-01
2.217000000000000359e-01
1.635999999999999954e-01
2.370000000000000440e-01
2.227999999999999980e-01
2.282000000000000139e-01
2.376999999999999946e-01
3.111999999999999766e-01
2.674000000000000266e-01
2.807000000000000606e-01
2.760000000000000231e-01
2.934999999999999831e-01
1.824000000000000066e-01
2.530999999999999917e-01
1.479000000000000037e-01
1.528000000000000191e-01
1.748999999999999722e-01
2.907999999999999474e-01
1.881000000000000172e-01
3.029999999999999916e-01
7.900000000000000355e-01
5.969999999999999751e-01
6.228000000000000203e-01
6.827999999999999625e-01
1.886200000000000099e+00
8.452999999999999403e-01
6.723000000000000087e-01
3.467000000000000082e-01
7.726999999999999424e-01
1.781999999999999973e-01
2.304000000000000492e-01
1.674000000000000210e-01
2.481999999999999762e-01
3.013000000000000123e-01
2.466000000000000414e-01
1.887000000000000066e-01
2.204000000000000403e-01
1.428999999999999715e-01
1.126000000000000056e-01
2.174000000000000377e-01
2.039000000000000257e-01
8.320000000000000728e-01
6.438799999999999635e+00
4.419200000000000017e+00
7.898999999999998245e-01
3.351999999999998314e-01
4.038000000000001033e-01
1.174999999999998546e-01
1.883000000000000007e+00
1.239199999999999857e+00
4.581000000000001737e-01
3.434000000000000385e-01
3.140999999999997683e-01
5.232999999999997653e-01
2.929000000000000492e-01
1.751000000000000056e-01
2.273999999999999633e-01
4.100999999999998535e-01
2.979999999999998761e-01
8.309999999999991005e-02
3.301999999999998270e-01
2.327000000000000179e-01
1.710999999999999188e-01
1.735999999999998655e-01
2.987999999999999545e-01
3.968999999999999195e-01
5.800999999999999490e-01
2.308999999999999664e-01
3.247999999999999221e-01
2.441000000000000947e-01
5.822000000000000508e-01
8.188000000000001943e-01
4.579999999999996851e-01
4.133000000000000007e-01
2.546000000000001040e-01
3.096000000000001529e-01
7.247000000000001219e-01
5.037999999999999146e-01
5.181000000000000050e-01
2.887000000000000677e-01
3.039999999999999925e-01
2.518999999999998463e-01
3.294000000000000261e-01
2.895999999999998020e-01
1.418999999999998873e-01
1.024899999999999922e+00
9.259000000000001673e-01
9.210000000000000409e-01
9.733000000000000540e-01
4.746000000000000218e-01
6.228000000000000203e-01
3.343000000000000971e-01
2.019000000000000239e-01
1.540999999999998482e-01
3.794999999999999485e-01
4.133000000000001117e-01
2.912000000000000144e-01
1.944000000000000172e-01
2.632000000000001561e-01
2.569000000000001838e-01
2.058999999999998332e-01
1.914000000000000146e-01
1.849000000000000365e-01
1.290000000000000036e-01
3.270000000000000129e-01
2.847000000000000641e-01
1.606000000000000483e-01
3.795000000000000595e-01
3.159000000000000696e-01
5.088000000000001410e-01
1.165200000000000014e+00
9.852999999999999536e-01
5.513000000000000123e-01
4.529999999999999583e-01
3.867000000000000437e-01
3.058000000000001828e-01
2.860000000000001430e-01
2.362999999999999545e-01
2.950999999999998069e-01
6.397999999999999243e-01
6.521999999999998909e-01
9.450999999999997181e-01
4.980999999999998207e-01
3.366000000000000658e-01
3.154000000000002357e-01
2.424000000000001431e-01
1.862999999999998824e-01
2.760000000000000786e-01
3.160000000000000031e-01
5.658999999999998476e-01
7.733999999999999764e-01
6.908000000000000806e-01
1.293699999999999850e+00
5.409999999999999254e-01
4.247999999999999554e-01
4.433999999999999608e-01
3.863000000000000878e-01
5.670000000000001705e-01
2.060000000000000719e-01
5.674000000000000155e-01
1.889000000000001234e-01
1.419999999999999318e-01
2.011000000000000010e-01
2.187999999999999390e-01
2.661999999999999922e-01
1.993999999999997441e-01
3.237999999999998657e-01
3.412999999999999368e-01
3.350000000000000200e-01
3.598999999999999422e-01
2.571000000000002172e-01
3.058000000000001828e-01
1.717199999999999616e+00
2.930600000000000094e+00
2.680000000000000604e+00
4.913000000000000700e-01
3.032200000000000450e+00
1.454700000000000104e+00
2.169999999999998042e-01
2.728999999999998094e-01
1.561000000000001831e-01
2.036999999999998812e-01
2.440999999999999559e-01
2.267000000000000126e-01
4.723000000000000531e-01
5.099000000000001309e-01
2.758999999999999786e-01
2.372000000000001330e-01
4.060999999999999610e-01
1.032899999999999929e+00
6.998999999999999666e-01
9.997999999999999110e-01
1.112200000000000077e+00
8.113000000000001322e-01
