3.539999999999999813e-01
1.864999999999999991e-01
1.244000000000000106e-01
2.925999999999999712e-01
1.731000000000000039e-01
1.105000000000000288e-01
3.286000000000000032e-01
2.716999999999999971e-01
2.230000000000000038e-01
8.290000000000002922e-02
2.102999999999999869e-01
1.611999999999999544e-01
1.215999999999999859e-01
2.533999999999999586e-01
2.741000000000000103e-01
1.870999999999999608e-01
5.870000000000000911e-02
7.370000000000004325e-02
3.071000000000000396e-01
2.661000000000000032e-01
1.658000000000000029e-01
1.471000000000000085e-01
7.039999999999997649e-02
5.379999999999997284e-02
7.979999999999999594e-02
1.742000000000000215e-01
3.870000000000000107e-01
6.466000000000000636e-01
2.779000000000000914e-01
2.718000000000000416e-01
3.245000000000000107e-01
4.184999999999999276e-01
9.334000000000000075e-01
5.074999999999998401e-01
1.051000000000000684e-01
2.398000000000000687e-01
3.009000000000000563e-01
2.261999999999999289e-01
2.004999999999999005e-01
5.219999999999991314e-02
1.492999999999999883e-01
1.479999999999999649e-01
1.925999999999999657e-01
1.863999999999999824e-01
1.310000000000000608e-01
1.476000000000000090e-01
2.676000000000000600e-01
2.612000000000000988e-01
1.963000000000000023e-01
2.875000000000000333e-01
1.917000000000000925e-01
1.365999999999999992e-01
1.475000000000000755e-01
1.962000000000000965e-01
1.999000000000000776e-01
1.919000000000000150e-01
1.725999999999999757e-01
1.485999999999999543e-01
1.183000000000000024e-01
2.093000000000000416e-01
2.232999999999999985e-01
2.194999999999999174e-01
1.009300000000000086e+00
8.787000000000000366e-01
2.296999999999999043e-01
6.088000000000000078e-01
3.674000000000000599e-01
2.341000000000000303e-01
1.479000000000000314e-01
1.098999999999999283e-01
3.458999999999999853e-01
1.113999999999999990e-01
2.778999999999999804e-01
1.071699999999999875e+00
3.460999999999999632e-01
7.769999999999998019e-01
3.143000000000000238e-01
1.572999999999999954e-01
5.705999999999999961e-01
2.883999999999999897e-01
7.807000000000000606e-01
6.883000000000000229e-01
9.747000000000000108e-01
8.452000000000000624e-01
1.016399999999999970e+00
8.130999999999999339e-01
7.150000000000000799e-01
4.358999999999999542e-01
2.583000000000000296e-01
1.890999999999999903e-01
6.755000000000001004e-01
9.041000000000000147e-01
5.866999999999999993e-01
1.091999999999999915e-01
1.252000000000000890e-01
2.714000000000000856e-01
3.618000000000000105e-01
2.237999999999999989e-01
2.158999999999998975e-01
2.033000000000002583e-01
1.181000000000000660e-01
1.208999999999998964e-01
1.018000000000000849e-01
1.323000000000000009e-01
1.913999999999997648e-01
2.497000000000001441e-01
1.074999999999999567e-01
4.145000000000000906e-01
3.128000000000000780e-01
4.385999999999999899e-01
2.729999999999999094e-01
4.292999999999999039e-01
9.899999999999992140e-02
3.732000000000000872e-01
5.102999999999999758e-01
1.485000000000000764e-01
7.077999999999998737e-01
5.464999999999999858e-01
6.455999999999999517e-01
1.184999999999999831e+00
8.672999999999998488e-01
1.308499999999999774e+00
1.300399999999999778e+00
1.482999999999999874e+00
7.989999999999999325e-01
2.599000000000000754e-01
2.842999999999996641e-01
4.376999999999998114e-01
1.422000000000001041e-01
1.737000000000002431e-01
4.193000000000000616e-01
1.217200000000000060e+00
1.834099999999999842e+00
1.332100000000000062e+00
8.589999999999999858e-01
4.279000000000000026e-01
1.199999999999999400e-01
1.767000000000001625e-01
2.268000000000000294e-01
4.701000000000001844e-01
4.402999999999999692e-01
2.400000000000007683e-02
6.759999999999996567e-02
7.560000000000005604e-02
5.180000000000012372e-02
2.637999999999999234e-01
4.175999999999999712e-01
4.146000000000001351e-01
3.926999999999999380e-01
1.139000000000001123e-01
3.646000000000002017e-01
3.144000000000000683e-01
4.249999999999999889e-01
5.770000000000000684e-01
5.726999999999999869e-01
9.669000000000000927e-01
1.558400000000000230e+00
1.221399999999999597e+00
1.271600000000000286e+00
2.854000000000000092e+00
1.640600000000000058e+00
1.471299999999999830e+00
6.275999999999999357e-01
4.453000000000000846e-01
4.869999999999999329e-01
2.184999999999999165e-01
2.401000000000000356e-01
6.450999999999998957e-01
9.290999999999998149e-01
1.634299999999999642e+00
1.517199999999999882e+00
1.735999999999998933e-01
1.122000000000001885e-01
4.465999999999998860e-01
3.414999999999998037e-01
3.894999999999998463e-01
2.057000000000002993e-01
6.160000000000021014e-02
5.820000000000016827e-02
9.669999999999995266e-02
3.629000000000000559e-01
1.990999999999998049e-01
2.159999999999997478e-01
1.927999999999999159e-01
7.960000000000000409e-01
1.043299999999999894e+00
1.595499999999999918e+00
2.304999999999997884e-01
7.659999999999993203e-02
1.930000000000000604e-01
3.838000000000000300e-01
2.393999999999998629e-01
3.720999999999999863e-01
1.008099999999999774e+00
6.922999999999998044e-01
1.533999999999999808e+00
1.867099999999999760e+00
6.936000000000001053e-01
3.423300000000000232e+00
1.331899999999999862e+00
6.061999999999999611e-01
2.822000000000000619e-01
3.527000000000001245e-01
6.119999999999997664e-01
2.874000000000002664e-01
1.466000000000000636e-01
9.894999999999998241e-01
1.105900000000000327e+00
3.379999999999997451e-01
