2.931000000000000272e-01
1.981999999999999873e-01
1.724000000000000254e-01
1.955999999999999961e-01
2.392000000000000237e-01
1.216000000000000414e-01
4.059999999999996945e-02
1.567999999999999949e-01
1.978999999999999926e-01
8.980000000000000482e-02
1.106000000000000039e-01
1.330999999999999961e-01
1.790999999999999814e-01
1.335999999999999965e-01
2.041999999999999926e-01
2.061000000000000332e-01
2.363999999999999990e-01
1.439999999999999891e-01
3.058999999999999497e-01
1.097999999999999948e-01
3.087999999999999634e-01
1.198000000000000176e-01
4.850000000000000144e-02
7.520000000000001683e-02
1.471000000000000085e-01
1.345999999999999974e-01
1.471000000000000085e-01
9.260000000000000175e-02
3.373999999999999222e-01
1.298000000000000265e-01
2.015000000000000124e-01
1.816999999999999726e-01
8.330000000000001292e-02
2.873999999999999888e-01
4.827000000000000179e-01
3.503999999999999337e-01
1.494000000000000050e-01
1.812999999999999334e-01
1.523999999999999799e-01
1.550999999999999601e-01
1.075999999999998902e-01
6.382999999999998675e-01
6.586999999999998412e-01
2.110000000000000486e-01
1.682000000000000162e-01
2.726999999999999980e-01
1.824999999999999956e-01
1.650999999999999968e-01
1.194999999999999674e-01
1.765000000000000457e-01
1.103999999999999981e-01
1.497000000000000552e-01
1.723999999999999699e-01
1.917000000000000370e-01
1.172999999999999876e-01
6.529999999999996918e-02
5.960999999999998522e-01
3.311000000000000609e-01
3.190999999999999392e-01
6.710999999999999188e-01
2.869999999999999774e-01
2.958999999999999964e-01
3.291000000000000592e-01
1.139000000000000845e-01
8.620000000000005436e-02
6.139999999999998931e-02
1.814999999999999947e-01
3.573999999999999400e-01
1.816000000000000669e-01
1.578000000000000513e-01
1.508000000000001284e-01
2.725999999999998424e-01
4.108000000000000540e-01
5.073000000000000842e-01
2.118999999999999773e-01
3.343000000000000416e-01
3.198999999999999622e-01
2.005000000000000115e-01
2.465999999999999304e-01
3.820999999999999952e-01
3.660000000000000475e-01
1.132000000000000117e+00
4.204000000000001624e-01
3.497999999999999998e-01
2.851000000000000201e-01
9.220000000000004581e-02
1.666999999999998483e-01
3.160000000000000031e-01
1.860000000000000264e-01
2.324000000000000787e-01
1.083000000000000212e-01
4.719999999999999196e-02
1.313999999999999890e-01
1.786000000000000643e-01
1.370999999999998886e-01
1.388999999999999957e-01
2.092999999999999861e-01
1.725999999999999202e-01
1.658999999999999364e-01
1.318999999999998785e-01
1.147999999999998466e-01
8.250000000000000389e-02
8.250000000000004552e-02
9.970000000000002471e-02
8.349999999999996314e-02
1.990999999999999437e-01
3.184000000000000163e-01
2.809000000000000941e-01
1.226999999999998925e-01
9.149999999999999800e-02
2.771999999999998909e-01
5.863999999999999213e-01
2.578999999999999626e-01
4.840999999999999748e-01
8.520000000000000906e-01
2.626000000000000556e-01
5.482000000000000206e-01
7.103999999999999204e-01
1.823000000000000176e-01
8.230000000000003979e-02
2.567999999999999172e-01
1.915999999999999370e-01
1.319999999999999785e-01
1.352000000000000979e-01
8.879999999999993454e-02
1.846000000000000418e-01
4.175999999999999157e-01
2.197000000000000064e-01
3.053999999999999493e-01
3.203999999999999071e-01
1.717999999999998140e-01
1.826000000000000123e-01
4.529000000000001913e-01
3.851000000000000534e-01
3.367999999999999883e-01
3.690000000000001057e-01
3.338999999999999191e-01
4.385000000000000009e-01
3.430999999999999051e-01
2.562999999999998613e-01
2.955999999999999739e-01
2.550999999999999934e-01
4.637000000000000011e-01
5.751999999999999336e-01
9.949999999999999123e-02
2.971000000000000307e-01
3.108000000000000207e-01
2.402999999999999026e-01
3.359000000000000874e-01
3.971000000000000640e-01
2.107999999999999874e-01
1.990999999999999992e-01
1.443999999999999173e-01
3.035999999999998145e-01
3.351999999999998314e-01
3.634999999999999898e-01
2.357000000000000761e-01
2.436000000000000110e-01
3.763999999999999568e-01
1.290000000000001146e-01
1.635000000000000064e-01
3.279999999999999583e-01
1.202999999999999764e-01
1.915999999999999370e-01
1.788999999999999757e-01
1.009000000000000175e-01
1.105999999999999761e-01
4.538999999999999702e-01
3.803000000000000824e-01
2.705000000000000182e-01
1.978999999999999648e-01
2.532000000000000917e-01
3.891000000000000569e-01
2.057999999999999552e-01
2.575000000000000067e-01
2.394000000000000294e-01
1.235999999999999599e-01
1.518000000000000738e-01
1.665999999999999703e-01
1.056000000000000411e-01
1.481999999999998874e-01
4.199999999999998179e-02
1.149000000000000576e-01
1.572000000000000064e-01
2.719999999999999640e-01
1.887000000000000899e-01
2.155999999999999583e-01
3.876000000000000556e-01
5.938999999999998725e-01
5.836999999999999966e-01
2.214799999999999880e+00
1.574000000000000066e+00
4.895999999999999241e-01
2.505000000000000560e-01
1.974800000000000111e+00
1.614100000000000090e+00
1.332799999999999985e+00
4.792000000000000148e-01
9.680000000000001104e-02
2.941000000000001391e-01
1.257000000000000339e-01
2.171999999999999487e-01
7.470000000000004414e-02
2.167000000000000315e-01
5.702000000000000401e-01
4.103000000000001646e-01
8.729999999999999982e-01
2.462000000000001965e-01
8.332999999999999297e-01
