8.079999999999999405e-01
5.652000000000000357e-01
2.015999999999999182e-01
3.199000000000000177e-01
3.290999999999999481e-01
9.898000000000001242e-01
4.778000000000000580e-01
1.793099999999999916e+00
1.640800000000000036e+00
7.681999999999999940e-01
5.292000000000001148e-01
5.134999999999999565e-01
5.164999999999998481e-01
3.651999999999999691e-01
1.225999999999999868e-01
3.290000000000000702e-01
4.075000000000003064e-01
2.641999999999998794e-01
2.839000000000000412e-01
1.550000000000003042e-01
4.725000000000000311e-01
3.418999999999998152e-01
3.876000000000001111e-01
3.140000000000000013e-01
4.047999999999997156e-01
2.486999999999998379e-01
2.785000000000000808e-01
2.480999999999999872e-01
3.898299999999999876e+00
1.097599999999999687e+00
3.808999999999997943e-01
6.013000000000001677e-01
7.058999999999999719e-01
4.602999999999998204e-01
6.099999999999998757e-01
5.117000000000000437e-01
6.393000000000002014e-01
5.051999999999998714e-01
4.230000000000001537e-01
5.372000000000001219e-01
6.029999999999999805e-01
5.994000000000000439e-01
6.620000000000000329e-01
5.006999999999999229e-01
1.978000000000003089e-01
1.612000000000000099e-01
8.092000000000001414e-01
1.261699999999999822e+00
7.437999999999999057e-01
1.192600000000000326e+00
1.373799999999999910e+00
6.603999999999999870e-01
2.940999999999999170e-01
4.295000000000001594e-01
3.102999999999998537e-01
7.672000000000003261e-01
4.901999999999999691e-01
3.694999999999995510e-01
2.131000000000000116e-01
9.579999999999977423e-02
1.134999999999999065e-01
1.149000000000000299e-01
2.378999999999999171e-01
1.020699999999999941e+00
2.055699999999999861e+00
2.162900000000000045e+00
5.215999999999999526e-01
5.408999999999999364e-01
4.371999999999998110e-01
5.403000000000001135e-01
5.514999999999998792e-01
4.724000000000002641e-01
2.847999999999998311e-01
3.264999999999999569e-01
1.362000000000000433e-01
4.983999999999999542e-01
9.840000000000000968e-01
2.891000000000000236e-01
2.432999999999998775e-01
1.995999999999999164e-01
2.260999999999999122e-01
3.217999999999999750e-01
3.665000000000001035e-01
8.846000000000000529e-01
7.650000000000001243e-01
4.544000000000002482e-01
2.948000000000001175e-01
6.353999999999999648e-01
2.403999999999998083e-01
2.847000000000001751e-01
6.459000000000000297e-01
3.596000000000001418e-01
2.455000000000004123e-01
1.708000000000001739e-01
1.750000000000001554e-01
3.600999999999998646e-01
7.106000000000002315e-01
2.470400000000000151e+00
1.091999999999999860e+00
6.495999999999998442e-01
4.050000000000001377e-01
4.105999999999999650e-01
2.796999999999999487e-01
5.163999999999999702e-01
1.795000000000000484e-01
3.371000000000002883e-01
3.363000000000001544e-01
6.283000000000000806e-01
6.557999999999998275e-01
3.789999999999997815e-01
4.807999999999997831e-01
1.322999999999996401e-01
3.057000000000000273e-01
1.987000000000001543e-01
3.362999999999999323e-01
3.487999999999996659e-01
6.492999999999998773e-01
3.629000000000002224e-01
5.406000000000000805e-01
1.474000000000004751e-01
3.728999999999998427e-01
4.873999999999998889e-01
5.075000000000001732e-01
1.930000000000001159e-01
4.742000000000001769e-01
3.101000000000000423e-01
4.602000000000004976e-01
2.984000000000002206e-01
5.368000000000001659e-01
3.634999999999999343e-01
2.528999999999994586e-01
3.622999999999999554e-01
1.519999999999999407e-01
3.273000000000000353e-01
1.573999999999999011e-01
4.843999999999997197e-01
3.708999999999998964e-01
2.649000000000000243e-01
3.813999999999999613e-01
5.836999999999999966e-01
1.522299999999999986e+00
1.765700000000000047e+00
1.109999999999999876e+00
7.175999999999999046e-01
4.437999999999996392e-01
9.792000000000004034e-01
7.959000000000006070e-01
4.665000000000003588e-01
3.652000000000001356e-01
4.908000000000001251e-01
7.641999999999997684e-01
4.555000000000001825e-01
6.549000000000002597e-01
7.066999999999996618e-01
2.363000000000003709e-01
1.693000000000001448e-01
2.672999999999998155e-01
2.494000000000003714e-01
4.919999999999996043e-01
3.201999999999993740e-01
1.350999999999993595e-01
8.292000000000001592e-01
5.317999999999996064e-01
4.239000000000003321e-01
7.203000000000003844e-01
7.051000000000003931e-01
9.545999999999997820e-01
2.189000000000000057e+00
2.576299999999999812e+00
5.212000000000001076e-01
7.830000000000000293e-01
1.812999999999998779e-01
3.896000000000000574e-01
2.860999999999999099e-01
6.291000000000004366e-01
4.349999999999996647e-01
4.558000000000001495e-01
4.160999999999999699e-01
1.924999999999998102e-01
2.719999999999992424e-01
5.625000000000005551e-01
6.966999999999996529e-01
3.073999999999998956e-01
7.769999999999978313e-02
1.525000000000003020e-01
2.159999999999996922e-01
3.215000000000002300e-01
3.258000000000001450e-01
3.510999999999994126e-01
2.972999999999990095e-01
2.151999999999991697e-01
2.368999999999999440e-01
1.498000000000000997e-01
4.467999999999999750e-01
5.289999999999999147e-01
2.450999999999999290e-01
3.345000000000005191e-01
2.728000000000000980e-01
3.319999999999996843e-01
3.194999999999999507e-01
2.519999999999999463e-01
1.531000000000002359e-01
1.770000000000004903e-01
1.854000000000002590e-01
2.137999999999999345e-01
2.362999999999995937e-01
4.657999999999995477e-01
4.312000000000000277e-01
5.971999999999998421e-01
