2.606999999999999873e-01
6.370000000000000107e-01
7.643999999999999684e-01
3.324999999999999623e-01
7.640000000000000124e-01
1.394799999999999818e+00
8.690999999999999837e-01
6.585999999999999632e-01
6.936000000000001053e-01
3.256000000000000005e-01
2.532999999999999696e-01
2.253000000000000003e-01
2.537000000000000366e-01
4.441999999999999837e-01
1.649999999999999800e-01
3.335000000000000187e-01
8.170999999999999375e-01
7.419000000000001149e-01
8.301000000000000600e-01
7.719000000000000306e-01
6.283999999999999586e-01
9.389999999999998348e-01
4.439000000000000168e-01
9.351999999999999202e-01
3.582000000000000184e-01
2.532700000000000173e+00
1.427700000000000191e+00
5.946000000000000174e-01
6.381000000000001116e-01
6.721000000000000307e-01
4.194999999999999840e-01
6.286000000000000476e-01
5.705999999999998851e-01
4.362999999999999101e-01
1.003100000000000103e+00
8.559999999999998721e-01
1.236099999999999977e+00
7.559000000000000163e-01
1.830999999999999850e-01
4.732000000000000095e-01
5.415999999999999703e-01
2.371000000000000885e-01
1.307999999999999441e-01
2.268999999999999628e-01
1.412999999999999257e-01
1.685999999999999721e-01
4.123999999999999888e-01
1.741999999999999105e-01
4.311999999999999167e-01
6.735999999999999766e-01
5.002000000000000890e-01
8.757000000000000339e-01
3.558999999999998831e-01
1.890599999999999836e+00
5.942999999999999394e-01
1.545600000000000085e+00
6.712000000000000188e-01
1.049199999999999910e+00
9.821000000000000840e-01
4.871000000000000330e-01
2.109000000000000041e-01
1.228999999999999398e-01
4.482000000000000428e-01
2.560000000000000053e-01
2.866999999999999549e-01
3.636999999999999678e-01
1.713000000000000356e-01
2.270000000000001461e-01
2.387999999999998735e-01
3.532000000000000695e-01
1.286000000000000254e+00
8.213999999999999080e-01
2.151999999999999469e-01
2.210000000000000298e-01
1.879000000000000115e-01
1.164000000000000451e-01
2.255999999999999672e-01
3.120000000000000551e-01
3.150999999999999912e-01
3.586000000000000298e-01
3.260999999999999455e-01
3.072000000000000286e-01
2.375000000000000167e-01
7.529999999999998916e-01
5.065999999999999392e-01
4.850000000000000422e-01
3.607000000000000206e-01
3.862000000000000433e-01
3.735000000000000542e-01
3.892000000000001014e-01
6.397000000000000464e-01
6.300999999999998824e-01
7.843999999999999861e-01
3.438999999999998169e-01
2.665999999999999481e-01
2.649000000000000243e-01
3.390999999999999570e-01
3.538999999999999924e-01
6.514000000000002011e-01
4.790000000000000924e-01
8.982999999999998764e-01
6.010999999999999677e-01
2.540000000000000036e-01
3.225000000000000089e-01
5.032999999999998586e-01
8.653999999999999471e-01
5.537999999999999590e-01
6.239000000000000101e-01
3.881999999999998785e-01
2.208999999999999297e-01
5.259000000000000341e-01
7.143000000000001570e-01
9.057000000000001716e-01
1.074500000000000011e+00
4.785999999999999699e-01
6.773000000000000131e-01
6.464999999999999636e-01
5.780000000000000693e-01
2.231000000000001038e-01
9.680000000000006655e-02
2.396000000000000352e-01
3.181000000000001049e-01
2.365000000000000990e-01
3.848999999999999644e-01
3.418999999999999817e-01
3.990999999999999548e-01
5.641000000000000458e-01
2.118900000000000006e+00
7.122999999999999332e-01
1.180800000000000072e+00
6.385000000000000675e-01
1.741799999999999793e+00
1.390899999999999803e+00
7.967999999999999527e-01
4.474000000000000754e-01
3.116999999999998661e-01
8.058000000000000718e-01
7.106000000000000094e-01
4.776000000000001355e-01
1.552699999999999969e+00
8.581999999999999629e-01
2.304499999999999993e+00
7.864999999999999769e-01
9.505000000000001226e-01
4.251000000000000334e-01
3.230000000000000648e-01
1.941000000000000225e-01
3.518000000000000016e-01
6.380999999999998895e-01
5.373000000000001108e-01
3.333999999999999186e-01
1.749999999999999611e-01
1.003800000000000026e+00
6.985999999999999988e-01
5.342999999999998861e-01
5.117999999999999217e-01
2.033000000000000362e-01
2.076999999999999680e-01
3.452000000000000068e-01
3.809000000000000163e-01
9.583000000000000407e-01
8.579999999999998739e-01
1.429799999999999738e+00
6.286000000000000476e-01
6.692999999999997840e-01
1.806099999999999817e+00
8.145000000000000018e-01
7.161000000000000698e-01
7.308000000000001162e-01
3.793999999999999595e-01
5.999000000000000998e-01
2.234700000000000131e+00
1.548599999999999977e+00
1.767299999999999871e+00
1.994600000000000151e+00
1.301400000000000112e+00
6.653000000000001135e-01
3.694999999999999951e-01
3.679000000000000048e-01
1.051100000000000145e+00
4.724999999999999201e-01
5.362999999999998879e-01
1.729800000000000004e+00
4.581999999999999407e-01
3.251000000000001111e-01
7.907000000000001805e-01
4.553000000000000380e-01
3.157000000000000917e-01
3.799999999999998934e-01
9.959000000000000075e-01
5.241999999999999993e-01
2.199000000000000399e-01
3.538000000000001699e-01
7.734000000000000874e-01
1.066500000000000004e+00
1.009800000000000031e+00
7.342999999999999527e-01
1.765600000000000058e+00
1.727200000000000069e+00
3.902000000000001023e-01
5.411000000000000254e-01
8.438999999999998725e-01
7.340000000000000968e-01
1.759000000000000341e+00
2.612999999999999545e+00
1.216099999999999959e+00
7.826999999999999513e-01
1.108699999999999797e+00
1.824700000000000211e+00
