2.335000000000000131e-01
1.304000000000000159e-01
6.189999999999999669e-02
1.195999999999999980e-01
1.041000000000000120e-01
8.669999999999998541e-02
1.071999999999999897e-01
9.709999999999999187e-02
1.379999999999999838e-01
1.490000000000000213e-01
4.226000000000000312e-01
2.469000000000000083e-01
2.303000000000000047e-01
1.966999999999999860e-01
3.923999999999999710e-01
1.454000000000000292e-01
2.038999999999999979e-01
1.051000000000000129e-01
1.949000000000000177e-01
2.552999999999999714e-01
2.145999999999999852e-01
2.021999999999999909e-01
2.676999999999999935e-01
2.173999999999999821e-01
2.266999999999999849e-01
2.718999999999999750e-01
1.593000000000000527e-01
1.500000000000000222e-01
1.834000000000000630e-01
3.528999999999999915e-01
2.933000000000000052e-01
1.363000000000000322e-01
7.139999999999999125e-02
1.053999999999999798e-01
2.626999999999999891e-01
1.447999999999999843e-01
1.718999999999999972e-01
1.817000000000000282e-01
1.671999999999999598e-01
2.149000000000000632e-01
2.426000000000000101e-01
2.251000000000000778e-01
3.481000000000000760e-01
1.638000000000000567e-01
1.242999999999999522e-01
1.774000000000000021e-01
2.532999999999999696e-01
2.184000000000000108e-01
7.599999999999997036e-02
1.543999999999999817e-01
1.082999999999999796e-01
1.277999999999999692e-01
1.132999999999999702e-01
1.623000000000000276e-01
1.333000000000000573e-01
1.282000000000000361e-01
8.320000000000002394e-02
1.376000000000000556e-01
3.719999999999993451e-02
1.105999999999999067e-01
2.217999999999999139e-01
1.418999999999999428e-01
2.455999999999999295e-01
1.190999999999999837e-01
7.670000000000003204e-02
2.158000000000000473e-01
6.969999999999994256e-02
9.350000000000008304e-02
7.099999999999995204e-02
1.283999999999999031e-01
1.313000000000000833e-01
2.387000000000000233e-01
1.793000000000000149e-01
1.970999999999999419e-01
2.159999999999999143e-01
6.059999999999993170e-02
1.243999999999999828e-01
1.000000000000000056e-01
1.105000000000000704e-01
9.850000000000000422e-02
4.639999999999999680e-02
5.119999999999994000e-02
1.182000000000000828e-01
2.330000000000001514e-02
1.710999999999999743e-01
2.366999999999999937e-01
1.046999999999999181e-01
1.254999999999999727e-01
2.729999999999996319e-02
2.399999999999999634e-01
1.990999999999999714e-01
1.464999999999999358e-01
5.680000000000001714e-02
1.368000000000000327e-01
1.145999999999999797e-01
1.716999999999999360e-01
4.310000000000006881e-02
1.599000000000000143e-01
6.560000000000003328e-02
2.133999999999999508e-01
6.669999999999992601e-02
1.156999999999999001e-01
1.589999999999992808e-02
1.694999999999999563e-01
1.209000000000000075e-01
1.709999999999999298e-01
1.206999999999998768e-01
6.030000000000003413e-02
9.089999999999998082e-02
2.740000000000000768e-01
1.261000000000000176e-01
1.469000000000000306e-01
6.539999999999997204e-02
1.112000000000000210e-01
1.198000000000000453e-01
1.116999999999998827e-01
1.180999999999999273e-01
1.174000000000000737e-01
1.733999999999999986e-01
1.909999999999999198e-01
9.570000000000006279e-02
1.008000000000000007e-01
1.300000000000000044e-01
1.004000000000000864e-01
7.380000000000008775e-02
2.778999999999999249e-01
1.405000000000000138e-01
2.513999999999999568e-01
1.673000000000000043e-01
1.182000000000000273e-01
5.369999999999990059e-02
3.854999999999999538e-01
1.809999999999999942e-01
1.490000000000000491e-01
7.630000000000001226e-01
1.408299999999999885e+00
8.535000000000001474e-01
2.693000000000000060e+00
8.414000000000000368e-01
7.275000000000000355e-01
6.950000000000000622e-01
3.010299999999999976e+00
2.325300000000000367e+00
1.506000000000000005e+00
4.924000000000000044e-01
3.404999999999999694e-01
2.220999999999999919e-01
4.309999999999999942e-01
2.645000000000000129e-01
2.261999999999999844e-01
2.043999999999999706e-01
8.289999999999998759e-02
1.380000000000000115e-01
9.949999999999994960e-02
1.451999999999999402e-01
1.455000000000000182e-01
9.089999999999999469e-02
1.257000000000000062e-01
1.988000000000000878e-01
8.119999999999998053e-02
6.699999999999994849e-02
1.447999999999999843e-01
2.447000000000000286e-01
7.510000000000009723e-02
1.271999999999999797e-01
8.330000000000008231e-02
7.540000000000000868e-02
1.232000000000000872e-01
1.579999999999998905e-01
2.767999999999999350e-01
2.841000000000000192e-01
1.458999999999999742e-01
1.126999999999999946e-01
1.915000000000000313e-01
5.550000000000000072e-02
1.360000000000000098e-01
1.970999999999999419e-01
1.742000000000000770e-01
2.252000000000000113e-01
