7.279999999999998972e-02
5.600000000000000810e-02
5.999999999999999778e-02
3.209999999999999659e-02
7.059999999999999609e-02
6.600000000000000311e-02
7.009999999999999565e-02
1.061999999999999889e-01
1.393999999999999961e-01
3.160000000000000309e-02
5.400000000000000633e-02
3.670000000000001039e-02
1.082999999999999935e-01
4.759999999999999648e-02
4.039999999999999841e-02
3.269999999999999990e-02
5.949999999999999734e-02
7.689999999999999614e-02
7.540000000000000868e-02
8.830000000000000349e-02
5.270000000000000379e-02
6.919999999999999762e-02
5.469999999999999862e-02
9.688000000000001055e-01
6.453000000000000957e-01
1.219999999999999835e-01
1.312999999999999723e-01
7.430000000000001881e-02
3.750000000000001943e-02
9.540000000000002645e-02
1.001999999999999974e-01
5.390000000000001040e-02
7.570000000000001728e-02
9.310000000000004383e-02
8.919999999999997375e-02
7.109999999999999654e-02
1.465999999999999803e-01
5.639999999999998487e-02
7.859999999999998932e-02
6.930000000000000049e-02
2.163999999999999813e-01
1.161000000000000226e-01
1.218000000000000194e-01
8.210000000000003406e-02
7.680000000000000715e-02
5.200000000000000455e-02
5.999999999999999084e-02
4.050000000000000822e-02
3.359999999999998405e-02
8.700000000000000788e-02
4.209999999999999160e-02
7.580000000000000626e-02
4.441000000000000503e-01
9.036000000000000698e-01
2.507000000000000339e-01
1.145999999999999658e-01
5.479999999999997373e-02
1.878999999999999837e-01
1.770000000000000184e-01
9.409999999999987819e-02
4.990000000000005542e-02
2.284000000000000197e-01
3.592000000000000193e-01
3.052000000000000268e-01
1.646999999999999575e-01
7.890000000000010894e-02
1.517000000000000848e-01
1.391999999999998516e-01
1.328000000000000291e-01
7.320000000000001505e-02
1.061000000000001942e-01
4.110000000000010867e-02
4.929999999999992721e-02
3.429999999999988614e-02
3.920000000000012363e-02
4.939999999999983293e-02
7.850000000000001421e-02
9.890000000000007119e-02
9.689999999999990288e-02
8.269999999999988471e-02
5.580000000000009952e-02
1.008000000000000285e-01
2.340000000000003189e-02
5.480000000000004312e-02
5.389999999999994795e-02
6.350000000000013967e-02
4.110000000000005316e-02
7.069999999999987406e-02
6.990000000000018421e-02
5.850000000000010747e-02
6.479999999999996874e-02
3.220000000000011742e-02
8.119999999999999440e-02
5.069999999999991180e-02
5.809999999999992948e-02
1.988999999999999657e-01
6.490000000000001323e-02
4.930000000000006599e-02
3.910000000000007914e-02
3.230999999999999428e-01
1.831999999999999185e-01
9.245999999999999774e-01
6.190999999999999837e-01
1.294999999999999207e-01
5.260000000000009113e-02
6.919999999999992824e-02
6.900000000000000577e-02
6.160000000000001585e-02
7.289999999999996483e-02
3.300000000000005707e-02
7.920000000000004814e-02
6.252999999999999670e-01
3.042000000000000259e-01
5.718999999999998529e-01
2.548000000000000820e-01
5.304000000000000936e-01
1.009400000000000075e+00
4.674000000000000377e-01
6.846000000000000973e-01
5.308999999999999275e-01
1.678999999999999382e-01
3.263999999999998014e-01
2.003999999999999393e-01
1.657000000000000417e-01
1.452999999999999847e-01
1.475000000000000200e-01
1.551000000000000156e-01
1.581000000000001016e-01
7.859999999999991993e-02
6.629999999999997007e-02
6.319999999999997842e-02
5.749999999999988454e-02
7.899999999999995914e-02
1.088999999999999413e-01
4.629999999999995230e-02
6.050000000000010925e-02
1.327000000000000401e-01
2.503999999999999559e-01
1.765000000000000457e-01
1.446000000000001728e-01
3.406000000000000694e-01
1.293299999999999894e+00
1.229800000000000004e+00
7.996000000000000885e-01
1.173799999999999955e+00
3.118999999999999551e-01
8.169999999999998375e-01
9.264999999999999902e-01
1.236800000000000122e+00
6.394999999999998463e-01
5.787999999999998701e-01
1.346000000000000085e+00
4.345999999999999863e-01
3.403999999999998693e-01
1.241999999999999771e-01
2.013000000000001455e-01
1.638000000000001122e-01
1.982000000000000983e-01
1.843999999999999528e-01
7.129999999999972471e-02
3.769999999999998352e-02
8.130000000000005278e-02
1.202000000000000707e-01
1.286999999999998145e-01
7.260000000000010889e-02
3.171999999999997599e-01
1.821999999999999731e-01
1.387999999999998679e-01
8.389999999999991909e-02
7.910000000000022569e-02
5.600000000000027178e-02
6.320000000000014495e-02
3.909999999999996811e-02
6.259999999999982245e-02
1.146999999999998576e-01
8.339999999999997415e-02
2.010000000000000120e-01
1.783499999999999863e+00
9.073999999999999844e-01
