0.000000000000000000e+00
1.427000000000000213e-01
7.019999999999999851e-02
7.840000000000002522e-02
1.315999999999999948e-01
9.400000000000000022e-02
5.290000000000000258e-02
3.899999999999999994e-02
1.940999999999999948e-01
1.450999999999999790e-01
9.790000000000000091e-02
9.200000000000001232e-02
7.939999999999998448e-02
9.379999999999999449e-02
6.540000000000004143e-02
8.949999999999996847e-02
1.150000000000000189e-01
1.048499999999999766e+00
6.458999999999999186e-01
7.920000000000000373e-01
2.237999999999999989e-01
9.499999999999998723e-02
7.609999999999997322e-02
1.307000000000000661e-01
5.060000000000008241e-02
9.070000000000005835e-02
4.780000000000002996e-02
6.170000000000008117e-02
8.309999999999992393e-02
5.829999999999999766e-02
4.370000000000004436e-02
6.649999999999992029e-02
5.119999999999999551e-02
4.489999999999996078e-02
6.520000000000003570e-02
9.179999999999996496e-02
9.640000000000001346e-02
6.820000000000001061e-02
6.340000000000002578e-02
4.630000000000005639e-02
7.010000000000000953e-02
4.870000000000000023e-02
6.429999999999999605e-02
5.430000000000004962e-02
9.199999999999998457e-02
5.749999999999996780e-02
5.389999999999993407e-02
1.212999999999999357e-01
7.950000000000001510e-02
8.279999999999998472e-02
6.169999999999998402e-02
1.003000000000000558e-01
3.829999999999995908e-02
8.390000000000000235e-02
8.370000000000001050e-02
9.969999999999996920e-02
6.310000000000003106e-02
1.436999999999999944e-01
5.269999999999997603e-02
5.890000000000002872e-02
5.269999999999998991e-02
4.689999999999998337e-02
6.209999999999998854e-02
7.220000000000001417e-02
3.450000000000000289e-02
8.749999999999993894e-02
1.058999999999999941e-01
9.309999999999990505e-02
2.530000000000003080e-02
5.810000000000003356e-02
9.410000000000004472e-02
5.510000000000003784e-02
7.490000000000002212e-02
2.999999999999990868e-02
6.359999999999996212e-02
5.140000000000000818e-02
4.169999999999994544e-02
7.599999999999992872e-02
4.630000000000011884e-02
2.410000000000003459e-02
8.039999999999997149e-02
6.369999999999997886e-02
8.839999999999995084e-02
1.051200000000000134e+00
7.328000000000001180e-01
4.324000000000000066e-01
3.294000000000000816e-01
2.990999999999999770e-01
1.584000000000000130e-01
3.194000000000000727e-01
3.164000000000000701e-01
4.684999999999999165e-01
2.709000000000000852e-01
1.507000000000000006e-01
4.280000000000001859e-02
4.200000000000000261e-02
6.350999999999999979e-01
3.984999999999999654e-01
2.237999999999999712e-01
1.371999999999999609e-01
6.039999999999989821e-02
1.239000000000000379e-01
9.689999999999998614e-02
1.131999999999999673e-01
2.369000000000000550e-01
9.840000000000001523e-02
4.588000000000000966e-01
4.783000000000000584e-01
5.626999999999999780e-01
1.769999999999999629e-01
1.636000000000000787e-01
3.729000000000000092e-01
4.870000000000000995e-01
4.709999999999996134e-02
1.279000000000000692e-01
8.650000000000007683e-02
7.860000000000010034e-02
6.680000000000008153e-02
8.690000000000000502e-02
1.965999999999999415e-01
1.333999999999999631e-01
4.069999999999989598e-02
6.019999999999998963e-02
7.740000000000003821e-02
4.819999999999997897e-02
8.609999999999998210e-02
4.150000000000002298e-02
8.520000000000001183e-02
3.180000000000011984e-02
1.005999999999999950e-01
8.830000000000000349e-02
8.737000000000001432e-01
8.006999999999999673e-01
7.499999999999992784e-02
3.990000000000010899e-02
8.380000000000005500e-02
6.199999999999995098e-02
6.669999999999996765e-02
1.243999999999998857e-01
6.779999999999999916e-02
2.280000000000002164e-02
7.789999999999995539e-02
9.990000000000003044e-02
4.809999999999996223e-02
4.479999999999994403e-02
1.093999999999999834e-01
8.659999999999992704e-02
7.200000000000006395e-02
8.950000000000005174e-02
1.605000000000001148e-01
3.853999999999999093e-01
1.015899999999999803e+00
5.898000000000001020e-01
1.020999999999999547e-01
1.053999999999999659e-01
1.524999999999999689e-01
1.530000000000000526e-01
1.011000000000000232e-01
1.424000000000000266e-01
6.979999999999991767e-02
1.452000000000000512e-01
8.090000000000001357e-02
6.730000000000002647e-02
6.950000000000003397e-02
8.859999999999991493e-02
8.199999999999996181e-02
7.870000000000004770e-02
1.864000000000000101e-01
2.131999999999999451e-01
2.451999999999999180e-01
8.089999999999994418e-02
2.577000000000000401e-01
3.270999999999999464e-01
3.538999999999999924e-01
2.709999999999999076e-01
8.809999999999998388e-02
9.959999999999998022e-02
3.623999999999998889e-01
3.013999999999998902e-01
6.285000000000000586e-01
2.710000000000000742e-01
7.780000000000002192e-02
1.189999999999999669e-01
7.320000000000007057e-02
4.090000000000004743e-02
9.689999999999997227e-02
1.319000000000000727e-01
8.160000000000000586e-02
9.989999999999998881e-01
9.185999999999999721e-01
1.171999999999999709e-01
6.819999999999996898e-02
4.679999999999996663e-02
3.850000000000005501e-02
1.359000000000001041e-01
1.037000000000000283e-01
4.969999999999998030e-02
1.012000000000001232e-01
6.409999999999997644e-02
9.350000000000008304e-02
5.579999999999990523e-02
8.209999999999989528e-02
1.322000000000000675e-01
3.008999999999998898e-01
5.081999999999998741e-01
3.977999999999999869e-01
4.960999999999999299e-01
1.323000000000000009e-01
8.030000000000001026e-02
9.369999999999997775e-02
1.059000000000000219e-01
9.340000000000001079e-02
5.720000000000007717e-02
2.599999999999996411e-02
4.350000000000005251e-02
8.890000000000000679e-02
6.410000000000007359e-02
7.079999999999991855e-02
7.850000000000006972e-02
4.140000000000001318e-02
7.210000000000005294e-02
6.300000000000006983e-02
6.819999999999999674e-02
6.600000000000004474e-02
7.860000000000008646e-02
1.260000000000000009e-01
9.059999999999998610e-02
1.011999999999999289e-01
1.331000000000000238e-01
1.321000000000000507e-01
2.859999999999999765e-01
1.012000000000000816e-01
1.195999999999999702e-01
8.929999999999999050e-02
1.046000000000000540e-01
1.004999999999998950e-01
1.469999999999998530e-01
5.620000000000006934e-02
5.429999999999994553e-02
