3.355000000000000204e-01
8.539999999999999813e-01
2.666000000000000036e-01
1.066499999999999782e+00
4.552999999999999825e-01
2.073199999999999488e+00
3.894199999999999662e+00
1.070799999999999974e+00
1.875799999999999912e+00
1.536299999999999999e+00
1.206199999999999939e+00
3.501000000000002998e-01
5.259000000000002562e-01
8.317999999999998728e-01
9.781999999999998474e-01
1.897499999999999964e+00
2.469700000000000006e+00
5.399999999999999245e-01
2.314999999999997615e-01
7.687999999999999279e-01
1.313500000000000112e+00
6.182000000000000828e-01
3.125000000000000000e-01
3.800999999999999379e-01
2.854999999999999205e-01
4.970999999999998753e-01
2.378999999999999448e-01
3.832000000000001516e-01
5.092000000000000970e-01
3.374999999999999112e-01
1.744099999999999984e+00
2.150999999999999357e+00
1.222600000000000131e+00
2.022200000000000220e+00
2.184399999999999675e+00
2.932899999999999618e+00
8.749000000000000110e-01
8.634999999999999343e-01
1.316400000000000237e+00
1.510600000000000387e+00
4.885999999999999788e-01
6.634999999999999787e-01
5.016999999999999238e-01
3.490599999999999703e+00
2.826699999999999768e+00
6.766999999999998572e-01
3.145999999999999353e-01
5.116999999999998217e-01
6.661000000000000254e-01
1.314999999999999947e+00
9.214999999999999858e-01
6.291000000000001036e-01
1.757200000000000095e+00
4.080599999999999561e+00
6.965999999999998860e-01
1.745200000000000085e+00
7.183999999999997055e-01
2.184099999999999930e+00
7.382999999999999563e-01
3.898999999999999688e-01
1.503999999999999226e-01
1.763999999999998902e-01
3.077000000000000290e-01
2.695000000000000173e-01
1.673400000000000443e+00
3.677999999999997383e-01
4.967000000000000859e-01
2.677000000000004376e-01
3.241000000000000547e-01
1.967999999999999750e-01
1.393999999999999406e-01
1.764999999999999070e-01
1.894999999999999185e-01
2.024999999999997635e-01
1.521000000000001240e-01
2.431000000000000938e-01
3.073000000000002396e-01
1.963000000000000578e-01
1.659000000000000474e-01
1.886000000000001564e-01
2.176000000000000156e-01
2.638999999999998014e-01
2.953000000000000069e-01
2.967000000000001303e-01
2.265999999999999126e-01
1.569000000000001782e-01
2.013999999999998569e-01
1.030000000000000082e-01
1.879999999999999172e-01
4.639999999999994129e-02
1.270999999999997132e-01
2.249999999999999778e-01
1.721000000000000862e-01
1.927000000000002045e-01
1.749000000000000554e-01
1.254000000000001502e-01
2.100000000000001588e-01
1.409000000000000807e-01
1.558000000000003549e-01
2.097000000000003861e-01
2.300000000000002043e-01
1.766999999999996906e-01
1.521999999999996411e-01
2.761000000000000121e-01
9.929999999999999938e-02
2.930999999999999717e-01
1.459999999999997689e-01
6.231000000000003203e-01
5.966000000000000192e-01
3.127000000000000335e-01
1.416999999999997706e-01
1.927999999999997494e-01
1.254999999999999449e-01
1.910999999999998256e-01
3.990000000000037961e-02
6.270000000000022777e-02
1.481999999999998319e-01
1.759999999999997677e-01
1.760000000000002951e-01
1.670999999999999153e-01
1.424999999999997935e-01
9.700000000000034983e-02
1.816000000000000392e-01
2.230999999999997430e-01
2.699999999999996847e-01
2.458999999999998409e-01
1.310000000000000053e-01
1.085999999999998911e-01
2.162999999999998813e-01
1.702000000000000735e-01
1.426000000000003376e-01
1.799999999999997435e-01
5.172999999999999821e-01
3.466000000000000192e-01
5.248000000000001553e-01
5.376000000000000778e-01
3.379999999999999671e-01
1.253999999999997339e-01
2.587000000000003186e-01
3.545999999999998598e-01
5.757999999999997565e-01
8.700999999999998735e-01
5.935000000000001386e-01
4.262000000000001343e-01
4.775000000000000910e-01
4.127000000000001778e-01
5.169999999999999041e-01
5.425999999999998602e-01
1.975000000000001477e-01
3.231000000000003314e-01
5.129000000000002446e-01
4.601000000000001755e-01
4.964999999999999969e-01
4.933000000000000718e-01
4.677000000000001712e-01
3.619000000000003325e-01
5.703000000000002512e-01
3.318000000000002059e-01
3.295999999999997820e-01
2.671999999999998820e-01
3.063000000000001277e-01
1.917999999999999705e-01
2.409999999999998810e-01
5.002000000000002000e-01
3.345000000000000195e-01
2.180000000000001381e-01
2.080000000000001847e-01
2.134000000000001451e-01
2.479999999999997207e-01
5.623999999999997890e-01
4.033000000000001029e-01
4.791999999999999593e-01
3.119999999999998885e-01
3.769000000000001238e-01
6.299999999999994493e-02
1.038999999999997148e-01
1.997999999999998111e-01
1.563999999999999280e-01
3.048000000000001264e-01
