8.370000000000001050e-02
5.430000000000000104e-02
1.255999999999999894e-01
3.321999999999999953e-01
4.002000000000000557e-01
3.714000000000000634e-01
2.386999999999999678e-01
1.766000000000000070e-01
1.740000000000000435e-01
1.637000000000000122e-01
7.610000000000001208e-01
3.269000000000000239e-01
1.411000000000000032e-01
1.527999999999999914e-01
5.709999999999998410e-02
1.001000000000000084e-01
1.010000000000000342e-01
5.249999999999999806e-02
4.960000000000001907e-02
9.460000000000001741e-02
9.969999999999998308e-02
1.403999999999999693e-01
1.329999999999999793e-01
7.300000000000005096e-02
1.794999999999999929e-01
1.260000000000000009e-01
8.200000000000004508e-02
1.190000000000000224e-01
9.190000000000006497e-02
8.689999999999996338e-02
7.200000000000002232e-02
2.321000000000000285e-01
2.377999999999999559e-01
1.069000000000000228e-01
7.309999999999999831e-02
1.328000000000000846e-01
2.622999999999999776e-01
2.066999999999999393e-01
5.824999999999999067e-01
9.717999999999998861e-01
7.067000000000001059e-01
2.723999999999999755e-01
1.099999999999999034e-01
7.859999999999998932e-02
1.065000000000000391e-01
1.082999999999999796e-01
1.226000000000000423e-01
5.880000000000008831e-02
5.890000000000002872e-02
4.340000000000002883e-02
7.120000000000009654e-02
2.870000000000002757e-02
9.779999999999995641e-02
7.280000000000000360e-02
6.030000000000007576e-02
6.629999999999994231e-02
1.110000000000000431e-01
7.719999999999996310e-02
9.010000000000006892e-02
1.608000000000000262e-01
1.741999999999999105e-01
3.174000000000000710e-01
3.998000000000000442e-01
2.193000000000000782e-01
8.099999999999998868e-02
1.160000000000000336e-01
2.127000000000000557e-01
2.117999999999999328e-01
1.193999999999999090e-01
5.139999999999992492e-02
8.300000000000007372e-02
5.989999999999999492e-02
1.201999999999999458e-01
1.359000000000000485e-01
6.050000000000006761e-02
1.492000000000001381e-01
8.270000000000009288e-02
1.149000000000000160e-01
1.215999999999999442e-01
7.930000000000000937e-02
1.123000000000000109e-01
9.309999999999986342e-02
4.469999999999999668e-02
9.779999999999999805e-02
1.089999999999999580e-01
9.990000000000016922e-02
7.150000000000004963e-02
8.279999999999991533e-02
8.380000000000012439e-02
1.106000000000000316e-01
1.201000000000001233e-01
1.352000000000000146e-01
7.239999999999983948e-02
8.719999999999986096e-02
6.590000000000005576e-02
4.970000000000005663e-02
7.200000000000011946e-02
5.560000000000010073e-02
4.520000000000005957e-02
9.510000000000000397e-02
6.930000000000009763e-02
8.819999999999993123e-02
1.700000000000001510e-01
1.280999999999998529e-01
8.069999999999991069e-02
1.711999999999998523e-01
4.171000000000000263e-01
6.790999999999998149e-01
2.212999999999999690e-01
8.619999999999991558e-02
4.510000000000004283e-02
9.869999999999992668e-02
7.459999999999993026e-02
1.246000000000000579e-01
5.849999999999999645e-02
8.489999999999990610e-02
3.264000000000001345e-01
7.094000000000000306e-01
5.644999999999997797e-01
2.091999999999998860e-01
1.769999999999998241e-01
1.704999999999999571e-01
2.273999999999999078e-01
7.719999999999983820e-02
1.688999999999999391e-01
1.302000000000002045e-01
8.040000000000006863e-02
1.570000000000002505e-01
4.779999999999984955e-02
7.240000000000013092e-02
1.103000000000000230e-01
1.306000000000000494e-01
7.530000000000011684e-02
1.338000000000001410e-01
1.223000000000000892e-01
8.010000000000008780e-02
1.195999999999998870e-01
5.429999999999989002e-02
9.170000000000000373e-02
9.880000000000002669e-02
7.999999999999991840e-02
6.480000000000019078e-02
9.689999999999997227e-02
2.822000000000000064e-01
9.599999999999991873e-02
1.410000000000000975e-01
1.258999999999999286e-01
8.659999999999999920e-01
2.773999999999999799e-01
5.066999999999999282e-01
2.575000000000001732e-01
2.159000000000000363e-01
9.249999999999988787e-02
1.259999999999998899e-01
1.459000000000001407e-01
8.469999999999988649e-02
1.046000000000001096e-01
2.556999999999998718e-01
1.548000000000000764e-01
1.043999999999998402e-01
4.029999999999996779e-02
1.026999999999997498e-01
1.694999999999997065e-01
8.060000000000007436e-02
1.310999999999999388e-01
8.620000000000048457e-02
3.650000000000003242e-02
5.379999999999998672e-02
4.949000000000001176e-01
4.761000000000000232e-01
3.003999999999998893e-01
1.996999999999997666e-01
1.825999999999999013e-01
1.494000000000001993e-01
1.238999999999999546e-01
1.363999999999997437e-01
1.207999999999997687e-01
1.023000000000000298e-01
1.895999999999999908e-01
