1.880999999999999894e-01
9.790000000000000091e-02
1.557999999999999940e-01
4.270000000000000184e-02
3.440000000000001390e-02
9.439999999999999780e-02
1.057000000000000023e-01
2.399999999999999356e-02
3.920000000000000567e-02
6.420000000000000706e-02
8.020000000000000739e-02
5.980000000000000593e-02
1.698000000000000065e-01
1.527000000000000024e-01
1.416000000000000036e-01
1.365000000000000102e-01
1.287999999999999978e-01
7.359999999999999876e-02
1.134999999999999898e-01
1.244999999999999857e-01
1.272000000000000075e-01
6.859999999999999432e-02
2.682999999999999829e-01
1.205999999999999989e-01
1.121999999999999942e-01
1.264000000000000123e-01
1.007999999999999868e-01
4.269999999999998797e-02
1.236000000000000015e-01
9.860000000000003484e-02
5.169999999999997514e-02
1.609000000000000152e-01
1.122999999999999832e-01
5.529999999999990479e-02
7.419999999999996043e-02
2.080000000000001986e-02
1.132000000000000228e-01
4.679999999999994581e-02
1.678000000000000047e-01
1.505999999999999561e-01
1.142999999999999711e-01
1.268000000000000238e-01
1.255999999999999339e-01
1.290999999999999925e-01
1.623000000000000553e-01
1.131999999999999951e-01
3.434000000000000385e-01
2.353999999999999704e-01
1.170999999999999680e-01
7.940000000000002611e-02
7.300000000000003708e-02
1.678000000000000047e-01
1.421000000000000041e-01
1.321000000000000230e-01
5.829999999999995602e-02
1.232999999999999652e-01
6.550000000000003042e-02
6.389999999999998459e-02
3.320000000000000173e-01
1.350999999999999979e-01
1.573999999999999844e-01
6.319999999999997842e-02
2.159000000000000363e-01
1.251999999999999780e-01
2.053999999999999715e-01
1.725000000000000144e-01
1.140000000000000319e-01
3.680000000000005489e-02
1.775000000000000466e-01
1.256999999999999784e-01
1.055999999999999439e-01
1.070000000000000395e-01
7.239999999999999214e-02
1.744999999999999885e-01
1.972000000000000142e-01
1.730999999999999761e-01
1.597000000000000364e-01
1.203000000000000180e-01
1.404999999999999583e-01
5.929999999999999855e-02
1.418000000000000649e-01
2.129000000000000337e-01
2.645999999999998908e-01
2.426999999999999436e-01
9.549999999999991829e-02
2.605999999999999428e-01
8.430000000000008320e-02
5.809999999999995030e-02
2.702999999999998737e-01
3.125000000000001110e-01
1.076999999999999763e-01
1.376000000000000278e-01
1.549000000000000377e-01
3.627999999999997893e-01
2.491999999999998661e-01
1.542999999999999650e-01
1.942000000000001503e-01
1.513000000000001843e-01
1.190000000000000224e-01
6.980000000000005644e-02
1.920999999999999930e-01
2.108999999999999486e-01
2.528000000000000247e-01
1.121000000000000468e-01
2.537000000000000366e-01
4.019000000000000905e-01
4.407000000000002027e-01
5.720999999999998309e-01
7.616000000000002768e-01
2.563999999999997947e-01
3.101999999999998092e-01
1.756000000000000061e-01
3.826000000000000512e-01
2.283999999999998809e-01
3.185999999999998833e-01
2.069000000000000561e-01
2.601999999999999869e-01
1.630000000000000615e-01
1.288999999999999591e-01
1.379000000000000781e-01
2.270999999999999408e-01
1.482999999999998209e-01
1.906999999999999251e-01
1.544999999999999707e-01
1.946999999999999842e-01
9.339999999999987201e-02
1.998000000000000886e-01
2.068000000000000116e-01
1.806999999999998607e-01
1.904999999999999472e-01
1.890000000000000568e-01
2.398000000000000409e-01
5.077999999999996961e-01
1.860000000000001097e-01
4.869999999999999329e-01
3.074999999999999956e-01
3.735000000000002207e-01
6.135999999999997012e-01
2.244999999999997553e-01
3.032000000000000250e-01
6.579999999999977534e-02
2.458999999999997299e-01
1.450999999999998680e-01
4.120999999999999108e-01
3.949999999999999067e-01
7.701999999999999957e-01
5.619999999999999440e-01
1.941300000000000248e+00
9.657000000000000028e-01
3.462000000000000632e-01
4.389000000000000123e-01
4.581999999999999407e-01
6.274999999999999467e-01
3.732000000000000872e-01
2.660000000000001807e-01
5.938999999999999835e-01
2.094999999999999640e-01
5.522000000000000242e-01
7.221999999999998421e-01
4.300000000000000488e-01
1.962000000000000410e-01
5.420999999999998042e-01
6.435999999999999499e-01
8.938999999999999169e-01
5.937999999999998835e-01
5.212999999999998746e-01
2.664999999999999591e-01
1.791000000000000369e-01
5.155000000000001803e-01
1.817000000000001392e-01
2.928000000000000602e-01
2.109000000000000319e-01
6.830000000000002736e-01
4.668000000000000482e-01
1.481999999999999429e-01
1.394999999999999296e-01
3.833999999999994635e-01
6.410999999999995591e-01
2.616999999999999882e-01
