9.470000000000000639e-02
6.739999999999998770e-02
1.517000000000000015e-01
1.748000000000000109e-01
1.643999999999999906e-01
2.020000000000000129e-01
1.810999999999999832e-01
1.290999999999999925e-01
1.496000000000000107e-01
1.014999999999999791e-01
3.539999999999999397e-02
1.041999999999999871e-01
8.230000000000001203e-02
1.208000000000000046e-01
1.066000000000000003e-01
1.110000000000000153e-01
3.149999999999999328e-02
1.090000000000000135e-01
7.719999999999999085e-02
1.769000000000000017e-01
1.841999999999999749e-01
1.811999999999999722e-01
1.929000000000000159e-01
7.679999999999999327e-02
1.092999999999999944e-01
9.799999999999998990e-02
1.137999999999999984e-01
5.880000000000000504e-02
6.829999999999999960e-02
8.479999999999998650e-02
7.220000000000001417e-02
6.660000000000002029e-02
4.970000000000000806e-02
7.189999999999999170e-02
1.164000000000000035e-01
9.080000000000000571e-02
1.232999999999999929e-01
1.110000000000000153e-01
2.366999999999999937e-01
1.727000000000000202e-01
8.110000000000000542e-02
8.450000000000000566e-02
3.749999999999999861e-02
1.376000000000000278e-01
9.240000000000000990e-02
1.373999999999999666e-01
1.094999999999999862e-01
5.250000000000000500e-02
1.123999999999999999e-01
1.424000000000000266e-01
5.740000000000002045e-02
6.839999999999998859e-02
1.336999999999999855e-01
3.429999999999999716e-02
1.202999999999999903e-01
7.570000000000001728e-02
8.750000000000002220e-02
4.905999999999999805e-01
1.765999999999999792e-01
1.418000000000000094e-01
1.257999999999999952e-01
1.369000000000000217e-01
9.589999999999997138e-02
7.739999999999999658e-02
7.669999999999996265e-02
6.329999999999998128e-02
1.047999999999999904e-01
7.849999999999998646e-02
9.110000000000002818e-02
4.199999999999999567e-02
3.760000000000000148e-02
5.519999999999999213e-02
1.151999999999999830e-01
1.001999999999999974e-01
1.407999999999999807e-01
8.509999999999999509e-02
4.660000000000002335e-02
9.469999999999999252e-02
8.100000000000003031e-02
7.699999999999999900e-02
7.540000000000002256e-02
1.709999999999996939e-02
7.589999999999998137e-02
5.539999999999999092e-02
1.262999999999999956e-01
1.295000000000000040e-01
3.800000000000001293e-02
8.500000000000001998e-02
2.790000000000001507e-02
1.687999999999999501e-01
8.029999999999998250e-02
1.024999999999999939e-01
1.276999999999999802e-01
8.169999999999998097e-02
4.640000000000001762e-02
8.889999999999997904e-02
1.295000000000000040e-01
7.869999999999997831e-02
8.979999999999996319e-02
5.000000000000003053e-02
5.949999999999998346e-02
2.740000000000002156e-02
2.329999999999999780e-02
6.040000000000001618e-02
5.419999999999999818e-02
5.290000000000005809e-02
1.214999999999999969e-01
7.030000000000001525e-02
9.040000000000000813e-02
7.499999999999996947e-02
5.129999999999994287e-02
8.339999999999998803e-02
1.355999999999999983e-01
7.100000000000002143e-02
6.439999999999999891e-02
3.890000000000001790e-02
5.709999999999999798e-02
7.300000000000000933e-02
2.007000000000000173e-01
1.400999999999999468e-01
1.185000000000000081e-01
9.020000000000000240e-02
1.166999999999999843e-01
1.037999999999999895e-01
6.269999999999999185e-02
8.950000000000001010e-02
3.010000000000000522e-02
1.418999999999999706e-01
1.058999999999999803e-01
6.089999999999999580e-02
9.890000000000000180e-02
5.129999999999999838e-02
7.319999999999997342e-02
6.199999999999994404e-02
5.930000000000004018e-02
4.569999999999994900e-02
7.810000000000000275e-02
8.960000000000002685e-02
9.039999999999998037e-02
3.459999999999997800e-02
6.169999999999998402e-02
1.237000000000000322e-01
3.900000000000003464e-02
8.940000000000006275e-02
1.035000000000000225e-01
6.950000000000000622e-02
6.640000000000000069e-02
6.840000000000003022e-02
5.079999999999997712e-02
8.110000000000001930e-02
9.580000000000003790e-02
8.270000000000000961e-02
9.869999999999999607e-02
6.010000000000002840e-02
4.790000000000001201e-02
6.969999999999992868e-02
8.070000000000003559e-02
6.379999999999996785e-02
5.230000000000002702e-02
1.675000000000000377e-01
4.840000000000000552e-02
1.234000000000000097e-01
1.192000000000000559e-01
2.951999999999999069e-01
1.559000000000000108e-01
9.530000000000000970e-02
2.535999999999999366e-01
3.327999999999999292e-01
2.570999999999999952e-01
1.670999999999999708e-01
2.088000000000000134e-01
1.245999999999999885e-01
1.435999999999999222e-01
2.060999999999999777e-01
1.311999999999999833e-01
1.194000000000000200e-01
1.026000000000000384e-01
5.780000000000001803e-02
1.199000000000000066e-01
1.245000000000000273e-01
1.126000000000000056e-01
9.259999999999997400e-02
1.175000000000000350e-01
8.110000000000003317e-02
1.009000000000000036e-01
8.880000000000000393e-02
6.750000000000000444e-02
5.859999999999991604e-02
7.000000000000000666e-02
3.020000000000001503e-02
5.269999999999993440e-02
1.238999999999999962e-01
1.061999999999999889e-01
7.400000000000005185e-02
7.300000000000002320e-02
8.960000000000002685e-02
6.110000000000005010e-02
7.670000000000001816e-02
6.900000000000003353e-02
1.009000000000000036e-01
3.519999999999998130e-02
5.230000000000002702e-02
1.117999999999999966e-01
5.989999999999999492e-02
1.330999999999999406e-01
6.790000000000001590e-02
7.830000000000000848e-02
1.225999999999999590e-01
4.220000000000004303e-02
3.809999999999998110e-02
7.610000000000000098e-02
5.810000000000000581e-02
8.419999999999995544e-02
2.430999999999999828e-01
5.500000000000000028e-02
9.039999999999998037e-02
1.062999999999999501e-01
1.099999999999999867e-01
8.879999999999999005e-02
7.449999999999998290e-02
5.119999999999996776e-02
1.145000000000000184e-01
2.143999999999999517e-01
1.424999999999999600e-01
1.501000000000000112e-01
1.844000000000000361e-01
6.700000000000000400e-02
1.462999999999999856e-01
4.409999999999999337e-02
1.055000000000000382e-01
1.050999999999999990e-01
6.459999999999996301e-02
6.119999999999998358e-02
7.459999999999995801e-02
1.198999999999999788e-01
1.183999999999999775e-01
7.599999999999995648e-02
8.979999999999999094e-02
6.369999999999996498e-02
