0.000000000000000000e+00
1.009999999999999926e-01
8.300000000000001821e-02
6.650000000000001743e-02
6.790000000000000202e-02
2.259999999999999856e-02
2.970000000000000417e-02
6.040000000000000924e-02
4.814999999999999836e-01
4.305000000000001048e-01
8.329999999999999905e-02
1.136999999999999955e-01
2.343000000000000360e-01
2.031000000000000028e-01
3.823999999999999622e-01
1.946000000000000230e-01
1.859999999999999987e-01
1.706999999999999906e-01
4.630000000000000782e-02
6.000000000000001166e-02
5.230000000000000621e-02
3.432000000000000051e-01
3.520000000000000351e-01
1.838999999999999801e-01
7.899999999999998690e-02
3.102000000000000313e-01
4.366999999999999771e-01
4.586999999999999966e-01
9.489999999999999825e-02
1.021000000000000241e-01
5.170000000000002371e-02
9.530000000000002358e-02
1.409000000000000252e-01
4.850000000000002920e-02
7.300000000000002320e-02
7.339999999999999303e-02
6.879999999999995841e-02
8.459999999999998077e-02
9.800000000000004541e-02
9.109999999999997267e-02
1.208999999999999797e-01
8.820000000000004226e-02
2.012999999999999234e-01
1.839999999999999691e-01
9.479999999999998150e-02
4.629999999999995924e-02
4.939999999999997171e-02
6.060000000000000109e-02
6.079999999999996518e-02
6.109999999999998765e-02
4.139999999999999930e-02
6.119999999999999746e-02
5.419999999999997042e-02
9.259999999999998788e-02
6.500000000000001610e-02
8.089999999999998581e-02
7.180000000000001659e-02
1.769000000000000017e-01
3.432000000000000606e-01
1.895999999999999630e-01
1.947999999999999177e-01
2.749999999999995504e-02
1.171000000000000235e-01
4.539999999999994734e-02
1.034999999999999531e-01
7.749999999999993006e-02
7.330000000000000404e-02
8.209999999999997855e-02
3.319999999999995871e-02
6.219999999999998447e-02
6.579999999999996962e-02
9.690000000000001390e-02
1.196000000000000119e-01
1.272999999999999965e-01
4.170000000000003565e-02
6.229999999999995958e-02
8.739999999999997771e-02
6.179999999999997995e-02
6.820000000000006612e-02
4.799999999999996630e-02
1.682000000000000439e-01
1.783999999999999475e-01
1.497999999999999887e-01
2.043999999999999706e-01
1.749200000000000088e+00
5.035300000000000331e+00
1.413200000000000012e+00
2.878300000000000303e+00
2.112899999999999778e+00
1.024999999999999911e+00
2.746000000000000107e-01
1.131999999999999812e-01
5.929999999999997773e-02
8.169999999999999485e-02
1.224000000000000088e-01
2.470999999999999863e-01
1.327000000000000124e-01
2.429999999999999938e-01
3.734999999999999432e-01
1.052800000000000180e+00
5.572000000000001396e-01
6.606000000000000760e-01
2.099000000000000032e-01
1.183000000000000301e-01
6.489999999999988833e-02
1.201999999999999735e-01
9.650000000000000244e-02
3.606999999999999651e-01
3.985000000000000764e-01
2.228000000000000536e-01
3.671999999999999154e-01
2.482999999999999652e-01
7.770000000000000517e-02
7.270000000000001461e-02
8.849999999999999534e-02
1.142999999999999849e-01
1.310000000000000053e-01
6.029999999999996474e-02
6.670000000000006479e-02
5.990999999999998549e-01
3.050000000000000488e-01
1.361999999999999877e-01
2.535999999999998811e-01
6.729999999999994320e-02
3.389999999999998570e-02
5.170000000000007229e-02
1.217000000000000859e-01
7.190000000000004721e-02
2.306000000000000272e-01
7.739999999999996882e-02
3.130000000000003613e-02
4.930000000000001742e-02
7.479999999999999150e-02
9.349999999999995814e-02
2.089000000000000301e-01
3.290000000000005420e-02
7.700000000000001288e-02
4.510000000000004283e-02
1.236999999999999766e-01
1.303999999999999604e-01
9.459999999999996190e-02
1.991999999999999882e-01
2.201099999999999834e+00
9.243000000000001215e-01
1.153399999999999981e+00
2.797999999999999376e-01
7.023000000000000353e-01
4.022000000000000020e-01
4.520000000000005957e-02
1.147999999999999993e-01
2.309999999999999831e-01
6.764999999999999902e-01
1.126999999999999669e-01
1.314000000000000168e-01
1.347399999999999931e+00
1.638200000000000101e+00
2.215999999999999914e-01
7.979999999999998206e-02
9.599999999999997424e-02
2.140000000000000929e-02
5.669999999999999346e-02
5.289999999999999564e-02
1.923000000000000265e-01
1.527000000000000579e-01
7.149999999999998024e-02
1.375000000000000111e-01
1.166999999999999982e-01
8.679999999999998828e-02
1.570999999999999897e-01
7.910000000000000364e-02
4.579999999999999349e-02
7.330000000000000404e-02
4.700000000000000011e-02
2.302999999999999770e-01
2.589000000000000190e-01
8.010000000000006004e-02
9.100000000000002531e-02
9.819999999999995399e-02
9.860000000000002096e-02
