5.149999999999999717e-02
6.519999999999999407e-02
8.639999999999999070e-02
1.020999999999999963e-01
7.760000000000000231e-02
1.802000000000000268e-01
2.025000000000000133e-01
9.500000000000001499e-02
8.179999999999999771e-02
9.820000000000000950e-02
5.200000000000000455e-02
6.060000000000000109e-02
4.070000000000000007e-02
5.489999999999999047e-02
6.819999999999999674e-02
6.020000000000000351e-02
2.740000000000000074e-02
1.150000000000000050e-01
3.709999999999999409e-02
5.360000000000000181e-02
1.117000000000000076e-01
8.290000000000001534e-02
1.023000000000000020e-01
2.789999999999999772e-02
7.720000000000000473e-02
1.174999999999999933e-01
8.409999999999999420e-02
8.009999999999999065e-02
1.711000000000000298e-01
2.056000000000000050e-01
8.849999999999999534e-02
1.045999999999999985e-01
5.050000000000000322e-02
4.567999999999999838e-01
4.009000000000000341e-01
2.622999999999999776e-01
5.279999999999999971e-02
1.980999999999999983e-01
7.440000000000000779e-02
8.799999999999999489e-02
1.093000000000000083e-01
8.159999999999999198e-02
9.289999999999999647e-02
5.949999999999999734e-02
1.049999999999999961e-01
5.749999999999999556e-02
1.397000000000000186e-01
5.160000000000000697e-02
8.610000000000000986e-02
1.607000000000000095e-01
1.243000000000000216e-01
6.409999999999999032e-02
8.429999999999999993e-02
1.041000000000000120e-01
3.860000000000000236e-02
6.550000000000000266e-02
4.359999999999999293e-02
4.980000000000000399e-02
8.520000000000001183e-02
7.650000000000001243e-02
1.292000000000000093e-01
6.659999999999999254e-02
7.089999999999999081e-02
8.320000000000001006e-02
4.640000000000000374e-02
4.050000000000000822e-02
2.060000000000000372e-02
1.362000000000000155e-01
5.320000000000001117e-02
6.300000000000000044e-02
2.890000000000001248e-02
1.197999999999999898e-01
1.535999999999999865e-01
2.093999999999999750e-01
1.359000000000000208e-01
3.081999999999999740e-01
2.611000000000000543e-01
1.421000000000000041e-01
2.192999999999999949e-01
1.310999999999999943e-01
7.869999999999999218e-02
4.399999999999999051e-02
9.510000000000000397e-02
1.164999999999999925e-01
9.560000000000001830e-02
1.719999999999999862e-01
1.462999999999999856e-01
6.809999999999999387e-02
5.080000000000000487e-02
3.579999999999999849e-02
3.563999999999999946e-01
1.527000000000000024e-01
9.340000000000001079e-02
1.557000000000000051e-01
2.033000000000000085e-01
2.157999999999999918e-01
8.410000000000000808e-02
1.175000000000000072e-01
9.919999999999999651e-02
8.770000000000000018e-02
5.629999999999999588e-02
4.009999999999998982e-02
1.044999999999999957e-01
1.064999999999999836e-01
3.209999999999999659e-02
4.250000000000000305e-02
1.013999999999999901e-01
4.779999999999999527e-02
7.360000000000001263e-02
8.629999999999998783e-02
8.590000000000001801e-02
7.889999999999998403e-02
1.606999999999999817e-01
9.459999999999998965e-02
9.089999999999998082e-02
7.150000000000000799e-02
5.849999999999999645e-02
6.250000000000001388e-02
5.330000000000000016e-02
9.759999999999997844e-02
1.169999999999999929e-01
1.069999999999999979e-01
5.249999999999999112e-02
9.779999999999999805e-02
1.028000000000000025e-01
1.554999999999999993e-01
2.287000000000000144e-01
2.187000000000000055e-01
1.338000000000000023e-01
1.211000000000000132e-01
6.160000000000000198e-02
1.279000000000000137e-01
7.309999999999999831e-02
6.950000000000000622e-02
7.260000000000001175e-02
8.820000000000000062e-02
7.870000000000000606e-02
5.820000000000000173e-02
3.869999999999999829e-02
1.401999999999999913e-01
1.984000000000000208e-01
1.577999999999999958e-01
2.071999999999999953e-01
1.446999999999999953e-01
4.375999999999999335e-01
4.796999999999999598e-01
6.170000000000000484e-02
1.464000000000000024e-01
4.830000000000000404e-01
5.028000000000000247e-01
1.605999999999999650e-01
1.195999999999999841e-01
8.105000000000001092e-01
9.516999999999999904e-01
5.342000000000000082e-01
1.697000000000000175e-01
4.051000000000000156e-01
1.144000000000000156e-01
2.125999999999999834e-01
1.080999999999999739e-01
1.985999999999999710e-01
2.212000000000000077e-01
6.729999999999999871e-02
1.748000000000000109e-01
5.479999999999999455e-02
6.703000000000001180e-01
3.944000000000000838e-01
4.983000000000000207e-01
4.222000000000000197e-01
2.789999999999999702e-01
8.709999999999996911e-02
3.367999999999999883e-01
3.582000000000000184e-01
9.287999999999999590e-01
7.991000000000000325e-01
4.250000000000000444e-01
2.054999999999999882e-01
1.716999999999999638e-01
2.188999999999999835e-01
