0.000000000000000000e+00
7.169999999999999984e-02
6.360000000000000375e-02
1.250000000000000000e-01
1.708000000000000351e-01
9.769999999999999518e-02
2.142000000000000015e-01
1.343000000000000027e-01
1.073999999999999816e-01
8.020000000000000739e-02
1.524000000000000077e-01
8.600000000000000699e-02
6.779999999999998528e-02
9.080000000000001958e-02
1.798000000000000154e-01
2.003999999999999948e-01
6.759999999999999343e-02
1.182000000000000134e-01
3.899999999999999301e-02
6.029999999999999943e-02
1.081000000000000016e-01
1.029000000000000054e-01
5.939999999999999447e-02
6.230000000000000815e-02
5.970000000000000306e-02
1.193000000000000033e-01
5.200000000000000455e-02
7.400000000000002409e-02
4.270000000000002960e-02
4.159999999999999809e-02
6.839999999999998859e-02
8.060000000000000497e-02
7.370000000000001550e-02
1.059999999999999970e-01
1.683999999999999664e-01
2.239999999999999492e-01
8.169999999999999485e-02
8.030000000000003801e-02
1.199999999999999956e-01
1.360999999999999710e-01
7.109999999999999654e-02
1.199999999999999817e-01
1.095999999999999752e-01
8.440000000000000280e-02
9.179999999999997884e-02
8.770000000000000018e-02
1.196000000000000257e-01
1.113000000000000100e-01
1.471000000000000085e-01
1.642000000000000126e-01
1.154000000000000026e-01
1.837000000000000022e-01
9.150000000000002576e-02
5.260000000000000786e-02
2.879999999999998880e-02
1.844999999999999973e-01
1.612000000000000099e-01
8.629999999999998783e-02
1.787000000000000255e-01
2.595000000000000084e-01
3.018000000000000127e-01
3.867999999999999772e-01
1.539000000000000090e-01
1.329999999999999516e-01
6.979999999999997318e-02
5.519999999999999907e-02
3.260000000000001785e-02
6.420000000000000706e-02
4.470000000000003137e-02
1.179999999999999383e-01
4.729999999999995319e-02
1.156000000000000222e-01
5.410000000000001613e-02
1.081000000000000016e-01
7.969999999999999307e-02
1.169999999999999929e-01
8.960000000000001297e-02
2.177999999999999658e-01
1.329999999999999516e-01
2.198000000000000231e-01
1.274000000000000132e-01
6.239999999999999020e-02
1.467999999999999861e-01
1.348999999999999644e-01
1.713999999999999690e-01
7.589999999999999525e-02
6.559999999999997777e-02
1.046999999999999875e-01
5.569999999999998563e-02
9.169999999999997597e-02
3.318999999999999173e-01
2.112999999999999878e-01
8.229999999999998428e-02
1.121000000000000191e-01
2.175000000000000266e-01
8.619999999999999885e-02
7.470000000000000251e-02
1.190999999999999975e-01
8.420000000000002482e-02
1.138000000000000261e-01
4.560000000000000164e-02
1.017999999999999738e-01
9.049999999999999711e-02
8.000000000000001554e-02
6.909999999999998088e-02
8.300000000000000433e-02
9.819999999999998175e-02
4.849999999999998757e-02
4.620000000000003965e-02
5.400000000000003408e-02
3.609999999999997933e-02
9.850000000000003197e-02
1.236000000000000015e-01
7.119999999999998552e-02
3.189999999999999503e-01
2.347000000000000752e-01
1.673000000000000043e-01
4.536000000000000032e-01
5.860999999999999543e-01
3.160000000000000031e-01
2.309000000000000496e-01
9.710000000000000575e-02
2.589999999999997859e-02
1.524000000000000354e-01
1.482000000000000539e-01
1.769000000000000294e-01
1.559000000000000385e-01
1.878999999999999837e-01
1.128999999999999448e-01
1.131999999999999812e-01
1.928999999999999604e-01
7.289999999999999258e-02
4.070000000000000007e-02
1.791000000000000369e-01
1.113000000000000100e-01
1.032000000000000278e-01
1.417999999999999816e-01
2.954999999999999849e-01
2.998000000000000664e-01
4.901000000000000356e-01
1.333999999999999631e-01
1.994999999999999829e-01
3.686999999999999167e-01
3.796999999999999820e-01
8.749999999999993894e-02
1.075999999999999596e-01
2.474000000000000365e-01
2.194000000000000117e-01
8.549999999999999267e-02
1.245999999999999747e-01
9.360000000000000264e-02
7.779999999999998028e-02
1.054999999999999688e-01
2.950000000000000400e-01
1.217000000000000026e-01
9.530000000000000970e-02
6.249999999999993755e-02
7.859999999999997544e-02
1.125999999999999640e-01
1.160999999999999532e-01
5.989999999999999492e-02
2.595999999999999419e-01
1.901999999999999524e-01
3.370000000000002160e-02
1.716999999999999915e-01
2.611999999999999877e-01
1.986000000000000265e-01
3.591000000000000303e-01
3.482999999999999985e-01
9.650000000000001632e-02
9.609999999999997711e-02
1.828999999999999515e-01
4.000000000000003553e-02
6.379999999999996785e-02
5.809999999999999887e-02
9.829999999999997073e-02
6.130000000000000032e-02
4.689999999999999725e-02
7.149999999999999412e-02
7.180000000000000271e-02
3.440000000000002084e-02
6.179999999999995219e-02
5.659999999999999754e-02
7.389999999999999347e-02
8.429999999999994442e-02
1.282999999999999974e-01
1.435999999999999777e-01
2.532999999999999696e-01
1.964999999999999802e-01
6.279999999999999472e-02
1.794999999999999929e-01
1.363000000000000322e-01
2.096999999999999698e-01
3.634000000000000563e-01
2.346000000000000030e-01
2.724000000000000865e-01
8.499999999999999223e-02
1.343000000000000027e-01
3.587999999999999523e-01
1.905000000000000304e-01
3.930000000000000160e-01
1.128000000000000252e-01
7.490000000000006375e-02
7.120000000000006879e-02
1.119000000000000550e-01
4.079999999999996130e-02
8.599999999999997924e-02
6.859999999999998044e-02
1.148000000000000270e-01
8.849999999999998146e-02
1.507999999999999619e-01
1.340999999999999692e-01
1.123000000000000248e-01
8.740000000000001934e-02
4.170000000000004259e-02
4.799999999999998712e-02
9.529999999999995419e-02
1.155999999999999528e-01
1.582000000000000350e-01
1.247999999999999943e-01
1.352000000000001256e-01
1.384000000000000508e-01
1.342000000000000970e-01
1.733000000000000096e-01
1.716999999999999915e-01
2.463000000000000467e-01
3.717000000000000304e-01
1.243999999999999828e-01
2.441000000000000114e-01
4.169999999999997320e-02
6.810000000000006326e-02
1.113999999999999851e-01
1.155000000000000193e-01
1.284000000000001251e-01
1.248999999999999416e-01
1.674000000000000488e-01
1.647999999999999188e-01
1.674999999999999545e-01
9.180000000000004823e-02
