0.000000000000000000e+00
3.199000000000000177e-01
6.450000000000001565e-02
1.397999999999999798e-01
2.598000000000000309e-01
1.138999999999999874e-01
2.157000000000000028e-01
1.870999999999999885e-01
3.406999999999998918e-01
2.479000000000000925e-01
2.236000000000000210e-01
1.215000000000000108e-01
7.990000000000005431e-02
1.097000000000000197e-01
1.930999999999999661e-01
2.322999999999999510e-01
1.947999999999999732e-01
9.570000000000006279e-02
1.287999999999999701e-01
9.569999999999995177e-02
1.446000000000000063e-01
2.697000000000000508e-01
2.063999999999998891e-01
1.527999999999999636e-01
1.281000000000001027e-01
1.464999999999999081e-01
4.092000000000000637e-01
8.995999999999999552e-01
4.696100000000000385e+00
1.813200000000000145e+00
3.464599999999999902e+00
7.366000000000000325e-01
2.865000000000000324e-01
2.103999999999999482e-01
2.724999999999999645e-01
2.887000000000000677e-01
2.232000000000000373e-01
1.244000000000000383e-01
2.813999999999999280e-01
1.224000000000000504e-01
1.884000000000000119e-01
1.507000000000000006e-01
2.124999999999999112e-01
2.581000000000001626e-01
1.851999999999999480e-01
1.319000000000001005e-01
7.080000000000019611e-02
1.197000000000001396e-01
1.709999999999997355e-01
1.751999999999999946e-01
8.569999999999988738e-02
1.166999999999999565e-01
1.748000000000000664e-01
1.105000000000000704e-01
2.416000000000000369e-01
9.879999999999990179e-02
1.624999999999999778e-01
8.269999999999995410e-02
1.709000000000001074e-01
1.081000000000001127e-01
1.383000000000000063e-01
7.240000000000006153e-02
1.447999999999999843e-01
1.594999999999998641e-01
7.920000000000008977e-02
5.920000000000004425e-02
4.890000000000006841e-02
1.055999999999999162e-01
9.010000000000011056e-02
2.150000000000001910e-01
8.969999999999994644e-02
8.069999999999984130e-02
1.718000000000001193e-01
1.021000000000001490e-01
1.476000000000000645e-01
9.609999999999989384e-02
1.358000000000001428e-01
1.013999999999999485e-01
1.974999999999998979e-01
1.325000000000000622e-01
1.245999999999997943e-01
7.459999999999991638e-02
9.969999999999994145e-02
8.990000000000000768e-02
6.250999999999999890e-01
1.380000000000000115e+00
2.700000000000000178e-01
2.716000000000000636e-01
4.768000000000000016e-01
2.723000000000000975e-01
1.333999999999999631e-01
2.303999999999999382e-01
1.683999999999999386e-01
9.779999999999991478e-02
4.660000000000008580e-02
1.022999999999999465e-01
9.010000000000004117e-02
1.417999999999998983e-01
2.253000000000001390e-01
8.719999999999991647e-02
1.690000000000001779e-01
1.266000000000000458e-01
8.800000000000018918e-02
7.249999999999978684e-02
2.208999999999998742e-01
1.368999999999999106e-01
3.699999999999999956e-01
6.510000000000004672e-02
1.223000000000000198e-01
5.719999999999991758e-02
9.370000000000011653e-02
5.990000000000006430e-02
1.565000000000001390e-01
6.640000000000018110e-02
1.446999999999998288e-01
2.382000000000000783e-01
1.436999999999999389e-01
1.403999999999999693e-01
8.079999999999992744e-02
1.299000000000001820e-01
1.667999999999998928e-01
2.081999999999998852e-01
8.879999999999987903e-02
7.580000000000008953e-02
8.939999999999997948e-02
6.500000000000022427e-02
7.520000000000015561e-02
9.760000000000002007e-02
9.080000000000004734e-02
1.504999999999998839e-01
1.441999999999999116e-01
1.272999999999999687e-01
1.198000000000000176e-01
1.427000000000000768e-01
1.205000000000000793e-01
1.616999999999998439e-01
1.319000000000000172e-01
2.868999999999997108e-01
1.820999999999999841e-01
2.296999999999999043e-01
1.265999999999997405e-01
1.549000000000002042e-01
7.670000000000010143e-02
1.674999999999999545e-01
6.539999999999995817e-02
1.945999999999998287e-01
2.602000000000000979e-01
2.192000000000000060e-01
1.118999999999997774e-01
2.259000000000001007e-01
2.041000000000000592e-01
1.135999999999999788e-01
9.640000000000006897e-02
1.658000000000000029e-01
1.084000000000001074e-01
1.444000000000000006e-01
2.479999999999997762e-01
1.474999999999997979e-01
1.273999999999999855e-01
7.670000000000001816e-02
2.209000000000000963e-01
4.899999999999998801e-02
1.021999999999999575e-01
5.279999999999981930e-02
1.738999999999998047e-01
1.593000000000000527e-01
5.870000000000002993e-02
1.198999999999998400e-01
8.880000000000004556e-02
1.195000000000001616e-01
8.899999999999996803e-02
6.309999999999998943e-02
8.380000000000015214e-02
6.610000000000010312e-02
1.131000000000002004e-01
8.749999999999985567e-02
6.580000000000008065e-02
1.225999999999997092e-01
1.501000000000000667e-01
2.429999999999999938e-01
4.670000000000013030e-02
1.103999999999997761e-01
7.860000000000005871e-02
3.429999999999999716e-02
6.319999999999997842e-02
5.509999999999998233e-02
1.012999999999998346e-01
1.415000000000000147e-01
1.205999999999999850e-01
1.213000000000001299e-01
9.489999999999976232e-02
1.117999999999998439e-01
8.409999999999989706e-02
9.100000000000013634e-02
3.749999999999997780e-02
1.126999999999998003e-01
1.013000000000001122e-01
1.311999999999999833e-01
1.108000000000000096e-01
1.455999999999998407e-01
9.009999999999990239e-02
8.539999999999997593e-02
1.711999999999997413e-01
1.110999999999998655e-01
7.260000000000005338e-02
1.716000000000001968e-01
1.159000000000003361e-01
2.350000000000000977e-01
1.219999999999999418e-01
8.770000000000016671e-02
1.893999999999999573e-01
2.463999999999998414e-01
1.526000000000000134e-01
7.589999999999991198e-02
7.849999999999981992e-02
1.275999999999997969e-01
6.850000000000000533e-02
1.948999999999997956e-01
1.163999999999999480e-01
1.501000000000000112e-01
1.159000000000001140e-01
1.123999999999999999e-01
7.920000000000004814e-02
1.272999999999998577e-01
1.340999999999998860e-01
6.230000000000002203e-02
1.474999999999999090e-01
1.896999999999999242e-01
1.972000000000000419e-01
7.540000000000007807e-02
1.600000000000000311e-01
9.600000000000014078e-02
1.783999999999999475e-01
9.749999999999992006e-02
7.500000000000012212e-02
7.460000000000005516e-02
3.909999999999996811e-02
1.209999999999999409e-01
6.030000000000002025e-02
