2.220999999999999919e-01
7.770000000000000517e-02
1.732000000000000206e-01
2.137999999999999623e-01
1.796999999999999709e-01
2.705000000000000182e-01
1.032999999999999891e-01
1.198000000000000037e-01
5.870000000000000218e-02
1.193000000000000171e-01
3.412000000000000588e-01
3.258000000000000340e-01
1.666000000000000258e-01
1.072999999999999787e-01
9.040000000000000813e-02
2.188999999999999557e-01
9.350000000000002753e-02
2.254999999999999782e-01
1.080000000000000265e-01
3.365000000000000213e-01
1.074999999999999983e-01
1.998999999999999944e-01
1.925999999999999934e-01
8.250000000000001776e-02
1.842999999999999639e-01
1.590000000000000580e-01
9.949999999999999123e-02
2.014999999999999847e-01
1.154000000000000303e-01
1.330000000000000071e-01
1.419999999999999596e-01
1.263000000000000234e-01
1.081000000000000155e-01
1.119000000000000272e-01
1.169999999999999929e-01
1.225999999999999868e-01
1.829000000000000070e-01
2.469999999999999973e-01
1.408000000000000085e-01
2.159999999999999976e-01
2.908000000000000029e-01
1.565999999999999892e-01
1.841000000000000136e-01
2.359999999999999598e-01
1.770999999999999797e-01
2.375000000000000444e-01
6.270000000000003348e-02
1.361000000000000265e-01
2.173000000000000209e-01
3.599000000000000532e-01
1.057999999999999774e-01
1.683999999999999941e-01
1.822999999999999898e-01
5.501000000000000334e-01
3.307999999999999829e-01
4.043999999999999817e-01
5.096000000000000529e-01
9.370000000000000551e-02
4.183999999999999386e-01
4.465999999999999415e-01
3.313000000000000389e-01
1.770999999999999797e-01
4.575999999999998957e-01
2.191000000000000170e-01
2.352000000000000202e-01
1.208999999999999381e-01
1.306999999999999829e-01
1.340999999999999415e-01
1.948999999999999899e-01
1.533000000000000196e-01
2.086999999999999966e-01
9.240999999999999215e-01
8.235999999999999988e-01
4.208999999999999964e-01
2.289000000000000479e-01
1.555000000000000548e-01
1.994999999999999551e-01
4.416000000000000481e-01
2.455000000000000515e-01
1.953000000000000291e-01
2.832999999999999963e-01
3.720000000000000528e-01
8.730000000000001648e-02
2.209999999999999742e-01
1.668999999999999651e-01
3.453999999999999293e-01
3.098999999999999533e-01
2.136999999999999733e-01
1.640200000000000102e+00
4.390999999999997128e-01
1.489600000000000035e+00
7.437999999999997947e-01
8.062000000000002498e-01
8.083999999999998964e-01
9.603999999999995874e-01
2.200099999999999500e+00
3.223000000000000864e-01
3.786999999999999811e-01
3.596000000000000307e-01
8.610999999999998655e-01
6.312999999999998613e-01
1.020800000000000152e+00
1.740000000000000990e-01
1.524799999999999933e+00
1.180500000000000327e+00
8.266000000000000014e-01
4.421999999999999265e-01
4.656000000000000694e-01
6.690000000000000391e-01
2.194000000000000394e-01
2.184999999999998610e-01
1.083999999999999131e-01
2.792999999999999372e-01
9.989999999999998881e-02
1.176300000000000123e+00
6.449999999999999067e-01
5.528999999999999471e-01
3.978999999999999759e-01
1.012799999999999923e+00
1.249399999999999844e+00
5.349999999999998090e-01
8.928000000000001490e-01
3.720000000000000528e-01
4.407999999999999696e-01
1.057199999999999918e+00
6.489000000000000323e-01
4.501000000000001111e-01
1.040999999999999981e-01
2.414000000000000590e-01
1.722999999999998422e-01
1.344000000000000195e-01
2.429000000000001158e-01
3.056000000000000383e-01
4.120000000000000329e-01
1.646000000000001628e-01
1.452000000000000235e-01
3.004999999999998783e-01
2.293999999999999373e-01
1.074999999999999845e-01
3.256999999999999340e-01
2.143000000000000460e-01
1.827000000000001123e-01
2.214999999999999747e-01
7.220000000000000029e-02
3.701999999999999180e-01
2.260999999999998844e-01
2.521999999999999242e-01
1.494000000000000328e-01
4.896000000000000352e-01
2.976000000000000312e-01
4.602000000000000535e-01
3.105999999999999317e-01
5.949000000000000954e-01
5.034000000000000696e-01
1.674999999999998712e-01
1.954000000000000181e-01
2.059999999999999054e-01
1.821000000000000396e-01
3.131000000000001005e-01
3.908000000000000362e-01
2.819000000000000394e-01
1.311000000000000498e-01
1.825000000000002176e-01
3.359999999999999098e-01
1.828999999999998960e-01
1.911999999999998978e-01
1.833000000000001850e-01
3.096000000000000418e-01
1.315999999999998837e-01
6.043000000000000593e-01
5.924000000000002597e-01
6.293999999999997375e-01
3.359999999999999098e-01
4.811999999999999611e-01
3.483000000000001095e-01
2.294999999999999818e-01
7.300000000000005096e-02
6.709999999999982645e-02
2.563000000000000278e-01
