4.712999999999999412e-01
1.686000000000000276e-01
4.639000000000000346e-01
2.957000000000000184e-01
2.729000000000000314e-01
2.235999999999999932e-01
2.766999999999999460e-01
8.430000000000001381e-02
1.727999999999999536e-01
2.213999999999999857e-01
1.989000000000000212e-01
1.126999999999999807e-01
1.786999999999999700e-01
2.075999999999999790e-01
1.796999999999999709e-01
4.132000000000000117e-01
3.343000000000000416e-01
3.060999999999999277e-01
1.780999999999999805e-01
2.721999999999999420e-01
3.112000000000000322e-01
1.373999999999999944e-01
1.258000000000000229e-01
1.728999999999999981e-01
1.098999999999999699e-01
2.771000000000000130e-01
2.217999999999999416e-01
1.323000000000000842e-01
2.029000000000000248e-01
2.606999999999999873e-01
1.876999999999999780e-01
3.039999999999999369e-01
2.069999999999999618e-01
3.416000000000000147e-01
1.593000000000000527e-01
1.101999999999999508e-01
2.512000000000000344e-01
1.913999999999999868e-01
3.068999999999999506e-01
2.220000000000000029e-01
4.642000000000000015e-01
3.196999999999999842e-01
1.448000000000000398e-01
1.533999999999999808e-01
1.546000000000000152e-01
1.823000000000000453e-01
1.486999999999999711e-01
2.615999999999999992e-01
1.696000000000000008e-01
1.142999999999999849e-01
1.242000000000000048e-01
7.350000000000002365e-02
3.418999999999999817e-01
3.488999999999999879e-01
1.486999999999999988e-01
1.355999999999999983e-01
8.299999999999996270e-02
2.076000000000000068e-01
2.982999999999999541e-01
3.909000000000000252e-01
3.632000000000000228e-01
1.661999999999999866e-01
2.251000000000000223e-01
1.601000000000000201e-01
3.127999999999999670e-01
3.191999999999999837e-01
3.667999999999999594e-01
2.761000000000000676e-01
3.379999999999999671e-01
1.293999999999999873e-01
3.508999999999999897e-01
1.996999999999999609e-01
2.853999999999999870e-01
2.694000000000000283e-01
4.011000000000000121e-01
3.945000000000000173e-01
4.611000000000000099e-01
2.728000000000000425e-01
2.721999999999999975e-01
3.940000000000000169e-01
2.835999999999999632e-01
2.711000000000000076e-01
2.835999999999999632e-01
2.565999999999999948e-01
3.979000000000000870e-01
3.157000000000000361e-01
3.564000000000000501e-01
3.138000000000000234e-01
4.247999999999999554e-01
4.239999999999999325e-01
3.059999999999999387e-01
2.571999999999999842e-01
2.678999999999999715e-01
1.508999999999999786e-01
2.363999999999999713e-01
2.180999999999999606e-01
1.783999999999999475e-01
9.280000000000009075e-02
1.991000000000000270e-01
2.457000000000000295e-01
2.829999999999999738e-01
1.195999999999999980e-01
1.725999999999999479e-01
9.660000000000007470e-02
1.604999999999999483e-01
1.127999999999999836e-01
1.959000000000000741e-01
2.055000000000000437e-01
1.438999999999999446e-01
2.214999999999999469e-01
2.263999999999999624e-01
3.125999999999999890e-01
1.899999999999999190e-01
1.519000000000000072e-01
1.701000000000000012e-01
8.050000000000007150e-02
1.842000000000000304e-01
1.503000000000000724e-01
1.111000000000000459e-01
1.940000000000001168e-01
2.048000000000000376e-01
2.388000000000000678e-01
1.170999999999998709e-01
1.797000000000000264e-01
2.426000000000000378e-01
1.831000000000000405e-01
2.208000000000000518e-01
1.421999999999999376e-01
7.999999999999994615e-02
1.799999999999998823e-01
1.642999999999998906e-01
8.540000000000007307e-02
2.452000000000000568e-01
1.718999999999999972e-01
1.013000000000000428e-01
1.272999999999999132e-01
2.281000000000000527e-01
2.653000000000000358e-01
2.282000000000000139e-01
1.798999999999999766e-01
1.004999999999999505e-01
1.487000000000001099e-01
2.610000000000000653e-01
2.660999999999998922e-01
1.604000000000000425e-01
1.494000000000000605e-01
1.785999999999999810e-01
2.815000000000000835e-01
1.655000000000000082e-01
6.940000000000007274e-02
1.806999999999999162e-01
2.174999999999999989e-01
3.441000000000000170e-01
1.529000000000000914e-01
7.959999999999997633e-02
1.184000000000000330e-01
9.940000000000008551e-02
1.961000000000000798e-01
1.075999999999999457e-01
1.932999999999999441e-01
5.381000000000000227e-01
2.832999999999999963e-01
2.048999999999999988e-01
2.158999999999998420e-01
1.215999999999999581e-01
1.060999999999999305e-01
1.245999999999998914e-01
2.591999999999998749e-01
9.610000000000001874e-02
1.349000000000000754e-01
1.576999999999999791e-01
9.810000000000010378e-02
2.300999999999999435e-01
1.491999999999999438e-01
2.060000000000000997e-01
3.244000000000001327e-01
2.248000000000001108e-01
2.116999999999999993e-01
1.015999999999999959e-01
