7.420000000000000207e-02
2.252999999999999725e-01
1.566000000000000170e-01
1.059000000000000080e-01
8.920000000000001539e-02
1.738000000000000100e-01
8.940000000000000724e-02
2.081999999999999962e-01
9.510000000000001785e-02
1.231000000000000011e-01
9.970000000000001084e-02
5.005000000000000560e-01
7.892999999999997796e-01
5.591000000000000414e-01
2.787000000000000033e-01
9.150000000000001188e-02
1.620000000000000329e-01
2.956999999999999629e-01
1.555000000000000271e-01
7.310000000000001219e-02
1.494000000000000050e-01
1.127999999999999836e-01
9.309999999999998832e-02
1.194000000000000061e-01
5.279999999999999971e-02
4.950000000000000927e-02
9.379999999999999449e-02
1.691999999999999893e-01
8.799999999999998102e-02
8.269999999999998186e-02
4.799999999999999406e-02
3.330000000000000321e-02
7.820000000000001950e-02
1.516000000000000125e-01
2.612999999999999767e-01
1.984000000000000208e-01
4.640000000000001068e-02
1.043000000000000038e-01
1.675000000000000100e-01
1.669000000000000206e-01
1.071000000000000146e-01
1.388999999999999957e-01
1.350999999999999979e-01
1.113999999999999990e-01
1.640999999999999681e-01
1.386000000000000010e-01
1.690000000000000113e-01
1.195999999999999841e-01
1.550999999999999879e-01
2.404000000000000026e-01
3.950000000000000178e-01
2.285000000000000087e-01
1.306999999999999829e-01
3.581999999999999629e-01
3.028000000000000691e-01
1.603000000000000536e-01
1.190000000000000085e-01
3.610999999999999766e-01
1.340999999999999970e-01
1.671300000000000230e+00
3.538999999999999924e-01
3.500999999999999668e-01
5.320000000000000284e-01
1.060999999999999721e-01
1.920000000000000040e-01
1.342000000000000137e-01
3.155999999999999917e-01
1.530000000000000249e-01
2.217999999999999972e-01
2.988000000000000100e-01
1.472000000000000253e-01
1.538000000000000478e-01
1.362999999999999767e-01
2.094699999999999562e+00
3.309500000000000330e+00
2.476299999999999280e+00
7.589999999999997859e-01
4.859000000000002206e-01
1.498299999999999743e+00
2.440399999999999459e+00
1.128000000000000114e+00
5.514000000000000012e-01
7.079000000000001958e-01
9.576000000000000068e-01
3.029000000000000581e-01
8.390000000000000235e-02
1.351999999999999869e-01
3.195999999999999952e-01
6.663000000000000034e-01
1.345399999999999929e+00
2.343999999999999417e-01
4.943000000000000727e-01
3.875000000000000111e-01
3.032999999999999585e-01
3.342000000000000526e-01
2.718000000000000971e-01
3.053000000000000158e-01
1.941999999999999837e-01
4.455999999999999961e-01
1.777000000000000801e-01
4.016999999999999460e-01
1.068999999999999256e-01
1.464999999999999636e-01
9.459999999999998965e-02
8.959999999999995746e-02
8.289999999999997371e-02
1.042000000000000148e-01
9.499999999999997335e-02
9.459999999999997577e-02
1.545999999999999874e-01
1.185999999999999693e-01
1.297999999999999710e-01
1.314999999999999503e-01
1.408999999999999420e-01
1.214999999999999969e-01
1.671999999999999320e-01
2.188999999999999002e-01
1.840000000000000246e-01
9.730000000000002536e-02
8.019999999999995188e-02
1.026000000000000523e-01
3.450000000000001676e-02
1.654000000000000470e-01
8.260000000000000675e-02
2.431999999999999995e-01
1.425000000000000433e-01
2.565000000000000058e-01
1.286000000000000199e-01
5.420000000000005369e-02
1.475999999999999257e-01
4.367000000000000881e-01
1.396000000000000574e-01
2.672999999999999821e-01
1.454999999999999905e-01
1.113000000000000100e-01
5.110000000000004816e-02
6.400000000000000133e-02
2.962000000000000188e-01
9.854999999999999316e-01
6.616999999999998439e-01
4.448000000000000842e-01
7.109999999999999654e-02
4.388999999999999568e-01
5.097999999999999199e-01
1.038999999999999924e-01
4.415999999999998815e-01
4.250000000000000444e-01
2.600000000000000089e-01
6.072999999999999510e-01
2.356999999999999929e-01
1.847000000000000031e-01
1.821999999999999731e-01
2.483999999999999819e-01
1.333000000000000296e-01
9.089999999999995306e-02
1.081999999999999906e-01
1.455000000000000182e-01
1.062999999999999778e-01
9.350000000000002753e-02
6.110000000000001541e-02
1.512999999999999901e-01
4.919999999999999374e-02
3.410000000000001918e-02
1.563000000000000222e-01
1.386000000000000287e-01
5.279999999999996502e-02
3.810000000000005049e-02
9.429999999999996718e-02
3.389999999999997876e-02
5.009999999999997788e-02
8.889999999999997904e-02
7.199999999999996680e-02
5.549999999999999378e-02
6.700000000000000400e-02
1.401000000000000023e-01
8.790000000000001978e-02
1.242000000000000604e-01
4.129999999999997562e-02
3.500000000000001027e-02
