1.679999999999999827e-01
7.560000000000000053e-02
1.424999999999999878e-01
7.109999999999999654e-02
1.054000000000000076e-01
1.060999999999999999e-01
3.459999999999999881e-02
4.170000000000001483e-02
9.329999999999999405e-02
3.370000000000000773e-02
4.549999999999999878e-02
9.689999999999998614e-02
8.410000000000000808e-02
5.630000000000001670e-02
1.636999999999999844e-01
1.022000000000000131e-01
1.147999999999999854e-01
1.008000000000000007e-01
1.398000000000000076e-01
7.650000000000001243e-02
5.339999999999999608e-02
8.550000000000000655e-02
1.953000000000000291e-01
9.330000000000000793e-02
7.110000000000001041e-02
9.020000000000000240e-02
5.640000000000000568e-02
1.311999999999999833e-01
2.235999999999999932e-01
2.440999999999999837e-01
1.281999999999999806e-01
6.529999999999999694e-02
7.029999999999998750e-02
2.405999999999999805e-01
1.262999999999999956e-01
7.956999999999999629e-01
1.238999999999999824e-01
1.313999999999999890e-01
8.000000000000002942e-02
5.639999999999999458e-01
1.966000000000000247e-01
9.844000000000000528e-01
2.501999999999999780e-01
1.471000000000000363e-01
6.199999999999999262e-02
5.759999999999998455e-02
9.640000000000001346e-02
2.217999999999999694e-01
1.277999999999999969e-01
2.442999999999999894e-01
1.342000000000000137e-01
1.209999999999999964e-01
6.329999999999998128e-02
8.870000000000000107e-02
8.530000000000001470e-02
6.559999999999999165e-02
5.819999999999996010e-02
5.640000000000006120e-02
5.389999999999996183e-02
5.890000000000002178e-02
1.303999999999999881e-01
1.419000000000000261e-01
9.580000000000002403e-02
2.475000000000000255e-01
2.174999999999999989e-01
3.262999999999999790e-01
1.265000000000000291e-01
7.420000000000001594e-02
9.550000000000000155e-02
9.400000000000002798e-02
6.719999999999999585e-02
6.040000000000000924e-02
4.279999999999997695e-02
9.460000000000001741e-02
8.579999999999998739e-02
7.530000000000001970e-02
6.130000000000001420e-02
1.123999999999999722e-01
6.070000000000003865e-02
5.849999999999999645e-02
9.070000000000000284e-02
9.909999999999997977e-02
1.350000000000000089e-01
4.340000000000003577e-02
1.241000000000000575e-01
6.370000000000000662e-02
1.032999999999999891e-01
1.189000000000000612e-01
1.324000000000000177e-01
2.650000000000001313e-02
2.362999999999999823e-01
9.259999999999996012e-02
1.091000000000000025e-01
8.609999999999999598e-02
4.729999999999996013e-02
8.799999999999996714e-02
5.829999999999996296e-02
6.560000000000000553e-02
1.046999999999999875e-01
1.660999999999999976e-01
1.186999999999999583e-01
4.120000000000002133e-02
5.530000000000001581e-02
8.050000000000001599e-02
1.021000000000000102e-01
4.809999999999996917e-02
6.210000000000000936e-02
1.129000000000000004e-01
8.409999999999998033e-02
3.660000000000002141e-02
4.140000000000002012e-02
6.430000000000009319e-02
3.730000000000002758e-02
4.199999999999991934e-02
5.640000000000003344e-02
4.150000000000003686e-02
5.919999999999997486e-02
6.329999999999996740e-02
5.439999999999998309e-02
1.393999999999999129e-01
6.850000000000000533e-02
6.260000000000000286e-02
4.620000000000003271e-02
7.449999999999994127e-02
7.289999999999997871e-02
4.939999999999997171e-02
3.430000000000005267e-02
4.799999999999996630e-02
4.849999999999998063e-02
5.020000000000000850e-02
6.470000000000007689e-02
5.070000000000004364e-02
3.230000000000007171e-02
8.269999999999992635e-02
7.180000000000001659e-02
3.729999999999999982e-02
7.419999999999994655e-02
1.000999999999999251e-01
1.013999999999999624e-01
1.031999999999999723e-01
1.221000000000000141e-01
7.249999999999996725e-02
1.004999999999999921e-01
5.420000000000004675e-02
5.340000000000000996e-02
8.999999999999996891e-02
1.482000000000001094e-01
6.009999999999993819e-02
6.099999999999998479e-02
1.166000000000000092e-01
1.275000000000000855e-01
8.660000000000001030e-02
9.879999999999995730e-02
1.819999999999998841e-01
9.439999999999985902e-02
5.540000000000006725e-02
2.911000000000000254e-01
3.550000000000007316e-02
1.324999999999999789e-01
1.617000000000000659e-01
8.440000000000008606e-02
1.289999999999999480e-01
6.740000000000001545e-02
5.499999999999999334e-02
1.073999999999999538e-01
1.230999999999999733e-01
5.889999999999996627e-02
8.549999999999999267e-02
1.128999999999999865e-01
8.070000000000002172e-02
3.650000000000010875e-02
3.940000000000005997e-02
6.430000000000007931e-02
6.870000000000006657e-02
6.180000000000008403e-02
7.350000000000005140e-02
4.859999999999997655e-02
7.720000000000010187e-02
6.929999999999997273e-02
