9.799999999999999684e-03
2.669999999999999804e-02
2.459999999999999687e-02
4.219999999999999446e-02
3.440000000000000002e-02
3.899999999999999994e-02
2.550000000000000183e-02
3.449999999999999595e-02
2.469999999999999973e-02
3.899999999999999301e-02
3.849999999999999256e-02
5.179999999999999188e-02
5.279999999999999971e-02
2.289999999999999675e-02
3.830000000000000071e-02
3.860000000000000236e-02
4.229999999999999732e-02
2.629999999999999005e-02
3.640000000000000180e-02
1.810000000000000150e-02
5.700000000000000205e-02
1.839999999999999969e-02
3.830000000000000071e-02
5.120000000000000939e-02
4.309999999999999942e-02
1.980000000000000510e-02
6.360000000000000375e-02
2.399999999999998662e-02
2.380000000000000865e-02
1.909999999999999198e-02
3.750000000000000555e-02
4.449999999999999789e-02
3.289999999999999869e-02
2.890000000000000902e-02
4.020000000000000656e-02
2.259999999999999509e-02
1.930000000000001853e-02
4.850000000000001532e-02
1.406000000000000028e-01
7.739999999999999658e-02
6.510000000000001896e-02
3.270000000000001378e-02
1.028000000000000025e-01
2.689999999999999336e-02
5.169999999999999596e-02
4.750000000000000749e-02
2.379999999999999824e-02
7.639999999999999569e-02
3.040000000000000341e-02
2.530000000000000304e-02
1.619999999999999218e-02
3.170000000000000595e-02
5.819999999999998785e-02
1.370000000000003160e-02
2.949999999999996375e-02
1.140000000000000908e-02
2.920000000000002108e-02
1.489999999999999485e-02
3.809999999999998804e-02
2.570000000000000756e-02
3.160000000000001003e-02
2.969999999999998683e-02
3.469999999999998780e-02
3.719999999999999696e-02
3.739999999999997493e-02
2.689999999999997948e-02
6.120000000000000440e-02
5.130000000000001226e-02
2.379999999999998089e-02
5.519999999999998519e-02
1.719999999999999307e-02
2.670000000000001192e-02
1.849999999999999561e-02
2.396999999999999964e-01
1.488999999999999768e-01
1.019999999999999796e-01
1.929999999999998730e-02
1.119999999999999885e-01
8.490000000000000324e-02
7.810000000000000275e-02
3.960000000000002407e-02
3.849999999999999950e-02
1.319000000000000172e-01
4.050000000000000128e-02
6.629999999999998395e-02
2.690000000000001765e-02
1.629999999999999852e-02
3.090000000000000038e-02
4.930000000000000354e-02
6.019999999999998963e-02
5.400000000000001327e-02
7.639999999999999569e-02
2.610000000000000514e-02
3.909999999999999587e-02
7.230000000000000315e-02
4.380000000000003335e-02
6.350000000000001477e-02
6.040000000000002311e-02
2.286999999999999589e-01
1.479000000000000314e-01
1.572999999999999954e-01
6.239999999999998326e-02
2.039999999999999800e-02
3.989999999999999103e-02
2.569999999999999368e-02
3.769999999999999740e-02
2.020000000000000268e-02
5.939999999999998753e-02
5.400000000000000633e-02
1.071000000000000146e-01
3.760000000000000842e-02
2.039999999999998759e-02
4.620000000000001883e-02
5.160000000000000697e-02
6.640000000000001457e-02
3.820000000000000479e-02
5.450000000000001371e-02
3.929999999999999466e-02
3.659999999999998671e-02
2.719999999999998808e-02
5.190000000000000169e-02
3.330000000000000321e-02
3.109999999999999570e-02
4.819999999999999979e-02
5.199999999999997680e-02
4.640000000000001068e-02
2.589999999999998553e-02
3.369999999999997997e-02
5.549999999999997990e-02
9.999999999999995004e-03
5.610000000000000403e-02
3.539999999999999397e-02
4.000000000000002165e-02
3.639999999999998792e-02
3.689999999999998143e-02
2.250000000000001998e-02
4.489999999999996771e-02
4.300000000000002431e-02
4.870000000000000717e-02
4.159999999999998421e-02
5.400000000000002021e-02
4.880000000000001004e-02
3.550000000000001071e-02
4.669999999999998458e-02
1.016999999999999849e-01
9.600000000000002975e-02
2.080000000000000598e-02
2.210000000000000853e-02
5.200000000000000455e-02
5.230000000000002008e-02
6.069999999999999701e-02
3.109999999999998876e-02
5.120000000000000939e-02
5.679999999999999633e-02
7.330000000000000404e-02
8.700000000000002870e-03
4.989999999999998603e-02
6.460000000000000464e-02
2.410000000000000683e-02
3.040000000000001729e-02
5.960000000000000020e-02
5.120000000000003021e-02
3.219999999999998558e-02
2.289999999999999675e-02
2.290000000000002103e-02
7.469999999999998863e-02
1.880000000000001462e-02
6.499999999999998834e-02
5.130000000000001226e-02
2.459999999999999687e-02
7.980000000000000981e-02
2.669999999999999804e-02
1.416000000000000036e-01
7.729999999999997984e-02
8.410000000000000808e-02
5.730000000000003146e-02
7.479999999999997762e-02
6.630000000000005334e-02
2.050000000000001127e-02
