6.450000000000000178e-02
9.240000000000000990e-02
7.969999999999999307e-02
3.759999999999999454e-02
5.369999999999999774e-02
4.320000000000000229e-02
4.989999999999999297e-02
1.106000000000000039e-01
8.770000000000000018e-02
4.739999999999999769e-02
4.350000000000001088e-02
1.260000000000000009e-01
6.350000000000000089e-02
8.519999999999999796e-02
2.370000000000000578e-02
5.450000000000000677e-02
1.330000000000000071e-01
6.020000000000000351e-02
2.729999999999999788e-02
2.219999999999999057e-02
4.309999999999999942e-02
5.020000000000000850e-02
4.569999999999999063e-02
1.730000000000000288e-02
3.490000000000000047e-02
1.389999999999999049e-02
1.215999999999999998e-01
1.041000000000000120e-01
7.169999999999999984e-02
5.989999999999999492e-02
3.089999999999999691e-02
7.280000000000000360e-02
2.780000000000000179e-02
4.180000000000001770e-02
1.239999999999998742e-02
4.980000000000001092e-02
5.920000000000000262e-02
4.939999999999999947e-02
1.040000000000000091e-01
5.040000000000000036e-02
4.209999999999997772e-02
3.859999999999999543e-02
2.859999999999999695e-02
6.080000000000001376e-02
8.030000000000001026e-02
2.549999999999999489e-02
3.799999999999998518e-02
8.060000000000000497e-02
5.729999999999999677e-02
9.039999999999998037e-02
2.650000000000001660e-02
4.350000000000000394e-02
2.479999999999998872e-02
2.909999999999999393e-02
5.189999999999998781e-02
8.880000000000001781e-02
5.469999999999999862e-02
9.829999999999998461e-02
9.260000000000000175e-02
5.399999999999999245e-02
4.439999999999998809e-02
6.909999999999999476e-02
3.210000000000001741e-02
6.600000000000000311e-02
7.369999999999998774e-02
1.709999999999999368e-02
4.500000000000002609e-02
5.140000000000002900e-02
7.780000000000000804e-02
3.620000000000002383e-02
1.615999999999999936e-01
9.500000000000000111e-02
5.140000000000001512e-02
1.185000000000000081e-01
6.279999999999999472e-02
8.840000000000000635e-02
3.071000000000000396e-01
1.995999999999999996e-01
7.040000000000001812e-02
8.499999999999999223e-02
5.989999999999999492e-02
4.370000000000000273e-02
5.930000000000001936e-02
1.035999999999999976e-01
6.149999999999999217e-02
8.330000000000001292e-02
5.609999999999998321e-02
7.109999999999998266e-02
5.399999999999999939e-02
3.830000000000003541e-02
1.332999999999999741e-01
1.071000000000000008e-01
7.970000000000000695e-02
2.950000000000002620e-02
2.489999999999999852e-02
6.470000000000000751e-02
4.849999999999998757e-02
9.320000000000000506e-02
8.700000000000002176e-02
4.710000000000000298e-02
3.958000000000000407e-01
5.546999999999999709e-01
2.658999999999999697e-01
1.086999999999999911e-01
2.797000000000000042e-01
9.199999999999999845e-02
1.825999999999999845e-01
1.136400000000000077e+00
1.221999999999999975e+00
1.615999999999999936e-01
4.660000000000002335e-02
4.230000000000001814e-02
9.190000000000000946e-02
1.216000000000000136e-01
5.829999999999999766e-02
2.397000000000000242e-01
1.498999999999999500e-01
1.961999999999999578e-01
2.387999999999999845e-01
2.009999999999999565e-01
1.247000000000000053e-01
1.178999999999999909e-01
8.980000000000001870e-02
7.140000000000000513e-02
5.609999999999999015e-02
2.260999999999999954e-01
7.380000000000001836e-02
9.019999999999997464e-02
1.001999999999999696e-01
3.469999999999999474e-02
8.569999999999997065e-02
4.720000000000001972e-02
1.657000000000000139e-01
9.580000000000002403e-02
3.169999999999996432e-02
9.010000000000001341e-02
7.709999999999997411e-02
6.039999999999998148e-02
1.051999999999999602e-01
3.609999999999999321e-02
6.260000000000001674e-02
1.155999999999999805e-01
1.657000000000000139e-01
1.376999999999999891e-01
1.190999999999999975e-01
9.479999999999998150e-02
1.009000000000000036e-01
9.369999999999997775e-02
4.690000000000000419e-02
1.900000000000000300e-01
7.680000000000000715e-02
4.009999999999997594e-02
3.769999999999998352e-02
9.959999999999999409e-02
5.349999999999998507e-02
1.580999999999999905e-01
8.729999999999996096e-02
1.330999999999999961e-01
1.772999999999999576e-01
1.715999999999999970e+00
9.616000000000001213e-01
1.601000000000000201e-01
3.138999999999998458e-01
2.330900000000000194e+00
8.447000000000001174e-01
1.547000000000000319e-01
6.129999999999982685e-02
8.159999999999992260e-02
6.240000000000008040e-02
5.239999999999990499e-02
8.150000000000004463e-02
1.197000000000000147e-01
5.279999999999995114e-02
1.721000000000000585e-01
1.091000000000000580e-01
9.280000000000013238e-02
1.142000000000000515e-01
1.125999999999999501e-01
8.979999999999979665e-02
