4.919999999999999374e-02
5.429999999999999410e-02
1.223000000000000059e-01
6.300000000000000044e-02
2.990000000000000296e-02
3.589999999999999442e-02
2.490000000000000199e-02
4.220000000000000140e-02
3.969999999999999918e-02
5.020000000000000850e-02
8.890000000000000679e-02
6.130000000000000032e-02
8.380000000000001337e-02
7.280000000000000360e-02
3.289999999999999175e-02
6.850000000000000533e-02
8.120000000000000828e-02
4.139999999999999930e-02
5.799999999999999600e-02
1.018000000000000016e-01
7.570000000000000340e-02
9.980000000000001370e-02
7.970000000000002083e-02
7.989999999999999880e-02
3.469999999999999474e-02
4.620000000000000495e-02
4.199999999999999567e-02
5.449999999999999983e-02
4.730000000000000870e-02
6.350000000000000089e-02
3.850000000000000644e-02
6.519999999999998019e-02
4.610000000000001597e-02
4.130000000000000338e-02
7.939999999999998448e-02
4.679999999999999438e-02
6.480000000000002425e-02
9.330000000000002180e-02
6.910000000000000864e-02
1.015999999999999959e-01
4.319999999999999535e-02
5.119999999999999551e-02
5.160000000000000697e-02
5.600000000000000810e-02
6.789999999999998814e-02
2.390000000000000804e-02
5.769999999999999435e-02
3.450000000000000983e-02
5.860000000000000625e-02
8.799999999999999489e-02
5.180000000000000576e-02
6.310000000000001719e-02
5.310000000000002218e-02
4.299999999999998268e-02
4.800000000000001488e-02
6.829999999999999960e-02
6.400000000000000133e-02
7.479999999999999150e-02
3.780000000000000027e-02
9.189999999999999558e-02
1.273999999999999855e-01
4.280000000000000471e-02
3.299999999999998768e-02
4.280000000000000471e-02
4.210000000000001241e-02
7.799999999999998601e-02
7.040000000000001812e-02
5.619999999999999996e-02
6.819999999999999674e-02
7.889999999999999791e-02
6.250000000000000000e-02
4.529999999999999305e-02
3.290000000000001951e-02
3.630000000000001975e-02
6.000000000000000472e-02
1.272999999999999687e-01
7.089999999999999081e-02
7.009999999999999565e-02
6.009999999999997983e-02
2.459999999999999340e-02
4.369999999999999579e-02
5.969999999999998225e-02
9.299999999999999933e-02
7.230000000000000315e-02
6.719999999999998197e-02
5.249999999999999806e-02
1.008999999999999897e-01
5.859999999999999237e-02
1.163000000000000145e-01
7.289999999999999258e-02
3.099999999999999284e-02
9.440000000000005331e-02
3.589999999999995972e-02
9.479999999999999538e-02
1.182999999999999885e-01
1.401000000000000023e-01
7.780000000000002192e-02
7.830000000000002236e-02
7.290000000000002034e-02
4.649999999999998579e-02
4.779999999999998833e-02
7.489999999999993885e-02
3.369999999999995222e-02
4.910000000000000475e-02
4.380000000000000560e-02
5.999999999999997002e-02
9.390000000000001124e-02
3.670000000000003121e-02
9.040000000000003588e-02
4.839999999999999164e-02
4.649999999999998579e-02
6.299999999999997269e-02
1.084999999999999715e-01
3.499999999999999639e-02
8.550000000000002043e-02
3.952999999999999847e-01
2.387700000000000156e+00
7.780000000000002469e-01
1.848999999999999533e-01
2.461000000000000965e-01
2.293999999999999373e-01
2.280000000000000915e-01
2.984999999999998765e-01
1.698000000000000620e-01
7.540000000000003644e-02
8.539999999999998981e-02
1.007999999999999730e-01
1.936999999999999833e-01
1.442000000000000504e-01
7.200000000000000844e-02
9.249999999999999889e-02
1.749999999999996697e-02
9.339999999999996916e-02
1.315999999999999948e-01
9.220000000000003193e-02
6.769999999999998241e-02
1.041000000000000120e-01
4.909999999999999087e-02
6.260000000000003062e-02
5.169999999999994045e-02
6.740000000000001545e-02
4.810000000000000386e-02
9.590000000000005465e-02
5.320000000000001117e-02
8.680000000000001603e-02
7.439999999999991065e-02
6.409999999999993481e-02
9.370000000000003326e-02
5.719999999999998697e-02
5.569999999999998563e-02
7.849999999999998646e-02
7.029999999999994587e-02
8.039999999999999925e-02
8.660000000000003806e-02
6.240000000000000407e-02
1.037999999999999895e-01
6.729999999999997096e-02
8.629999999999997395e-02
3.789999999999994068e-02
6.410000000000001807e-02
3.280000000000003052e-02
5.319999999999999729e-02
4.589999999999992697e-02
1.158000000000000002e-01
7.280000000000001747e-02
1.218999999999999528e-01
6.620000000000000884e-02
1.644700000000000051e+00
1.021500000000000075e+00
6.187000000000000277e-01
2.952999999999998959e-01
2.726000000000000090e-01
1.378999999999999115e-01
1.358000000000000873e-01
1.996999999999999331e-01
2.241000000000000769e-01
2.032000000000000473e-01
4.750000000000000056e-02
1.032999999999999752e-01
