6.100000000000000561e-02
8.000000000000000167e-02
9.299999999999999933e-02
7.929999999999999549e-02
4.070000000000000701e-02
3.530000000000000498e-02
5.209999999999999354e-02
3.000000000000000236e-02
5.830000000000000460e-02
1.940000000000001099e-02
4.830000000000000265e-02
4.049999999999999434e-02
5.279999999999999277e-02
3.869999999999999135e-02
7.639999999999999569e-02
6.079999999999999988e-02
4.599999999999999922e-02
9.960000000000000797e-02
5.200000000000000455e-02
2.830000000000000224e-02
5.240000000000000213e-02
7.220000000000000029e-02
3.189999999999999780e-02
3.299999999999998768e-02
5.309999999999999443e-02
7.559999999999998666e-02
2.269999999999999102e-02
3.529999999999999805e-02
3.210000000000000353e-02
3.510000000000001313e-02
3.550000000000000377e-02
7.090000000000000469e-02
3.000000000000001277e-02
2.059999999999999332e-02
4.230000000000000426e-02
4.189999999999999281e-02
4.180000000000003157e-02
6.369999999999999274e-02
2.719999999999999848e-02
4.669999999999999152e-02
7.190000000000000557e-02
3.670000000000001039e-02
6.290000000000001146e-02
8.080000000000002458e-02
4.980000000000001092e-02
1.980000000000001203e-02
5.330000000000000016e-02
8.619999999999999885e-02
8.000000000000001554e-02
4.240000000000000019e-02
3.150000000000000022e-02
4.270000000000000184e-02
5.229999999999999927e-02
2.619999999999998372e-02
6.230000000000000815e-02
4.289999999999998676e-02
4.849999999999997369e-02
6.339999999999999802e-02
5.409999999999999531e-02
1.920000000000000873e-02
9.669999999999999429e-02
7.650000000000001243e-02
6.680000000000001215e-02
6.239999999999999714e-02
9.679999999999999716e-02
8.560000000000000941e-02
5.020000000000000850e-02
3.460000000000000575e-02
1.869999999999998400e-02
8.510000000000003673e-02
8.649999999999996581e-02
7.380000000000000449e-02
3.849999999999997174e-02
9.330000000000000793e-02
2.210000000000002240e-02
7.140000000000000513e-02
7.430000000000001881e-02
7.630000000000000671e-02
7.559999999999998666e-02
6.160000000000003667e-02
4.210000000000001241e-02
3.759999999999999454e-02
6.370000000000000662e-02
5.830000000000001154e-02
7.050000000000002098e-02
8.810000000000003939e-02
4.690000000000003888e-02
4.650000000000002742e-02
5.219999999999995477e-02
1.278000000000000247e-01
7.899999999999995914e-02
7.239999999999996438e-02
5.679999999999997551e-02
6.359999999999998987e-02
1.018999999999999767e-01
5.849999999999996175e-02
1.043999999999999651e-01
7.109999999999996878e-02
5.960000000000001408e-02
5.119999999999996776e-02
1.187999999999999889e-01
1.284999999999999476e-01
4.919999999999994517e-02
8.709999999999999687e-02
8.119999999999998053e-02
2.970000000000000417e-02
2.420000000000004092e-02
7.189999999999997782e-02
6.440000000000002667e-02
8.619999999999995721e-02
6.350000000000002864e-02
7.030000000000004301e-02
4.689999999999999725e-02
7.170000000000001372e-02
2.159999999999998727e-02
5.910000000000005527e-02
4.230000000000003202e-02
6.329999999999996740e-02
8.969999999999997420e-02
4.469999999999996892e-02
5.119999999999998858e-02
4.149999999999996747e-02
2.190000000000004096e-02
5.189999999999997393e-02
2.420000000000001664e-02
3.560000000000002052e-02
1.916000000000000203e-01
1.040999999999999703e-01
2.430000000000008542e-02
6.959999999999993969e-02
5.699999999999999512e-02
3.200000000000000067e-02
5.419999999999997042e-02
9.369999999999995000e-02
6.850000000000003308e-02
5.430000000000004268e-02
7.419999999999994655e-02
3.270000000000000684e-02
3.670000000000006590e-02
1.399999999999998815e-02
9.759999999999999232e-02
4.799999999999990385e-02
8.940000000000003499e-02
4.549999999999998490e-02
5.380000000000002836e-02
9.389999999999992797e-02
3.729999999999999288e-02
4.289999999999994512e-02
4.279999999999999777e-02
6.940000000000004499e-02
1.316999999999999837e-01
1.246999999999999498e-01
1.452999999999999847e-01
9.260000000000009890e-02
1.178000000000000713e-01
5.729999999999995514e-02
3.570000000000002338e-02
2.939999999999999558e-02
4.190000000000004138e-02
1.610000000000000320e-02
3.579999999999999155e-02
8.220000000000002305e-02
1.336999999999999855e-01
7.969999999999992368e-02
6.490000000000004099e-02
1.355000000000001203e-01
1.210000000000001075e-01
8.940000000000000724e-02
4.999999999999994726e-02
7.100000000000007694e-02
6.540000000000006919e-02
6.039999999999998842e-02
3.309999999999992809e-02
8.880000000000000393e-02
4.770000000000002016e-02
7.520000000000003071e-02
8.570000000000004003e-02
7.590000000000005076e-02
1.485999999999998988e-01
