2.174999999999999989e-01
4.184999999999999276e-01
3.046999999999999709e-01
3.392000000000000570e-01
5.982000000000000650e-01
1.028299999999999992e+00
7.643999999999999684e-01
4.858999999999999986e-01
3.630999999999999783e-01
1.365999999999999992e-01
5.536000000000000920e-01
3.516999999999999571e-01
3.458999999999999853e-01
2.837000000000000077e-01
4.052999999999999936e-01
2.762000000000000011e-01
4.396999999999999797e-01
1.189999999999999947e-01
9.330000000000000515e-01
5.177000000000000490e-01
2.175999999999999879e-01
2.551999999999999824e-01
2.199999999999999734e-01
4.079999999999999183e-01
9.200999999999999179e-01
7.015000000000000124e-01
2.234000000000000152e-01
4.789999999999999258e-01
3.301000000000000045e-01
2.255000000000000338e-01
2.917999999999999483e-01
2.310999999999999721e-01
2.943999999999999950e-01
3.649999999999999911e-01
4.747999999999999998e-01
1.509999999999999953e-01
2.690000000000000169e-01
1.299000000000000155e-01
4.451000000000000512e-01
4.683000000000000496e-01
7.602999999999999758e-01
3.494000000000000439e-01
2.030999999999999750e-01
3.122000000000000330e-01
5.483999999999999986e-01
4.907000000000000250e-01
1.930000000000000049e-01
4.042000000000000037e-01
6.490000000000000213e-01
3.981999999999999984e-01
1.095000000000000140e-01
6.322000000000000952e-01
2.432999999999999607e-01
2.159999999999999698e-01
3.008000000000000118e-01
3.904999999999999583e-01
5.337999999999999412e-01
3.523000000000000020e-01
4.475999999999999979e-01
4.920000000000000484e-01
8.428999999999999826e-01
3.813000000000000833e-01
3.229999999999998983e-01
4.637000000000000566e-01
2.472000000000000308e-01
9.659999999999999143e-02
5.344999999999999751e-01
5.469999999999999307e-01
1.904000000000000137e-01
1.650000000000000078e-01
2.315999999999999726e-01
3.488999999999999879e-01
2.917999999999999483e-01
3.955999999999999517e-01
1.802999999999999603e-01
2.880000000000000338e-01
2.249000000000000166e-01
3.139000000000000679e-01
2.854999999999999760e-01
1.617999999999999994e-01
8.031999999999999140e-01
4.358000000000000762e-01
3.039000000000000590e-01
9.809999999999999831e-01
3.483000000000000540e-01
3.830000000000000071e-01
3.339999999999999636e-01
2.900000000000000355e-01
1.172999999999999876e-01
3.219999999999999529e-01
3.913999999999999702e-01
1.132000000000000228e-01
4.976000000000000423e-01
2.739000000000000323e-01
9.900000000000000466e-02
1.702999999999999792e-01
2.099999999999999645e-01
2.177999999999999936e-01
9.530000000000002358e-02
3.450000000000000289e-01
3.472000000000000086e-01
2.728999999999999204e-01
4.777000000000000135e-01
4.809000000000000496e-01
3.926000000000000600e-01
2.122999999999999887e-01
3.170999999999999930e-01
1.896999999999999797e-01
3.185999999999999388e-01
5.159000000000000252e-01
1.657000000000000139e-01
6.635999999999999677e-01
3.221999999999999864e-01
3.901000000000000023e-01
1.942000000000000393e-01
1.416000000000000592e-01
3.237999999999999767e-01
2.079000000000000292e-01
4.767000000000000126e-01
4.129999999999999782e-01
1.689999999999999281e-01
3.460999999999999632e-01
3.442999999999999949e-01
3.489999999999999769e-01
5.407000000000000695e-01
6.720999999999999197e-01
4.674000000000000377e-01
3.557000000000001272e-01
4.462999999999999190e-01
2.702999999999998737e-01
8.849999999999999534e-02
2.711999999999999411e-01
3.087999999999999634e-01
4.719999999999999751e-01
1.361000000000000543e-01
1.273000000000000798e-01
1.494999999999999940e-01
1.271000000000000185e-01
2.459999999999999409e-01
2.365000000000000435e-01
7.626999999999999336e-01
4.588999999999999746e-01
3.882000000000000450e-01
4.595000000000000751e-01
3.854000000000000759e-01
5.570000000000001616e-01
3.580999999999999739e-01
4.210000000000000409e-01
4.984999999999999432e-01
1.164000000000000312e-01
1.871000000000000441e-01
3.135999999999999344e-01
4.295999999999999819e-01
2.403000000000000136e-01
4.691000000000000170e-01
1.736399999999999721e+00
6.414999999999999591e-01
1.423899999999999944e+00
6.180000000000001048e-01
5.802000000000000490e-01
1.188600000000000101e+00
1.679200000000000248e+00
3.111999999999999766e-01
4.234999999999999876e-01
5.040999999999999925e-01
1.838000000000000189e-01
3.669999999999999929e-01
2.525000000000000577e-01
7.176000000000000156e-01
5.484999999999998765e-01
1.715999999999999470e-01
3.810000000000000053e-01
3.981000000000000094e-01
3.984999999999999654e-01
4.460999999999999965e-01
4.562999999999999279e-01
3.121000000000000441e-01
3.889999999999999014e-01
1.456000000000000627e-01
