2.730000000000000482e-02
7.199999999999999456e-02
3.800000000000000600e-02
5.490000000000000435e-02
9.199999999999999845e-02
5.430000000000000798e-02
4.060000000000000414e-02
7.380000000000000449e-02
3.220000000000000639e-02
1.259999999999999662e-02
7.430000000000000493e-02
4.599999999999999228e-02
2.369999999999999885e-02
4.209999999999999160e-02
3.259999999999999010e-02
3.919999999999999180e-02
3.869999999999999829e-02
4.040000000000000535e-02
3.159999999999999615e-02
3.420000000000000817e-02
3.700000000000000511e-02
3.189999999999999780e-02
4.800000000000000100e-02
3.989999999999999797e-02
1.860000000000000542e-02
4.320000000000001616e-02
4.210000000000001241e-02
3.270000000000001378e-02
3.579999999999999849e-02
2.759999999999999953e-02
6.329999999999999516e-02
5.359999999999999487e-02
6.790000000000000202e-02
7.620000000000001772e-02
2.900000000000000147e-02
4.840000000000001246e-02
4.849999999999998757e-02
4.759999999999998954e-02
2.069999999999999965e-02
5.459999999999999576e-02
3.509999999999999926e-02
4.150000000000001604e-02
4.750000000000000749e-02
5.419999999999998430e-02
5.749999999999998862e-02
4.489999999999999547e-02
4.889999999999998515e-02
4.040000000000001229e-02
4.050000000000002209e-02
6.629999999999999782e-02
4.950000000000000233e-02
6.309999999999997555e-02
6.500000000000000222e-02
4.289999999999997982e-02
7.600000000000001199e-02
7.319999999999998730e-02
6.600000000000000311e-02
4.250000000000000305e-02
5.520000000000001988e-02
1.609999999999999973e-02
4.440000000000002972e-02
4.259999999999999204e-02
2.749999999999998626e-02
2.990000000000003072e-02
1.112000000000000072e-01
9.940000000000001612e-02
1.095000000000000001e-01
8.159999999999999198e-02
8.770000000000000018e-02
2.599999999999997452e-02
4.930000000000000354e-02
5.109999999999998571e-02
5.250000000000004663e-02
4.370000000000000273e-02
2.800000000000002834e-02
2.900000000000002229e-02
3.999999999999999389e-02
2.259999999999999509e-02
4.409999999999998643e-02
5.250000000000001193e-02
4.660000000000000253e-02
5.890000000000002872e-02
9.069999999999997509e-02
5.499999999999999334e-02
3.809999999999999498e-02
2.680000000000000090e-02
2.509999999999999037e-02
3.699999999999997735e-02
3.370000000000001467e-02
5.160000000000000697e-02
3.189999999999999086e-02
4.830000000000001653e-02
4.399999999999998357e-02
3.920000000000002649e-02
4.259999999999998510e-02
5.689999999999999225e-02
3.249999999999998029e-02
7.510000000000001397e-02
2.800000000000001446e-02
5.449999999999999289e-02
2.829999999999998142e-02
4.429999999999999216e-02
6.279999999999999472e-02
5.349999999999999895e-02
8.709999999999999687e-02
7.709999999999998799e-02
5.769999999999996659e-02
6.229999999999996652e-02
3.120000000000001245e-02
1.410000000000002918e-02
5.130000000000004695e-02
3.230000000000002314e-02
4.419999999999998236e-02
4.959999999999997050e-02
4.480000000000006893e-02
5.260000000000003562e-02
6.769999999999998241e-02
5.009999999999999870e-02
5.289999999999999564e-02
3.539999999999998009e-02
3.499999999999997558e-02
4.189999999999997893e-02
2.589999999999998553e-02
2.110000000000000764e-02
5.910000000000003445e-02
5.419999999999999124e-02
5.749999999999997474e-02
3.219999999999998558e-02
5.140000000000000124e-02
2.239999999999998243e-02
4.870000000000002799e-02
4.329999999999997046e-02
4.209999999999998466e-02
4.229999999999994181e-02
5.799999999999996131e-02
6.810000000000002163e-02
4.399999999999996969e-02
6.020000000000004514e-02
3.690000000000000224e-02
6.500000000000005773e-02
6.840000000000001634e-02
3.679999999999998550e-02
6.389999999999995683e-02
5.030000000000002525e-02
5.269999999999999685e-02
3.860000000000001624e-02
5.189999999999999475e-02
4.649999999999999273e-02
7.630000000000000671e-02
6.799999999999996325e-02
5.149999999999996941e-02
5.520000000000003376e-02
5.509999999999998926e-02
5.689999999999999919e-02
4.469999999999999668e-02
7.090000000000006020e-02
5.480000000000002924e-02
4.319999999999997453e-02
3.369999999999998691e-02
6.200000000000002731e-02
6.319999999999997842e-02
6.120000000000001134e-02
4.290000000000001451e-02
5.500000000000000722e-02
4.960000000000000520e-02
5.720000000000004942e-02
5.639999999999997099e-02
7.529999999999999194e-02
1.280999999999999917e-01
1.011000000000000509e-01
3.579999999999996380e-02
4.249999999999996836e-02
5.739999999999995800e-02
4.569999999999999757e-02
5.789999999999999314e-02
4.800000000000005651e-02
6.700000000000000400e-02
4.890000000000001984e-02
2.679999999999999744e-02
