4.292000000000000259e-01
1.539000000000000090e-01
7.770000000000001905e-02
9.810000000000000664e-02
1.045000000000000095e-01
9.930000000000001326e-02
9.300000000000001321e-02
9.090000000000000857e-02
1.513000000000000178e-01
1.317000000000000115e-01
1.206999999999999879e-01
1.506999999999999729e-01
1.207999999999999768e-01
1.501000000000000112e-01
1.589999999999999747e-01
8.660000000000001030e-02
3.076999999999999735e-01
2.490999999999999881e-01
1.785999999999999810e-01
2.471999999999999753e-01
1.210000000000000242e-01
8.817999999999999172e-01
2.118000000000000160e-01
3.330000000000000182e-01
3.647000000000000242e-01
1.598999999999999866e-01
2.247999999999999998e-01
2.583999999999999631e-01
1.565000000000000280e-01
2.580999999999999961e-01
2.736000000000000099e-01
7.710000000000000187e-02
1.978000000000000314e-01
6.469999999999997975e-02
4.189999999999997199e-02
2.669999999999998763e-02
4.589999999999996166e-02
6.430000000000002380e-02
7.069999999999997120e-02
3.770000000000001822e-02
4.599999999999998535e-02
7.350000000000000977e-02
2.249999999999999223e-02
5.470000000000000556e-02
2.372000000000000219e-01
1.373000000000000054e-01
1.366999999999999882e-01
1.267000000000000071e-01
1.039000000000000062e-01
1.008999999999999758e-01
9.189999999999996783e-02
9.219999999999996254e-02
9.150000000000001188e-02
1.491999999999999993e-01
1.083999999999999686e-01
2.476000000000000423e-01
9.159999999999997311e-02
9.519999999999996521e-02
6.550000000000000266e-02
9.289999999999998259e-02
9.150000000000001188e-02
1.470999999999999808e-01
6.899999999999999190e-02
5.690000000000004776e-02
5.910000000000001363e-02
4.040000000000000535e-02
1.806000000000000383e-01
7.879999999999999505e-02
7.239999999999996438e-02
6.720000000000000973e-02
8.460000000000000853e-02
1.284000000000000141e-01
6.109999999999997378e-02
9.240000000000000990e-02
1.869999999999998747e-02
4.870000000000000717e-02
1.055999999999999717e-01
6.550000000000001654e-02
1.496999999999999997e-01
1.651999999999999857e-01
9.690000000000000002e-02
7.220000000000004192e-02
8.390000000000003011e-02
1.594000000000000417e-01
7.109999999999996878e-02
3.240000000000001212e-02
1.241999999999999632e-01
3.120000000000000898e-02
1.401000000000000023e-01
1.367000000000000437e-01
1.033999999999999919e-01
1.295999999999999652e-01
2.320000000000000118e-01
4.778999999999999915e-01
2.451999999999999458e-01
1.665999999999999981e-01
1.718999999999999972e-01
1.126999999999999530e-01
1.239999999999999991e-01
1.877000000000000335e-01
3.205000000000000071e-01
3.235999999999999988e-01
2.303999999999999937e-01
2.738000000000000433e-01
2.050000000000000155e-01
8.690000000000006053e-02
7.199999999999998068e-02
4.539999999999999591e-02
8.439999999999997504e-02
1.201999999999999458e-01
9.689999999999997227e-02
1.145000000000000323e-01
2.845999999999999641e-01
3.436000000000000165e-01
2.952000000000000179e-01
1.247999999999999943e-01
7.280000000000000360e-02
7.750000000000004108e-02
1.145000000000000046e-01
1.273000000000000242e-01
1.024000000000000604e-01
8.420000000000001095e-02
6.290000000000001146e-02
5.979999999999997123e-02
3.500000000000003109e-02
7.009999999999996789e-02
4.189999999999999281e-02
6.279999999999998084e-02
9.809999999999999276e-02
7.580000000000000626e-02
1.302999999999999159e-01
1.724999999999999867e-01
6.430000000000007931e-02
1.180999999999999689e-01
1.140000000000000041e-01
7.309999999999998443e-02
1.397000000000000186e-01
5.770000000000001517e-02
7.309999999999997056e-02
7.939999999999999836e-02
1.011999999999999844e-01
8.290000000000001534e-02
7.240000000000001990e-02
8.409999999999996645e-02
4.270000000000002960e-02
1.037000000000000005e-01
1.211000000000000271e-01
3.420000000000002205e-02
6.170000000000001178e-02
4.630000000000000088e-02
3.219999999999997864e-02
5.159999999999999309e-02
7.239999999999999214e-02
4.249999999999996142e-02
7.260000000000005338e-02
5.870000000000000218e-02
3.540000000000004254e-02
4.480000000000002036e-02
2.820000000000000284e-02
3.610000000000002096e-02
2.340000000000006658e-02
6.050000000000006761e-02
4.350000000000003864e-02
8.240000000000005653e-02
8.660000000000002418e-02
7.469999999999990536e-02
8.319999999999989904e-02
7.920000000000004814e-02
1.506000000000000671e-01
8.410000000000003584e-02
1.317999999999999727e-01
6.789999999999994651e-02
4.239999999999994468e-02
5.799999999999998906e-02
5.439999999999994840e-02
3.420000000000004287e-02
5.360000000000006426e-02
6.240000000000004571e-02
5.270000000000005236e-02
