6.950000000000000622e-02
3.989999999999999797e-02
3.309999999999999054e-02
2.759999999999999953e-02
7.349999999999999589e-02
3.860000000000000930e-02
5.849999999999998951e-02
1.710000000000000409e-02
3.140000000000000430e-02
5.929999999999999855e-02
1.164000000000000173e-01
4.160000000000001197e-02
6.150000000000000605e-02
7.830000000000000848e-02
3.740000000000000269e-02
6.750000000000000444e-02
8.560000000000000941e-02
5.930000000000000548e-02
6.169999999999999096e-02
4.120000000000000051e-02
2.409999999999999989e-02
4.410000000000000725e-02
5.750000000000000250e-02
4.489999999999998159e-02
4.069999999999998619e-02
6.089999999999999580e-02
4.010000000000001064e-02
3.699999999999999123e-02
4.030000000000000943e-02
4.309999999999999942e-02
5.429999999999999410e-02
6.539999999999998592e-02
5.519999999999998519e-02
6.639999999999998681e-02
7.489999999999999436e-02
3.429999999999999022e-02
7.649999999999999856e-02
6.950000000000000622e-02
4.609999999999998821e-02
4.550000000000000572e-02
3.239999999999999825e-02
5.020000000000002238e-02
5.190000000000000169e-02
6.169999999999999096e-02
5.079999999999997018e-02
4.909999999999999781e-02
4.099999999999999478e-02
1.680000000000000590e-02
6.320000000000000617e-02
4.180000000000000382e-02
4.750000000000001443e-02
8.099999999999998868e-02
5.359999999999998099e-02
9.439999999999998392e-02
7.179999999999998883e-02
8.659999999999998255e-02
5.550000000000000766e-02
6.700000000000001787e-02
6.169999999999999096e-02
4.029999999999998861e-02
4.589999999999998942e-02
5.380000000000001448e-02
3.210000000000000353e-02
3.119999999999998469e-02
3.449999999999999595e-02
4.889999999999999902e-02
3.770000000000000434e-02
4.259999999999998510e-02
4.470000000000000362e-02
1.210000000000000311e-02
8.490000000000000324e-02
7.749999999999997169e-02
4.250000000000002387e-02
4.209999999999996384e-02
8.110000000000000542e-02
4.029999999999998861e-02
6.210000000000001630e-02
4.520000000000003182e-02
4.319999999999996759e-02
3.269999999999998602e-02
5.760000000000000536e-02
5.570000000000002033e-02
9.469999999999999252e-02
3.980000000000000204e-02
3.669999999999999651e-02
4.650000000000001354e-02
5.329999999999998628e-02
4.490000000000000241e-02
1.658999999999999919e-01
1.357000000000000151e-01
2.691300000000000026e+00
1.487599999999999811e+00
5.729999999999999538e-01
1.229000000000000925e-01
1.779000000000000026e-01
1.256999999999999784e-01
8.949999999999996847e-02
1.096000000000000030e-01
3.789999999999995456e-02
9.399999999999997247e-02
1.220000000000000251e-01
5.659999999999996284e-02
4.207999999999999519e-01
4.271999999999999686e-01
6.340000000000003966e-02
4.810000000000003856e-02
2.659999999999998477e-02
5.900000000000000383e-02
7.639999999999996794e-02
6.139999999999998237e-02
8.129999999999999727e-02
5.939999999999998059e-02
7.630000000000002058e-02
3.190000000000006025e-02
5.380000000000000060e-02
5.619999999999999302e-02
4.589999999999996860e-02
8.200000000000001732e-02
4.160000000000003278e-02
3.760000000000002923e-02
3.279999999999999583e-02
5.670000000000000040e-02
9.100000000000002531e-02
1.138000000000000123e-01
8.100000000000003031e-02
4.269999999999998103e-02
5.439999999999997615e-02
4.969999999999998030e-02
9.589999999999998526e-02
7.709999999999997411e-02
7.440000000000000779e-02
1.120000000000000301e-01
4.519999999999999019e-02
5.680000000000001714e-02
4.780000000000000915e-02
3.480000000000002536e-02
6.659999999999999254e-02
3.559999999999999970e-02
5.810000000000001275e-02
7.230000000000000315e-02
5.739999999999999269e-02
8.299999999999999045e-02
2.330000000000004984e-02
6.480000000000002425e-02
2.989999999999999603e-02
6.110000000000000153e-02
5.450000000000002065e-02
4.919999999999998680e-02
5.879999999999997035e-02
3.160000000000000309e-02
3.189999999999997699e-02
7.690000000000001001e-02
4.009999999999996206e-02
8.049999999999998823e-02
3.840000000000001051e-02
4.699999999999998623e-02
6.550000000000001654e-02
8.979999999999999094e-02
4.350000000000005251e-02
5.140000000000002900e-02
7.319999999999998730e-02
3.220000000000002027e-02
5.790000000000000008e-02
3.389999999999999264e-02
3.240000000000002600e-02
4.549999999999997102e-02
5.649999999999996692e-02
4.139999999999999236e-02
7.469999999999998863e-02
6.029999999999997862e-02
5.199999999999999067e-02
4.870000000000000717e-02
3.629999999999996424e-02
3.670000000000001039e-02
7.610000000000000098e-02
8.580000000000002902e-02
1.221000000000000002e-01
8.889999999999999292e-02
5.779999999999999721e-02
