2.122999999999999887e-01
4.042999999999999927e-01
1.954000000000000181e-01
3.620000000000002383e-02
1.924000000000000155e-01
1.311999999999999833e-01
1.145000000000000046e-01
2.977200000000000735e+00
2.126799999999999802e+00
1.368400000000000061e+00
1.826799999999999979e+00
1.230799999999999894e+00
1.328100000000000058e+00
1.646000000000001351e-01
2.714000000000000301e-01
4.385999999999999344e-01
2.486999999999998101e-01
2.041999999999999926e-01
1.227999999999999370e-01
1.088000000000000078e-01
1.224000000000001337e-01
6.050000000000017863e-02
1.890000000000000568e-01
3.690000000000001612e-02
5.610000000000010117e-02
3.880000000000000115e-02
9.210000000000012621e-02
1.088999999999998441e-01
1.293999999999998485e-01
7.749999999999997169e-02
7.409999999999995757e-02
8.520000000000003959e-02
1.071000000000000008e-01
4.939999999999986069e-02
1.278999999999999582e-01
8.830000000000004512e-02
7.720000000000004636e-02
1.161999999999999006e-01
9.449999999999994515e-02
1.171999999999999154e-01
1.405000000000000415e-01
1.007000000000000395e-01
9.310000000000007159e-02
9.680000000000001104e-02
1.086000000000000992e-01
1.792999999999998484e-01
7.860000000000015585e-02
2.952000000000001290e-01
1.831999999999998630e-01
3.089999999999998304e-01
6.500000000000000222e-02
2.635000000000000675e-01
3.247999999999999221e-01
3.650000000000001021e-01
1.389999999999999014e-01
6.300000000000015310e-02
5.100000000000007305e-02
1.307999999999997498e-01
9.559999999999996279e-02
4.940999999999999281e-01
6.275000000000001688e-01
1.580999999999999628e-01
1.113000000000001488e-01
1.864000000000000379e-01
1.897000000000000630e-01
2.197000000000000064e-01
2.117000000000000826e-01
1.581000000000001293e-01
2.432999999999999330e-01
1.331000000000000516e-01
2.197999999999999954e-01
5.929999999999995691e-02
2.063000000000000944e-01
1.384999999999999842e-01
5.160000000000008330e-02
4.510000000000006365e-02
1.096000000000000169e-01
1.040999999999999842e-01
9.059999999999994447e-02
9.470000000000010354e-02
1.209999999999999409e-01
6.559999999999993614e-02
4.500000000000000527e-02
5.909999999999997894e-02
1.147000000000000103e-01
4.869999999999995166e-02
7.430000000000007432e-02
2.409999999999995826e-02
1.491999999999999993e-01
8.840999999999999970e-01
1.006800000000000139e+00
8.092000000000001414e-01
6.228000000000000203e-01
1.589999999999998637e-01
6.415000000000001812e-01
2.532999999999999696e-01
3.866000000000000547e-01
2.440999999999999004e-01
3.106000000000001537e-01
4.280000000000002552e-02
1.830999999999999572e-01
1.543999999999999817e-01
2.322999999999999510e-01
6.429999999999999605e-02
1.368999999999999106e-01
8.500000000000011713e-02
9.260000000000002951e-02
5.379999999999994509e-02
4.669999999999988050e-02
7.350000000000009304e-02
9.200000000000001232e-02
6.590000000000000024e-02
8.040000000000008251e-02
3.241999999999999327e-01
4.859999999999999876e-01
2.203999999999998460e-01
1.637000000000002065e-01
7.199999999999991129e-02
7.710000000000008513e-02
9.720000000000000862e-02
9.950000000000003286e-02
1.226000000000000423e-01
9.098000000000001641e-01
5.888999999999998680e-01
7.558999999999999053e-01
1.185099999999999820e+00
8.974999999999999645e-01
2.236000000000000210e-01
3.418999999999998707e-01
2.256699999999999928e+00
5.202999999999998737e-01
1.911200000000000010e+00
1.651700000000000168e+00
6.757999999999999563e-01
5.708999999999999631e-01
2.676000000000000600e-01
3.621000000000000885e-01
1.960999999999999688e-01
1.543000000000000205e-01
2.692999999999999838e-01
1.226000000000000201e+00
9.410999999999999366e-01
1.569900000000000073e+00
1.310900000000000176e+00
1.131800000000000139e+00
1.021900000000000031e+00
1.883000000000000007e+00
8.957000000000001627e-01
5.693999999999999062e-01
1.187699999999999756e+00
5.508999999999999453e-01
1.200699999999999878e+00
1.649299999999999988e+00
1.697300000000000031e+00
3.939000000000000279e-01
2.437999999999999889e-01
2.027999999999999248e-01
2.507000000000000339e-01
4.669999999999999707e-01
2.638999999999999679e-01
2.408000000000000140e-01
1.591999999999999804e-01
1.799000000000000044e-01
1.673999999999999100e-01
1.462000000000000244e-01
1.463000000000000411e-01
5.360000000000006426e-02
5.410000000000008552e-02
8.719999999999994422e-02
9.560000000000000719e-01
4.388000000000000234e-01
5.429999999999999272e-01
1.676199999999999912e+00
3.129100000000000215e+00
5.556999999999999718e-01
2.668700000000000294e+00
1.078500000000000014e+00
1.601599999999999913e+00
1.426500000000000101e+00
