2.670000000000000151e-02
3.209999999999999659e-02
3.550000000000000377e-02
3.170000000000000595e-02
2.040000000000000147e-02
3.859999999999999543e-02
3.960000000000000325e-02
3.179999999999999494e-02
6.880000000000000004e-02
2.470000000000000320e-02
3.100000000000000672e-02
3.449999999999999595e-02
3.590000000000000135e-02
2.609999999999999820e-02
2.790000000000000813e-02
3.260000000000000397e-02
6.320000000000000617e-02
2.090000000000000191e-02
8.689999999999999114e-02
3.169999999999999207e-02
2.340000000000000066e-02
4.279999999999999777e-02
2.660000000000000558e-02
2.420000000000000623e-02
2.130000000000000990e-02
2.449999999999999747e-02
7.039999999999999036e-02
2.959999999999998743e-02
2.040000000000000147e-02
2.950000000000000885e-02
1.799999999999999517e-02
3.169999999999999207e-02
9.949999999999999123e-02
9.709999999999997800e-02
4.279999999999999083e-02
3.149999999999998634e-02
1.154999999999999916e-01
4.519999999999999019e-02
8.770000000000000018e-02
3.560000000000000664e-02
2.379999999999999130e-02
6.530000000000001081e-02
2.699999999999999276e-02
1.629999999999999158e-02
3.510000000000002007e-02
3.260000000000000397e-02
3.719999999999999002e-02
2.460000000000001075e-02
2.489999999999999505e-02
4.529999999999997917e-02
5.670000000000000040e-02
2.799999999999998324e-02
2.999999999999999889e-02
1.310000000000001268e-02
2.560000000000000470e-02
2.940000000000001640e-02
2.920000000000000026e-02
1.589999999999999400e-02
8.099999999999996092e-03
1.730000000000000981e-02
1.449999999999998512e-02
4.039999999999999147e-02
3.539999999999999397e-02
4.380000000000000560e-02
2.779999999999998445e-02
3.700000000000000511e-02
6.339999999999998415e-02
9.510000000000000397e-02
5.850000000000003114e-02
6.410000000000001807e-02
3.300000000000000849e-02
4.720000000000001972e-02
4.010000000000001757e-02
2.929999999999998925e-02
3.010000000000000522e-02
7.150000000000000799e-02
3.080000000000000099e-02
3.540000000000000785e-02
2.909999999999999393e-02
7.400000000000001021e-02
5.070000000000000895e-02
7.900000000000001465e-02
2.680000000000000090e-02
6.110000000000001541e-02
4.370000000000001661e-02
1.230000000000001925e-02
1.010000000000000307e-02
2.740000000000000074e-02
4.349999999999999700e-02
1.610000000000000320e-02
3.629999999999997812e-02
3.680000000000003407e-02
2.019999999999997145e-02
3.039999999999999994e-02
2.879999999999998186e-02
1.059999999999997750e-02
2.400000000000001091e-02
2.460000000000000034e-02
3.350000000000000200e-02
2.459999999999999687e-02
2.290000000000003144e-02
2.369999999999996762e-02
5.480000000000001537e-02
4.029999999999999555e-02
4.349999999999999700e-02
1.720000000000001389e-02
5.119999999999998164e-02
3.749999999999999167e-02
3.700000000000002592e-02
2.330000000000000127e-02
1.770000000000000046e-02
2.670000000000000845e-02
5.069999999999999507e-02
2.430000000000001603e-02
2.920000000000000026e-02
2.070000000000001006e-02
3.310000000000000442e-02
3.700000000000000511e-02
4.529999999999995836e-02
2.330000000000000127e-02
4.789999999999997732e-02
3.490000000000000047e-02
3.630000000000000587e-02
2.400000000000000744e-02
3.310000000000001830e-02
6.910000000000000864e-02
6.020000000000000351e-02
5.919999999999998874e-02
2.540000000000000591e-02
3.020000000000000462e-02
4.130000000000000338e-02
1.900000000000005157e-02
6.060000000000001497e-02
2.079999999999999211e-02
2.200000000000002648e-02
1.489999999999998270e-02
7.459999999999999964e-02
2.459999999999998993e-02
3.210000000000001047e-02
5.830000000000003235e-02
2.719999999999998461e-02
4.499999999999999833e-02
4.609999999999994658e-02
2.799999999999996242e-02
4.889999999999997821e-02
6.889999999999998903e-02
1.899999999999999606e-02
5.510000000000002396e-02
2.330000000000004290e-02
4.649999999999999967e-02
3.810000000000000192e-02
3.269999999999998602e-02
1.090000000000002078e-02
2.649999999999995762e-02
2.939999999999998864e-02
3.919999999999998486e-02
2.819999999999998203e-02
2.940000000000000599e-02
2.899999999999999106e-02
4.249999999999999611e-02
4.759999999999999648e-02
3.979999999999999510e-02
2.459999999999999687e-02
5.999999999999999084e-02
4.799999999999995937e-02
4.829999999999996102e-02
3.919999999999998486e-02
3.499999999999998945e-02
3.219999999999999946e-02
1.730000000000004451e-02
5.250000000000004663e-02
3.040000000000003116e-02
9.299999999999995770e-03
3.170000000000001289e-02
3.099999999999996508e-02
2.950000000000002620e-02
4.179999999999996912e-02
4.519999999999999712e-02
3.150000000000000022e-02
