1.083000000000000074e-01
7.340000000000000691e-02
1.320999999999999952e-01
4.820000000000000673e-02
1.040000000000000091e-01
1.425000000000000155e-01
5.730000000000000371e-02
8.169999999999999485e-02
2.615999999999999992e-01
4.837999999999999523e-01
3.525000000000000355e-01
1.318000000000000005e-01
1.029999999999999527e-01
2.122999999999999887e-01
1.820999999999999841e-01
7.169999999999998597e-02
1.078000000000000069e-01
1.402999999999999803e-01
1.855999999999999872e-01
1.642000000000000126e-01
2.303000000000000047e-01
1.624999999999999778e-01
3.107999999999999652e-01
1.692000000000000171e-01
7.509999999999998621e-02
1.512000000000000011e-01
3.629999999999999893e-02
9.149999999999999800e-02
1.534999999999999976e-01
5.759999999999999842e-02
2.165000000000000258e-01
7.779999999999999416e-02
7.770000000000000517e-02
2.038000000000000367e-01
8.590000000000001801e-02
1.769000000000000572e-01
1.149000000000000160e-01
1.582999999999999685e-01
2.283999999999999919e-01
1.782999999999999585e-01
3.839999999999998970e-02
1.878999999999999559e-01
1.713999999999999968e-01
6.149999999999999911e-02
1.162000000000000532e-01
1.296000000000000207e-01
5.510000000000000314e-02
1.197999999999999760e-01
1.302999999999999714e-01
1.333000000000000018e-01
1.049000000000000210e-01
1.224999999999999839e-01
1.540999999999999870e-01
2.426000000000000101e-01
5.139000000000000234e-01
7.962000000000000188e-01
1.583999999999999853e-01
1.948000000000000009e-01
2.316000000000000003e-01
1.821999999999999731e-01
1.368000000000000327e-01
2.400000000000000744e-02
2.449999999999999956e-01
2.374999999999999889e-01
1.694000000000000228e-01
1.301999999999999824e-01
1.025999999999999968e-01
1.463000000000000134e-01
1.724999999999999867e-01
1.061000000000000415e-01
2.177999999999999936e-01
6.989999999999994829e-02
7.690000000000005165e-02
1.044000000000000622e-01
1.993000000000000049e-01
4.199999999999995404e-02
9.660000000000000531e-02
9.670000000000004980e-02
9.779999999999999805e-02
1.653000000000000302e-01
1.120000000000000301e-01
2.174999999999999711e-01
4.959999999999996356e-02
1.400999999999999468e-01
6.700000000000003175e-02
4.589999999999999636e-02
5.159999999999996534e-02
3.540000000000002867e-02
3.470000000000006413e-02
4.000000000000000777e-02
1.271999999999999242e-01
9.329999999999995242e-02
1.483999999999999486e-01
1.039000000000000062e-01
7.049999999999999323e-02
4.779999999999993976e-02
3.719999999999998308e-02
8.490000000000001712e-02
1.706000000000000572e-01
7.210000000000003906e-02
8.029999999999994087e-02
8.939999999999995173e-02
9.970000000000001084e-02
1.235000000000000264e-01
3.469999999999999474e-02
4.090000000000000580e-02
1.342000000000000415e-01
1.177000000000000546e-01
5.490000000000001823e-02
1.008000000000000285e-01
5.730000000000000371e-02
2.093000000000000416e-01
6.990000000000001767e-02
1.701000000000000290e-01
5.379999999999998672e-02
8.360000000000004927e-02
9.150000000000002576e-02
9.500000000000000111e-02
1.712999999999999523e-01
4.309999999999999942e-02
1.877999999999999670e-01
1.591999999999999804e-01
3.529999999999999805e-02
1.677999999999999770e-01
1.408999999999999697e-01
9.920000000000002427e-02
3.419999999999992490e-02
2.057999999999999552e-01
3.064000000000000057e-01
1.472999999999999865e-01
2.319999999999999840e-01
1.749999999999999889e-01
2.349099999999999966e+00
1.327300000000000146e+00
2.724999999999999645e-01
1.238299999999999956e+00
2.069999999999999618e-01
2.126000000000000667e-01
7.120000000000004103e-02
1.381999999999999340e-01
1.510000000000000231e-01
9.439999999999999780e-02
1.773000000000000131e-01
7.409999999999995757e-02
2.004000000000000781e-01
4.289999999999990349e-02
6.950000000000006173e-02
7.490000000000004987e-02
9.269999999999999074e-02
9.850000000000003197e-02
2.372000000000000497e-01
1.441000000000000059e-01
1.021000000000000102e-01
7.579999999999995075e-02
9.910000000000006304e-02
5.309999999999995279e-02
6.579999999999996962e-02
1.115999999999999770e-01
1.166000000000000092e-01
7.339999999999996527e-02
4.590000000000009350e-02
2.990000000000000990e-02
3.480000000000001148e-02
1.325999999999999124e-01
1.587999999999999690e-01
8.540000000000000369e-02
1.080999999999999739e-01
1.558000000000000218e-01
1.420000000000000706e-01
1.860000000000000264e-01
1.162000000000000532e-01
9.270000000000006013e-02
2.420000000000004786e-02
6.120000000000003215e-02
1.815000000000000502e-01
6.959999999999999520e-02
4.860000000000000431e-02
1.009000000000000313e-01
1.297000000000000375e-01
