3.620000000000000301e-02
3.839999999999999664e-02
2.159999999999999767e-02
2.870000000000000329e-02
4.640000000000000374e-02
4.700000000000000705e-02
4.619999999999999801e-02
3.250000000000000111e-02
4.359999999999999987e-02
7.040000000000000424e-02
7.439999999999999392e-02
1.771000000000000074e-01
9.779999999999999805e-02
4.189999999999999974e-02
5.300000000000000544e-02
5.899999999999998301e-02
3.370000000000000079e-02
4.529999999999998611e-02
1.680000000000000937e-02
3.050000000000000280e-02
8.609999999999999598e-02
1.223000000000000198e-01
1.838000000000000189e-01
5.005000000000000560e-01
1.282999999999999974e-01
1.822000000000000008e-01
6.459999999999999076e-02
8.910000000000001252e-02
4.980000000000001092e-02
5.340000000000000996e-02
5.890000000000000790e-02
2.920000000000000373e-02
3.519999999999999518e-02
6.900000000000000577e-02
2.140000000000000235e-02
2.620000000000000107e-02
1.148999999999999883e-01
2.421999999999999986e-01
1.198000000000000176e-01
1.531000000000000139e-01
7.240000000000000602e-02
5.579999999999998850e-02
2.140000000000001276e-02
4.120000000000001439e-02
1.839999999999999969e-02
1.324000000000000177e-01
5.960000000000002796e-02
6.190000000000001057e-02
5.899999999999999689e-02
1.234999999999999987e-01
7.739999999999999658e-02
4.083000000000000518e-01
2.466999999999999749e-01
2.391999999999999960e-01
1.330999999999999961e-01
5.949999999999998346e-02
7.100000000000000755e-02
6.319999999999999230e-02
9.750000000000000333e-02
1.270000000000000018e-01
5.424999999999999822e-01
3.473699999999999566e+00
5.528699999999999726e+00
5.375099999999999767e+00
4.883000000000000673e-01
1.320499999999999785e+00
3.901000000000001688e-01
1.098000000000001197e-01
8.530000000000004245e-02
7.869999999999993667e-02
8.660000000000002418e-02
4.280000000000017818e-02
3.699999999999996347e-02
3.450000000000001676e-02
5.110000000000004816e-02
4.260000000000011000e-02
5.219999999999986456e-02
2.004999999999999560e-01
2.126799999999999802e+00
1.704400000000000137e+00
2.430999999999998440e-01
7.603999999999999648e-01
4.096999999999999531e-01
1.315000000000001168e-01
1.035199999999999676e+00
7.842499999999999361e+00
3.407800000000000384e+00
9.931699999999999307e+00
6.141300000000000203e+00
2.779200000000000337e+00
3.898700000000000276e+00
2.677799999999999958e+00
9.610000000000000764e-01
2.903600000000000403e+00
6.496199999999999974e+00
2.722999999999999421e+00
7.831000000000001293e-01
3.594999999999999307e-01
2.410999999999999810e-01
1.522999999999999632e-01
6.850000000000004696e-02
8.339999999999982150e-02
5.830000000000003235e-02
6.875999999999997669e-01
1.071100000000000163e+00
6.562000000000000055e-01
2.191000000000001280e-01
4.667000000000000037e-01
7.966000000000001968e-01
3.818999999999999062e-01
7.494000000000000661e-01
4.787000000000000144e-01
2.274000000000002131e-01
1.274999999999999467e-01
9.439999999999990066e-02
1.194000000000000339e-01
2.189000000000002055e-01
2.070000000000000728e-01
3.382000000000000561e-01
1.556999999999999773e-01
1.944000000000000727e-01
1.146000000000000074e-01
6.770000000000006568e-02
1.529000000000000636e-01
1.057999999999999219e-01
1.347000000000000419e-01
1.045999999999998598e-01
2.620999999999999996e-01
1.006999999999998174e-01
1.145999999999999241e-01
2.577999999999998626e-01
2.083000000000000684e-01
1.199000000000000066e-01
1.410000000000000975e-01
1.545999999999999319e-01
2.080000000000002125e-01
7.880000000000020322e-02
5.164999999999997371e-01
5.444000000000001060e-01
3.133000000000001894e-01
2.626000000000000001e-01
2.391000000000000902e-01
4.520000000000002488e-02
5.559999999999999665e-02
2.883999999999999897e-01
5.445999999999997510e-01
5.645999999999999908e-01
8.650999999999999801e-01
2.769000000000000905e-01
1.727000000000000202e-01
2.038000000000000922e-01
1.992999999999999772e-01
2.469000000000001194e-01
6.759999999999989628e-02
1.366999999999999327e-01
1.504000000000001447e-01
3.999999999999991757e-02
1.179999999999981758e-02
1.311000000000002996e-01
3.462999999999998857e-01
3.501000000000000223e-01
1.226200000000000179e+00
3.637000000000002453e-01
4.532999999999999807e-01
6.641999999999997906e-01
5.236000000000000654e-01
6.027000000000001245e-01
9.419999999999983942e-02
1.358999999999999653e-01
1.147000000000002462e-01
1.456999999999999962e-01
1.884000000000000119e-01
8.790000000000001978e-02
6.160000000000002973e-02
7.229999999999989213e-02
5.400000000000006878e-02
8.960000000000023501e-02
7.130000000000004390e-02
5.580000000000003707e-02
