2.308000000000000052e-01
8.480000000000000038e-02
2.355999999999999761e-01
1.089000000000000246e-01
1.098000000000000087e-01
2.290000000000001062e-02
4.629999999999999394e-02
1.735999999999999766e-01
2.136000000000000121e-01
1.498999999999999777e-01
5.899999999999996914e-02
1.812000000000000555e-01
1.286999999999999811e-01
1.856000000000000150e-01
3.463000000000000522e-01
1.654100000000000126e+00
9.008999999999999231e-01
1.311099999999999932e+00
5.571000000000000396e-01
2.192999999999999394e-01
2.922000000000000153e-01
4.400999999999999357e-01
8.239999999999997327e-02
2.773999999999998689e-01
1.015000000000000208e-01
2.489999999999999991e-01
1.139999999999999486e-01
1.895999999999999908e-01
1.097999999999999809e-01
2.267000000000000404e-01
4.624000000000001442e-01
8.767999999999999128e-01
1.548899999999999721e+00
1.306599999999999984e+00
2.482000000000000317e-01
6.020999999999999686e-01
3.136999999999999789e-01
1.468000000000000138e-01
1.325999999999999956e-01
1.243999999999999551e-01
1.951999999999999846e-01
2.311999999999999611e-01
3.107999999999999652e-01
1.334000000000000186e-01
1.005999999999999950e-01
7.179999999999998883e-02
8.409999999999999420e-02
2.239000000000000157e-01
1.672999999999999488e-01
2.095000000000000473e-01
4.919999999999997292e-02
6.229999999999998733e-02
1.748999999999999999e-01
2.127500000000000391e+00
6.381999999999999895e-01
3.788999999999999591e-01
2.537999999999999146e-01
2.902999999999999470e-01
8.323999999999998067e-01
8.000000000000012657e-02
2.157999999999998253e-01
3.195000000000001172e-01
1.198000000000000037e-01
1.582999999999999685e-01
1.052499999999999991e+00
1.753999999999999171e-01
9.505999999999997785e-01
3.104000000000000092e-01
2.412999999999998202e-01
9.490000000000002600e-02
5.809999999999988785e-02
1.320999999999999397e-01
1.472799999999999887e+00
1.474099999999999966e+00
3.293999999999999151e-01
7.977000000000000757e-01
3.131999999999999229e-01
3.414000000000000368e-01
2.196999999999999231e-01
7.460000000000001352e-02
2.094000000000000583e-01
4.740000000000002545e-02
1.145000000000000046e-01
9.249999999999990175e-02
2.479999999999994015e-02
1.330000000000000071e-01
6.329999999999999516e-02
6.660000000000007581e-02
5.219999999999994089e-02
4.599999999999997841e-02
6.280000000000005023e-02
4.559999999999992532e-02
2.640000000000000124e-01
9.217999999999999527e-01
3.121000000000000441e-01
1.028100000000000014e+00
1.527600000000000069e+00
7.458000000000000185e-01
3.152000000000000357e-01
2.059000000000000274e-01
2.141999999999999738e-01
2.317999999999999783e-01
1.004000000000000309e-01
4.019999999999997187e-02
5.080000000000001181e-02
2.651999999999999913e-01
3.771999999999998687e-01
3.274000000000000243e-01
4.655000000000000249e-01
3.955000000000000737e-01
4.388999999999999568e-01
3.754999999999999449e-01
4.432999999999999718e-01
2.716999999999999416e-01
2.366999999999999937e-01
1.436000000000000054e-01
8.154000000000000137e-01
1.237300000000000066e+00
1.460400000000000142e+00
1.652500000000000302e+00
2.325499999999999901e+00
4.305999999999999828e-01
2.307999999999999774e-01
1.678000000000000047e-01
2.620999999999999996e-01
1.508999999999999786e-01
1.934000000000000441e-01
1.196000000000000535e-01
1.182000000000000411e-01
9.559999999999993503e-02
1.140999999999999237e-01
3.550000000000006622e-02
3.037000000000000810e-01
1.520699999999999941e+00
1.120199999999999863e+00
4.971999999999998643e-01
3.185999999999999388e-01
3.052999999999999603e-01
8.709999999999997744e-01
3.633000000000002894e-01
2.453000000000000735e-01
8.239999999999984837e-02
6.359999999999996212e-02
1.812000000000000555e-01
1.722999999999999532e-01
2.160999999999998755e-01
1.968999999999999917e-01
9.330000000000010507e-02
1.328000000000000846e-01
1.869000000000000106e-01
7.710000000000005738e-02
2.609999999999999543e-01
2.725000000000000755e-01
1.774000000000000576e-01
2.982999999999998986e-01
2.098999999999999755e-01
5.626999999999998670e-01
7.526999999999999247e-01
1.368700000000000028e+00
4.022000000000000020e-01
1.969999999999999807e-01
3.083000000000000185e-01
5.300000000000000266e-01
3.128000000000000225e-01
1.529999999999999694e-01
1.892999999999999683e-01
1.172999999999999737e-01
4.667999999999999927e-01
1.102400000000000269e+00
5.666999999999999815e-01
1.417200000000000015e+00
1.830100000000000060e+00
3.047000000000000153e+00
1.195500000000000007e+00
2.039799999999999613e+00
7.237999999999997769e-01
1.500099999999999989e+00
9.651000000000000689e-01
1.343900000000000095e+00
