2.681000000000000050e-01
1.135999999999999927e-01
2.409000000000000030e-01
1.121999999999999942e-01
8.710000000000001075e-02
6.580000000000001126e-02
5.289999999999998870e-02
6.980000000000000093e-02
6.389999999999997071e-02
6.780000000000001303e-02
6.370000000000002049e-02
1.952000000000000401e-01
1.102999999999999814e-01
4.909999999999999781e-02
5.230000000000001315e-02
8.020000000000002127e-02
9.000000000000002442e-02
1.143000000000000127e-01
1.728999999999999981e-01
9.520000000000000684e-02
8.049999999999998823e-02
1.141999999999999960e-01
9.620000000000003548e-02
1.116000000000000048e-01
1.544999999999999707e-01
1.695000000000000395e-01
8.210000000000000631e-02
9.560000000000004605e-02
5.599999999999996647e-02
7.530000000000001970e-02
9.289999999999996871e-02
2.171000000000000152e-01
7.119999999999998552e-02
5.950000000000001815e-02
9.869999999999998219e-02
1.556000000000000161e-01
7.979999999999999594e-02
5.540000000000001174e-02
6.590000000000001412e-02
1.532000000000000028e-01
1.375000000000000111e-01
2.091999999999999971e-01
3.018000000000000127e-01
1.078999999999999682e-01
1.568999999999999562e-01
1.334000000000000186e-01
1.046999999999999875e-01
6.579999999999998350e-02
1.470000000000000473e-01
1.774999999999999356e-01
9.340000000000003855e-02
1.521999999999999742e-01
4.000000000000003553e-02
1.775000000000000189e-01
2.181000000000000716e-01
1.499999999999999944e-01
5.619999999999997914e-02
9.390000000000001124e-02
1.197999999999999760e-01
1.476000000000000645e-01
4.189999999999996505e-02
5.990000000000003655e-02
1.281999999999999806e-01
7.109999999999998266e-02
5.420000000000002593e-02
1.020000000000000073e-01
2.170000000000000262e-01
7.879999999999996729e-02
8.910000000000001252e-02
1.344000000000000195e-01
5.029999999999994198e-02
1.269000000000000128e-01
2.310000000000000109e-01
1.817999999999999894e-01
1.295000000000000318e-01
1.197000000000000008e-01
1.208999999999999519e-01
1.126000000000000334e-01
4.789999999999999813e-02
6.250000000000002776e-02
1.412000000000000199e-01
1.530000000000000526e-01
1.127000000000000779e-01
1.687999999999999501e-01
1.278999999999999582e-01
1.019999999999999796e-01
1.749999999999999334e-01
9.390000000000001124e-02
6.410000000000001807e-02
8.599999999999997924e-02
6.710000000000000409e-01
1.758000000000000118e-01
1.516999999999999460e-01
6.160000000000012688e-02
5.949999999999988631e-02
1.784000000000000585e-01
1.157000000000000667e-01
5.930000000000007487e-02
5.859999999999995768e-02
5.100000000000004530e-02
1.048000000000001153e-01
9.700000000000011391e-02
6.110000000000008480e-02
1.011000000000000371e-01
9.770000000000002294e-02
6.329999999999999516e-02
9.769999999999985640e-02
1.265000000000000013e-01
2.699099999999999611e+00
2.450799999999999645e+00
2.270999999999999963e-01
1.274000000000000687e-01
2.086000000000000631e-01
1.126999999999999252e-01
9.319999999999992180e-02
6.879999999999994453e-02
1.243999999999999967e-01
9.549999999999990441e-02
6.110000000000005704e-02
7.840000000000006686e-02
6.920000000000005314e-02
2.985000000000000431e-01
4.440000000000001168e-01
1.062999999999999362e-01
2.558000000000000829e-01
1.417999999999999816e-01
1.372999999999999776e-01
6.190000000000019098e-02
9.540000000000002645e-02
8.740000000000021363e-02
1.727000000000000757e-01
6.399999999999989031e-02
8.550000000000004818e-02
9.789999999999983438e-02
6.219999999999986651e-02
7.430000000000010207e-02
5.280000000000009686e-02
2.930000000000000659e-02
4.689999999999994174e-02
1.109999999999999182e-01
1.835999999999999854e-01
1.354999999999999538e-01
1.097000000000000614e-01
5.320000000000008056e-02
2.310000000000012044e-02
1.140999999999999515e-01
4.689999999999980296e-02
8.299999999999990719e-02
7.380000000000000449e-02
3.130000000000016103e-02
4.110000000000021969e-02
6.770000000000009344e-02
7.309999999999997056e-02
6.559999999999990838e-02
9.429999999999993943e-02
1.484999999999999098e-01
1.017999999999998073e-01
1.776999999999999136e-01
6.770000000000020446e-02
5.580000000000018279e-02
2.964999999999998193e-01
1.252999999999999947e-01
1.206000000000002209e-01
3.888999999999998569e-01
4.338999999999998969e-01
2.947000000000001840e-01
2.032000000000000195e-01
5.690000000000000613e-02
1.393000000000000071e-01
7.880000000000014770e-02
5.859999999999991604e-02
6.939999999999989233e-02
5.569999999999984686e-02
4.170000000000018137e-02
2.614600000000000257e+00
8.113000000000000211e-01
2.682000000000000495e-01
2.917999999999999483e-01
1.593000000000001359e-01
