4.003999999999999226e-01
1.552000000000000046e-01
1.047000000000000014e-01
3.470000000000000168e-02
5.410000000000000919e-02
7.680000000000000715e-02
2.693000000000000393e-01
1.437999999999999834e-01
5.809999999999999887e-02
7.539999999999999480e-02
1.048000000000000181e-01
1.226000000000000145e-01
5.739999999999999269e-02
1.442000000000000226e-01
2.500999999999999890e-01
1.405999999999999750e-01
7.770000000000001905e-02
4.839999999999998470e-02
8.149999999999998912e-02
1.448000000000000120e-01
9.920000000000003815e-02
5.529999999999999499e-02
2.600000000000000575e-02
6.450000000000000178e-02
3.240000000000001906e-02
7.259999999999998399e-02
6.940000000000000335e-02
1.142999999999999988e-01
1.135999999999999788e-01
5.819999999999998785e-02
4.510000000000001508e-02
9.520000000000000684e-02
9.030000000000001914e-02
9.819999999999998175e-02
4.429999999999997828e-02
6.379999999999994009e-02
6.070000000000002477e-02
2.075999999999999790e-01
1.144000000000000294e-01
2.520000000000001059e-02
3.130000000000000837e-02
2.180000000000000340e-02
3.700000000000000511e-02
3.340000000000001301e-02
5.010000000000000564e-02
3.139999999999999736e-02
3.579999999999999849e-02
2.969999999999999377e-02
3.479999999999999760e-02
6.909999999999999476e-02
1.570000000000000562e-02
2.550000000000001224e-02
2.500000000000000833e-02
1.660000000000001058e-02
2.960000000000000131e-02
2.739999999999999380e-02
4.759999999999999648e-02
4.120000000000000745e-02
4.609999999999998821e-02
5.340000000000000302e-02
4.430000000000000604e-02
6.659999999999999254e-02
4.300000000000000350e-02
4.380000000000000560e-02
1.017000000000000126e-01
7.309999999999999831e-02
3.030000000000000054e-02
2.680000000000000437e-02
3.709999999999999409e-02
3.419999999999999429e-02
4.359999999999999293e-02
3.970000000000000612e-02
4.559999999999999470e-02
4.060000000000000414e-02
2.599999999999998493e-02
1.750000000000000167e-02
1.550000000000001377e-02
3.699999999999999817e-02
4.310000000000001330e-02
2.619999999999999413e-02
2.909999999999999393e-02
1.540000000000001437e-02
2.560000000000000470e-02
2.250000000000001651e-02
4.929999999999999660e-02
1.630000000000000199e-02
3.029999999999999361e-02
3.720000000000001777e-02
6.089999999999999580e-02
4.900000000000000883e-02
3.150000000000001410e-02
5.990000000000000879e-02
9.040000000000000813e-02
1.427999999999999825e-01
4.529999999999995836e-02
3.049999999999998546e-02
9.439999999999999780e-02
4.979999999999999011e-02
5.410000000000000919e-02
3.049999999999999933e-02
3.269999999999999990e-02
3.549999999999999684e-02
7.840000000000002522e-02
4.870000000000002105e-02
3.599999999999999728e-02
1.049000000000000210e-01
3.900000000000000688e-02
1.365000000000000102e-01
8.019999999999999352e-02
8.369999999999999662e-02
3.970000000000002693e-02
1.150999999999999940e-01
1.990000000000000796e-02
3.329999999999999627e-02
1.424000000000000266e-01
1.231000000000000011e-01
1.159999999999999920e-01
1.213000000000000050e-01
7.359999999999998488e-02
1.168999999999999900e-01
9.600000000000000200e-02
1.664000000000000479e-01
7.329999999999999016e-02
1.132999999999999979e-01
1.336000000000000243e-01
5.209999999999999354e-02
4.820000000000000673e-02
5.399999999999997163e-02
5.469999999999999862e-02
6.120000000000003909e-02
2.429999999999998134e-02
2.490000000000001240e-02
8.690000000000000502e-02
2.330000000000000474e-02
9.370000000000003326e-02
6.639999999999994518e-02
3.358000000000000429e-01
5.631000000000000449e-01
1.023000000000000298e-01
8.379999999999998561e-02
6.279999999999999472e-02
4.319999999999997453e-02
9.990000000000003044e-02
5.519999999999999907e-02
4.880000000000001004e-02
3.909999999999996118e-02
4.709999999999998910e-02
1.889000000000000123e-01
1.642000000000000126e-01
1.590999999999999637e-01
8.379999999999998561e-02
1.003000000000000141e-01
7.030000000000001525e-02
6.619999999999998108e-02
1.745999999999999774e-01
3.479999999999994903e-02
8.019999999999997964e-02
3.679999999999998550e-02
1.301000000000000212e-01
1.152999999999999858e-01
6.499999999999998834e-02
7.590000000000003688e-02
6.320000000000000617e-02
1.715999999999999748e-01
4.640000000000003844e-02
4.050000000000002209e-02
5.659999999999999754e-02
2.125000000000000222e-01
2.313999999999999946e-01
6.139999999999999625e-02
5.329999999999995852e-02
5.250000000000003275e-02
3.120000000000000204e-02
4.199999999999999567e-02
3.260000000000002479e-02
2.940000000000003721e-02
3.420000000000000817e-02
3.330000000000003096e-02
6.619999999999999496e-02
