8.089999999999999969e-02
3.679999999999999938e-02
9.559999999999999054e-02
4.750000000000000056e-02
3.709999999999999409e-02
3.949999999999999345e-02
4.099999999999998784e-02
1.193999999999999923e-01
9.429999999999999494e-02
5.820000000000001561e-02
2.680000000000000090e-02
6.200000000000000649e-02
3.980000000000000204e-02
6.480000000000001037e-02
5.289999999999997482e-02
4.379999999999999172e-02
3.670000000000002427e-02
7.290000000000000646e-02
9.249999999999999889e-02
6.310000000000000331e-02
7.189999999999999170e-02
2.900000000000001188e-02
2.649999999999998190e-02
4.510000000000001508e-02
7.599999999999998423e-02
2.430000000000000562e-02
2.889999999999999514e-02
7.720000000000001861e-02
3.809999999999997417e-02
7.230000000000000315e-02
5.169999999999997514e-02
5.139999999999998043e-02
3.900000000000003464e-02
3.430000000000003185e-02
5.070000000000001589e-02
2.980000000000000704e-02
2.230000000000000385e-02
4.610000000000002290e-02
5.819999999999998785e-02
4.609999999999997433e-02
8.860000000000002596e-02
3.290000000000000563e-02
4.059999999999999720e-02
7.779999999999998028e-02
1.270000000000004112e-02
2.260000000000000203e-02
4.459999999999998688e-02
6.820000000000001061e-02
5.289999999999996788e-02
6.269999999999997797e-02
5.580000000000006483e-02
8.430000000000004157e-02
6.429999999999999605e-02
3.179999999999998106e-02
8.779999999999997529e-02
4.399999999999997663e-02
3.060000000000001608e-02
8.310000000000000719e-02
5.079999999999998406e-02
7.300000000000002320e-02
4.099999999999996703e-02
9.730000000000002536e-02
7.550000000000003930e-02
5.299999999999999156e-02
7.060000000000000997e-02
5.890000000000000790e-02
3.049999999999994382e-02
8.529999999999995919e-02
9.959999999999996634e-02
6.809999999999996612e-02
5.059999999999995057e-02
5.140000000000001512e-02
2.359999999999996823e-02
3.579999999999998461e-02
6.299999999999997269e-02
9.899999999999999079e-02
5.549999999999999378e-02
4.499999999999997058e-02
5.340000000000007241e-02
9.509999999999997622e-02
6.909999999999996700e-02
6.990000000000004543e-02
8.169999999999999485e-02
3.930000000000004323e-02
6.729999999999999871e-02
1.195999999999999980e-01
2.639999999999996516e-02
7.950000000000001510e-02
6.220000000000001916e-02
3.959999999999999631e-02
3.280000000000001664e-02
4.050000000000003597e-02
6.010000000000001452e-02
5.329999999999998628e-02
5.170000000000003759e-02
8.079999999999995519e-02
6.189999999999995506e-02
3.589999999999996666e-02
5.269999999999992746e-02
2.149999999999999134e-02
4.080000000000007232e-02
7.969999999999999307e-02
3.810000000000003662e-02
6.710000000000004849e-02
4.160000000000005360e-02
4.430000000000003380e-02
6.129999999999995175e-02
5.920000000000000262e-02
3.139999999999995572e-02
4.760000000000001730e-02
3.850000000000000644e-02
3.029999999999998667e-02
6.019999999999997575e-02
3.259999999999997622e-02
4.969999999999999418e-02
6.859999999999999432e-02
3.899999999999998607e-02
3.339999999999999913e-02
4.680000000000004989e-02
2.240000000000000324e-02
2.120000000000001744e-02
8.640000000000000457e-02
6.349999999999994538e-02
3.200000000000004230e-02
4.450000000000003952e-02
4.509999999999998732e-02
6.210000000000005793e-02
3.669999999999996876e-02
5.059999999999999221e-02
1.030000000000000082e-01
1.174000000000000321e-01
5.839999999999993807e-02
6.620000000000005047e-02
8.269999999999998186e-02
6.099999999999997091e-02
5.860000000000008258e-02
7.919999999999999263e-02
5.649999999999994610e-02
3.409999999999997755e-02
8.269999999999994023e-02
5.240000000000000213e-02
8.459999999999999465e-02
5.790000000000008334e-02
6.139999999999992686e-02
5.120000000000005796e-02
5.309999999999998055e-02
2.490000000000006097e-02
6.329999999999999516e-02
3.699999999999997735e-02
3.800000000000012396e-02
1.479999999999999545e-02
2.730000000000007074e-02
6.290000000000003921e-02
5.870000000000005769e-02
5.960000000000003489e-02
4.549999999999989470e-02
5.029999999999988647e-02
4.580000000000006288e-02
5.380000000000009774e-02
1.365000000000000102e-01
4.330000000000000515e-02
5.120000000000008572e-02
3.270000000000009011e-02
5.420000000000003981e-02
4.780000000000007854e-02
3.510000000000003395e-02
5.000000000000005135e-02
3.720000000000001084e-02
4.969999999999999418e-02
5.420000000000005369e-02
4.350000000000001782e-02
6.609999999999997822e-02
5.350000000000002670e-02
5.329999999999995852e-02
3.659999999999988263e-02
4.040000000000004005e-02
7.350000000000003753e-02
7.210000000000001130e-02
6.650000000000004519e-02
