1.158999999999999891e-01
5.469999999999999862e-02
8.900000000000000966e-02
2.671999999999999931e-01
1.502000000000000002e-01
5.439999999999999697e-02
1.071000000000000008e-01
3.869999999999998441e-02
7.349999999999999589e-02
7.860000000000001708e-02
4.719999999999999890e-02
3.640000000000004343e-02
1.548000000000000209e-01
1.266999999999999793e-01
1.222000000000000169e-01
3.430000000000001104e-02
9.419999999999997820e-02
1.776000000000000079e-01
1.576999999999999791e-01
1.232999999999999929e-01
9.249999999999998501e-02
6.469999999999997975e-02
1.263000000000000234e-01
1.272999999999999687e-01
7.729999999999995208e-02
9.779999999999998417e-02
7.710000000000001574e-02
5.119999999999998858e-02
1.200999999999999984e-01
1.217000000000000026e-01
9.070000000000001672e-02
1.032999999999999752e-01
3.220000000000001333e-02
5.079999999999998406e-02
8.490000000000005875e-02
8.040000000000001312e-02
9.720000000000007800e-02
5.709999999999999104e-02
7.070000000000001283e-02
7.199999999999996680e-02
1.127999999999999836e-01
1.981999999999999318e-01
1.206000000000000266e-01
1.619999999999999774e-01
9.479999999999999538e-02
6.480000000000002425e-02
2.759999999999997525e-02
3.469999999999994617e-02
5.029999999999996974e-02
4.150000000000002298e-02
4.220000000000003609e-02
3.860000000000007869e-02
4.609999999999993964e-02
6.429999999999994054e-02
9.700000000000004452e-02
5.859999999999999237e-02
5.430000000000004268e-02
1.009999999999999787e-01
6.459999999999999076e-02
7.010000000000000953e-02
5.559999999999999665e-02
5.809999999999996417e-02
2.153999999999998971e-01
1.476000000000000090e-01
4.680000000000010540e-02
4.049999999999998740e-02
1.400000000000000133e-01
1.184000000000000191e-01
8.040000000000006863e-02
7.450000000000001066e-02
7.039999999999997649e-02
5.769999999999999435e-02
5.449999999999999983e-02
4.410000000000001419e-02
6.199999999999995098e-02
4.830000000000003041e-02
3.500000000000000333e-02
1.919999999999998097e-02
4.490000000000003016e-02
4.089999999999995028e-02
3.780000000000002108e-02
6.119999999999999746e-02
4.269999999999997409e-02
5.140000000000000124e-02
3.379999999999994814e-02
8.019999999999992413e-02
2.280000000000009103e-02
5.160000000000000003e-02
3.180000000000007127e-02
6.109999999999995990e-02
1.133000000000000118e-01
5.759999999999997067e-02
4.719999999999997808e-02
4.089999999999999192e-02
7.250000000000005052e-02
3.330000000000006566e-02
5.119999999999991225e-02
5.519999999999991580e-02
4.999999999999993339e-02
5.360000000000000875e-02
8.649999999999996581e-02
2.834000000000000963e-01
2.047000000000000486e-01
9.069999999999993345e-02
7.800000000000004152e-02
8.259999999999996512e-02
5.740000000000003433e-02
2.020000000000002349e-02
3.209999999999997577e-02
4.390000000000002234e-02
6.915999999999999925e-01
2.447600000000000442e+00
2.446000000000000396e-01
5.212999999999998746e-01
1.309799999999999853e+00
3.464000000000000412e-01
1.680999999999999717e-01
1.326000000000000512e-01
4.930000000000003130e-02
2.878999999999999893e-01
1.131400000000000183e+00
5.593999999999998973e-01
3.683999999999999497e-01
9.389999999999996960e-02
8.200000000000000344e-02
8.299999999999997657e-02
1.032000000000000695e-01
4.829999999999998184e-02
2.350000000000004169e-02
4.169999999999997320e-02
6.720000000000003748e-02
1.479999999999998331e-02
3.429999999999994859e-02
6.959999999999999520e-02
8.530000000000004245e-02
7.720000000000001861e-02
4.150000000000001604e-02
5.890000000000006342e-02
5.419999999999998430e-02
2.930000000000003088e-02
4.309999999999996473e-02
5.290000000000001645e-02
6.569999999999998064e-02
8.559999999999999554e-02
5.479999999999997373e-02
5.800000000000005151e-02
5.910000000000000669e-02
4.660000000000005804e-02
7.040000000000004587e-02
5.030000000000001831e-02
1.192000000000000143e-01
1.508000000000000174e-01
1.132000000000000089e-01
6.559999999999999165e-02
5.029999999999998361e-02
8.420000000000010809e-02
8.310000000000000719e-02
8.300000000000007372e-02
7.979999999999995430e-02
6.290000000000001146e-02
2.417999999999999594e-01
3.831999999999999851e-01
5.184999999999999609e-01
1.146999999999999409e-01
4.479999999999997873e-02
7.629999999999997895e-02
4.969999999999992479e-02
8.420000000000001095e-02
7.169999999999990270e-02
3.610000000000004872e-02
9.530000000000005134e-02
1.655999999999999694e-01
5.690000000000002001e-02
3.080000000000004956e-02
6.050000000000000516e-02
7.660000000000002918e-02
1.385999999999999732e-01
9.199999999999994293e-02
9.570000000000004892e-02
