4.989999999999999991e-02
8.990000000000000768e-02
1.008000000000000007e-01
1.877000000000000057e-01
7.060000000000000997e-02
5.479999999999998761e-02
8.129999999999999727e-02
1.008000000000000007e-01
1.729999999999999871e-01
1.350000000000000089e-01
1.559999999999999998e-01
8.560000000000000941e-02
6.479999999999999649e-02
1.047000000000000014e-01
8.230000000000001203e-02
1.359999999999999820e-01
4.959999999999998438e-02
7.779999999999996640e-02
1.610000000000000042e-01
2.212999999999999967e-01
1.209999999999999964e-01
1.064999999999999836e-01
2.373000000000000109e-01
2.250000000000000056e-01
1.250999999999999890e-01
5.909999999999999976e-02
6.109999999999999459e-02
8.380000000000001337e-02
5.830000000000000460e-02
7.719999999999999085e-02
1.333000000000000018e-01
1.227000000000000174e-01
6.650000000000000355e-02
9.950000000000000511e-02
1.185999999999999971e-01
8.809999999999998388e-02
1.613999999999999879e-01
1.482999999999999874e-01
1.134000000000000008e-01
2.018000000000000071e-01
9.909999999999999365e-02
1.264000000000000123e-01
1.786000000000000365e-01
2.223000000000000254e-01
2.107000000000000539e-01
1.674000000000000210e-01
1.063999999999999807e-01
1.935000000000000608e-01
9.449999999999997291e-02
8.169999999999999485e-02
1.284000000000000141e-01
1.184000000000000052e-01
2.010999999999999732e-01
9.030000000000000526e-02
9.179999999999999272e-02
2.129999999999999949e-01
1.716000000000000025e-01
1.306999999999999829e-01
1.594000000000000417e-01
2.318000000000000616e-01
3.820999999999999397e-01
4.737000000000000099e-01
3.729999999999999982e-01
2.008000000000000063e-01
1.951000000000000234e-01
6.530000000000005245e-02
5.420000000000001900e-02
2.597999999999999754e-01
2.086999999999999689e-01
1.961000000000001076e-01
3.340000000000001301e-01
2.557000000000000939e-01
3.944999999999999063e-01
3.491999999999999549e-01
1.853000000000000758e-01
1.021999999999999853e-01
2.325000000000000122e-01
2.457000000000000295e-01
2.694000000000000283e-01
2.225000000000000311e-01
3.363000000000000989e-01
2.020999999999999741e-01
1.427000000000001045e-01
2.433000000000000163e-01
5.306000000000000716e-01
3.956000000000000627e-01
1.526000000000000134e-01
3.925999999999999490e-01
2.290000000000000369e-01
3.265000000000000679e-01
3.539000000000000479e-01
2.182000000000000051e-01
2.526999999999999247e-01
4.020999999999999019e-01
2.180999999999999328e-01
2.345999999999999197e-01
9.287999999999999590e-01
6.069999999999999840e-01
1.909000000000000696e-01
3.027999999999999026e-01
2.364000000000000545e-01
2.646999999999999909e-01
1.720000000000000140e-01
1.672999999999999488e-01
4.538000000000001477e-01
7.740000000000003821e-02
9.150000000000001188e-02
1.748000000000000664e-01
1.027999999999999886e-01
2.027000000000000746e-01
2.575999999999999401e-01
1.282999999999999141e-01
6.509999999999996345e-02
1.987999999999999212e-01
1.305000000000000604e-01
2.359999999999999598e-01
3.485999999999999099e-01
3.016000000000000347e-01
1.331000000000000516e-01
9.210000000000000131e-02
2.516000000000000458e-01
1.149000000000000715e-01
1.956000000000001071e-01
2.187000000000000610e-01
9.990000000000003044e-02
1.745000000000000995e-01
1.022000000000000686e-01
1.920000000000000040e-01
2.378000000000000669e-01
4.067000000000000060e-01
3.270999999999999464e-01
9.551000000000000600e-01
4.228999999999999426e-01
6.628000000000000558e-01
6.058999999999998831e-01
5.930999999999999606e-01
1.665999999999999981e-01
2.147000000000000575e-01
2.254000000000000170e-01
3.357000000000000539e-01
4.133999999999998787e-01
2.123000000000000997e-01
2.962000000000000188e-01
3.338999999999999746e-01
3.254000000000000226e-01
2.177000000000000601e-01
1.399000000000000243e-01
1.026000000000000523e-01
2.433999999999999497e-01
3.429999999999999716e-02
4.979999999999998317e-02
2.350000000000000006e-02
3.700000000000002592e-02
8.929999999999996274e-02
5.800000000000006539e-02
2.750000000000003830e-02
5.820000000000000173e-02
8.210000000000002018e-02
8.419999999999999707e-02
4.930000000000002436e-02
3.327999999999999847e-01
2.699000000000000288e-01
1.574000000000000121e-01
1.290000000000000036e-01
1.481999999999999984e-01
8.429999999999995830e-02
1.459000000000000574e-01
5.089999999999999386e-02
1.257000000000000617e-01
3.550000000000000377e-02
3.224000000000000199e-01
2.017000000000000182e-01
2.471000000000000418e-01
2.345999999999999752e-01
2.244000000000000439e-01
1.456000000000000072e-01
1.244000000000000522e-01
1.623999999999999333e-01
6.131000000000000894e-01
