2.541999999999999815e-01
1.145000000000000046e-01
1.696000000000000008e-01
4.470000000000001056e-02
1.008000000000000007e-01
7.430000000000001881e-02
7.119999999999999940e-02
1.724999999999999867e-01
1.690000000000000113e-01
2.848999999999999866e-01
1.307000000000000106e-01
2.171000000000000152e-01
1.102999999999999814e-01
2.476999999999999758e-01
1.122999999999999832e-01
1.757999999999999841e-01
3.339999999999999636e-01
2.662999999999999812e-01
2.222000000000000086e-01
2.361000000000000321e-01
9.679999999999998328e-02
2.770000000000000240e-02
9.579999999999999627e-02
1.732000000000000206e-01
2.699000000000000288e-01
8.849999999999996758e-02
5.440000000000001779e-02
1.252000000000000057e-01
2.071999999999999675e-01
6.480000000000000204e-01
7.748000000000000442e-01
3.452999999999999958e-01
2.112000000000000266e-01
9.470000000000000639e-02
3.559999999999999276e-02
3.290000000000001257e-02
2.499999999999998751e-02
7.630000000000000671e-02
4.359999999999998599e-02
7.259999999999999787e-02
3.909999999999996811e-02
4.290000000000002145e-02
7.019999999999999851e-02
1.106000000000000039e-01
4.619999999999998413e-02
7.649999999999998468e-02
4.090000000000001273e-02
4.599999999999999228e-02
2.849999999999998368e-02
1.449999999999998339e-02
9.419999999999999207e-02
9.729999999999999760e-02
4.189999999999999974e-02
1.040999999999999981e-01
4.410000000000000031e-01
2.710000000000000187e-01
6.318999999999999062e-01
2.827000000000000624e-01
1.376999999999999891e-01
1.049999999999999961e-01
7.159999999999999698e-02
1.203999999999999793e-01
2.071999999999999675e-01
1.435000000000000442e-01
2.319000000000000505e-01
4.323999999999999511e-01
1.270099999999999785e+00
6.355999999999999428e-01
1.872000000000000330e-01
1.634999999999999787e-01
2.163999999999999813e-01
4.443000000000000282e-01
2.909999999999999809e-01
1.483999999999999209e-01
4.270000000000002960e-02
9.219999999999997642e-02
4.709999999999996828e-02
5.559999999999999665e-02
4.688000000000000500e-01
3.037999999999999590e-01
2.084000000000000297e-01
2.591999999999999860e-01
1.562999999999999945e-01
1.327000000000000401e-01
3.990000000000004654e-02
1.632999999999999730e-01
1.473999999999999755e-01
3.829999999999998683e-02
2.992999999999998995e-01
2.970000000000000417e-01
1.965000000000000357e-01
4.412000000000000366e-01
2.511999999999999234e-01
3.546999999999999043e-01
6.279999999999996696e-02
2.348999999999999977e-01
5.943000000000000504e-01
5.305999999999999606e-01
8.432000000000000606e-01
3.236000000000000543e-01
3.903999999999999693e-01
5.316000000000000725e-01
3.809000000000001274e-01
1.114000000000000268e-01
4.009999999999993431e-02
6.660000000000000642e-02
1.686000000000000276e-01
4.590000000000002411e-02
6.660000000000000642e-02
7.450000000000001066e-02
4.770000000000004098e-02
5.800000000000000988e-02
1.305999999999999939e-01
1.205999999999999434e-01
6.822999999999999066e-01
8.292999999999999261e-01
1.318299999999999805e+00
4.541999999999999371e-01
9.299999999999991607e-02
6.089999999999996805e-02
4.999999999999997502e-02
1.349000000000000477e-01
1.222299999999999942e+00
6.344999999999996199e-01
7.140000000000037983e-02
3.050999999999999823e-01
6.629999999999999782e-02
1.674100000000000144e+00
1.722699999999999898e+00
9.121999999999998998e-01
4.797000000000000153e-01
6.289999999999998370e-02
2.346999999999999642e-01
1.582999999999999963e-01
3.238000000000000322e-01
8.970000000000002971e-02
6.350000000000000089e-02
7.760000000000003006e-02
7.950000000000001510e-02
2.052999999999999825e-01
8.550000000000000655e-02
4.659999999999997478e-02
2.529999999999997529e-02
1.026000000000000106e-01
9.877000000000000224e-01
5.986000000000000210e-01
6.265999999999999348e-01
1.785599999999999854e+00
1.035199999999999898e+00
5.188000000000000389e-01
1.327000000000000124e-01
1.428000000000000103e-01
2.072000000000000230e-01
1.225000000000000117e-01
2.550000000000000044e-01
2.306999999999999607e-01
7.655999999999999472e-01
8.229999999999997040e-02
1.159999999999999781e-01
9.440000000000002556e-02
1.120999999999999774e-01
6.230000000000001509e-02
1.331000000000000516e-01
1.192999999999999755e-01
2.246000000000000496e-01
6.099000000000001087e-01
3.856999999999999873e-01
1.279599999999999849e+00
3.278999999999999138e-01
6.746000000000000885e-01
1.360700000000000243e+00
4.334000000000000075e-01
3.522000000000000686e-01
1.486000000000000099e-01
9.158999999999999364e-01
1.425800000000000178e+00
1.867500000000000160e+00
2.149099999999999788e+00
3.397700000000000387e+00
