1.482999999999999874e-01
9.639999999999999958e-02
6.989999999999998992e-02
9.239999999999999603e-02
9.859999999999999321e-02
4.410000000000000031e-02
1.227999999999999925e-01
9.320000000000000506e-02
1.221000000000000141e-01
4.779999999999999527e-02
1.907999999999999974e-01
1.402999999999999803e-01
1.439999999999999891e-01
9.659999999999999143e-02
8.320000000000002394e-02
1.121999999999999942e-01
1.771999999999999964e-01
1.358999999999999930e-01
3.900000000000002076e-02
2.759999999999999953e-02
1.154000000000000026e-01
1.768999999999999739e-01
1.951000000000000234e-01
5.830000000000001154e-02
5.069999999999999507e-02
1.122999999999999832e-01
1.618999999999999884e-01
1.391999999999999904e-01
5.650000000000000161e-02
4.979999999999999011e-02
1.401999999999999913e-01
1.705999999999999739e-01
2.167999999999999927e-01
2.038999999999999979e-01
1.530999999999999861e-01
1.503000000000000169e-01
1.532000000000000028e-01
9.129999999999997840e-02
2.240000000000001018e-02
2.780000000000003649e-02
6.250000000000004163e-02
1.014000000000000179e-01
1.459999999999999909e-01
8.070000000000002172e-02
4.309999999999999942e-02
9.579999999999998239e-02
1.463999999999999746e-01
1.245999999999999885e-01
1.833000000000000185e-01
1.742000000000000215e-01
6.950000000000000622e-02
7.179999999999998883e-02
4.719999999999997808e-02
7.039999999999999036e-02
5.739999999999999963e-02
1.001999999999999974e-01
1.095000000000000140e-01
1.480999999999999817e-01
1.371999999999999886e-01
1.069000000000000228e-01
9.090000000000000857e-02
4.030000000000003024e-02
1.273000000000000520e-01
1.325000000000000067e-01
1.096000000000000030e-01
8.609999999999999598e-02
2.379999999999998089e-02
1.202000000000000013e-01
1.669999999999999818e-01
1.673999999999999655e-01
1.267999999999999960e-01
1.071999999999999897e-01
9.440000000000001168e-02
3.220000000000000639e-02
1.653999999999999915e-01
1.614000000000000157e-01
1.482999999999999596e-01
1.163999999999999618e-01
4.150000000000005074e-02
1.422000000000000486e-01
1.585000000000000020e-01
3.440000000000001390e-02
1.184999999999999803e-01
1.164999999999999786e-01
1.156999999999999973e-01
1.279999999999999472e-01
1.069999999999999840e-01
1.066000000000000003e-01
8.220000000000003693e-02
8.889999999999997904e-02
1.130999999999999783e-01
1.505999999999999839e-01
1.978999999999999926e-01
3.319999999999999341e-02
1.296000000000000207e-01
1.370000000000000107e-01
1.265999999999999348e-01
6.550000000000000266e-02
1.649999999999999523e-01
1.979999999999999538e-01
1.853000000000000203e-01
1.622000000000000108e-01
1.683000000000000052e-01
1.378999999999999948e-01
8.900000000000000966e-02
1.182000000000000134e-01
1.499999999999999667e-01
9.480000000000000926e-02
7.829999999999992522e-02
1.345999999999999697e-01
8.670000000000002705e-02
8.770000000000005569e-02
1.544999999999999429e-01
8.269999999999996798e-02
9.199999999999994293e-02
5.999999999999998390e-02
1.811000000000000110e-01
9.059999999999999998e-02
6.309999999999994780e-02
7.550000000000006706e-02
1.304999999999999771e-01
4.320000000000000229e-02
6.219999999999996365e-02
1.033000000000000029e-01
1.599999999999999756e-01
5.610000000000000403e-02
1.078000000000000069e-01
1.054999999999999827e-01
6.539999999999995817e-02
3.180000000000000188e-02
1.105999999999999761e-01
1.342999999999999750e-01
7.459999999999999964e-02
1.479999999999999372e-01
1.223999999999999949e-01
1.033000000000000029e-01
8.399999999999994971e-02
1.283999999999999586e-01
7.779999999999991089e-02
7.119999999999995777e-02
6.089999999999997499e-02
2.117999999999999883e-01
1.844999999999999973e-01
1.930999999999999939e-01
8.790000000000000591e-02
7.619999999999994833e-02
1.226999999999999202e-01
1.642999999999999461e-01
1.552999999999999936e-01
9.180000000000002047e-02
1.033999999999999364e-01
1.918999999999999040e-01
1.485999999999999821e-01
1.531999999999999196e-01
4.460000000000002157e-02
1.202000000000000290e-01
1.596000000000000474e-01
1.496999999999999720e-01
1.748000000000000387e-01
1.684999999999999554e-01
7.549999999999996991e-02
8.920000000000002927e-02
1.285000000000000586e-01
1.864000000000001211e-01
1.677000000000000990e-01
1.185000000000000220e-01
1.120999999999998942e-01
6.290000000000002534e-02
1.164999999999999647e-01
1.608999999999999320e-01
1.225999999999998896e-01
6.069999999999994844e-02
1.437000000000000222e-01
1.341000000000000247e-01
1.036999999999999589e-01
6.640000000000007008e-02
9.949999999999993572e-02
1.609999999999999210e-01
1.733000000000000096e-01
