8.049999999999998823e-02
5.150000000000000411e-02
1.014999999999999930e-01
3.309999999999999748e-02
6.630000000000001170e-02
1.160000000000000059e-01
5.259999999999999398e-02
7.769999999999999130e-02
9.740000000000001434e-02
1.038000000000000034e-01
9.809999999999999276e-02
3.979999999999999510e-02
5.389999999999999653e-02
6.140000000000000319e-02
1.639999999999999791e-01
1.636000000000000232e-01
4.599999999999999922e-02
6.849999999999999145e-02
2.870000000000001369e-02
8.499999999999999223e-02
1.067000000000000032e-01
1.022999999999999743e-01
1.184999999999999803e-01
1.277999999999999969e-01
9.260000000000000175e-02
6.339999999999999802e-02
7.909999999999998976e-02
1.176000000000000101e-01
1.389999999999999847e-01
8.710000000000001075e-02
1.139000000000000151e-01
1.203999999999999931e-01
5.579999999999998850e-02
6.230000000000000815e-02
1.281000000000000194e-01
3.049999999999998546e-02
5.590000000000000524e-02
7.370000000000002938e-02
6.920000000000001150e-02
1.495999999999999830e-01
3.929999999999998772e-02
8.069999999999998008e-02
4.639999999999998292e-02
2.369999999999999885e-02
1.059000000000000080e-01
9.000000000000002442e-02
7.380000000000000449e-02
1.390000000000000957e-02
8.469999999999999751e-02
6.489999999999998548e-02
5.639999999999999181e-02
1.112999999999999962e-01
1.230000000000000121e-01
6.840000000000000246e-02
6.090000000000002356e-02
7.665999999999999481e-01
5.019000000000000128e-01
2.036999999999999922e-01
9.120000000000000329e-02
5.940000000000000141e-02
4.490000000000000935e-02
8.120000000000000828e-02
4.950000000000000233e-02
1.269999999999999740e-01
1.053999999999999937e-01
1.146000000000000213e-01
1.582000000000000073e-01
1.216999999999999749e-01
5.419999999999997042e-02
5.279999999999995808e-02
1.049999999999999267e-01
8.550000000000007594e-02
3.100000000000004835e-02
6.350000000000001477e-02
1.381000000000000005e-01
6.010000000000000064e-02
7.149999999999996636e-02
7.870000000000006157e-02
4.269999999999998797e-02
7.710000000000001574e-02
2.679999999999999050e-02
1.224999999999999978e-01
1.056999999999999884e-01
1.147999999999999854e-01
1.000000000000000056e-01
1.081000000000000294e-01
1.033999999999999642e-01
2.749999999999995851e-02
7.879999999999999505e-02
5.829999999999997684e-02
4.850000000000001532e-02
5.979999999999992266e-02
9.810000000000006215e-02
5.630000000000005833e-02
4.709999999999995440e-02
2.799999999999999017e-02
3.919999999999998486e-02
1.397000000000000464e-01
1.338999999999999635e-01
5.209999999999998660e-02
6.249999999999998612e-02
7.220000000000002804e-02
4.439999999999999503e-02
4.490000000000002323e-02
9.149999999999994249e-02
4.640000000000005231e-02
7.330000000000000404e-02
6.530000000000002469e-02
1.258000000000000229e-01
1.046000000000000402e-01
6.730000000000004035e-02
4.849999999999994593e-02
5.699999999999999512e-02
3.059999999999996056e-02
3.179999999999998106e-02
7.700000000000004063e-02
9.879999999999998506e-02
9.000000000000002442e-02
4.860000000000001125e-02
7.609999999999995934e-02
8.319999999999995455e-02
5.499999999999999334e-02
6.029999999999996474e-02
3.679999999999995774e-02
1.014999999999999514e-01
5.692000000000000393e-01
2.656999999999999362e-01
1.942999999999999727e-01
1.456999999999999407e-01
7.509999999999997233e-02
1.542000000000000315e-01
2.714999999999999636e-01
1.678999999999999659e-01
1.413999999999999702e-01
7.430000000000003268e-02
3.719999999999995532e-02
1.355000000000000093e-01
1.307000000000000384e-01
1.392000000000000182e-01
7.370000000000004325e-02
3.639999999999996710e-02
5.369999999999999774e-02
5.749999999999995393e-02
7.580000000000003402e-02
7.160000000000002474e-02
8.139999999999998626e-02
1.735999999999999210e-01
1.585000000000000020e-01
9.140000000000000902e-02
9.289999999999999647e-02
5.550000000000014644e-02
6.779999999999994365e-02
6.600000000000005862e-02
9.190000000000003721e-02
9.720000000000002249e-02
1.016000000000000236e-01
8.700000000000004952e-02
4.220000000000003609e-02
1.059000000000000358e-01
7.760000000000003006e-02
3.174000000000000155e-01
2.681999999999999384e-01
1.848999999999999255e-01
1.991999999999999882e-01
3.980000000000005062e-02
6.279999999999989757e-02
7.030000000000002913e-02
1.038000000000000173e-01
6.960000000000007847e-02
9.750000000000000333e-02
1.123999999999999305e-01
1.160999999999998977e-01
8.659999999999999643e-02
1.005000000000001170e-01
1.083000000000001045e-01
5.970000000000005858e-02
1.438999999999999724e-01
9.660000000000003306e-02
6.970000000000005358e-02
