2.927999999999999492e-01
1.237999999999999656e-01
1.145000000000000046e-01
1.842000000000000304e-01
1.246000000000000024e-01
1.149000000000000021e-01
1.847000000000000031e-01
9.690000000000000002e-02
1.123999999999999999e-01
1.093000000000000083e-01
1.592999999999999972e-01
2.349000000000000254e-01
6.729999999999998483e-02
2.959999999999999853e-01
1.930999999999999939e-01
8.520000000000001183e-02
7.736999999999999433e-01
3.522000000000000131e-01
2.582000000000000406e-01
1.832999999999999907e-01
1.759000000000000008e-01
7.939999999999997060e-02
1.126999999999999946e-01
1.414999999999999869e-01
1.121999999999999942e-01
7.240000000000001990e-02
6.820000000000001061e-02
9.169999999999998985e-02
4.015000000000000235e-01
1.953999999999999071e-01
1.642000000000000126e-01
3.305000000000000160e-01
1.718999999999999972e-01
8.920000000000002927e-02
1.944000000000000172e-01
1.671999999999999875e-01
1.185000000000000220e-01
1.320999999999999952e-01
2.743000000000000438e-01
1.314000000000000168e-01
2.866000000000000214e-01
3.232000000000000428e-01
1.486999999999999988e-01
2.095000000000000751e-01
2.908999999999999364e-01
1.641999999999999849e-01
6.580000000000001126e-02
3.116999999999999771e-01
4.055000000000000826e-01
1.839000000000000357e-01
5.674000000000000155e-01
3.906000000000000583e-01
1.138000000000000400e-01
1.416000000000000314e-01
1.769000000000000017e-01
2.507000000000000339e-01
7.260000000000005338e-02
1.401000000000000301e-01
3.920999999999999486e-01
1.755999999999999228e-01
8.360000000000002152e-02
1.409999999999999865e-01
1.120999999999999636e-01
2.609999999999998987e-01
1.718000000000000083e-01
1.428000000000000103e-01
1.459999999999999076e-01
5.200000000000012945e-02
1.630999999999999950e-01
3.495000000000000329e-01
1.168999999999999206e-01
2.458999999999999797e-01
4.279999999999999361e-01
1.032000000000000417e-01
1.957999999999999463e-01
1.023000000000000714e-01
2.176000000000000156e-01
1.463000000000000411e-01
8.870000000000000107e-01
9.583999999999999186e-01
7.660999999999997812e-01
3.777999999999998026e-01
8.880000000000011495e-02
2.400000000000003242e-01
1.332000000000001516e-01
2.331999999999998519e-01
2.053999999999999437e-01
1.281999999999999529e-01
1.923000000000000265e-01
1.753999999999999726e-01
1.226000000000000284e-01
1.482000000000000262e-01
1.342000000000000137e-01
1.425999999999998380e-01
2.153000000000001579e-01
1.610000000000000042e-01
8.599999999999993761e-02
1.121000000000001440e-01
1.728999999999997761e-01
4.699000000000000954e-01
2.440999999999997061e-01
1.264999999999999181e-01
1.216000000000001108e-01
1.460999999999999799e-01
1.509999999999998566e-01
8.239999999999993163e-02
1.534999999999999698e-01
1.418000000000000094e-01
1.260000000000001119e-01
1.077000000000001428e-01
6.540000000000012470e-02
8.129999999999981686e-02
8.210000000000021447e-02
1.047999999999999071e-01
7.159999999999999698e-02
7.109999999999984388e-02
9.449999999999988964e-02
1.330999999999998851e-01
8.009999999999979636e-02
1.691000000000001946e-01
1.734999999999998765e-01
1.365999999999997216e-01
1.470999999999998420e-01
1.623000000000002219e-01
7.929999999999981508e-02
1.102999999999997316e-01
1.781000000000001748e-01
1.358000000000001706e-01
1.165999999999998565e-01
1.695999999999997510e-01
1.600000000000000311e-01
1.105999999999998790e-01
6.269999999999974205e-02
1.489999999999998548e-01
1.619999999999996720e-01
2.114999999999996050e-01
1.669999999999999263e-01
1.917999999999999428e-01
8.423999999999999266e-01
8.129999999999988625e-02
9.670000000000027185e-02
1.740000000000000435e-01
1.336999999999998745e-01
1.638000000000000012e-01
1.593999999999998474e-01
2.925000000000003708e-01
1.186000000000003440e-01
9.200000000000004008e-02
1.073999999999998151e-01
4.160000000000008136e-02
1.042000000000001120e-01
8.200000000000007283e-02
2.331000000000001127e-01
1.996999999999998221e-01
1.512000000000000011e-01
2.447999999999998511e-01
8.720000000000019402e-02
1.319999999999999507e-01
9.609999999999978282e-02
8.340000000000008518e-02
1.871000000000003216e-01
2.506000000000002670e-01
2.232000000000000650e-01
1.134000000000000979e-01
1.236000000000001264e-01
8.069999999999993845e-02
1.155999999999996197e-01
1.505000000000001892e-01
1.676999999999999880e-01
8.450000000000021383e-02
7.339999999999996527e-02
1.648000000000000853e-01
1.514000000000001456e-01
2.412999999999999590e-01
7.709999999999994635e-02
8.110000000000003317e-02
1.141999999999997462e-01
9.660000000000001918e-02
2.149999999999998024e-01
