5.384999999999999787e-01
1.224999999999999700e-01
6.270000000000001961e-02
5.720000000000000084e-02
5.309999999999995279e-02
3.700000000000003980e-02
4.669999999999999152e-02
7.369999999999994611e-02
6.510000000000003284e-02
4.649999999999994416e-02
4.079999999999996824e-02
3.720000000000001084e-02
2.210000000000003628e-02
5.720000000000001472e-02
2.440000000000001890e-02
6.139999999999994074e-02
5.380000000000005611e-02
4.840000000000004021e-02
4.969999999999999418e-02
4.910000000000004639e-02
5.179999999999997801e-02
5.530000000000006438e-02
4.650000000000000661e-02
2.860000000000001777e-02
3.090000000000000038e-02
4.049999999999991801e-02
2.560000000000000470e-02
2.279999999999995919e-02
2.700000000000003092e-02
7.160000000000005249e-02
4.689999999999994174e-02
2.399999999999997621e-02
6.980000000000005644e-02
5.359999999999997405e-02
5.310000000000000830e-02
3.799999999999997824e-02
2.290000000000002797e-02
2.939999999999997476e-02
3.549999999999996908e-02
3.259999999999999704e-02
6.560000000000003328e-02
6.360000000000001763e-02
1.920000000000000179e-02
3.039999999999999647e-02
2.919999999999997597e-02
4.709999999999997522e-02
5.780000000000004579e-02
6.680000000000001215e-02
3.169999999999997820e-02
4.949999999999998151e-02
2.269999999999997020e-02
4.070000000000002782e-02
8.780000000000001692e-02
3.830000000000000765e-02
2.850000000000001144e-02
6.620000000000003659e-02
3.959999999999997550e-02
2.259999999999999509e-02
3.440000000000002778e-02
4.330000000000000515e-02
1.139999999999998653e-02
5.269999999999998991e-02
3.400000000000000244e-02
7.359999999999998488e-02
4.269999999999998797e-02
4.249999999999996142e-02
3.079999999999999058e-02
6.110000000000000847e-02
3.319999999999996565e-02
1.449999999999997471e-02
4.270000000000004348e-02
2.390000000000005315e-02
2.389999999999997682e-02
4.890000000000002678e-02
2.379999999999997395e-02
4.449999999999999095e-02
5.359999999999995324e-02
4.660000000000000253e-02
3.329999999999995464e-02
3.830000000000001459e-02
6.760000000000000731e-02
3.500000000000002415e-02
1.391000000000000014e-01
1.889000000000000123e-01
1.828000000000000180e-01
1.361999999999999877e-01
1.965999999999999970e-01
1.041000000000000258e-01
4.319999999999994678e-02
2.720000000000001583e-02
4.430000000000001298e-02
5.600000000000001504e-02
4.419999999999999624e-02
1.180000000000000493e-02
6.389999999999995683e-02
4.669999999999999152e-02
5.199999999999999761e-02
1.024999999999999939e-01
5.290000000000000951e-02
8.530000000000004245e-02
2.409999999999998949e-02
2.869999999999997553e-02
2.749999999999999667e-02
3.660000000000002141e-02
3.839999999999997582e-02
4.940000000000001334e-02
8.479999999999998650e-02
2.119000000000000050e-01
8.589999999999999025e-02
8.120000000000002216e-02
6.600000000000000311e-02
6.760000000000002118e-02
6.369999999999997886e-02
3.770000000000001128e-02
1.530000000000007049e-02
4.760000000000001036e-02
4.670000000000001927e-02
3.259999999999994846e-02
3.210000000000004516e-02
4.379999999999999172e-02
1.103999999999999704e-01
1.022000000000000269e-01
6.219999999999994977e-02
5.909999999999997200e-02
6.950000000000003397e-02
3.760000000000001535e-02
5.580000000000000931e-02
1.313000000000000278e-01
1.707000000000000461e-01
1.016999999999999849e-01
4.480000000000002730e-02
4.639999999999998292e-02
6.649999999999996192e-02
2.220000000000000445e-02
3.230000000000000232e-02
6.710000000000003462e-02
9.310000000000001608e-02
6.429999999999999605e-02
6.360000000000001763e-02
5.339999999999998220e-02
4.660000000000004416e-02
6.009999999999996595e-02
2.350000000000000699e-02
5.950000000000002509e-02
4.899999999999997413e-02
5.399999999999999245e-02
9.189999999999998170e-02
7.289999999999999258e-02
1.569000000000000117e-01
6.330000000000002292e-02
4.058999999999999275e-01
9.009999999999998566e-02
1.376000000000000001e-01
3.999999999999999389e-02
1.536000000000000143e-01
1.467999999999999861e-01
1.428000000000000103e-01
2.272000000000000131e-01
7.099999999999997979e-02
7.370000000000001550e-02
5.850000000000000339e-02
6.900000000000000577e-02
1.376000000000000001e-01
8.830000000000001736e-02
7.140000000000001901e-02
4.199999999999998873e-02
7.410000000000001308e-02
7.600000000000001199e-02
4.689999999999996949e-02
5.770000000000004986e-02
4.719999999999999890e-02
6.830000000000005511e-02
3.819999999999998397e-02
6.680000000000005378e-02
2.360000000000001680e-02
4.149999999999999523e-02
3.919999999999997792e-02
5.690000000000004776e-02
6.459999999999997689e-02
