1.618999999999999884e-01
1.996999999999999886e-01
1.399000000000000243e-01
2.066000000000000059e-01
1.228000000000000064e-01
1.529000000000000359e-01
1.000999999999999945e-01
2.184000000000000385e-01
2.509000000000000119e-01
4.553999999999999715e-01
3.889999999999999569e-01
4.408000000000000251e-01
2.388000000000000123e-01
2.954999999999999849e-01
2.941999999999999615e-01
8.469999999999996976e-02
1.161999999999999977e-01
3.390999999999999570e-01
2.274999999999999800e-01
2.160999999999999865e-01
4.147999999999999465e-01
3.175000000000000044e-01
1.806000000000000105e-01
2.254000000000000170e-01
1.233999999999999542e-01
2.227000000000000091e-01
1.049000000000000071e-01
2.306000000000000272e-01
5.513000000000000123e-01
3.354000000000000314e-01
3.333000000000000407e-01
2.043000000000000094e-01
3.154000000000000137e-01
5.675999999999999934e-01
2.777999999999999359e-01
1.717999999999999805e-01
3.466999999999999527e-01
2.596999999999999309e-01
1.595999999999999641e-01
1.905000000000000027e-01
8.179999999999996996e-02
9.820000000000002338e-02
9.869999999999998219e-02
1.060000000000000664e-01
1.332999999999999741e-01
1.730000000000000426e-01
2.071999999999999953e-01
2.700000000000000733e-01
3.080000000000000515e-01
1.832999999999999907e-01
3.684000000000000608e-01
5.116000000000000547e-01
3.210000000000000075e-01
3.265000000000001235e-01
4.019999999999999685e-01
2.797000000000000597e-01
4.694000000000000949e-01
1.017300000000000093e+00
1.914099999999999913e+00
1.484199999999999964e+00
6.013000000000000567e-01
4.163000000000000034e-01
2.429000000000000048e-01
2.278000000000000025e-01
2.964999999999999858e-01
1.539000000000000090e-01
4.972999999999999643e-01
3.319999999999999618e-01
2.835999999999999632e-01
3.378999999999999782e-01
7.111999999999999433e-01
4.564000000000000279e-01
2.067999999999999838e-01
2.049999999999999878e-01
2.674999999999999045e-01
2.873999999999999888e-01
2.176000000000000156e-01
7.204999999999999183e-01
3.756000000000000449e-01
2.053999999999999715e-01
1.206000000000000544e-01
1.486000000000000654e-01
1.869999999999998885e-01
2.024999999999999578e-01
2.699000000000000288e-01
1.419000000000000261e-01
2.243999999999999329e-01
1.781999999999999695e-01
1.203999999999999515e-01
2.860999999999999099e-01
1.601000000000001311e-01
9.119999999999990614e-02
3.023000000000000131e-01
2.073000000000000120e-01
3.918000000000001481e-01
3.640000000000000457e-01
2.742000000000001103e-01
1.965000000000000080e-01
1.388999999999999402e-01
1.284999999999999198e-01
1.286000000000000476e-01
1.890999999999999626e-01
1.630000000000000338e-01
1.557000000000001161e-01
2.407000000000001083e-01
1.079000000000000514e-01
1.717000000000000748e-01
2.566999999999999837e-01
2.100000000000000200e-01
1.517999999999999905e-01
2.101000000000000645e-01
1.658000000000000307e-01
1.372999999999999776e-01
1.764000000000000290e-01
8.909999999999995701e-02
1.439999999999999059e-01
1.537000000000000588e-01
1.664999999999999813e-01
1.645999999999998853e-01
1.466000000000000636e-01
2.840000000000001412e-01
3.904999999999998472e-01
2.450000000000000233e-01
1.646000000000001073e-01
1.480000000000000204e-01
3.069999999999999396e-01
2.169999999999999707e-01
1.250000000000000000e-01
2.123999999999999777e-01
3.197999999999999732e-01
2.988999999999999435e-01
4.850999999999998646e-01
5.769999999999999574e-01
2.045000000000000984e-01
4.024999999999999689e-01
1.774999999999999911e-01
2.075000000000000733e-01
1.622999999999999443e-01
1.618999999999999884e-01
1.057000000000000162e-01
1.251000000000000445e-01
2.106000000000000927e-01
2.481999999999999207e-01
2.014999999999999292e-01
3.262999999999999234e-01
1.663999999999999924e-01
1.818000000000000727e-01
1.885000000000000286e-01
6.386000000000000565e-01
3.524999999999999800e-01
6.692000000000000171e-01
3.019999999999999907e-01
3.143999999999999018e-01
3.870000000000000662e-01
3.984000000000000874e-01
9.108000000000000540e-01
9.857999999999998986e-01
1.431799999999999962e+00
1.085699999999999887e+00
1.214700000000000113e+00
1.144099999999999895e+00
5.990999999999999659e-01
5.562000000000000277e-01
4.640000000000000235e-01
3.418999999999999817e-01
2.869999999999999218e-01
3.194999999999999507e-01
3.155999999999999917e-01
3.475000000000000311e-01
5.109000000000000208e-01
2.665999999999999481e-01
4.620000000000000218e-01
2.289000000000000201e-01
3.257000000000001005e-01
4.724000000000000976e-01
1.083000000000000490e-01
2.920000000000000373e-01
2.285000000000000364e-01
7.049999999999997935e-02
