4.109999999999999765e-01
2.471000000000000141e-01
1.813999999999999779e-01
4.320000000000003004e-02
1.354999999999999816e-01
5.210000000000000742e-02
2.002000000000000168e-01
7.820000000000000562e-02
1.071000000000000146e-01
1.414999999999999591e-01
1.333000000000000018e-01
6.930000000000000049e-02
2.494000000000000383e-01
1.137999999999999984e-01
1.350999999999999979e-01
1.029999999999999527e-01
1.668999999999999928e-01
1.334999999999999520e-01
6.290000000000009472e-02
7.739999999999994107e-02
1.049000000000000488e-01
5.449999999999991657e-02
1.412999999999999812e-01
1.155000000000000054e-01
1.744000000000000272e-01
1.818000000000000727e-01
1.294000000000000150e-01
4.370000000000001661e-02
1.061000000000000276e-01
8.100000000000001643e-02
1.063000000000000195e-01
9.830000000000001237e-02
1.304999999999999494e-01
1.237000000000000044e-01
2.625999999999998891e-01
2.045999999999999208e-01
3.065000000000000502e-01
1.572000000000001174e-01
5.473999999999998867e-01
3.339000000000000856e-01
1.011999999999999289e-01
9.960000000000002185e-02
5.809999999999999887e-02
7.729999999999986882e-02
1.482000000000001372e-01
8.880000000000015659e-02
2.685000000000000719e-01
2.514000000000000123e-01
4.969999999999997337e-02
3.160999999999999366e-01
1.676000000000001100e-01
1.299000000000000710e-01
6.568000000000000504e-01
6.256999999999999229e-01
2.000999999999999168e-01
6.440000000000001279e-01
3.939999999999999059e-01
2.611000000000000543e-01
3.383000000000001006e-01
1.593000000000000249e-01
3.196999999999999842e-01
2.396000000000001184e-01
1.359000000000000208e-01
1.111000000000000876e-01
6.599999999999982270e-02
5.811000000000000609e-01
2.753000000000000447e-01
1.764000000000000290e-01
2.751000000000001222e-01
2.711999999999999966e-01
1.077000000000001290e-01
7.649999999999985978e-02
7.509999999999995846e-02
3.819999999999997009e-02
8.160000000000011688e-02
6.149999999999993666e-02
8.090000000000001357e-02
1.170000000000000207e-01
1.462999999999999856e-01
2.044000000000000539e-01
5.285000000000000808e-01
6.190999999999998726e-01
4.210999999999998633e-01
1.087999999999998829e-01
5.620000000000005547e-02
2.701999999999998847e-01
1.083000000000000074e-01
4.340000000000017455e-02
2.210000000000000853e-02
1.373000000000001997e-01
2.536000000000000476e-01
2.495000000000000828e-01
4.082000000000000628e-01
5.440000000000000391e-01
3.078999999999999515e-01
2.018999999999999961e-01
1.512000000000000843e-01
3.199000000000000732e-01
1.833999999999998409e-01
8.869999999999995943e-02
1.535999999999999310e-01
1.321000000000001062e-01
3.083000000000000185e-01
1.589999999999999469e-01
1.946000000000001617e-01
7.720000000000004636e-02
6.759999999999999343e-02
9.539999999999984603e-02
6.490000000000004099e-02
1.271000000000002128e-01
1.636999999999998734e-01
1.548999999999999266e-01
4.098000000000000531e-01
1.982000000000000428e-01
3.744999999999999440e-01
2.983000000000000096e-01
1.786000000000002030e-01
7.200000000000003619e-02
1.721000000000000030e-01
8.380000000000005500e-02
2.960000000000028234e-02
4.590000000000011432e-02
7.080000000000014060e-02
1.079999999999997906e-01
2.222999999999999421e-01
2.393400000000000194e+00
4.677999999999999381e-01
1.145799999999999930e+00
1.012000000000001232e-01
7.640000000000003733e-02
9.379999999999961979e-02
7.159999999999977494e-02
1.484000000000000596e-01
1.099000000000001087e-01
6.180000000000002852e-02
3.639999999999992547e-02
7.169999999999981943e-02
7.750000000000008271e-02
1.388999999999998847e-01
4.083999999999999297e-01
8.298000000000000931e-01
3.835000000000000075e-01
1.440999999999998393e-01
2.485000000000001652e-01
1.155999999999997724e-01
1.563000000000001055e-01
1.071000000000000840e-01
1.967999999999999750e-01
1.268000000000000238e-01
1.324000000000000177e-01
4.429999999999999216e-02
5.759999999999999842e-02
4.079999999999989191e-02
6.810000000000042408e-02
2.139999999999978725e-02
3.219999999999974272e-02
8.529999999999970939e-02
6.040000000000005087e-02
1.391999999999998516e-01
4.033000000000002139e-01
5.783000000000002583e-01
7.890000000000019220e-02
1.206999999999998907e-01
7.010000000000007891e-02
8.599999999999988209e-02
6.140000000000035013e-02
9.660000000000007470e-02
1.284999999999996978e-01
7.130000000000027982e-02
8.970000000000019624e-02
3.480000000000003924e-02
8.090000000000005520e-02
5.869999999999984258e-02
1.210000000000000797e-01
9.679999999999999716e-02
3.309999999999997666e-02
5.439999999999992758e-02
4.799999999999989692e-02
2.511999999999999789e-01
