7.244999999999999218e-01
1.336000000000000243e-01
3.819999999999998397e-02
9.639999999999999958e-02
6.790000000000001590e-02
6.490000000000001323e-02
2.680000000000000437e-02
9.110000000000001430e-02
1.872999999999999943e-01
8.400000000000001910e-02
4.800000000000000794e-02
1.887000000000000344e-01
1.322000000000000119e-01
2.229999999999999760e-01
1.376000000000000278e-01
1.829999999999999960e-01
1.292999999999999705e-01
4.730000000000000870e-02
1.476999999999999980e-01
1.316999999999999560e-01
1.023000000000000298e-01
1.443999999999999728e-01
1.857000000000000872e-01
1.135999999999999927e-01
1.476999999999999147e-01
7.720000000000004636e-02
6.169999999999997708e-02
6.740000000000001545e-02
7.260000000000005338e-02
4.470000000000003137e-02
5.549999999999993827e-02
3.729999999999997207e-02
6.120000000000001134e-02
2.044000000000000261e-01
1.711999999999999633e-01
4.509999999999998732e-02
1.099000000000000254e-01
7.120000000000005491e-02
7.550000000000001155e-02
9.709999999999996412e-02
1.585000000000000020e-01
2.253999999999999893e-01
1.712999999999999523e-01
1.666999999999999871e-01
2.760000000000000300e-02
9.199999999999992906e-02
1.234999999999999848e-01
1.519000000000000627e-01
9.820000000000010665e-02
1.000000000000000472e-01
3.349999999999998812e-02
1.644999999999999796e-01
1.532000000000000306e-01
1.218999999999999667e-01
1.697000000000000175e-01
1.836999999999999744e-01
2.477000000000000868e-01
1.839000000000000357e-01
1.481000000000000094e-01
1.755000000000000171e-01
6.840000000000001634e-02
1.711999999999999633e-01
1.728000000000000647e-01
8.099999999999998868e-02
1.358999999999999930e-01
8.120000000000004992e-02
9.210000000000001519e-02
9.299999999999994382e-02
5.569999999999997176e-02
1.181999999999999024e-01
4.889999999999997127e-02
5.270000000000000240e-01
1.322999999999999732e-01
4.876000000000000334e-01
4.077999999999999403e-01
1.415000000000000147e-01
1.244999999999999163e-01
1.018000000000000432e-01
1.276999999999999524e-01
6.350000000000002864e-02
1.157999999999999863e-01
1.650999999999999968e-01
8.580000000000002902e-02
7.829999999999989746e-02
8.870000000000000107e-02
4.519999999999990692e-02
6.000000000000002554e-02
2.131999999999998896e-01
4.727000000000000646e-01
8.507000000000000117e-01
4.647000000000000575e-01
2.373000000000000387e-01
1.699000000000000510e-01
4.832999999999999519e-01
4.570000000000000173e-01
2.316999999999999893e-01
3.555000000000000937e-01
1.640999999999999681e-01
1.552999999999999381e-01
1.886999999999999234e-01
8.999999999999988565e-02
5.950000000000008754e-02
9.439999999999994229e-02
9.719999999999996698e-02
7.400000000000006573e-02
9.230000000000006255e-02
1.092000000000000054e-01
1.012999999999999040e-01
1.180000000000000077e-01
6.990000000000005931e-02
1.410999999999999754e-01
1.504000000000000059e-01
1.521000000000000407e-01
1.885999999999999899e-01
1.255000000000000837e-01
9.470000000000000639e-02
1.336999999999999855e-01
1.215999999999999859e-01
5.969999999999999613e-02
6.430000000000002380e-02
1.180000000000000493e-01
1.208999999999999797e-01
1.365000000000000102e-01
4.689999999999999725e-02
3.489000000000001545e-01
9.720000000000006413e-02
3.580999999999999739e-01
6.870000000000003881e-02
3.944000000000000283e-01
3.843000000000000860e-01
3.435999999999999610e-01
1.715999999999999748e-01
1.031000000000000666e-01
1.540000000000000258e-01
1.131000000000000061e-01
2.128999999999999504e-01
2.164000000000000368e-01
2.691000000000000614e-01
2.040999999999999759e-01
1.032000000000000417e-01
9.459999999999996190e-02
9.489999999999995661e-02
1.731999999999999929e-01
1.330999999999999961e-01
1.995999999999999996e-01
3.557999999999999496e-01
1.578999999999999571e-01
4.020000000000000240e-01
2.629000000000000781e-01
1.455000000000000460e-01
1.915000000000000036e-01
6.000000000000001166e-02
1.553000000000000491e-01
1.396999999999999353e-01
7.339999999999996527e-02
9.320000000000006057e-02
1.549000000000000099e-01
1.111999999999999933e-01
1.433999999999999997e-01
9.979999999999997207e-02
1.062000000000000027e-01
3.474999999999999756e-01
1.911000000000000754e-01
8.970000000000007134e-02
3.409999999999997061e-02
8.310000000000003495e-02
8.650000000000002132e-02
1.068999999999999811e-01
1.798000000000000154e-01
1.203999999999999793e-01
7.850000000000004197e-02
2.147000000000000297e-01
2.219000000000000417e-01
3.189999999999999503e-01
9.499999999999997335e-02
3.244000000000000217e-01
2.671000000000000041e-01
2.894000000000000461e-01
2.635999999999999455e-01
