3.521000000000000241e-01
3.319000000000000283e-01
2.109999999999999654e-01
3.618000000000000660e-01
8.444999999999999174e-01
8.878000000000000336e-01
3.528999999999999915e-01
1.310999999999999943e-01
8.300000000000004596e-02
5.849999999999999645e-02
6.690000000000004277e-02
1.995000000000000107e-01
1.539999999999999980e-01
1.273000000000000242e-01
2.150000000000000244e-01
1.060000000000000109e-01
8.259999999999999287e-02
1.152999999999999720e-01
1.123999999999999999e-01
1.340999999999999970e-01
5.299999999999999156e-02
1.368000000000000049e-01
1.458000000000000129e-01
9.710000000000003351e-02
8.089999999999997193e-02
4.585000000000000187e-01
2.593999999999999639e-01
2.031999999999999640e-01
2.292000000000000148e-01
1.919000000000000150e-01
9.039999999999998037e-02
1.711000000000000021e-01
4.586000000000000076e-01
1.877999999999999947e-01
1.242999999999999799e-01
1.979999999999999816e-01
1.489000000000000046e-01
1.565000000000000002e-01
2.274000000000000188e-01
2.029000000000000248e-01
1.210000000000000242e-01
1.256999999999999784e-01
1.203000000000000180e-01
2.526999999999999802e-01
1.231000000000000011e-01
9.400000000000000022e-02
9.190000000000005109e-02
1.390999999999999182e-01
1.317999999999999727e-01
1.422000000000000208e-01
1.407999999999999530e-01
2.835999999999999632e-01
1.955999999999999406e-01
1.426999999999999102e-01
1.532999999999999363e-01
1.071999999999999481e-01
1.305999999999999661e-01
8.969999999999997420e-02
1.365999999999999992e-01
8.430000000000001381e-02
7.509999999999993070e-02
4.439999999999998809e-02
8.819999999999991735e-02
6.200000000000000649e-02
8.820000000000000062e-02
1.672999999999999210e-01
1.333999999999999353e-01
1.560000000000000275e-01
9.799999999999998990e-02
1.361999999999999322e-01
7.069999999999998508e-02
7.659999999999997367e-02
4.450000000000001177e-02
8.119999999999996665e-02
9.279999999999999361e-02
6.920000000000001150e-02
2.533000000000000251e-01
1.149999999999999911e-01
1.009000000000000175e-01
1.387000000000000455e-01
3.870000000000000107e-01
1.235000000000000264e-01
7.839999999999996971e-02
8.640000000000003233e-02
1.662000000000000144e-01
1.459000000000000297e-01
1.457000000000000517e-01
8.880000000000003169e-02
1.587999999999999690e-01
1.108999999999999847e-01
8.440000000000000280e-02
1.236000000000000848e-01
1.361999999999999877e-01
1.023999999999999910e-01
1.173000000000000570e-01
1.777999999999999581e-01
1.255999999999999339e-01
8.619999999999999885e-02
7.459999999999999964e-02
7.890000000000003955e-02
8.710000000000006626e-02
1.958999999999999631e-01
1.204999999999999682e-01
1.140000000000000596e-01
1.289000000000000978e-01
4.100000000000006417e-02
5.429999999999997329e-02
7.309999999999992892e-02
1.337000000000000133e-01
1.123999999999999722e-01
7.499999999999998335e-02
8.040000000000005476e-02
1.588000000000000245e-01
5.819999999999991153e-02
8.889999999999995128e-02
6.369999999999997886e-02
9.329999999999991078e-02
6.770000000000002405e-02
1.348999999999999644e-01
1.399999999999999856e-01
1.799000000000000599e-01
4.789999999999999813e-02
8.139999999999994462e-02
8.059999999999994946e-02
4.850000000000005695e-02
6.470000000000003526e-02
6.560000000000003328e-02
1.412000000000000199e-01
1.345999999999999974e-01
9.699999999999998901e-02
1.402999999999999803e-01
6.499999999999993283e-02
6.099999999999998479e-02
6.149999999999995748e-02
8.590000000000003189e-02
6.150000000000011013e-02
6.200000000000008282e-02
5.890000000000006342e-02
1.345999999999999697e-01
1.226999999999999202e-01
1.291000000000000203e-01
7.670000000000003204e-02
8.589999999999994862e-02
1.166999999999999149e-01
8.109999999999992215e-02
8.779999999999997529e-02
5.059999999999996445e-02
7.480000000000001925e-02
8.360000000000000764e-02
6.439999999999998503e-02
1.233999999999999958e-01
5.379999999999997284e-02
1.000999999999999945e-01
6.819999999999998286e-02
8.539999999999992042e-02
9.739999999999990332e-02
9.230000000000010418e-02
1.507000000000000006e-01
1.617999999999999994e-01
1.057000000000000162e-01
6.420000000000007645e-02
8.899999999999996803e-02
1.042000000000000981e-01
7.949999999999998734e-02
3.112000000000000877e-01
4.671999999999999487e-01
3.245999999999999441e-01
4.385000000000000009e-01
2.305000000000000659e-01
2.554000000000000714e-01
2.442000000000000282e-01
1.719999999999999862e-01
1.720999999999999752e-01
1.359000000000000208e-01
2.324999999999999289e-01
1.138999999999999735e-01
4.009999999999996900e-02
1.373000000000000331e-01
9.349999999999997202e-02
