4.519999999999999574e-01
2.117999999999999883e-01
2.145999999999999575e-01
4.609999999999999515e-02
1.698999999999999677e-01
6.269999999999996410e-02
1.073000000000000204e-01
3.609999999999999321e-02
1.266000000000000181e-01
1.206000000000000405e-01
7.220000000000001417e-02
1.655000000000000082e-01
2.759999999999999259e-02
4.280000000000001859e-02
1.384000000000000230e-01
1.077000000000000179e-01
7.229999999999994764e-02
2.469999999999996851e-02
1.277999999999999969e-01
8.850000000000000921e-02
6.959999999999996745e-02
9.199999999999999845e-02
5.660000000000001835e-02
1.045999999999999985e-01
5.840000000000001440e-02
1.569000000000000394e-01
1.368999999999999662e-01
1.372999999999999776e-01
1.262999999999999678e-01
1.126000000000000473e-01
5.960000000000003489e-02
5.309999999999995279e-02
7.540000000000002256e-02
1.086000000000000576e-01
2.887999999999999456e-01
8.029999999999998250e-02
8.530000000000001470e-02
4.240000000000002101e-02
1.416999999999999649e-01
7.049999999999995159e-02
1.267000000000000348e-01
1.192000000000000004e-01
1.212999999999999912e-01
9.620000000000002160e-02
1.501000000000000112e-01
4.080000000000003763e-02
7.480000000000000537e-02
1.023000000000000576e-01
3.049999999999999239e-02
1.507000000000000006e-01
7.720000000000001861e-02
4.910000000000002557e-02
1.509000000000000341e-01
9.380000000000002225e-02
2.280000000000003552e-02
3.919999999999995710e-02
8.639999999999996294e-02
1.130000000000000310e-01
4.109999999999999765e-02
7.320000000000001505e-02
9.310000000000000220e-02
1.304000000000000159e-01
5.770000000000002904e-02
4.510000000000002202e-02
1.497999999999999887e-01
1.168000000000000010e-01
1.095000000000000417e-01
1.103000000000000508e-01
7.910000000000003140e-02
1.792999999999999872e-01
7.107999999999999874e-01
1.177699999999999969e+00
4.170999999999998042e-01
4.514999999999999569e-01
2.088999999999999746e-01
1.034999999999999531e-01
2.243999999999999884e-01
1.272000000000000075e-01
1.502000000000000557e-01
6.939999999999997560e-02
6.910000000000002252e-02
2.310000000000013431e-02
5.709999999999989390e-02
4.250000000000009326e-02
6.669999999999989826e-02
7.390000000000007674e-02
2.089999999999998456e-02
6.769999999999998241e-02
1.759000000000000286e-01
1.272000000000000908e-01
7.139999999999994962e-02
6.860000000000006370e-02
5.029999999999996280e-02
1.556999999999998940e-01
1.464999999999999358e-01
1.284999999999999754e-01
1.335000000000000075e-01
3.499999999999991313e-02
1.261999999999999789e-01
1.113000000000000517e-01
9.339999999999987201e-02
7.960000000000005960e-02
5.580000000000011340e-02
6.710000000000013176e-02
5.510000000000001702e-02
7.360000000000005427e-02
4.669999999999996376e-02
5.679999999999994775e-02
6.910000000000000864e-02
4.220000000000004303e-02
7.980000000000003757e-02
6.329999999999993965e-02
2.230000000000006977e-02
6.250000000000001388e-02
8.169999999999991158e-02
1.223000000000000753e-01
2.025999999999999468e-01
1.355000000000000093e-01
5.590000000000001912e-02
3.889999999999996932e-02
1.588000000000000245e-01
1.018000000000000571e-01
1.169000000000000317e-01
3.708000000000001295e-01
2.399999999999999634e-01
7.389999999999996572e-02
9.479999999999998150e-02
9.019999999999997464e-02
1.108999999999999431e-01
1.436000000000000054e-01
7.109999999999991327e-02
7.369999999999998774e-02
5.509999999999995457e-02
5.330000000000012506e-02
7.200000000000002232e-02
9.799999999999993439e-02
6.079999999999997212e-02
1.367000000000000159e-01
5.819999999999997398e-02
1.087000000000000466e-01
1.001000000000000362e-01
1.254000000000000670e-01
8.169999999999993934e-02
6.359999999999996212e-02
7.029999999999997362e-02
4.299999999999997574e-02
7.219999999999998641e-02
1.209999999999999687e-01
6.140000000000000319e-02
4.299999999999999656e-02
2.550000000000002959e-02
1.274000000000000132e-01
7.760000000000001619e-02
5.300000000000002626e-02
5.989999999999996716e-02
1.312999999999999445e-01
1.267999999999999405e-01
7.649999999999995692e-02
8.780000000000010019e-02
1.051999999999999880e-01
7.720000000000001861e-02
3.850000000000003419e-02
2.349999999999992373e-02
5.560000000000005216e-02
3.030000000000010463e-02
9.090000000000005020e-02
3.339999999999998526e-02
3.580000000000001237e-02
6.560000000000001941e-02
8.829999999999996185e-02
6.909999999999996700e-02
5.030000000000001137e-02
5.849999999999999645e-02
5.640000000000005426e-02
7.420000000000005758e-02
5.979999999999993654e-02
7.270000000000007012e-02
5.550000000000000072e-02
7.659999999999998754e-02
