4.386999999999999789e-01
2.420000000000000484e-01
1.074999999999999845e-01
2.232999999999999985e-01
6.720000000000000973e-02
1.357999999999999763e-01
1.675000000000000100e-01
1.116999999999999799e-01
6.030000000000002025e-02
5.710000000000003961e-02
8.069999999999999396e-02
9.129999999999997840e-02
1.694000000000000228e-01
5.133999999999999675e-01
4.256999999999999673e-01
1.126999999999999807e-01
9.910000000000004916e-02
1.580000000000000016e-01
1.167999999999999872e-01
1.840000000000000246e-01
1.009000000000000036e-01
2.054999999999999882e-01
2.883999999999999897e-01
1.807999999999999885e-01
9.940000000000001612e-02
1.056000000000000272e-01
1.212000000000000299e-01
9.770000000000003681e-02
5.029999999999995586e-02
9.129999999999996452e-02
1.264000000000000123e-01
1.969999999999999529e-01
1.271000000000000463e-01
1.104999999999999732e-01
1.412999999999999812e-01
8.850000000000003697e-02
1.569000000000000394e-01
1.122999999999999554e-01
6.529999999999999694e-02
1.086999999999999911e-01
1.545999999999999874e-01
1.222999999999999643e-01
2.497999999999999665e-01
1.508000000000000174e-01
1.288999999999999591e-01
1.444999999999999896e-01
1.151999999999999691e-01
1.297999999999999987e-01
1.608999999999999875e-01
1.456999999999999962e-01
1.109000000000000541e-01
1.000000000000000333e-01
1.798000000000000986e-01
2.195000000000000284e-01
1.626999999999999003e-01
9.659999999999999143e-02
1.310000000000000053e-01
3.176999999999999824e-01
1.497999999999999887e-01
1.338999999999999357e-01
2.016999999999999627e-01
1.234999999999999570e-01
7.309999999999997056e-02
2.091999999999999971e-01
3.031999999999999695e-01
2.397000000000000242e-01
1.456000000000000627e-01
1.320000000000000617e-01
1.608000000000000262e-01
1.643999999999999906e-01
8.689999999999988012e-02
1.615000000000000602e-01
1.648000000000000298e-01
1.118000000000000244e-01
1.018000000000001126e-01
1.020000000000000490e-01
1.263000000000000234e-01
1.054000000000000214e-01
1.264999999999999458e-01
5.759999999999995679e-02
1.515000000000000235e-01
1.394999999999999851e-01
1.868999999999999551e-01
1.389999999999999292e-01
7.299999999999998157e-02
1.959000000000000463e-01
1.096000000000000307e-01
6.809999999999993836e-02
7.430000000000007432e-02
9.079999999999993632e-02
1.927999999999999714e-01
1.350000000000000089e-01
1.145000000000000462e-01
1.314999999999999780e-01
7.399999999999991307e-02
1.031000000000000805e-01
8.349999999999997702e-02
2.398000000000000131e-01
1.746000000000000052e-01
1.888999999999999568e-01
1.203000000000000319e-01
2.627000000000000446e-01
2.126000000000000667e-01
2.112999999999999878e-01
1.217000000000000720e-01
1.435999999999999777e-01
8.399999999999996358e-02
1.228999999999999537e-01
9.260000000000011278e-02
1.723000000000000920e-01
2.047999999999999265e-01
2.145000000000000240e-01
1.724999999999999867e-01
1.110999999999999210e-01
2.256000000000000782e-01
1.751000000000000612e-01
9.760000000000006171e-02
1.366999999999999882e-01
7.239999999999997826e-02
1.613999999999999879e-01
3.106999999999999762e-01
1.044000000000000483e-01
1.397999999999999798e-01
6.159999999999998810e-02
1.782000000000000528e-01
2.478999999999999537e-01
2.108000000000000151e-01
1.837000000000000299e-01
2.785000000000000253e-01
6.479999999999994098e-02
2.292000000000000426e-01
2.173999999999999544e-01
1.735000000000000708e-01
1.104000000000000398e-01
9.169999999999998985e-02
1.857000000000000595e-01
1.428999999999999715e-01
1.703999999999999959e-01
9.060000000000002773e-02
1.453000000000000680e-01
1.247999999999999943e-01
9.199999999999991518e-02
7.910000000000000364e-02
3.200000000000001454e-02
1.294999999999999762e-01
2.334000000000000241e-01
1.573000000000000509e-01
3.001999999999999669e-01
1.876000000000000445e-01
1.633999999999999897e-01
1.753999999999999726e-01
7.600000000000003975e-02
1.280999999999999917e-01
2.510999999999999899e-01
1.458999999999999742e-01
1.465000000000000191e-01
1.092000000000000193e-01
1.504999999999999949e-01
1.285999999999999921e-01
2.248999999999999333e-01
1.191999999999999865e-01
1.062999999999999640e-01
1.289000000000000423e-01
5.949999999999991407e-02
1.371000000000000552e-01
1.090000000000000413e-01
8.529999999999998694e-02
2.154000000000000359e-01
1.940000000000000058e-01
2.215000000000000302e-01
2.016000000000000014e-01
1.834000000000000075e-01
1.733999999999999431e-01
1.432999999999999552e-01
2.158000000000000196e-01
1.840999999999999859e-01
2.177999999999999381e-01
2.983999999999999431e-01
2.318999999999999950e-01
