4.329000000000000070e-01
1.483000000000000151e-01
1.497999999999999887e-01
1.255999999999999894e-01
3.031000000000000361e-01
1.137000000000000233e-01
1.726000000000000312e-01
1.325999999999999956e-01
7.359999999999998488e-02
2.691000000000000059e-01
1.533999999999999808e-01
1.172999999999999876e-01
1.930000000000000049e-01
2.762000000000000011e-01
1.400000000000000133e-01
1.086000000000000160e-01
1.335000000000000353e-01
1.380000000000000393e-01
1.254000000000000115e-01
1.248000000000000081e-01
1.577999999999999958e-01
1.490000000000000213e-01
1.019000000000000183e-01
1.940000000000000058e-01
1.149000000000000160e-01
1.012999999999999734e-01
1.295999999999999930e-01
1.523999999999999799e-01
1.677000000000000157e-01
1.265999999999999903e-01
2.070000000000000173e-01
1.400000000000000133e-01
1.046999999999999875e-01
1.155000000000000193e-01
7.199999999999999456e-02
1.136000000000000065e-01
1.943000000000000282e-01
1.631999999999999840e-01
1.081999999999999906e-01
8.240000000000000102e-02
2.101000000000000090e-01
1.670999999999999708e-01
1.399999999999999856e-01
1.822000000000000286e-01
2.777000000000000579e-01
2.193000000000000227e-01
7.800000000000001377e-02
6.820000000000001061e-02
1.375000000000000111e-01
2.026000000000000023e-01
1.161999999999999977e-01
4.880000000000000310e-02
5.930000000000000548e-02
1.330000000000000071e-01
2.103000000000000147e-01
1.243999999999999967e-01
1.349000000000000199e-01
9.009999999999998566e-02
5.430000000000000104e-02
1.144999999999999907e-01
7.839999999999999747e-02
6.379999999999999560e-02
1.000000000000000056e-01
1.598999999999999866e-01
1.506000000000000116e-01
1.514000000000000346e-01
1.607999999999999985e-01
7.390000000000002123e-02
4.740000000000000463e-02
5.509999999999998233e-02
4.609999999999998821e-02
1.134000000000000286e-01
1.229000000000000092e-01
2.507999999999999674e-01
1.945999999999999952e-01
6.219999999999999835e-02
1.221000000000000002e-01
1.083000000000000074e-01
2.126000000000000112e-01
1.104999999999999871e-01
5.549999999999997990e-02
1.573999999999999844e-01
1.793000000000000149e-01
1.955000000000000071e-01
7.271000000000000796e-01
2.726000000000000090e-01
1.073000000000000342e-01
1.659999999999999809e-01
2.983000000000000096e-01
2.303999999999999937e-01
1.478999999999999759e-01
1.523999999999999799e-01
8.129999999999999727e-02
1.738999999999999713e-01
1.625999999999999945e-01
1.542999999999999927e-01
1.352999999999999758e-01
1.098999999999999977e-01
2.379000000000000004e-01
2.519000000000000683e-01
7.460000000000004128e-02
1.617000000000000104e-01
1.067000000000000032e-01
7.010000000000003728e-02
5.280000000000001359e-02
1.626000000000000500e-01
1.595999999999999641e-01
1.258999999999999564e-01
1.516000000000000125e-01
2.210000000000000298e-01
6.720000000000000973e-02
6.089999999999998193e-02
1.473000000000000420e-01
1.554999999999999993e-01
1.462000000000000244e-01
2.231000000000000483e-01
1.346000000000000252e-01
8.250000000000001776e-02
1.524000000000000077e-01
1.621000000000000218e-01
1.150000000000000189e-01
1.000000000000000194e-01
4.229999999999997651e-02
1.697000000000000175e-01
1.279000000000000137e-01
1.654999999999999805e-01
3.121999999999999775e-01
2.606000000000000538e-01
3.178000000000000269e-01
4.952000000000000290e-01
2.892000000000000681e-01
2.440999999999999837e-01
1.442000000000000226e-01
1.098999999999999838e-01
2.608000000000000873e-01
1.365000000000000102e-01
3.126999999999999225e-01
2.068999999999999728e-01
2.296999999999999875e-01
2.792999999999999372e-01
7.546000000000000485e-01
1.865800000000000125e+00
1.973000000000000864e-01
2.807000000000001161e-01
1.101999999999999091e-01
2.732999999999999874e-01
1.678000000000001712e-01
1.177999999999999464e-01
8.550000000000008982e-02
1.549000000000000932e-01
1.047000000000000014e-01
1.126999999999999114e-01
2.160999999999999588e-01
7.093000000000000416e-01
1.913000000000000811e-01
2.428999999999999493e-01
5.807000000000001050e-01
3.202999999999999181e-01
7.791999999999997817e-01
2.844999999999999751e-01
4.106999999999998985e-01
4.518999999999999684e-01
1.525999999999999301e-01
7.018999999999999684e-01
5.324999999999998623e-01
1.363499999999999934e+00
2.283000000000000029e-01
4.913000000000000700e-01
9.839999999999995972e-02
1.689999999999999142e-02
9.089999999999998082e-02
5.019999999999995993e-02
4.369999999999998191e-02
2.731000000000000094e-01
2.243999999999999329e-01
2.736000000000000654e-01
4.489999999999998159e-02
1.124999999999999334e-01
1.796000000000000096e-01
