7.966999999999999638e-01
8.105999999999999872e-01
3.364999999999999658e-01
7.040000000000010139e-02
2.384000000000000008e-01
1.231000000000000705e-01
8.559999999999999554e-02
1.652000000000000690e-01
1.023000000000001131e-01
1.301000000000000489e-01
1.218999999999999945e-01
7.349999999999995426e-02
2.074000000000000565e-01
9.809999999999996501e-02
1.009000000000000452e-01
8.250000000000004552e-02
5.029999999999994198e-02
1.735999999999999488e-01
1.579999999999999738e-01
1.604000000000000981e-01
7.619999999999998996e-02
9.729999999999996985e-02
1.131000000000000200e-01
4.219999999999989038e-02
6.349999999999998701e-02
5.660000000000003223e-02
1.332000000000000406e-01
1.234999999999999293e-01
1.309999999999999221e-01
1.177999999999999742e-01
1.648000000000000298e-01
7.860000000000000320e-02
1.003000000000000141e-01
9.320000000000003282e-02
1.374999999999999278e-01
1.829000000000000070e-01
1.349000000000001309e-01
1.965999999999999415e-01
1.473000000000000143e-01
8.730000000000015525e-02
9.339999999999973324e-02
4.989999999999992358e-02
1.143999999999999462e-01
5.579999999999995380e-02
9.040000000000000813e-02
1.038999999999999646e-01
2.774999999999999134e-01
2.058000000000000385e-01
1.378000000000002001e-01
6.870000000000012208e-02
1.814999999999999669e-01
6.939999999999985070e-02
1.019000000000000739e-01
8.699999999999999400e-02
1.089999999999999025e-01
1.640000000000000069e-01
1.276999999999999802e-01
8.239999999999989000e-02
8.949999999999981581e-02
5.729999999999983717e-02
1.473999999999999477e-01
8.669999999999997153e-02
4.150000000000009931e-02
3.133000000000000229e-01
2.163999999999999257e-01
1.081000000000000572e-01
1.537999999999999368e-01
1.445000000000000728e-01
1.271000000000000463e-01
8.280000000000004023e-02
8.350000000000001865e-02
9.859999999999999321e-02
2.370000000000000440e-01
1.589000000000000967e-01
1.163999999999999757e-01
1.039999999999997593e-01
1.381999999999999340e-01
2.037000000000001032e-01
4.829999999999996102e-02
2.194999999999999452e-01
1.240900000000000114e+00
5.589999999999999414e-01
1.814000000000001167e-01
2.147000000000003905e-01
2.383000000000000673e-01
1.596999999999998698e-01
8.569999999999998452e-02
3.869999999999979012e-02
1.731999999999999651e-01
1.096000000000001418e-01
1.482999999999999319e-01
1.581999999999998685e-01
1.315999999999998005e-01
8.319999999999994067e-02
1.008000000000000562e-01
1.148999999999998911e-01
6.049999999999999822e-02
1.023000000000000853e-01
9.920000000000007978e-02
6.259999999999990572e-02
2.094000000000001138e-01
2.109000000000001429e-01
3.129999999999983490e-02
8.030000000000014904e-02
1.150000000000000189e-01
1.264999999999998626e-01
1.047999999999998932e-01
1.444000000000001394e-01
1.214000000000002161e-01
1.003000000000000835e-01
1.266000000000001013e-01
9.049999999999985834e-02
2.085999999999999799e-01
2.039000000000000257e-01
2.537000000000001476e-01
4.990000000000011093e-02
1.390000000000000124e-01
1.287999999999998590e-01
1.475999999999998147e-01
1.235999999999998766e-01
1.765000000000000180e-01
1.077999999999998681e-01
1.458000000000001239e-01
2.010000000000002618e-01
1.334999999999998965e-01
1.752200000000000202e+00
8.645999999999999241e-01
4.337000000000000854e-01
1.618999999999999051e-01
9.540000000000006808e-02
1.145000000000000601e-01
1.403000000000001468e-01
2.336999999999999911e-01
1.937000000000003164e-01
1.991000000000003323e-01
7.900000000000020894e-02
1.242999999999999938e-01
1.418999999999996375e-01
1.149000000000001409e-01
1.322999999999999177e-01
8.889999999999985414e-02
6.589999999999963942e-02
1.091000000000000025e-01
9.460000000000032272e-02
2.183000000000000773e-01
1.026999999999999025e-01
8.640000000000015723e-02
7.960000000000014286e-02
6.550000000000039124e-02
1.507000000000002782e-01
1.414000000000001089e-01
1.427000000000001045e-01
1.093999999999999140e-01
1.691000000000001668e-01
1.296000000000001040e-01
1.806000000000000383e-01
1.778000000000000136e-01
8.131000000000002670e-01
3.778999999999997361e-01
9.830000000000002625e-02
1.484999999999998543e-01
7.249999999999999500e-02
8.820000000000002838e-02
1.480999999999999817e-01
8.699999999999999400e-02
1.190000000000000502e-01
1.430000000000002658e-01
1.690000000000000391e-01
1.719000000000002470e-01
1.285000000000000309e-01
1.120999999999996166e-01
8.159999999999989484e-02
1.291999999999998705e-01
1.183999999999994918e-01
1.420000000000001122e-02
1.090000000000000691e-01
1.115999999999998243e-01
1.115999999999999770e-01
1.057999999999998664e-01
