7.249999999999999778e-01
1.183000000000000024e-01
7.659999999999997367e-02
6.049999999999995659e-02
5.349999999999993650e-02
1.700000000000000122e-01
7.829999999999998073e-02
7.220000000000004192e-02
5.859999999999997156e-02
2.900000000000000494e-02
6.299999999999998657e-02
8.199999999999994793e-02
4.860000000000005288e-02
8.169999999999993934e-02
7.739999999999998270e-02
5.109999999999999265e-02
1.398000000000000353e-01
4.400000000000003214e-02
7.359999999999999876e-02
5.849999999999999645e-02
4.700000000000003481e-02
7.369999999999998774e-02
9.040000000000000813e-02
1.415000000000000424e-01
6.700000000000000400e-02
9.769999999999999518e-02
9.619999999999993834e-02
4.420000000000001705e-02
9.960000000000006348e-02
1.183999999999999914e-01
2.606000000000000538e-01
1.852000000000000035e-01
1.701000000000000012e-01
1.255000000000000004e-01
1.237000000000000044e-01
1.748000000000000109e-01
4.261999999999999678e-01
1.243000000000000216e-01
1.329999999999999793e-01
2.121000000000000107e-01
1.449999999999999900e-01
6.860000000000004983e-02
1.365000000000000380e-01
1.102999999999999536e-01
1.194999999999999535e-01
1.023999999999999910e-01
1.260000000000000286e-01
1.726999999999999647e-01
1.602000000000000091e-01
9.000000000000007994e-02
2.370000000000004048e-02
1.239999999999999436e-01
1.126999999999999669e-01
1.394999999999999574e-01
2.909999999999997658e-02
6.860000000000006370e-02
7.580000000000004790e-02
9.079999999999999183e-02
6.849999999999994982e-02
6.810000000000007714e-02
4.669999999999997764e-02
1.419999999999999318e-01
5.190000000000000169e-02
1.161999999999999006e-01
1.372000000000000441e-01
4.560000000000000164e-02
5.270000000000007317e-02
9.860000000000004872e-02
6.800000000000001876e-02
4.610000000000004372e-02
1.112000000000001043e-01
7.739999999999996882e-02
1.026000000000000661e-01
8.409999999999995257e-02
6.939999999999998948e-02
4.460000000000004239e-02
8.430000000000001381e-02
1.029000000000000192e-01
5.979999999999996430e-02
1.179000000000000048e-01
1.531000000000000139e-01
1.589000000000000412e-01
6.389999999999998459e-02
9.089999999999995306e-02
2.061000000000000887e-01
1.109000000000000263e-01
1.090000000000000135e-01
1.602999999999999980e-01
1.069000000000000367e-01
4.040000000000000535e-02
6.439999999999999891e-02
1.272000000000000630e-01
1.160000000000000475e-01
1.092000000000000470e-01
1.285999999999999366e-01
8.909999999999995701e-02
1.171999999999999986e-01
8.660000000000005194e-02
1.968999999999999917e-01
1.130999999999999783e-01
1.205000000000000238e-01
1.729000000000000536e-01
1.328999999999999626e-01
5.360000000000002957e-02
4.590000000000000330e-02
4.089999999999997110e-02
1.953000000000000014e-01
1.510000000000000231e-01
1.711000000000000298e-01
2.071999999999999675e-01
3.743999999999998995e-01
4.430000000000000049e-01
2.348999999999999977e-01
1.925999999999999934e-01
1.005999999999999950e-01
1.020000000000000351e-01
1.115000000000000019e-01
2.452000000000000846e-01
1.143000000000000682e-01
8.670000000000005480e-02
1.379000000000000781e-01
1.416000000000000592e-01
1.225999999999999590e-01
1.919000000000000150e-01
1.075999999999999179e-01
8.409999999999998033e-02
8.649999999999999356e-02
1.403000000000000080e-01
1.614000000000000434e-01
2.201000000000000734e-01
1.785000000000000475e-01
2.220000000000000029e-01
3.239999999999999547e-01
1.873999999999999555e-01
5.061999999999999833e-01
2.388000000000000678e-01
1.920000000000000318e-01
1.232000000000000178e-01
1.925999999999999934e-01
7.229999999999998928e-02
1.204000000000000625e-01
1.232000000000000872e-01
1.222000000000000586e-01
5.139999999999996655e-02
1.427999999999999825e-01
2.692000000000000504e-01
6.304999999999999494e-01
7.774999999999998579e-01
1.181999999999999718e-01
1.155999999999999528e-01
1.922999999999999710e-01
2.049999999999999323e-01
3.004000000000000004e-01
9.260000000000001563e-02
4.920000000000000068e-02
1.627999999999999725e-01
4.332000000000000295e-01
1.756999999999999951e-01
1.786000000000000365e-01
2.027999999999999803e-01
7.790000000000003866e-02
2.616999999999999327e-01
2.230000000000000315e-01
1.802000000000000268e-01
4.553000000000000380e-01
2.617000000000000437e-01
1.361999999999999877e-01
5.869000000000000883e-01
1.161000000000000365e-01
1.723000000000000087e-01
1.361999999999999877e-01
2.180999999999999883e-01
1.280999999999999917e-01
6.349999999999997313e-02
1.471999999999999698e-01
1.552000000000000046e-01
5.455999999999999739e-01
1.181000000000000383e-01
2.944999999999999840e-01
