3.181999999999999829e-01
3.389000000000000346e-01
7.649999999999999856e-02
3.815000000000000058e-01
4.460999999999999410e-01
3.389999999999999680e-01
4.289999999999995206e-02
1.016000000000000236e-01
1.628999999999999337e-01
1.049999999999999961e-01
2.927999999999999492e-01
1.181000000000000522e-01
1.366999999999999882e-01
2.670000000000000706e-01
2.138000000000000456e-01
2.281000000000000805e-01
2.867999999999999994e-01
2.172000000000000042e-01
1.152999999999999303e-01
1.156000000000000083e-01
3.622000000000000219e-01
4.233000000000000096e-01
1.592999999999999972e-01
7.739999999999994107e-02
4.078000000000000513e-01
4.133000000000000007e-01
3.403000000000000469e-01
1.873000000000000220e-01
1.778000000000000136e-01
1.459000000000000019e-01
4.275999999999999801e-01
5.799999999999998490e-01
3.825000000000000067e-01
2.496000000000000996e-01
5.763000000000000345e-01
3.204999999999999516e-01
2.594999999999999529e-01
2.729999999999999094e-01
4.929999999999998828e-01
2.381000000000000338e-01
2.143999999999999240e-01
2.512000000000002009e-01
3.885000000000001230e-01
3.131999999999999229e-01
5.820000000000004337e-02
1.148000000000000270e-01
5.399999999999997857e-02
6.079999999999999988e-02
6.180000000000011873e-02
5.560000000000001052e-02
4.338999999999999524e-01
2.311999999999999056e-01
2.950000000000000955e-01
7.630000000000011773e-02
3.623000000000000109e-01
1.281000000000000472e-01
1.549999999999999711e-01
4.600000000000000616e-02
5.170000000000000984e-02
1.458000000000000407e-01
7.340999999999999748e-01
5.638999999999999568e-01
1.468999999999999750e-01
1.512999999999999623e-01
3.119999999999993612e-02
1.055999999999999994e-01
2.690000000000000377e-02
4.984999999999999432e-01
4.116999999999998994e-01
2.232999999999999985e-01
1.081000000000000294e-01
1.100999999999999618e-01
3.446999999999998399e-01
1.048999999999999377e-01
2.620999999999999996e-01
5.100000000000004530e-02
3.590000000000009156e-02
2.900000000000010209e-02
1.472999999999998755e-01
4.849999999999989042e-02
6.299999999999994493e-02
8.639999999999997682e-02
6.140000000000000319e-02
5.459999999999998188e-02
2.853999999999999870e-01
2.793999999999999817e-01
8.349999999999985212e-02
1.071999999999999620e-01
5.810000000000002662e-02
1.104999999999999732e-01
8.159999999999997811e-02
5.749999999999986372e-02
1.122999999999999138e-01
2.602999999999999203e-01
2.420999999999998986e-01
1.741999999999999660e-01
1.324999999999999512e-01
1.224000000000000643e-01
1.272000000000001740e-01
7.579999999999989524e-02
9.220000000000000417e-02
1.324000000000000732e-01
1.516000000000000125e-01
6.580000000000002514e-02
2.953999999999999959e-01
1.746000000000000330e-01
8.940000000000011826e-02
1.410000000000000697e-01
1.510000000000000786e-01
2.594000000000000195e-01
4.162000000000000699e-01
2.574000000000000177e-01
1.337000000000000410e-01
3.753000000000000780e-01
2.192000000000001170e-01
3.643000000000000682e-01
4.419000000000001815e-01
1.746999999999999664e-01
9.219999999999999030e-02
9.159999999999993148e-02
1.898000000000000798e-01
2.555999999999998273e-01
1.672000000000001263e-01
9.019999999999989138e-02
8.818000000000002503e-01
7.126000000000001222e-01
5.318999999999998174e-01
9.929999999999990223e-02
3.920000000000008200e-02
1.136000000000000620e-01
1.105000000000000149e-01
1.411000000000000587e-01
7.829999999999996685e-02
2.532000000000000917e-01
2.512000000000001454e-01
8.849999999999996758e-02
8.759999999999992792e-02
3.390000000000008978e-02
2.209999999999999465e-01
2.590000000000000080e-01
4.509999999999995957e-02
6.429999999999992666e-02
2.062000000000000499e-01
1.254999999999999727e-01
6.980000000000000093e-02
8.030000000000014904e-02
4.649999999999994416e-02
1.158999999999999475e-01
1.067999999999998673e-01
6.579999999999991411e-02
6.210000000000000242e-02
4.470000000000000362e-02
7.130000000000008553e-02
9.440000000000005331e-02
2.035000000000000142e-01
1.302000000000000657e-01
1.083999999999999964e-01
9.410000000000001696e-02
7.169999999999998597e-02
1.413999999999999146e-01
2.320000000000004003e-02
1.997000000000000997e-01
1.755999999999999783e-01
5.509999999999998233e-02
1.024999999999999939e-01
7.390000000000010449e-02
8.340000000000002967e-02
3.536999999999999589e-01
2.367000000000000770e-01
1.173999999999999211e-01
3.409999999999999698e-01
3.037000000000000255e-01
1.468000000000000416e-01
2.028000000000001468e-01
8.199999999999990630e-02
2.739999999999990013e-02
3.513000000000000012e-01
3.182999999999999718e-01
9.459999999999993414e-02
