2.861000000000000210e-01
1.133000000000000118e-01
1.763999999999999735e-01
1.074999999999999706e-01
1.122999999999999970e-01
5.480000000000001537e-02
5.489999999999999741e-02
1.165000000000000063e-01
4.080000000000003069e-02
8.670000000000002705e-02
9.999999999999996392e-02
8.380000000000001337e-02
3.730000000000000676e-02
6.620000000000000884e-02
6.029999999999999249e-02
5.479999999999999455e-02
1.069999999999999840e-01
1.000000000000000056e-01
5.050000000000000322e-02
7.149999999999998024e-02
4.809999999999998999e-02
2.889999999999999514e-02
6.529999999999998306e-02
3.080000000000000793e-02
4.729999999999999483e-02
7.810000000000000275e-02
7.080000000000000182e-02
3.569999999999999563e-02
2.579999999999998267e-02
2.800000000000001446e-02
5.370000000000002549e-02
8.280000000000002636e-02
1.004999999999999782e-01
7.699999999999998512e-02
5.019999999999999463e-02
1.330000000000000800e-02
4.429999999999999216e-02
5.139999999999998043e-02
2.880000000000001656e-02
7.550000000000001155e-02
1.973000000000000309e-01
8.989999999999999380e-02
1.238999999999999546e-01
1.005999999999999950e-01
4.040000000000001923e-02
8.839999999999997859e-02
1.044999999999999818e-01
3.230000000000002314e-02
6.000000000000002554e-02
7.860000000000000320e-02
5.120000000000000939e-02
6.860000000000000819e-02
3.759999999999999454e-02
3.720000000000001084e-02
2.850000000000002878e-02
4.359999999999998599e-02
5.929999999999999161e-02
4.020000000000000656e-02
3.610000000000002096e-02
2.530999999999999917e-01
8.300000000000001821e-02
3.810000000000000192e-02
4.950000000000000233e-02
4.690000000000001806e-02
1.263999999999999846e-01
1.302000000000000102e-01
3.400000000000002326e-02
3.440000000000000002e-02
7.200000000000000844e-02
1.125000000000000167e-01
7.050000000000000711e-02
4.660000000000002335e-02
6.730000000000002647e-02
9.969999999999999696e-02
1.493000000000000160e-01
6.289999999999999758e-02
6.029999999999999943e-02
8.270000000000000961e-02
5.430000000000000798e-02
3.560000000000002052e-02
6.700000000000003175e-02
6.340000000000001190e-02
1.047999999999999904e-01
2.739999999999999034e-02
5.899999999999998995e-02
5.249999999999999112e-02
2.390000000000000457e-02
6.180000000000000770e-02
1.127000000000000085e-01
1.065000000000000113e-01
7.079999999999998794e-02
1.240999999999999881e-01
5.340000000000000302e-02
9.060000000000001386e-02
4.219999999999998752e-02
3.859999999999998155e-02
8.130000000000001115e-02
6.650000000000000355e-02
4.590000000000002411e-02
9.780000000000002580e-02
7.960000000000001796e-02
4.179999999999997606e-02
1.010000000000000064e-01
5.490000000000001823e-02
4.540000000000003755e-02
1.173000000000000431e-01
4.389999999999998764e-02
1.038999999999999646e-01
5.780000000000001109e-02
6.650000000000003131e-02
5.029999999999998361e-02
5.349999999999998507e-02
2.329999999999997351e-02
3.659999999999995896e-02
3.380000000000001753e-02
5.580000000000004401e-02
3.139999999999996960e-02
2.740000000000002156e-02
5.199999999999997680e-02
1.813000000000000167e-01
1.372000000000000164e-01
6.540000000000002756e-02
4.140000000000000624e-02
2.620000000000000800e-02
6.870000000000001106e-02
7.550000000000001155e-02
5.219999999999996171e-02
8.059999999999997722e-02
7.980000000000003757e-02
5.540000000000002561e-02
7.779999999999998028e-02
5.980000000000000593e-02
1.447999999999999843e-01
5.589999999999999830e-02
1.202000000000000013e-01
8.949999999999999623e-02
5.999999999999999778e-02
7.390000000000002123e-02
7.950000000000001510e-02
8.999999999999999667e-02
1.185000000000000081e-01
8.289999999999997371e-02
4.830000000000002347e-02
9.779999999999999805e-02
9.990000000000000269e-02
1.376999999999999891e-01
5.370000000000001161e-02
1.030999999999999972e-01
5.819999999999998092e-02
6.479999999999996874e-02
7.129999999999998839e-02
6.239999999999996938e-02
5.310000000000002218e-02
9.859999999999999321e-02
2.169999999999999707e-01
3.419999999999999707e-01
2.076000000000000068e-01
1.108000000000000373e-01
5.210000000000000048e-02
3.490000000000002822e-02
5.449999999999999289e-02
9.480000000000000926e-02
5.780000000000003885e-02
4.620000000000000495e-02
5.249999999999999112e-02
5.999999999999997002e-02
1.889999999999998279e-02
4.329999999999997740e-02
4.560000000000002246e-02
4.589999999999998248e-02
7.359999999999999876e-02
9.870000000000000995e-02
1.533999999999999808e-01
7.910000000000003140e-02
3.990000000000000213e-01
1.872999999999999665e-01
1.296000000000000485e-01
1.280999999999999917e-01
1.018999999999999906e-01
