3.104999999999999982e-01
6.209999999999998854e-02
7.020000000000001239e-02
3.159999999999997533e-02
6.590000000000000024e-02
3.580000000000002625e-02
6.070000000000001089e-02
4.199999999999999567e-02
1.174999999999999795e-01
6.370999999999999996e-01
7.549999999999998934e-01
9.430999999999999384e-01
5.169000000000000261e-01
9.109999999999998654e-02
1.052999999999999908e-01
6.710999999999999188e-01
1.427999999999999825e-01
2.168999999999999817e-01
1.220999999999999724e-01
3.234000000000000208e-01
1.904000000000000137e-01
2.678999999999999715e-01
6.969999999999998419e-02
1.765999999999999792e-01
1.587999999999999967e-01
2.109100000000000197e+00
1.574999999999999956e+00
4.957000000000000295e-01
9.934000000000001718e-01
4.439000000000000723e-01
2.289999999999999536e-01
1.432000000000000495e-01
2.576999999999999846e-01
2.008999999999999675e-01
1.622000000000000941e-01
1.592999999999999972e-01
6.340999999999999970e-01
7.262000000000000677e-01
2.295599999999999863e+00
2.431299999999999795e+00
3.696800000000000530e+00
9.917000000000000259e-01
2.766000000000000680e-01
2.920000000000000373e-01
3.430000000000000271e-01
3.235000000000000653e-01
4.675000000000000822e-01
1.382999999999999230e-01
1.738999999999999990e-01
1.824000000000000343e-01
3.229999999999999538e-01
9.755000000000002558e-01
1.589140000000000086e+01
1.041660000000000075e+01
3.931900000000000173e+00
3.338999999999999746e-01
1.348000000000000309e-01
1.011999999999999983e-01
5.039000000000000146e-01
3.267999999999998684e-01
3.514000000000000457e-01
1.454999999999999627e-01
6.622999999999999998e-01
8.513000000000000567e-01
5.570999999999999286e-01
2.501999999999999225e-01
2.985999999999999766e-01
9.830000000000002625e-02
1.054000000000000214e-01
1.378000000000000336e-01
1.072999999999999787e-01
1.706000000000000849e-01
2.093999999999999750e-01
2.113000000000000156e-01
2.468000000000000194e-01
1.774999999999999634e-01
4.896999999999999686e-01
7.912000000000000144e-01
1.588799999999999768e+00
8.862000000000000988e-01
6.276999999999999247e-01
3.543999999999999928e-01
1.520999999999999575e-01
7.989999999999995717e-02
7.756000000000000671e-01
1.166199999999999903e+00
4.558000000000000385e-01
1.001500000000000057e+00
8.278900000000000148e+00
1.309500000000000330e+00
6.306499999999999773e+00
6.260000000000001119e-01
2.292000000000000426e-01
2.125000000000000222e-01
1.444999999999999341e-01
1.504999999999999116e-01
1.320000000000000062e-01
7.369999999999993223e-02
5.190000000000005026e-02
1.952000000000000401e-01
1.792000000000001092e-01
8.099999999999994704e-02
3.899999999999995137e-02
2.258000000000000007e-01
3.222000000000000419e-01
1.075999999999999318e-01
1.928999999999999604e-01
4.708999999999999853e-01
4.837999999999998968e-01
2.257999999999999452e-01
8.740000000000000546e-02
1.208000000000000185e-01
1.469999999999999640e-01
3.084000000000000630e-01
2.988000000000000655e-01
6.084000000000000519e-01
1.919200000000000017e+00
5.422000000000000153e-01
7.825999999999999623e-01
3.725999999999999313e-01
2.930999999999999162e-01
1.474000000000001143e-01
4.315999999999998726e-01
2.746999999999998887e-01
5.037000000000000366e-01
1.305000000000000049e-01
1.122999999999999138e-01
2.636000000000000565e-01
1.276000000000000467e-01
2.012999999999999790e-01
1.686999999999999056e-01
2.031000000000000028e-01
1.703000000000000069e-01
2.171999999999999487e-01
5.860000000000000764e-01
2.581699999999999662e+00
5.065999999999999392e-01
4.388499999999999623e+00
7.558000000000001384e-01
3.832000000000000961e-01
1.760999999999998678e-01
1.669000000000000206e-01
1.167000000000000259e-01
1.984999999999999543e-01
1.139000000000000012e-01
6.220000000000001916e-02
2.831999999999998963e-01
1.107000000000000761e-01
1.210000000000001075e-01
6.239999999999999714e-02
3.959999999999994774e-02
7.010000000000007891e-02
6.510000000000004672e-02
6.659999999999999254e-02
2.589999999999996472e-02
6.470000000000011853e-02
8.999999999999994116e-02
3.004000000000000004e-01
8.744000000000000661e-01
1.489999999999999936e-01
1.248000000000000081e-01
1.164000000000000035e-01
6.620000000000002272e-02
2.086999999999999411e-01
2.182999999999999385e-01
1.882000000000000062e-01
3.196999999999999842e-01
5.069999999999996732e-02
6.300000000000006983e-02
8.419999999999998319e-02
7.240000000000004765e-02
7.360000000000001263e-02
5.040000000000002811e-02
7.509999999999997233e-02
7.220000000000004192e-02
6.436000000000000609e-01
6.032000000000000695e-01
9.427000000000000934e-01
1.016000000000000236e-01
