6.131999999999999673e-01
3.442000000000000615e-01
1.473000000000000143e-01
2.072000000000000508e-01
1.215000000000000802e-01
1.024999999999999939e-01
2.027000000000000468e-01
3.005000000000000449e-01
5.543000000000000149e-01
4.539000000000000812e-01
3.129999999999999449e-01
2.964999999999999858e-01
6.719999999999998197e-02
2.590999999999999970e-01
3.014000000000001123e-01
2.799000000000000377e-01
8.619999999999992946e-02
3.121999999999999220e-01
3.297999999999998710e-01
3.606999999999999096e-01
3.329999999999999627e-01
1.398999999999998856e-01
3.910000000000001669e-02
1.795000000000000207e-01
3.120999999999999885e-01
3.109999999999999432e-01
9.869999999999992668e-02
2.651000000000000023e-01
5.592999999999999083e-01
2.842000000000000637e-01
4.366999999999999216e-01
2.449999999999999956e-01
3.199999999999999512e-01
1.806999999999999995e-01
1.465999999999999803e-01
1.195999999999999425e-01
1.746999999999999387e-01
1.814000000000000057e-01
7.725999999999999535e-01
1.898999999999999855e-01
3.541999999999999593e-01
3.781000000000000472e-01
3.566000000000000836e-01
1.950999999999999679e-01
3.722999999999999088e-01
1.032599999999999962e+00
3.059999999999999942e-01
2.551999999999999824e-01
3.225999999999999424e-01
1.367999999999998662e-01
7.899999999999988975e-02
9.610000000000000486e-02
2.550999999999999379e-01
1.247000000000000330e-01
1.869000000000000106e-01
7.820000000000011664e-02
4.304000000000000048e-01
2.237999999999999712e-01
1.753999999999999171e-01
7.420000000000004370e-02
1.909999999999999754e-01
1.150000000000000883e-01
1.246999999999998388e-01
2.774000000000001465e-01
4.500999999999999446e-01
3.739999999999999991e-01
8.209000000000001851e-01
3.133000000000000229e-01
2.036999999999999089e-01
3.230000000000000648e-01
4.070999999999997954e-01
4.470999999999998864e-01
3.575000000000000400e-01
1.869000000000000106e-01
1.249000000000002192e-01
1.629999999999997284e-01
2.305999999999997496e-01
1.652999999999999192e-01
3.624999999999999334e-01
1.418999999999999428e-01
2.325999999999999179e-01
2.547999999999999154e-01
1.628000000000000003e-01
4.767999999999998906e-01
4.914999999999999925e-01
4.757000000000000117e-01
2.984000000000000541e-01
3.709000000000001185e-01
5.297000000000000597e-01
2.961000000000000298e-01
1.285000000000001419e-01
4.112999999999999989e-01
5.453000000000001180e-01
2.358999999999999153e-01
2.045000000000000706e-01
3.733999999999998431e-01
2.539000000000000146e-01
1.630999999999999672e-01
6.477000000000001645e-01
2.212999999999999412e-01
1.389999999999998459e-01
1.365999999999998049e-01
2.077000000000001068e-01
2.154000000000000359e-01
9.490000000000012315e-02
7.310000000000015097e-02
3.824999999999999512e-01
1.007000000000000672e-01
1.099299999999999944e+00
2.213999999999999302e-01
8.790000000000006142e-02
3.548000000000001153e-01
1.363000000000000322e-01
7.759999999999975251e-02
1.684000000000000774e-01
4.709999999999973930e-02
1.967999999999998639e-01
1.887999999999998568e-01
2.012999999999999234e-01
4.743000000000000549e-01
8.800000000000002265e-02
2.108000000000000429e-01
3.122999999999999665e-01
1.493000000000001548e-01
1.350999999999999701e-01
1.583000000000001628e-01
4.810000000000014264e-02
1.195999999999998453e-01
1.855999999999999595e-01
1.892000000000000903e-01
1.190999999999999281e-01
6.180000000000007015e-02
9.099999999999991429e-02
1.323999999999998511e-01
8.390000000000003011e-02
2.965000000000001523e-01
3.157000000000000361e-01
3.223000000000002530e-01
1.320000000000000340e-01
2.130999999999997896e-01
2.221000000000000751e-01
4.199999999999998734e-01
4.666000000000000147e-01
4.216000000000000303e-01
2.230000000000000870e-01
1.974000000000000477e-01
2.297000000000000708e-01
4.501000000000002221e-01
2.775999999999997914e-01
3.374000000000000887e-01
4.134000000000000452e-01
2.262999999999998624e-01
5.012999999999998568e-01
4.701000000000001844e-01
3.441000000000001835e-01
7.105000000000001315e-01
7.722999999999998755e-01
9.617000000000001103e-01
5.136000000000000565e-01
1.097000000000001446e-01
3.131999999999998119e-01
3.789000000000001256e-01
2.545000000000001705e-01
1.141999999999998988e-01
1.318999999999999617e-01
7.461000000000000965e-01
2.818999999999997619e-01
2.680000000000002380e-01
2.908999999999999364e-01
3.268999999999998574e-01
4.302000000000000268e-01
2.595000000000000084e-01
5.852999999999998204e-01
7.071999999999999398e-01
2.847000000000000086e-01
1.425999999999998935e-01
9.109999999999991716e-02
1.766000000000000902e-01
1.251000000000001278e-01
