4.028999999999999804e-01
1.480999999999999817e-01
8.660000000000001030e-02
7.489999999999999436e-02
1.470000000000001861e-02
1.064000000000000362e-01
1.046999999999999459e-01
5.150000000000005268e-02
7.479999999999997762e-02
1.092000000000000054e-01
7.480000000000000537e-02
1.225999999999999868e-01
8.169999999999996709e-02
4.370000000000000273e-02
7.679999999999996552e-02
8.409999999999999420e-02
1.046999999999999736e-01
9.019999999999997464e-02
1.270999999999999630e-01
2.536000000000000476e-01
2.091999999999999971e-01
7.449999999999998290e-02
1.381000000000000005e-01
8.219999999999995366e-02
1.346999999999999587e-01
8.760000000000003895e-02
1.264999999999999181e-01
1.408999999999999420e-01
2.555000000000000604e-01
2.160000000000000253e-01
6.409999999999994869e-02
5.950000000000001121e-02
1.475000000000000477e-01
1.365000000000000102e-01
1.863999999999998991e-01
1.719000000000000805e-01
2.033999999999999697e-01
1.826999999999999735e-01
7.060000000000006548e-02
2.041000000000000036e-01
1.499999999999999112e-01
2.388999999999999735e-01
1.673000000000001153e-01
4.100000000000006417e-02
9.960000000000009124e-02
1.264999999999999181e-01
1.988999999999999380e-01
1.673000000000000320e-01
1.315000000000000613e-01
1.166999999999999704e-01
9.189999999999989844e-02
8.729999999999997484e-02
1.614999999999999769e-01
1.535000000000000253e-01
1.037000000000000005e-01
1.596000000000000474e-01
1.612000000000000099e-01
9.490000000000006763e-02
1.133999999999999592e-01
7.949999999999995959e-02
6.840000000000009961e-02
9.079999999999999183e-02
1.078999999999999682e-01
1.051999999999999741e-01
2.459999999999996911e-02
1.393999999999999684e-01
5.010000000000000564e-02
2.545999999999999375e-01
2.816999999999999504e-01
1.586999999999999800e-01
2.681999999999999940e-01
1.742999999999999550e-01
1.376999999999999336e-01
6.709999999999996523e-02
7.449999999999998290e-02
7.000000000000000666e-02
5.380000000000001448e-02
4.569999999999994206e-02
7.619999999999998996e-02
1.336999999999999855e-01
8.280000000000006799e-02
6.970000000000005358e-02
1.661999999999999589e-01
1.089000000000000246e-01
1.029000000000000609e-01
1.153000000000000136e-01
1.066999999999999893e-01
4.129999999999996174e-02
1.271999999999999797e-01
1.564000000000000667e-01
1.646000000000000241e-01
1.188999999999999779e-01
1.961000000000000243e-01
7.060000000000003773e-02
1.188999999999999779e-01
1.991999999999999049e-01
1.431999999999999384e-01
1.863000000000000211e-01
1.679000000000000214e-01
1.029000000000000331e-01
1.230000000000000399e-01
5.449999999999997208e-02
9.800000000000001765e-02
1.045999999999999708e-01
7.889999999999999791e-02
4.929999999999997579e-02
6.550000000000001654e-02
1.238999999999999962e-01
9.139999999999996738e-02
5.879999999999999116e-02
1.469999999999999640e-01
6.330000000000000904e-02
9.439999999999998392e-02
2.830000000000000224e-02
3.470000000000005025e-02
1.116000000000000464e-01
5.240000000000005764e-02
4.440000000000002278e-02
4.590000000000001718e-02
1.033999999999999642e-01
1.577999999999999958e-01
1.780000000000000471e-01
1.409000000000000252e-01
3.449999999999995431e-02
1.169999999999999929e-01
1.246999999999999220e-01
7.509999999999997233e-02
1.150999999999999523e-01
1.350000000000000089e-01
7.210000000000002518e-02
1.028000000000000164e-01
1.852999999999999925e-01
1.523999999999999799e-01
1.591999999999999527e-01
1.565000000000000002e-01
1.443000000000000116e-01
2.041999999999999926e-01
1.139000000000000151e-01
1.166999999999999704e-01
1.018999999999999628e-01
1.075000000000000122e-01
1.350000000000000366e-01
5.749999999999998168e-02
8.499999999999995060e-02
4.929999999999993415e-02
8.669999999999999929e-02
1.185000000000000497e-01
6.610000000000007536e-02
8.149999999999998912e-02
1.284999999999999754e-01
1.748999999999999722e-01
1.028999999999999637e-01
1.892000000000000071e-01
1.399999999999999856e-01
1.470999999999999530e-01
9.659999999999993592e-02
1.483999999999999764e-01
9.670000000000000817e-02
4.820000000000003448e-02
1.492999999999999883e-01
1.267000000000000071e-01
3.279999999999997501e-02
1.120999999999999774e-01
1.735000000000000153e-01
7.069999999999995732e-02
4.579999999999998656e-02
7.059999999999999609e-02
2.121000000000000385e-01
3.530000000000001192e-02
6.629999999999998395e-02
8.519999999999995632e-02
1.727999999999999814e-01
4.980000000000002480e-02
1.721000000000000030e-01
8.900000000000006517e-02
6.169999999999997708e-02
4.270000000000005735e-02
4.190000000000004138e-02
8.589999999999997637e-02
