3.136999999999999789e-01
5.470000000000001944e-02
6.669999999999999540e-02
1.619999999999999774e-01
1.226000000000000145e-01
2.990000000000000990e-02
6.950000000000003397e-02
5.480000000000000149e-02
4.249999999999999611e-02
4.780000000000000915e-02
1.786000000000000365e-01
1.561000000000000165e-01
1.379000000000000226e-01
1.688999999999999946e-01
1.198999999999999788e-01
8.069999999999999396e-02
1.441999999999999948e-01
5.659999999999998366e-02
7.909999999999998976e-02
6.809999999999999387e-02
5.190000000000000863e-02
1.280000000000000027e-01
8.690000000000001890e-02
5.600000000000001504e-02
1.181999999999999718e-01
1.131999999999999812e-01
1.544999999999999984e-01
1.018000000000000155e-01
1.182000000000000273e-01
1.161000000000000087e-01
1.207000000000000017e-01
7.070000000000001283e-02
5.050000000000000322e-02
9.650000000000000244e-02
1.274000000000000132e-01
8.829999999999998961e-02
7.360000000000002651e-02
9.080000000000001958e-02
6.100000000000001948e-02
2.989999999999998909e-02
5.539999999999996316e-02
7.009999999999999565e-02
7.670000000000000429e-02
1.766000000000000070e-01
1.658999999999999919e-01
1.569999999999999729e-01
1.454999999999999905e-01
7.699999999999999900e-02
7.599999999999999811e-02
9.169999999999997597e-02
5.539999999999999092e-02
6.389999999999998459e-02
1.315999999999999948e-01
9.679999999999999716e-02
6.210000000000002324e-02
1.172000000000000125e-01
4.319999999999996065e-02
2.030000000000000901e-02
6.809999999999997999e-02
3.610000000000002096e-02
1.078999999999999959e-01
1.068000000000000338e-01
1.208000000000000185e-01
1.116999999999999937e-01
2.689999999999998989e-02
1.113000000000000100e-01
8.039999999999999925e-02
1.078999999999999820e-01
8.059999999999997722e-02
5.549999999999999378e-02
1.433000000000000107e-01
1.117999999999999966e-01
7.869999999999999218e-02
2.303999999999999937e-01
2.134000000000000064e-01
1.612999999999999989e-01
7.750000000000002720e-02
3.620000000000000995e-02
7.040000000000000424e-02
1.050999999999999712e-01
1.148000000000000131e-01
6.449999999999998790e-02
5.129999999999999144e-02
9.529999999999998195e-02
5.609999999999999015e-02
1.202999999999999903e-01
9.450000000000000067e-02
1.178000000000000158e-01
7.599999999999998423e-02
5.340000000000001690e-02
8.340000000000001579e-02
5.609999999999998321e-02
5.769999999999998741e-02
9.059999999999998610e-02
6.729999999999997096e-02
4.499999999999998446e-02
6.949999999999995071e-02
9.270000000000000462e-02
6.800000000000001876e-02
6.489999999999999936e-02
6.520000000000002183e-02
5.560000000000001052e-02
8.270000000000002349e-02
1.135000000000000175e-01
5.340000000000000302e-02
6.130000000000000032e-02
8.960000000000004072e-02
5.410000000000000919e-02
1.259000000000000119e-01
1.431999999999999940e-01
6.850000000000000533e-02
4.449999999999999789e-02
6.450000000000000178e-02
8.160000000000000586e-02
6.010000000000001452e-02
5.090000000000003549e-02
1.035999999999999976e-01
7.859999999999998932e-02
7.110000000000001041e-02
5.849999999999999645e-02
9.060000000000001386e-02
6.260000000000001674e-02
9.349999999999998590e-02
9.799999999999998990e-02
8.030000000000001026e-02
1.438000000000000111e-01
1.246000000000000024e-01
9.810000000000000664e-02
1.416000000000000036e-01
1.015999999999999820e-01
7.490000000000002212e-02
6.659999999999999254e-02
1.213999999999999940e-01
1.664999999999999813e-01
6.859999999999999432e-02
8.120000000000002216e-02
1.195000000000000229e-01
6.650000000000000355e-02
6.039999999999998148e-02
8.309999999999996556e-02
1.386999999999999900e-01
8.299999999999999045e-02
1.104999999999999871e-01
7.699999999999999900e-02
4.350000000000001782e-02
7.579999999999999238e-02
8.340000000000002967e-02
4.399999999999997663e-02
7.019999999999998463e-02
6.000000000000002554e-02
1.086999999999999633e-01
6.029999999999999249e-02
1.366000000000000270e-01
9.609999999999999098e-02
7.819999999999999174e-02
5.949999999999999734e-02
1.100000000000000144e-01
1.030999999999999833e-01
9.120000000000001716e-02
1.022999999999999882e-01
4.879999999999999616e-02
8.279999999999999860e-02
1.074999999999999983e-01
5.829999999999999766e-02
3.980000000000001592e-02
4.503000000000000336e-01
3.121000000000000441e-01
1.903999999999999582e-01
1.502999999999999614e-01
1.844000000000000083e-01
7.610000000000000098e-02
6.900000000000003353e-02
9.570000000000002116e-02
1.526000000000000134e-01
1.065999999999999864e-01
7.590000000000000913e-02
4.709999999999999604e-02
8.339999999999997415e-02
1.463999999999999746e-01
