6.816999999999999726e-01
1.549999999999999989e-01
2.354999999999999871e-01
1.839999999999999414e-01
3.521999999999999020e-01
3.418999999999999262e-01
1.244000000000000244e-01
1.593000000000000527e-01
1.248999999999999833e-01
1.313999999999999335e-01
1.528999999999999249e-01
2.809000000000000385e-01
1.391000000000000569e-01
9.190000000000009273e-02
8.670000000000004092e-02
1.456000000000000349e-01
7.620000000000010099e-02
8.440000000000005831e-02
1.396000000000000296e-01
9.830000000000001237e-02
1.381999999999999895e-01
1.758000000000000118e-01
1.730999999999999761e-01
1.252999999999999947e-01
1.246999999999999914e-01
1.033999999999999642e-01
8.980000000000011584e-02
1.370000000000000939e-01
1.545000000000000262e-01
9.780000000000002580e-02
1.131999999999999257e-01
6.299999999999997269e-02
7.650000000000001243e-02
1.281000000000000472e-01
1.238999999999999546e-01
1.216999999999999610e-01
9.149999999999999800e-02
1.000000000000000194e-01
1.050999999999999851e-01
1.350999999999999979e-01
1.648999999999999633e-01
1.107000000000000622e-01
1.290000000000000591e-01
1.339000000000000745e-01
7.819999999999996398e-02
1.115999999999999631e-01
5.339999999999996833e-02
1.279999999999999749e-01
7.250000000000000888e-02
9.729999999999998372e-02
4.850000000000007083e-02
7.910000000000010079e-02
7.710000000000002962e-02
1.310999999999999943e-01
1.515000000000000790e-01
7.049999999999995159e-02
1.646000000000000241e-01
1.232000000000000178e-01
1.427999999999998992e-01
1.500000000000000777e-01
2.550999999999999934e-01
8.509999999999998122e-02
7.750000000000004108e-02
8.480000000000001426e-02
7.270000000000000073e-02
4.690000000000005970e-02
9.779999999999999805e-02
5.989999999999996716e-02
9.859999999999997933e-02
4.380000000000000560e-02
4.169999999999999402e-02
8.430000000000002769e-02
1.743999999999999995e-01
2.104000000000000314e-01
1.873000000000000220e-01
2.302000000000000435e-01
1.585000000000000298e-01
1.839000000000000634e-01
1.843000000000000471e-01
2.185000000000000275e-01
2.359000000000000541e-01
1.945000000000000062e-01
1.727999999999999814e-01
2.069000000000000283e-01
1.796000000000000096e-01
9.349999999999998590e-02
4.409999999999998643e-02
6.009999999999997289e-02
2.051999999999999380e-01
1.684999999999999831e-01
1.477000000000001090e-01
5.975999999999999091e-01
2.893000000000000016e-01
2.839999999999999192e-01
1.977000000000000146e-01
7.789999999999999702e-02
7.870000000000003382e-02
1.224999999999999145e-01
1.104999999999999455e-01
1.283000000000000251e-01
1.337999999999999190e-01
1.031999999999999307e-01
1.355999999999999983e-01
1.275999999999999635e-01
1.182999999999999607e-01
1.096999999999999365e-01
9.920000000000001039e-02
1.044000000000000483e-01
1.086000000000000854e-01
6.850000000000008860e-02
1.147999999999999438e-01
1.616999999999999826e-01
1.461000000000000631e-01
1.324000000000000454e-01
1.138000000000000539e-01
1.009000000000000591e-01
9.109999999999993103e-02
3.667999999999999594e-01
2.700000000000000178e-01
2.007999999999999785e-01
9.350000000000004141e-02
1.604000000000000425e-01
2.255000000000000060e-01
1.238999999999999269e-01
9.090000000000000857e-02
9.460000000000001741e-02
1.949000000000000177e-01
2.225000000000000311e-01
1.933000000000000274e-01
2.120999999999999830e-01
1.205999999999999850e-01
9.420000000000000595e-02
7.789999999999998315e-02
1.271000000000000463e-01
4.138999999999999901e-01
7.830000000000000848e-02
1.224000000000000227e-01
8.240000000000000102e-02
1.218000000000000471e-01
1.817000000000000559e-01
1.327000000000000679e-01
1.109999999999999598e-01
9.479999999999996763e-02
1.693000000000000338e-01
1.385000000000000953e-01
1.294000000000000150e-01
9.480000000000002314e-02
9.050000000000005262e-02
5.980000000000004062e-02
1.639999999999999236e-01
2.267999999999999183e-01
1.465999999999999526e-01
2.832999999999999963e-01
9.449999999999997291e-02
1.082999999999999519e-01
1.285000000000000031e-01
7.099999999999999367e-02
1.648999999999999633e-01
1.426000000000000600e-01
1.237000000000000322e-01
7.539999999999999480e-02
1.576999999999999236e-01
1.383000000000000618e-01
1.116999999999999799e-01
1.463999999999999746e-01
1.397000000000000741e-01
1.040000000000000646e-01
1.201999999999999735e-01
1.488999999999999213e-01
9.949999999999997735e-02
1.493000000000000715e-01
3.127999999999999670e-01
5.212999999999999856e-01
4.264999999999999902e-01
2.826000000000000179e-01
9.970000000000016349e-02
1.003999999999999754e-01
2.099000000000000032e-01
1.396999999999999353e-01
