2.213999999999999857e-01
2.357999999999999818e-01
8.099999999999998868e-02
1.239999999999999991e-01
9.220000000000000417e-02
1.321999999999999842e-01
2.190999999999999615e-01
6.529999999999999694e-02
9.139999999999999514e-02
1.207999999999999907e-01
1.820999999999999841e-01
8.669999999999999929e-02
9.460000000000001741e-02
4.740000000000000463e-02
4.550000000000001266e-02
7.810000000000000275e-02
7.209999999999999742e-02
7.369999999999998774e-02
1.134999999999999898e-01
5.939999999999999447e-02
7.150000000000000799e-02
4.739999999999999769e-02
9.450000000000000067e-02
9.820000000000000950e-02
8.600000000000000699e-02
4.299999999999999656e-02
4.029999999999998167e-02
3.790000000000001701e-02
7.219999999999998641e-02
6.729999999999998483e-02
5.089999999999998692e-02
5.819999999999997398e-02
9.929999999999999938e-02
5.740000000000001351e-02
1.193000000000000033e-01
1.116999999999999937e-01
6.149999999999999911e-02
7.699999999999999900e-02
7.119999999999997164e-02
7.339999999999999303e-02
8.410000000000002196e-02
5.620000000000002771e-02
9.719999999999999474e-02
9.019999999999998852e-02
4.700000000000000705e-02
8.109999999999999154e-02
6.750000000000001832e-02
6.489999999999998548e-02
1.169000000000000039e-01
6.500000000000000222e-02
7.099999999999999367e-02
5.089999999999998692e-02
7.870000000000001994e-02
9.439999999999998392e-02
5.410000000000000919e-02
1.195999999999999980e-01
8.549999999999999267e-02
1.435000000000000164e-01
7.900000000000000078e-02
1.051999999999999602e-01
5.989999999999999492e-02
7.780000000000002192e-02
6.350000000000000089e-02
6.340000000000002578e-02
6.510000000000000508e-02
9.619999999999999385e-02
5.240000000000000213e-02
6.280000000000000859e-02
7.800000000000001377e-02
6.519999999999999407e-02
9.099999999999999756e-02
3.360000000000000486e-02
7.810000000000001663e-02
6.060000000000001497e-02
7.610000000000000098e-02
1.130000000000000171e-01
6.870000000000001106e-02
8.540000000000001756e-02
5.210000000000002129e-02
4.829999999999999571e-02
5.509999999999998233e-02
7.539999999999999480e-02
7.089999999999999081e-02
9.260000000000000175e-02
5.379999999999997978e-02
1.280999999999999917e-01
4.389999999999998070e-02
7.109999999999999654e-02
6.609999999999999210e-02
1.060999999999999721e-01
9.589999999999999913e-02
5.890000000000000097e-02
6.249999999999998612e-02
6.049999999999998435e-02
3.690000000000000918e-02
8.490000000000000324e-02
7.510000000000000009e-02
6.779999999999999916e-02
4.460000000000001463e-02
9.810000000000000664e-02
2.440000000000001543e-02
5.710000000000001186e-02
7.630000000000000671e-02
1.281000000000000194e-01
1.227000000000000313e-01
8.250000000000001776e-02
7.699999999999999900e-02
7.559999999999998666e-02
8.420000000000002482e-02
9.420000000000000595e-02
4.810000000000001774e-02
7.829999999999999460e-02
6.649999999999997580e-02
9.019999999999998852e-02
6.129999999999997951e-02
7.209999999999999742e-02
6.139999999999999625e-02
8.400000000000000522e-02
4.650000000000001354e-02
1.121999999999999942e-01
6.849999999999999145e-02
9.140000000000000902e-02
6.210000000000001630e-02
1.252999999999999947e-01
1.775999999999999801e-01
1.276999999999999802e-01
7.440000000000002167e-02
5.339999999999998914e-02
7.760000000000000231e-02
5.379999999999999366e-02
6.439999999999999891e-02
5.660000000000000447e-02
9.049999999999999711e-02
1.084000000000000102e-01
3.910000000000000281e-02
5.329999999999999322e-02
8.780000000000000304e-02
7.149999999999999412e-02
9.500000000000000111e-02
9.310000000000000220e-02
8.829999999999997573e-02
8.859999999999999820e-02
8.389999999999997460e-02
7.109999999999999654e-02
8.559999999999998166e-02
3.679999999999997856e-02
7.449999999999998290e-02
9.380000000000000837e-02
7.470000000000001639e-02
5.209999999999999354e-02
8.300000000000003209e-02
1.082000000000000184e-01
7.040000000000000424e-02
6.199999999999998568e-02
9.610000000000001874e-02
6.890000000000000291e-02
6.779999999999999916e-02
6.559999999999999165e-02
1.568999999999999839e-01
2.119999999999999940e-01
1.996999999999999886e-01
7.390000000000000735e-02
1.111999999999999933e-01
1.020000000000000073e-01
9.309999999999998832e-02
1.297999999999999987e-01
8.380000000000001337e-02
5.499999999999998640e-02
8.489999999999997549e-02
8.990000000000000768e-02
7.580000000000000626e-02
9.000000000000001055e-02
1.000999999999999945e-01
4.570000000000001145e-02
8.359999999999999376e-02
1.124999999999999889e-01
7.459999999999999964e-02
7.019999999999998463e-02
1.070999999999999730e-01
