4.127000000000000668e-01
1.140000000000000180e-01
4.790000000000000507e-02
5.140000000000000124e-02
4.040000000000001229e-02
4.780000000000002303e-02
3.950000000000000733e-02
5.959999999999999326e-02
2.770000000000000934e-02
5.119999999999998858e-02
3.650000000000001854e-02
6.580000000000002514e-02
6.170000000000000484e-02
9.850000000000000422e-02
8.510000000000000897e-02
4.347999999999999643e-01
1.149000000000000021e-01
6.648000000000000576e-01
3.268299999999999983e+00
1.486700000000000133e+00
3.879999999999998450e-01
5.459999999999997494e-02
1.009000000000000175e-01
1.127999999999999142e-01
7.950000000000009837e-02
8.169999999999993934e-02
8.020000000000000739e-02
1.353999999999999648e-01
1.191999999999999726e-01
6.459999999999996301e-02
3.125999999999999335e-01
3.416999999999999482e-01
1.894000000000001238e-01
4.477999999999999758e-01
1.076999999999999347e-01
9.810000000000006215e-02
1.474999999999999922e-01
1.934000000000000719e-01
1.665000000000000091e-01
1.049999999999999822e-01
1.186000000000000110e-01
1.138000000000000123e-01
1.514999999999999403e-01
8.369999999999988560e-02
7.970000000000009022e-02
2.700000000000001357e-02
7.140000000000003288e-02
3.899999999999995137e-02
7.061000000000000609e-01
8.732999999999998542e-01
2.067999999999999838e-01
5.486999999999999655e-01
5.592000000000000304e-01
4.483000000000000873e-01
1.595000000000000862e-01
1.312999999999999168e-01
1.557000000000000051e-01
1.882000000000000339e-01
1.786999999999999977e-01
5.179000000000000270e-01
4.324000000000000066e-01
1.024999999999999939e-01
1.665999999999999703e-01
8.859999999999997045e-02
9.009999999999995790e-02
1.462999999999999579e-01
8.019999999999996576e-02
1.149000000000000160e-01
5.739999999999997882e-02
1.647000000000000408e-01
9.920000000000001039e-02
9.230000000000000704e-02
1.492000000000000548e-01
5.544999999999997708e-01
2.492999999999999938e-01
6.329999999999995353e-02
2.184999999999999720e-01
8.230000000000006755e-02
5.539999999999993541e-02
1.544000000000000650e-01
1.200999999999999429e-01
1.895999999999998797e-01
1.684000000000000496e-01
1.109999999999999876e-01
3.347999999999999310e-01
8.819999999999995899e-02
9.279999999999999361e-02
1.058000000000000468e-01
9.220000000000000417e-02
1.048999999999999932e-01
7.338000000000000078e-01
2.575000000000001177e-01
1.518000000000000460e-01
7.060000000000013487e-02
6.839999999999998859e-02
2.404999999999999916e-01
1.885699999999999932e+00
8.533999999999998254e-01
3.866000000000002768e-01
1.332999999999999741e-01
2.059999999999999887e-01
9.450000000000011169e-02
1.639000000000000457e-01
2.664000000000000257e-01
1.747000000000000219e-01
6.802000000000000268e-01
8.205000000000000071e-01
1.403999999999999915e+00
1.062899999999999956e+00
7.353999999999999426e-01
1.371399999999999952e+00
9.394000000000000128e-01
4.600999999999998424e-01
2.527000000000000912e-01
7.510999999999999899e-01
1.695000000000000673e-01
1.187500000000000000e+00
1.763299999999999867e+00
2.758699999999999708e+00
1.577200000000000157e+00
2.645800000000000374e+00
1.377699999999999925e+00
5.307000000000002826e-01
1.692999999999996730e-01
1.141400000000000414e+00
2.325599999999999667e+00
7.636999999999998234e-01
1.612999999999999157e-01
9.476999999999997648e-01
2.947999999999998400e-01
2.422000000000001652e-01
4.409000000000001807e-01
5.874000000000001442e-01
1.735999999999997823e-01
8.919999999999994600e-02
2.154000000000000081e-01
1.088999999999999135e-01
2.037999999999997869e-01
1.332999999999998353e-01
1.425000000000000988e-01
1.453000000000001790e-01
7.580000000000000626e-02
1.258000000000002172e-01
3.741000000000002101e-01
3.804000000000002379e-01
4.847000000000001307e-01
3.777000000000001467e-01
7.280000000000007299e-02
6.878999999999998449e-01
7.886999999999997346e-01
6.845999999999998753e-01
7.349999999999992650e-02
2.766999999999999460e-01
2.427999999999999881e-01
4.193999999999997730e-01
2.359999999999999876e-01
2.846999999999999531e-01
2.900000000000002576e-01
2.611000000000001098e-01
1.297000000000000930e-01
5.297999999999996046e-01
1.713500000000000245e+00
9.086000000000000743e-01
6.534999999999998588e-01
1.312999999999999723e-01
9.019999999999996076e-02
2.304999999999999827e-01
1.974999999999996203e-01
4.983999999999997876e-01
2.281000000000004413e-01
2.905000000000003135e-01
3.718000000000000194e-01
2.824999999999999734e-01
2.396999999999998021e-01
8.270000000000014839e-02
1.692999999999997840e-01
1.074400000000000022e+00
5.554999999999998828e-01
8.985000000000000764e-01
