4.180000000000000382e-01
1.116999999999999937e-01
1.654999999999999805e-01
8.580000000000002902e-02
7.149999999999999412e-02
7.519999999999998908e-02
6.759999999999996567e-02
6.779999999999999916e-02
6.360000000000003151e-02
5.179999999999999188e-02
9.099999999999999756e-02
7.050000000000000711e-02
9.399999999999995859e-02
9.039999999999999425e-02
9.440000000000001168e-02
1.020000000000000351e-01
7.479999999999997762e-02
3.269999999999993051e-02
1.236000000000000293e-01
7.259999999999998399e-02
3.039999999999994790e-02
3.489999999999999353e-02
8.499999999999997835e-02
9.900000000000000466e-02
3.460000000000001963e-02
1.196999999999999453e-01
1.000999999999999807e-01
1.349000000000000199e-01
8.330000000000004068e-02
1.468999999999999473e-01
9.249999999999997113e-02
1.276999999999999802e-01
6.719999999999995421e-02
3.009999999999996012e-02
1.480000000000000759e-01
6.230000000000003590e-02
1.275999999999999912e-01
9.770000000000009233e-02
1.156999999999999418e-01
6.799999999999992162e-02
9.110000000000012532e-02
6.139999999999999625e-02
3.869999999999988727e-02
9.450000000000002842e-02
3.029999999999999361e-02
8.420000000000008034e-02
5.530000000000009908e-02
7.399999999999998246e-02
4.499999999999992895e-02
3.770000000000009455e-02
4.229999999999997651e-02
3.099999999999999978e-02
3.650000000000006017e-02
5.649999999999982814e-02
7.490000000000010538e-02
6.819999999999998286e-02
3.590000000000007074e-02
1.017999999999998906e-01
4.709999999999997522e-02
1.332999999999999186e-01
4.440000000000010605e-02
6.670000000000002316e-02
7.489999999999999436e-02
4.520000000000012896e-02
7.849999999999997258e-02
5.720000000000009799e-02
5.859999999999998543e-02
7.939999999999992897e-02
4.620000000000008822e-02
5.769999999999993190e-02
1.070999999999999175e-01
1.750999999999999224e-01
5.329999999999993077e-02
4.109999999999988662e-02
7.150000000000000799e-02
8.110000000000003317e-02
3.089999999999998304e-02
2.629999999999976801e-02
3.890000000000001790e-02
6.000000000000005329e-02
4.989999999999999991e-02
4.840000000000005409e-02
6.989999999999998992e-02
7.019999999999992912e-02
8.489999999999997549e-02
3.190000000000006719e-02
3.070000000000011608e-02
5.770000000000005680e-02
4.429999999999995053e-02
5.910000000000015241e-02
4.570000000000018492e-02
4.399999999999990030e-02
5.310000000000003606e-02
5.569999999999986073e-02
1.031999999999999862e-01
3.399999999999994693e-02
6.410000000000012910e-02
6.840000000000012736e-02
5.440000000000011493e-02
7.359999999999997100e-02
4.680000000000004989e-02
4.470000000000015627e-02
7.709999999999983533e-02
8.819999999999995899e-02
7.139999999999993574e-02
7.129999999999990512e-02
3.080000000000010507e-02
4.940000000000006886e-02
3.880000000000005667e-02
5.259999999999998010e-02
4.370000000000009988e-02
6.079999999999996518e-02
4.320000000000009943e-02
1.477999999999998204e-01
8.170000000000007812e-02
1.163999999999999757e-01
7.790000000000010805e-02
7.800000000000012479e-02
3.670000000000014917e-02
3.999999999999992450e-02
4.839999999999985980e-02
8.010000000000006004e-02
6.730000000000002647e-02
8.790000000000000591e-02
5.169999999999994045e-02
1.205000000000000793e-01
4.769999999999990914e-02
7.970000000000010409e-02
4.189999999999996505e-02
2.410999999999998422e-01
8.319999999999996843e-02
9.859999999999974341e-02
1.676999999999999325e-01
1.704999999999999849e-01
3.336000000000000076e-01
1.347000000000000142e-01
2.147000000000000575e-01
6.090000000000016234e-02
1.232999999999999652e-01
1.066999999999999060e-01
2.477999999999998537e-01
1.569000000000000394e-01
6.099999999999999867e-02
1.245000000000000689e-01
1.267000000000000903e-01
9.410000000000011411e-02
9.059999999999991671e-02
2.564000000000000723e-01
4.594999999999999085e-01
2.807000000000000051e-01
1.636999999999999011e-01
1.776999999999999136e-01
2.659000000000000252e-01
4.551999999999999380e-01
4.879999999999999338e-01
2.709000000000001407e-01
2.597000000000001529e-01
2.030000000000000693e-01
1.989999999999998992e-01
2.298999999999997712e-01
2.073000000000000398e-01
7.160000000000009412e-02
2.095999999999999530e-01
8.620000000000002660e-02
9.529999999999995419e-02
8.299999999999990719e-02
1.493999999999998940e-01
1.288000000000001644e-01
6.679999999999998439e-02
9.950000000000003286e-02
1.094999999999999307e-01
1.292999999999999705e-01
1.735000000000000986e-01
1.454999999999999072e-01
1.191000000000000114e-01
1.194999999999999812e-01
1.113999999999998880e-01
7.880000000000020322e-02
8.410000000000011910e-02
