6.311999999999998723e-01
1.087999999999999801e-01
8.800000000000003653e-02
1.009999999999999787e-01
2.779999999999998098e-02
6.579999999999996962e-02
4.240000000000000713e-02
5.319999999999999729e-02
2.549999999999996020e-02
7.039999999999996261e-02
6.759999999999995179e-02
7.029999999999997362e-02
1.213000000000000467e-01
4.139999999999996461e-02
5.849999999999996869e-02
6.480000000000002425e-02
6.189999999999998281e-02
7.529999999999997806e-02
1.038999999999999785e-01
1.214999999999999969e-01
8.560000000000000941e-02
1.564999999999999725e-01
1.041000000000000258e-01
2.868000000000000549e-01
2.505999999999999339e-01
8.229999999999999816e-02
5.610000000000003179e-02
4.893000000000000127e-01
2.316000000000000003e-01
1.088999999999999968e+00
5.020000000000000018e-01
8.830999999999999961e-01
1.703999999999999959e-01
2.431999999999999995e-01
3.230000000000003701e-02
2.502000000000000335e-01
9.559999999999993503e-02
2.711000000000000076e-01
1.099999999999999867e-01
4.689999999999996255e-02
1.099000000000000532e-01
5.140000000000003594e-02
1.852000000000000035e-01
9.609999999999999098e-02
9.810000000000002052e-02
1.356999999999999595e-01
4.719999999999999196e-02
1.852000000000000035e-01
7.440000000000000779e-02
1.365999999999999992e-01
1.502000000000000002e-01
4.429999999999997828e-02
1.083999999999999964e-01
1.210000000000000103e-01
4.019999999999999962e-02
1.009999999999999926e-01
4.810000000000000386e-02
1.210000000000000242e-01
1.492000000000000270e-01
7.969999999999995144e-02
1.103999999999999843e-01
1.203000000000000180e-01
1.193000000000000310e-01
7.059999999999995446e-02
1.017999999999999600e-01
1.060999999999999999e-01
2.646999999999999909e-01
3.723000000000000198e-01
3.167999999999999705e-01
3.885000000000000120e-01
6.462999999999998746e-01
1.095899999999999874e+00
1.010499999999999954e+00
6.569000000000000394e-01
1.301999999999999824e-01
5.900000000000001077e-02
7.190000000000004721e-02
4.679999999999997357e-02
1.018999999999999767e-01
7.180000000000001659e-02
9.349999999999998590e-02
7.600000000000001199e-02
6.059999999999997333e-02
2.005999999999999728e-01
1.054999999999999272e-01
9.700000000000001676e-02
5.685000000000000053e-01
1.610899999999999999e+00
2.039900000000000269e+00
2.923000000000000043e-01
1.844999999999999973e-01
7.119999999999999662e-01
2.444000000000000339e-01
1.314000000000000168e-01
7.630000000000000671e-02
3.209999999999999659e-02
9.480000000000005089e-02
1.446999999999999120e-01
8.129999999999998339e-02
3.774000000000000687e-01
1.889000000000000123e-01
1.481000000000000094e-01
1.926999999999999269e-01
7.550000000000013645e-02
6.809999999999999387e-02
8.519999999999994245e-02
2.497999999999999943e-01
1.472000000000000253e-01
1.241999999999999771e-01
1.222999999999999643e-01
5.979999999999996430e-02
8.460000000000005016e-02
4.030000000000000249e-02
1.259999999999998899e-01
1.762999999999999012e-01
1.365000000000000102e-01
1.671000000000000263e-01
5.699999999999999512e-02
2.041000000000000036e-01
8.149999999999998912e-02
7.720000000000000473e-02
1.566000000000000170e-01
1.767000000000000792e-01
1.135999999999999649e-01
1.132000000000000089e-01
1.208999999999999381e-01
1.053999999999999521e-01
1.065000000000000252e-01
9.590000000000005465e-02
5.770000000000004986e-02
8.939999999999996561e-02
1.038000000000000311e-01
7.000000000000006217e-02
5.540000000000003949e-02
6.950000000000000622e-02
3.169999999999992268e-02
7.400000000000001021e-02
7.809999999999993336e-02
5.140000000000000124e-02
6.919999999999998375e-02
7.850000000000011136e-02
6.450000000000000178e-02
1.069999999999999840e-01
5.239999999999997438e-02
1.375999999999999446e-01
2.509000000000000119e-01
1.075999999999999873e-01
5.189999999999996005e-02
1.615000000000000047e-01
1.176999999999999019e-01
5.090000000000004937e-02
1.001999999999999974e-01
1.199999999999999262e-01
6.809999999999996612e-02
3.999999999999999389e-02
8.929999999999997662e-02
5.110000000000004816e-02
7.489999999999993885e-02
3.989999999999994246e-02
1.256999999999999229e-01
2.046999999999999931e-01
2.970999999999999752e-01
6.717999999999999527e-01
4.053999999999999826e-01
1.908400000000000096e+00
8.560999999999998611e-01
2.468000000000000749e-01
5.219999999999996865e-02
1.288999999999999868e-01
1.093999999999999279e-01
1.424000000000000543e-01
1.918999999999999873e-01
1.252999999999998559e-01
9.139999999999985636e-02
5.217000000000001636e-01
2.223000000000000531e-01
1.071999999999999897e-01
8.520000000000002571e-02
6.130000000000000032e-02
