8.485000000000000320e-01
1.910000000000000031e-01
1.061999999999999889e-01
4.969999999999997337e-02
3.252999999999999781e-01
1.572999999999999399e-01
8.169999999999996709e-02
9.949999999999997735e-02
6.240000000000003877e-02
1.385000000000000120e-01
8.299999999999996270e-02
1.187999999999999612e-01
7.209999999999999742e-02
1.899999999999999467e-01
1.811000000000000110e-01
9.109999999999995879e-02
7.769999999999997742e-02
6.819999999999999674e-02
8.359999999999999376e-02
7.960000000000005960e-02
5.980000000000001981e-02
1.359999999999999543e-01
1.250999999999999890e-01
1.400000000000000133e-01
1.525999999999999579e-01
1.904999999999999749e-01
9.490000000000003988e-02
9.310000000000004383e-02
4.769999999999997853e-02
1.123999999999999583e-01
7.639999999999996794e-02
6.270000000000004736e-02
1.038000000000000034e-01
5.769999999999998047e-02
7.850000000000001421e-02
2.770000000000005097e-02
4.959999999999999826e-02
8.730000000000001648e-02
1.082000000000000184e-01
5.489999999999998354e-02
9.759999999999999232e-02
1.103000000000000369e-01
7.800000000000004152e-02
1.015000000000000208e-01
7.480000000000006088e-02
3.959999999999998244e-02
1.912000000000000088e-01
1.583999999999999853e-01
1.097999999999999116e-01
5.650000000000000161e-02
1.356999999999999318e-01
5.770000000000002904e-02
3.459999999999999187e-02
2.269000000000000183e-01
7.049999999999997935e-02
3.382999999999999896e-01
5.892999999999999350e-01
1.446999999999999953e-01
8.620000000000001272e-02
8.550000000000004818e-02
3.020000000000003237e-02
6.619999999999998108e-02
8.529999999999998694e-02
7.780000000000000804e-02
9.840000000000001523e-02
9.020000000000003015e-02
6.850000000000003308e-02
6.980000000000000093e-02
1.005000000000000199e-01
1.254000000000000115e-01
7.459999999999999964e-02
2.939999999999998517e-02
8.319999999999999618e-02
1.491999999999999438e-01
5.309999999999999443e-02
7.470000000000003026e-02
3.470000000000000862e-02
1.152000000000000107e-01
1.429000000000000270e-01
2.250999999999999668e-01
5.909999999999999976e-02
3.630000000000001975e-02
5.150000000000006656e-02
8.919999999999997375e-02
1.101000000000000034e-01
6.170000000000002566e-02
3.431000000000000161e-01
1.254999999999999172e-01
6.549999999999996103e-02
8.680000000000004379e-02
7.159999999999999698e-02
6.910000000000000864e-02
5.199999999999998374e-02
1.096000000000000030e-01
7.829999999999991134e-02
6.130000000000002808e-02
6.150000000000001299e-02
3.890000000000002484e-02
2.770000000000001975e-02
1.691999999999999615e-01
1.170999999999999402e-01
5.200000000000006700e-02
7.729999999999995208e-02
8.339999999999991864e-02
6.299999999999995881e-02
6.519999999999999407e-02
4.990000000000000685e-02
1.049000000000000071e-01
4.169999999999998708e-02
5.919999999999997486e-02
2.361999999999999933e-01
1.766000000000000347e-01
1.041999999999999871e-01
7.149999999999998024e-02
9.270000000000000462e-02
6.459999999999999076e-02
6.339999999999998415e-02
1.549999999999999711e-01
1.870700000000000029e+00
1.474900000000000100e+00
7.663999999999999702e-01
1.857999999999999929e-01
6.999999999999999278e-02
7.240000000000001990e-02
5.900000000000000383e-02
3.950000000000001427e-02
2.634000000000000785e-01
7.990000000000001268e-02
5.149999999999999717e-02
5.659999999999999754e-02
6.769999999999999629e-02
4.909999999999999087e-02
4.019999999999997187e-02
1.456999999999999962e-01
1.222999999999999921e-01
4.009999999999999676e-02
4.979999999999999705e-02
4.870000000000003493e-02
2.281999999999999862e-01
1.070999999999999730e-01
8.890000000000000679e-02
8.399999999999997746e-02
6.509999999999997733e-02
9.780000000000001192e-02
9.239999999999998215e-02
6.290999999999999925e-01
2.383999999999999730e-01
2.051000000000000323e-01
1.109999999999999737e-01
5.899999999999999689e-02
6.969999999999997031e-02
1.255000000000000004e-01
6.179999999999997995e-02
7.409999999999999920e-02
8.230000000000002591e-02
3.410000000000001918e-02
4.260000000000001286e-02
4.629999999999999394e-02
4.469999999999998974e-02
6.990000000000000380e-02
3.360000000000006037e-02
8.819999999999995899e-02
7.679999999999997939e-02
1.762000000000000233e-01
1.466000000000000081e-01
1.095000000000000279e-01
1.355000000000000093e-01
7.079999999999997407e-02
5.929999999999994997e-02
4.159999999999997033e-02
5.469999999999997087e-02
7.919999999999997875e-02
7.719999999999993534e-02
8.056999999999999718e-01
5.398000000000000576e-01
3.074000000000000621e-01
2.112999999999999323e-01
5.929999999999999855e-02
1.409000000000000252e-01
