4.308000000000000163e-01
9.570000000000000728e-02
7.999999999999998779e-02
1.698000000000000065e-01
3.593000000000000083e-01
2.066999999999999948e-01
7.950000000000000122e-02
7.300000000000000933e-02
2.377999999999999559e-01
7.239999999999999214e-02
5.769999999999995965e-02
5.280000000000002053e-02
4.200000000000000955e-02
8.740000000000000546e-02
6.110000000000000847e-02
7.950000000000001510e-02
4.330000000000003291e-02
6.370000000000000662e-02
7.169999999999998597e-02
4.379999999999999172e-02
6.159999999999998810e-02
8.089999999999998581e-02
1.754999999999999893e-01
1.116000000000000186e-01
2.040000000000002228e-02
5.509999999999997539e-02
3.719999999999998308e-02
1.067999999999999644e-01
1.597000000000000086e-01
8.030000000000001026e-02
4.959999999999997744e-02
8.289999999999998759e-02
1.356000000000000261e-01
3.780000000000000721e-02
9.759999999999997844e-02
1.003999999999999893e-01
8.559999999999995390e-02
1.728999999999999981e-01
1.555000000000000271e-01
9.959999999999996634e-02
9.319999999999997731e-02
1.308000000000000274e-01
1.421999999999999931e-01
1.412000000000000199e-01
9.150000000000003963e-02
1.783000000000000418e-01
1.809999999999999665e-01
2.307000000000000439e-01
1.488999999999999491e-01
9.140000000000000902e-02
6.560000000000006104e-02
4.940000000000002722e-02
1.261000000000000176e-01
1.771000000000000074e-01
6.950000000000003397e-02
6.610000000000001985e-02
7.459999999999998577e-02
4.790000000000008140e-02
1.397000000000000464e-01
1.609999999999999765e-01
1.627000000000000113e-01
1.372999999999999776e-01
4.499999999999999833e-02
4.620000000000003271e-02
6.750000000000000444e-02
6.450000000000002953e-02
8.139999999999995850e-02
9.029999999999994975e-02
9.019999999999996076e-02
1.238999999999999685e-01
1.612999999999999989e-01
9.669999999999998042e-02
7.699999999999991573e-02
1.001999999999999003e-01
5.839999999999996583e-02
6.399999999999998745e-02
1.719999999999999862e-01
1.445000000000000173e-01
1.352000000000000424e-01
1.507000000000000561e-01
2.313000000000000334e-01
7.365999999999999215e-01
3.619999999999999885e-01
2.393000000000000127e-01
2.197999999999999954e-01
1.653000000000000025e-01
1.521000000000000130e-01
1.403999999999999970e-01
1.117000000000000215e-01
8.470000000000003915e-02
9.899999999999994915e-02
8.410000000000000808e-02
1.154999999999999638e-01
1.103000000000000785e-01
4.990000000000005542e-02
1.097000000000000336e-01
1.693000000000000338e-01
8.809999999999998388e-02
8.499999999999996447e-02
9.160000000000002862e-02
9.340000000000002467e-02
6.869999999999998330e-02
1.581000000000000183e-01
1.195000000000000506e-01
1.266000000000000736e-01
1.628999999999999615e-01
6.879999999999988902e-02
7.439999999999991065e-02
1.230000000000000399e-01
9.310000000000000220e-02
8.760000000000003895e-02
3.429999999999999716e-02
7.190000000000004721e-02
1.242000000000000604e-01
8.569999999999997065e-02
5.859999999999995768e-02
1.002999999999999448e-01
1.222999999999999365e-01
5.989999999999989777e-02
5.689999999999992286e-02
7.420000000000001594e-02
7.220000000000001417e-02
1.020000000000000351e-01
1.052999999999999770e-01
9.709999999999995024e-02
6.850000000000001921e-02
6.339999999999995639e-02
6.120000000000000440e-02
9.940000000000001612e-02
8.629999999999996008e-02
8.889999999999997904e-02
7.559999999999994502e-02
5.399999999999993694e-02
6.289999999999998370e-02
7.590000000000007851e-02
8.390000000000005786e-02
7.960000000000000409e-02
9.020000000000000240e-02
6.620000000000003659e-02
4.250000000000003775e-02
6.189999999999992730e-02
7.219999999999998641e-02
8.800000000000007816e-02
3.430000000000005267e-02
1.161999999999999839e-01
8.860000000000002596e-02
1.193000000000000865e-01
1.969999999999999529e-01
6.390000000000001235e-02
6.079999999999995131e-02
7.040000000000000424e-02
5.059999999999995057e-02
1.100999999999999895e-01
1.301999999999999824e-01
8.510000000000000897e-02
1.736000000000000043e-01
1.677999999999999770e-01
4.159999999999994258e-02
5.170000000000002371e-02
7.310000000000005382e-02
8.349999999999999090e-02
1.012999999999999734e-01
9.349999999999997202e-02
7.059999999999999609e-02
1.328000000000000014e-01
4.979999999999995541e-02
7.899999999999998690e-02
5.579999999999998850e-02
4.410000000000011133e-02
5.490000000000005986e-02
7.139999999999985247e-02
6.789999999999996039e-02
4.150000000000009237e-02
8.430000000000009708e-02
4.039999999999993596e-02
6.489999999999995772e-02
5.250000000000004663e-02
8.880000000000001781e-02
3.889999999999999014e-02
