5.936000000000000165e-01
3.240000000000000657e-01
1.833999999999999242e-01
1.175999999999999546e-01
4.870000000000002105e-02
1.606999999999998985e-01
8.909999999999998477e-02
2.859999999999993797e-02
8.430000000000001381e-02
1.260999999999999899e-01
4.280000000000003940e-02
4.890000000000000596e-02
3.099999999999999284e-02
4.029999999999998861e-02
4.559999999999998777e-02
6.989999999999993441e-02
8.340000000000002967e-02
7.649999999999998468e-02
7.429999999999992166e-02
2.980000000000009377e-02
6.940000000000001723e-02
7.159999999999996922e-02
1.073999999999999955e-01
6.259999999999997511e-02
4.820000000000002061e-02
5.569999999999995788e-02
8.000000000000000167e-02
2.659999999999999865e-02
7.990000000000002656e-02
5.750000000000003719e-02
4.370000000000000273e-02
1.085000000000000131e-01
4.929999999999998272e-02
6.870000000000001106e-02
8.399999999999996358e-02
6.420000000000000706e-02
8.440000000000008606e-02
1.248000000000000914e-01
5.849999999999999645e-02
5.119999999999996776e-02
4.769999999999996465e-02
4.500000000000002609e-02
6.530000000000001081e-02
8.429999999999998606e-02
8.640000000000000457e-02
4.639999999999996211e-02
4.359999999999999293e-02
7.280000000000004523e-02
6.770000000000001017e-02
2.519999999999996548e-02
6.209999999999997466e-02
4.579999999999996574e-02
4.389999999999998764e-02
4.919999999999996598e-02
3.270000000000002072e-02
1.307000000000000384e-01
1.389000000000000234e-01
4.470000000000007995e-02
6.980000000000005644e-02
5.380000000000002142e-02
3.650000000000006017e-02
7.010000000000005116e-02
1.279999999999997806e-02
6.710000000000004849e-02
4.499999999999997058e-02
5.819999999999996010e-02
3.910000000000000281e-02
4.240000000000001407e-02
3.989999999999995633e-02
7.620000000000001772e-02
6.089999999999998193e-02
6.170000000000008117e-02
5.920000000000007895e-02
7.169999999999999984e-02
7.139999999999990798e-02
9.519999999999997908e-02
6.919999999999998375e-02
6.900000000000003353e-02
1.359999999999999543e-01
7.990000000000004043e-02
1.035000000000000087e-01
2.360000000000002374e-02
7.740000000000002434e-02
1.247000000000000747e-01
3.160000000000004472e-02
5.150000000000001799e-02
7.989999999999997105e-02
2.450000000000004952e-02
6.749999999999999056e-02
4.350000000000006639e-02
6.080000000000002069e-02
3.859999999999999543e-02
3.810000000000005049e-02
6.679999999999995663e-02
3.199999999999993128e-02
5.069999999999998119e-02
1.056999999999999745e-01
4.350000000000003864e-02
5.650000000000004324e-02
3.850000000000001338e-02
7.170000000000002760e-02
9.030000000000003302e-02
8.619999999999998497e-02
8.670000000000005480e-02
4.219999999999997364e-02
8.520000000000001183e-02
4.100000000000003642e-02
2.789999999999997343e-02
6.769999999999996854e-02
5.650000000000000855e-02
8.809999999999991449e-02
7.979999999999992655e-02
5.079999999999998406e-02
9.370000000000001938e-02
1.012999999999999734e-01
4.120000000000001439e-02
9.109999999999994491e-02
1.259999999999999454e-01
1.362000000000000433e-01
9.830000000000006788e-02
5.339999999999998914e-02
2.289999999999997940e-02
3.239999999999988028e-02
6.800000000000001876e-02
5.860000000000009646e-02
2.349999999999999659e-02
5.849999999999999645e-02
4.129999999999995480e-02
1.659999999999998282e-02
3.559999999999991643e-02
8.939999999999997948e-02
3.910000000000000975e-02
6.350000000000008415e-02
7.049999999999997935e-02
4.409999999999997256e-02
1.853000000000000203e-01
9.229999999999990989e-02
5.290000000000004421e-02
4.439999999999987013e-02
1.923000000000001930e-01
4.589999999999994779e-02
5.330000000000009730e-02
9.240000000000003766e-02
6.309999999999994780e-02
8.030000000000009353e-02
4.573000000000000953e-01
2.448000000000000176e-01
1.668000000000000593e-01
1.989000000000000212e-01
1.443000000000002059e-01
7.809999999999990561e-02
7.969999999999993756e-02
9.119999999999980900e-02
6.799999999999981060e-02
7.079999999999980753e-02
1.020000000000001045e-01
5.730000000000003146e-02
3.789999999999987823e-02
9.469999999999981211e-02
4.979999999999981664e-02
5.250000000000005357e-02
6.229999999999997345e-02
6.210000000000014814e-02
1.131999999999998840e-01
1.416999999999999371e-01
9.749999999999983680e-02
9.779999999999994253e-02
1.182999999999998220e-01
1.458000000000002350e-01
6.729999999999991545e-02
7.649999999999992917e-02
1.290000000000000868e-01
1.321000000000000230e-01
5.319999999999995566e-02
5.429999999999993859e-02
3.369999999999995915e-02
1.136999999999999539e-01
1.145999999999999380e-01
6.809999999999993836e-02
