3.747999999999999665e-01
1.447000000000000230e-01
2.182000000000000051e-01
1.685999999999999721e-01
5.049999999999998934e-02
5.999999999999998390e-02
5.739999999999997882e-02
2.030000000000001248e-02
5.050000000000001016e-02
1.456999999999999962e-01
2.498999999999999555e-01
9.039999999999999425e-02
1.968999999999999639e-01
1.770000000000000184e-01
9.210000000000001519e-02
1.238999999999999962e-01
5.879999999999998422e-02
1.244000000000000383e-01
1.655999999999999694e-01
1.630999999999999672e-01
8.859999999999994269e-02
9.999999999999997780e-02
7.909999999999997589e-02
8.989999999999999380e-02
1.131000000000000061e-01
8.749999999999998057e-02
1.173999999999999905e-01
9.589999999999999913e-02
5.910000000000002057e-02
6.729999999999999871e-02
3.530000000000001192e-02
1.143000000000000127e-01
1.035000000000000087e-01
1.599999999999999756e-01
1.194999999999999674e-01
9.379999999999998062e-02
5.770000000000005680e-02
9.390000000000001124e-02
9.049999999999999711e-02
1.378999999999999670e-01
1.754000000000000004e-01
5.109999999999999265e-02
1.313999999999999613e-01
6.539999999999998592e-02
4.140000000000000624e-02
4.050000000000000822e-02
7.670000000000001816e-02
9.979999999999999982e-02
7.530000000000003357e-02
1.096999999999999920e-01
5.840000000000000052e-02
8.200000000000000344e-02
1.536000000000000143e-01
8.550000000000002043e-02
6.899999999999999190e-02
9.439999999999998392e-02
8.980000000000001870e-02
1.691000000000000003e-01
9.309999999999997444e-02
9.300000000000002709e-02
1.981999999999999873e-01
2.281999999999999862e-01
3.236999999999999877e-01
2.099999999999999922e-01
3.880000000000002197e-02
7.060000000000002385e-02
3.640000000000000874e-02
9.880000000000002669e-02
9.009999999999998566e-02
8.739999999999999158e-02
1.389000000000000234e-01
8.870000000000005658e-02
1.060000000000000386e-01
7.489999999999998048e-02
1.312000000000000388e-01
1.024999999999999523e-01
6.909999999999999476e-02
7.269999999999994522e-02
8.470000000000002527e-02
6.920000000000001150e-02
7.520000000000001683e-02
7.210000000000001130e-02
1.037000000000000005e-01
6.309999999999998943e-02
1.631999999999999840e-01
9.559999999999999054e-02
1.083000000000000906e-01
1.829000000000000625e-01
9.910000000000002141e-02
4.679999999999999438e-02
1.018999999999999628e-01
1.213999999999999524e-01
1.491999999999999715e-01
1.262000000000000344e-01
8.150000000000004463e-02
3.949999999999998651e-02
7.640000000000010671e-02
8.690000000000000502e-02
7.810000000000001663e-02
1.577000000000000346e-01
2.304000000000000214e-01
9.009999999999998566e-02
3.839999999999994806e-02
5.169999999999998208e-02
7.070000000000004059e-02
8.390000000000003011e-02
6.180000000000002158e-02
1.796000000000000096e-01
1.558000000000000218e-01
1.326000000000000234e-01
1.376000000000000556e-01
5.840000000000000052e-02
5.710000000000002573e-02
4.469999999999998974e-02
7.799999999999997213e-02
9.970000000000001084e-02
1.514000000000000068e-01
9.460000000000000353e-02
9.460000000000001741e-02
1.205999999999999850e-01
1.407999999999999807e-01
8.559999999999996778e-02
5.039999999999995872e-02
7.869999999999995055e-02
1.722999999999999809e-01
1.050999999999999018e-01
1.053999999999998965e-01
1.247999999999999943e-01
9.889999999999998792e-02
1.382000000000000173e-01
2.358000000000000373e-01
1.846300000000000274e+00
9.986999999999999211e-01
2.143999999999999240e-01
1.328000000000000014e-01
1.348999999999999644e-01
8.689999999999994951e-02
1.228999999999999537e-01
1.251999999999999225e-01
6.370000000000003437e-02
8.319999999999994067e-02
1.026000000000001078e-01
7.500000000000001110e-02
1.177999999999999881e-01
8.350000000000001865e-02
3.330000000000010729e-02
9.350000000000005529e-02
6.440000000000006830e-02
9.090000000000003633e-02
8.810000000000009490e-02
7.380000000000011551e-02
9.329999999999996629e-02
1.108000000000000235e-01
1.210999999999999299e-01
7.690000000000010716e-02
9.329999999999996629e-02
8.450000000000006117e-02
1.016999999999999849e-01
1.668000000000001148e-01
6.890000000000005842e-02
1.300000000000000044e-01
1.195000000000000645e-01
9.570000000000003504e-02
1.174000000000000044e-01
1.379999999999999005e-01
1.366999999999999327e-01
1.373999999999999944e-01
6.620000000000000884e-02
8.499999999999997835e-02
1.626000000000000223e-01
1.283999999999999031e-01
6.649999999999997580e-02
6.079999999999996518e-02
1.374999999999999001e-01
1.023000000000000159e-01
7.519999999999996132e-02
1.101999999999999647e-01
7.829999999999993909e-02
1.511000000000000676e-01
