2.260000000000000064e-01
1.633999999999999897e-01
6.550000000000000266e-02
3.860000000000000930e-02
2.569999999999999715e-02
5.700000000000000899e-02
1.282999999999999974e-01
1.363000000000000045e-01
1.484000000000000041e-01
8.579999999999998739e-02
5.769999999999998047e-02
1.036999999999999728e-01
7.600000000000001199e-02
5.219999999999998946e-02
2.069999999999998924e-02
5.200000000000000455e-02
7.829999999999999460e-02
4.430000000000000604e-02
8.449999999999999178e-02
9.490000000000001212e-02
7.919999999999999263e-02
4.769999999999997853e-02
1.896999999999999797e-01
1.240999999999999881e-01
6.729999999999998483e-02
1.309999999999999776e-01
8.979999999999999094e-02
5.089999999999997304e-02
1.021999999999999992e-01
8.770000000000001406e-02
4.320000000000001616e-02
7.160000000000001086e-02
8.589999999999999025e-02
7.930000000000002325e-02
4.940000000000001334e-02
6.179999999999998689e-02
9.420000000000000595e-02
8.859999999999999820e-02
6.260000000000001674e-02
8.759999999999998344e-02
7.950000000000001510e-02
1.302999999999999714e-01
1.704999999999999849e-01
1.280999999999999917e-01
8.229999999999999816e-02
1.019000000000000045e-01
1.290999999999999925e-01
1.123999999999999860e-01
1.654000000000000192e-01
1.540999999999999870e-01
9.729999999999999760e-02
5.969999999999998225e-02
6.040000000000002311e-02
1.190999999999999837e-01
1.168999999999999900e-01
1.228999999999999815e-01
1.060999999999999999e-01
1.066999999999999893e-01
8.320000000000001006e-02
1.156000000000000222e-01
7.950000000000001510e-02
1.565000000000000280e-01
1.088000000000000078e-01
1.059999999999999831e-01
1.327999999999999736e-01
1.157999999999999863e-01
1.103999999999999843e-01
9.380000000000002225e-02
8.779999999999998916e-02
9.310000000000001608e-02
1.299000000000000155e-01
1.200999999999999845e-01
9.959999999999999409e-02
1.281999999999999806e-01
9.779999999999994253e-02
1.219999999999999557e-01
1.430000000000000160e-01
6.920000000000001150e-02
1.454000000000000292e-01
1.168000000000000149e-01
9.940000000000001612e-02
1.017000000000000265e-01
5.049999999999999628e-02
5.019999999999997381e-02
9.479999999999999538e-02
3.860000000000002318e-02
1.091000000000000025e-01
1.028000000000000025e-01
1.120999999999999913e-01
1.407000000000000473e-01
1.397000000000000464e-01
1.202000000000000013e-01
8.599999999999996536e-02
9.719999999999998086e-02
8.379999999999998561e-02
8.900000000000002354e-02
4.000000000000005634e-02
7.649999999999998468e-02
8.490000000000004488e-02
9.160000000000001474e-02
1.259999999999999454e-01
1.133000000000000396e-01
9.230000000000000704e-02
1.253999999999999837e-01
1.152999999999999581e-01
1.143000000000000127e-01
1.661000000000000532e-01
1.674000000000000210e-01
1.371000000000000274e-01
2.035000000000000142e-01
2.105000000000000204e-01
1.639000000000000457e-01
1.633999999999999897e-01
1.284000000000000141e-01
8.319999999999998230e-02
8.819999999999997287e-02
8.469999999999999751e-02
3.530000000000001886e-02
9.559999999999999054e-02
4.340000000000000108e-02
7.669999999999996265e-02
6.189999999999996200e-02
9.379999999999996674e-02
4.370000000000001661e-02
6.830000000000005511e-02
8.870000000000002882e-02
9.489999999999999825e-02
9.159999999999998699e-02
1.590000000000000024e-01
1.701999999999999902e-01
1.253000000000000225e-01
7.610000000000002873e-02
7.600000000000001199e-02
8.920000000000000151e-02
1.522999999999999632e-01
2.010000000000000397e-01
1.730999999999999761e-01
9.360000000000001652e-02
3.729999999999999982e-02
6.950000000000000622e-02
1.522999999999999632e-01
1.662999999999999479e-01
1.290000000000000036e-01
1.132999999999999563e-01
5.889999999999993852e-02
9.379999999999993898e-02
1.475000000000000200e-01
1.058000000000000052e-01
1.257000000000000339e-01
1.404000000000000803e-01
1.386000000000000287e-01
7.300000000000000933e-02
9.430000000000002269e-02
5.380000000000002836e-02
5.740000000000002739e-02
5.989999999999998104e-02
1.118000000000000105e-01
1.099000000000000532e-01
1.544000000000000095e-01
6.240000000000001101e-02
6.419999999999995155e-02
7.929999999999998161e-02
1.014000000000000179e-01
1.201000000000000123e-01
1.158000000000000418e-01
1.221000000000000280e-01
1.333000000000000296e-01
9.360000000000008591e-02
8.200000000000004508e-02
8.180000000000001159e-02
1.127000000000000640e-01
1.794000000000000317e-01
1.975999999999999979e-01
1.723999999999999977e-01
1.188000000000000167e-01
1.489999999999999658e-01
8.990000000000003544e-02
1.353999999999999926e-01
7.400000000000002409e-02
