4.243999999999999995e-01
6.720000000000000973e-02
1.784000000000000030e-01
1.242999999999999661e-01
9.109999999999997267e-02
1.102999999999999536e-01
1.714999999999999303e-01
1.165999999999999814e-01
1.075000000000000122e-01
1.156999999999999973e-01
1.658999999999999919e-01
2.348999999999999977e-01
2.056999999999999940e-01
1.562999999999999945e-01
1.543999999999999817e-01
1.554999999999999716e-01
1.365000000000000102e-01
1.333999999999999908e-01
1.886999999999999789e-01
9.519999999999999296e-02
1.698000000000000065e-01
1.540999999999999592e-01
7.650000000000002631e-02
1.127000000000000363e-01
1.761000000000000065e-01
1.330999999999999961e-01
6.620000000000003659e-02
4.610000000000002290e-02
2.064000000000000001e-01
1.776000000000000356e-01
1.251000000000000445e-01
9.720000000000003637e-02
1.112999999999999823e-01
1.370999999999999719e-01
1.468999999999999750e-01
1.204999999999999960e-01
1.313999999999999613e-01
1.312999999999999723e-01
1.006999999999999978e-01
1.370999999999999996e-01
9.210000000000001519e-02
9.349999999999999978e-02
8.809999999999998388e-02
1.058999999999999803e-01
6.959999999999999520e-02
1.065000000000000530e-01
1.035000000000000364e-01
9.180000000000000659e-02
9.229999999999999316e-02
7.629999999999997895e-02
9.900000000000000466e-02
1.627000000000000668e-01
1.381000000000000283e-01
1.179000000000000048e-01
1.389000000000000234e-01
9.530000000000002358e-02
8.669999999999999929e-02
8.569999999999999840e-02
6.080000000000003457e-02
1.305999999999999939e-01
1.239999999999999714e-01
7.970000000000000695e-02
7.880000000000002280e-02
9.629999999999999671e-02
1.089000000000000523e-01
7.220000000000001417e-02
9.770000000000000906e-02
9.929999999999999938e-02
1.322999999999999732e-01
8.519999999999999796e-02
1.138999999999999457e-01
9.740000000000000047e-02
8.130000000000001115e-02
7.759999999999996068e-02
7.870000000000001994e-02
1.342000000000000415e-01
1.119000000000000133e-01
2.880000000000000615e-02
9.410000000000004472e-02
1.105000000000000426e-01
1.391999999999999904e-01
1.194999999999999812e-01
1.009000000000000313e-01
8.870000000000000107e-02
6.730000000000004035e-02
1.096000000000000585e-01
1.531000000000000416e-01
1.397999999999999798e-01
1.048999999999999655e-01
9.940000000000001612e-02
7.460000000000001352e-02
1.124000000000000138e-01
1.347999999999999754e-01
6.179999999999996607e-02
8.789999999999999203e-02
9.069999999999998896e-02
7.760000000000003006e-02
9.419999999999995044e-02
8.480000000000004201e-02
9.369999999999999163e-02
8.469999999999996976e-02
6.910000000000002252e-02
1.042000000000000287e-01
9.370000000000001938e-02
1.033999999999999642e-01
1.072999999999999371e-01
8.430000000000002769e-02
1.054999999999999966e-01
8.380000000000001337e-02
6.950000000000003397e-02
4.899999999999998801e-02
1.716999999999999638e-01
8.719999999999999973e-02
3.089999999999996916e-02
3.070000000000000853e-02
1.450000000000001635e-02
9.089999999999999469e-02
1.381999999999999618e-01
1.642999999999999461e-01
5.430000000000001492e-02
2.442999999999999616e-01
2.343999999999999972e-01
9.500000000000004274e-02
4.620000000000001883e-02
6.979999999999997318e-02
8.299999999999993494e-02
3.709999999999998022e-02
6.700000000000003175e-02
4.020000000000004819e-02
1.005000000000000338e-01
9.440000000000001168e-02
9.040000000000003588e-02
8.249999999999999001e-02
1.254000000000000115e-01
3.209999999999998965e-02
1.134999999999999620e-01
1.267000000000000348e-01
8.389999999999996072e-02
6.409999999999996256e-02
8.949999999999996847e-02
6.980000000000000093e-02
7.520000000000000295e-02
1.126999999999999530e-01
8.119999999999993889e-02
8.650000000000002132e-02
9.089999999999998082e-02
1.298999999999999877e-01
8.899999999999996803e-02
7.679999999999995164e-02
7.979999999999996818e-02
5.929999999999999855e-02
7.910000000000004527e-02
6.650000000000003131e-02
6.159999999999996034e-02
7.729999999999992433e-02
6.529999999999998306e-02
1.208000000000000046e-01
5.560000000000001746e-02
1.444000000000000006e-01
1.323999999999999622e-01
6.970000000000001195e-02
3.930000000000000160e-02
1.373000000000000054e-01
1.225000000000000255e-01
1.392000000000000459e-01
1.514999999999999958e-01
1.689999999999999836e-01
9.030000000000003302e-02
1.051000000000000267e-01
1.199000000000000205e-01
7.280000000000000360e-02
9.710000000000003351e-02
1.051999999999999741e-01
1.388999999999999957e-01
7.370000000000001550e-02
9.029999999999994975e-02
1.233999999999999958e-01
7.590000000000002300e-02
9.770000000000005069e-02
