2.792000000000000037e-01
4.714999999999999747e-01
2.191999999999999782e-01
1.362000000000000155e-01
1.844999999999999973e-01
9.870000000000000995e-02
3.349999999999998118e-02
1.240000000000000269e-01
1.091999999999999915e-01
9.949999999999999123e-02
1.394000000000000239e-01
1.021999999999999575e-01
9.819999999999998175e-02
2.930999999999999162e-01
2.249000000000000721e-01
3.389000000000000346e-01
3.636000000000000898e-01
1.125999999999999779e-01
6.779999999999994365e-02
1.028000000000001135e-01
1.221000000000000418e-01
1.127000000000000779e-01
1.071999999999999897e-01
7.019999999999997076e-02
1.054999999999999827e-01
6.799999999999997713e-02
5.580000000000004401e-02
1.399000000000000243e-01
1.987000000000000155e-01
1.207000000000000017e-01
6.829999999999991633e-02
9.100000000000003919e-02
1.511999999999999456e-01
8.979999999999996319e-02
5.940000000000002223e-02
1.137000000000000094e-01
1.173999999999999627e-01
7.290000000000002034e-02
9.419999999999997820e-02
1.631999999999999840e-01
2.222999999999999976e-01
2.005999999999999450e-01
1.262999999999999678e-01
2.326000000000000290e-01
7.339999999999993752e-02
1.149000000000000299e-01
1.209999999999999687e-01
7.380000000000000449e-02
9.610000000000003262e-02
8.169999999999996709e-02
1.169000000000000039e-01
8.780000000000000304e-02
8.099999999999993316e-02
7.890000000000016445e-02
9.159999999999991760e-02
6.890000000000012781e-02
7.259999999999999787e-02
5.269999999999994134e-02
1.103999999999999981e-01
1.985000000000000098e-01
1.867000000000000326e-01
1.305999999999999939e-01
2.128999999999999226e-01
6.199999999999991629e-02
8.470000000000010854e-02
8.680000000000002991e-02
1.417000000000001037e-01
5.099999999999989264e-02
2.448000000000001286e-01
7.380000000000007387e-02
1.804000000000000048e-01
6.729999999999994320e-02
1.653999999999999082e-01
2.053000000000000658e-01
1.548000000000000487e-01
1.845000000000001084e-01
1.313999999999999613e-01
1.305000000000000604e-01
2.270999999999999963e-01
9.620000000000000773e-02
9.429999999999995330e-02
9.280000000000002136e-02
3.530000000000009519e-02
1.163999999999998786e-01
2.624999999999999556e-01
2.210999999999999077e-01
1.078000000000000347e-01
4.125999999999999668e-01
1.253000000000000502e-01
1.902000000000001190e-01
1.108999999999999986e-01
1.948999999999999899e-01
1.257999999999999674e-01
1.695000000000000950e-01
2.302000000000000157e-01
3.760000000000006393e-02
1.150999999999999801e-01
1.623999999999999611e-01
2.550999999999999934e-01
1.550000000000000266e-01
1.601999999999998980e-01
1.342999999999999750e-01
8.740000000000000546e-02
2.836999999999997857e-01
1.443999999999999451e-01
1.168000000000000982e-01
1.207000000000001128e-01
2.039999999999999591e-01
7.200000000000000844e-02
8.390000000000000235e-02
1.571000000000000452e-01
1.529000000000000081e-01
3.679999999999985366e-02
5.069999999999990486e-02
5.450000000000011779e-02
6.370000000000014539e-02
1.866000000000000991e-01
1.104000000000002063e-01
1.427999999999999547e-01
1.116000000000001297e-01
1.662000000000000699e-01
2.165000000000001090e-01
1.571000000000000729e-01
3.088999999999999524e-01
1.019999999999999657e-01
1.084000000000001768e-01
1.328999999999998516e-01
1.492999999999999883e-01
1.118999999999999995e-01
8.630000000000001559e-02
1.467000000000001636e-01
1.633999999999999064e-01
3.226999999999999313e-01
7.348999999999998867e-01
1.478999999999998649e-01
7.539999999999981439e-02
1.007999999999998481e-01
1.337999999999999468e-01
5.810000000000004744e-02
1.106000000000000733e-01
3.022000000000000242e-01
1.203000000000002401e-01
9.100000000000009470e-02
8.709999999999981646e-02
1.673000000000000043e-01
4.770000000000000628e-02
8.889999999999993741e-02
1.177999999999999603e-01
2.358000000000000929e-01
8.761999999999999789e-01
3.741000000000000436e-01
2.420999999999998153e-01
2.093000000000000416e-01
2.852999999999998315e-01
1.193000000000000033e-01
7.160000000000019127e-02
1.087999999999998968e-01
1.438000000000000667e-01
1.448000000000001508e-01
1.041999999999999732e-01
2.371000000000000885e-01
1.668000000000002536e-01
2.707999999999999297e-01
9.960000000000013287e-02
8.373999999999999222e-01
4.695000000000001394e-01
2.409999999999998255e-01
1.261000000000000454e-01
2.056000000000000050e-01
1.104000000000002618e-01
7.519999999999987805e-02
2.232000000000000095e-01
8.270000000000010676e-02
1.082999999999998547e-01
1.004999999999998811e-01
6.439999999999992952e-02
2.105999999999996486e-01
1.738999999999999713e-01
1.296000000000001595e-01
