5.984000000000000430e-01
9.040000000000000813e-02
9.219999999999997642e-02
2.417999999999999872e-01
1.361000000000000265e-01
8.819999999999997287e-02
1.333999999999999908e-01
9.890000000000000180e-02
9.379999999999998062e-02
7.330000000000001792e-02
1.769000000000000017e-01
2.496000000000000163e-01
9.439999999999998392e-02
2.292999999999999761e-01
1.703000000000000624e-01
1.578999999999999848e-01
1.012999999999999734e-01
1.051999999999999880e-01
9.130000000000002003e-02
8.230000000000001203e-02
8.059999999999997722e-02
1.058999999999999941e-01
1.023000000000000020e-01
2.029999999999999860e-01
3.457000000000000073e-01
1.948000000000000564e-01
1.115999999999999909e-01
9.710000000000001963e-02
6.040000000000002311e-02
9.129999999999996452e-02
1.515000000000000235e-01
1.430000000000000160e-01
2.068000000000000393e-01
1.510000000000000231e-01
1.620000000000000329e-01
2.333000000000000074e-01
3.720999999999999863e-01
1.379999999999999283e-01
3.023000000000000131e-01
5.920000000000000262e-02
7.500000000000008049e-02
2.434000000000000608e-01
2.479999999999999982e-01
9.780000000000002580e-02
6.299999999999991718e-02
1.729999999999998206e-02
1.698000000000000342e-01
2.359999999999999598e-01
2.445000000000000229e-01
1.285000000000000031e-01
2.839000000000000412e-01
2.712999999999999856e-01
1.558000000000000218e-01
5.990000000000000185e-02
2.001000000000000001e-01
1.171999999999999986e-01
3.094999999999999418e-01
1.441999999999999393e-01
1.454999999999999627e-01
1.208000000000000740e-01
1.354999999999999261e-01
1.389999999999999847e-01
1.843999999999999528e-01
2.898999999999999910e-01
8.230000000000003979e-02
1.559000000000000385e-01
3.821999999999999287e-01
3.810999999999999388e-01
9.640000000000001346e-02
9.329999999999992466e-02
6.199999999999995792e-02
8.920000000000002927e-02
2.909999999999999809e-01
2.114999999999999936e-01
1.186999999999999861e-01
8.230000000000002591e-02
1.288000000000000256e-01
6.599999999999997535e-02
8.279999999999995697e-02
1.224000000000000088e-01
1.354000000000000203e-01
7.560000000000000053e-02
2.819999999999996121e-02
5.769999999999995965e-02
8.360000000000004927e-02
2.840999999999999637e-01
4.645999999999999575e-01
1.524000000000000077e-01
1.209000000000000075e-01
7.830000000000006399e-02
4.660000000000000253e-02
8.680000000000002991e-02
6.480000000000002425e-02
6.119999999999998774e-01
4.786000000000000254e-01
1.868999999999999828e-01
3.851999999999999869e-01
4.965999999999999859e-01
1.001000000000000223e-01
3.836999999999999855e-01
3.477000000000000091e-01
1.081000000000000016e-01
8.790000000000001978e-02
6.309999999999998943e-02
1.584999999999999742e-01
2.495999999999999330e-01
1.111999999999999933e-01
2.432999999999999885e-01
3.473999999999999311e-01
1.867999999999999661e-01
6.487000000000000544e-01
8.244000000000000217e-01
4.555000000000000715e-01
6.269999999999992246e-02
9.850000000000000422e-02
7.099999999999993816e-02
1.147000000000000519e-01
3.479999999999999066e-02
2.979999999999999871e-01
6.159999999999998116e-02
1.874000000000000110e-01
2.917999999999999483e-01
2.514000000000000123e-01
3.198999999999999622e-01
5.026000000000000467e-01
6.107000000000000206e-01
1.708999999999999964e-01
1.390000000000000124e-01
6.790000000000000202e-02
4.900000000000006434e-02
1.622999999999999998e-01
1.209999999999999687e-01
1.726999999999999647e-01
1.542999999999999650e-01
1.421999999999999931e-01
1.280000000000000027e-01
5.580000000000001625e-02
1.355999999999999428e-01
4.960000000000002601e-02
1.383999999999999675e-01
4.750000000000001443e-02
1.150999999999999940e-01
1.580999999999999628e-01
1.425999999999999768e-01
1.562999999999999945e-01
1.722999999999999532e-01
4.335999999999999299e-01
3.369999999999999662e-01
3.754999999999999449e-01
1.971999999999999864e-01
1.773000000000000131e-01
1.839000000000000079e-01
1.103000000000000369e-01
1.097799999999999887e+00
1.667899999999999938e+00
1.088000000000000633e-01
2.810000000000000830e-01
1.436000000000000054e-01
9.419999999999995044e-02
1.238999999999999685e-01
1.864000000000000379e-01
8.190000000000000058e-02
9.450000000000001454e-02
1.011000000000000648e-01
1.396000000000000296e-01
1.005999999999999811e-01
1.559999999999999720e-01
1.628000000000000835e-01
3.685999999999999832e-01
3.552000000000000712e-01
3.995000000000000773e-01
3.765999999999999903e-01
1.820999999999999841e-01
2.031999999999999917e-01
2.306999999999999607e-01
4.138999999999999346e-01
3.126999999999999225e-01
9.529999999999994031e-02
2.067000000000000781e-01
