3.091999999999999749e-01
8.789999999999999203e-02
6.120000000000002521e-02
4.750000000000001443e-02
5.150000000000000411e-02
4.880000000000001004e-02
2.849999999999999062e-02
4.669999999999999152e-02
6.140000000000001013e-02
3.910000000000000975e-02
5.780000000000001803e-02
6.110000000000000847e-02
6.339999999999998415e-02
5.599999999999999423e-02
7.899999999999998690e-02
5.190000000000000863e-02
4.829999999999998184e-02
4.139999999999999236e-02
5.570000000000001339e-02
4.669999999999999152e-02
5.740000000000001351e-02
4.470000000000001750e-02
5.069999999999998119e-02
8.549999999999997879e-02
6.989999999999996216e-02
8.539999999999997593e-02
6.960000000000002296e-02
5.830000000000002541e-02
4.590000000000001718e-02
6.709999999999997911e-02
4.929999999999998272e-02
3.740000000000000269e-02
7.830000000000000848e-02
4.250000000000000999e-02
4.989999999999999297e-02
7.069999999999999896e-02
2.370000000000000578e-02
8.809999999999998388e-02
7.849999999999998646e-02
7.019999999999998463e-02
8.649999999999999356e-02
9.210000000000002907e-02
1.099000000000000254e-01
9.130000000000003391e-02
8.669999999999999929e-02
2.460000000000000242e-01
1.466000000000000636e-01
1.041000000000000258e-01
1.058999999999999941e-01
9.799999999999994826e-02
1.032999999999999891e-01
1.068000000000000060e-01
1.013000000000000289e-01
1.404000000000000248e-01
1.231999999999999901e-01
1.565000000000000280e-01
1.378000000000000058e-01
1.452999999999999570e-01
9.659999999999999143e-02
8.199999999999997569e-02
5.380000000000000060e-02
1.771999999999999964e-01
6.098000000000001197e-01
1.436999999999999944e-01
6.689999999999990399e-02
8.379999999999998561e-02
1.208999999999999519e-01
1.209000000000000075e-01
5.960000000000000020e-02
8.130000000000001115e-02
8.939999999999999336e-02
5.940000000000005692e-02
5.860000000000002707e-02
4.999999999999996114e-02
6.569999999999999452e-02
9.329999999999991078e-02
3.720000000000001084e-02
8.349999999999999090e-02
1.245000000000000551e-01
1.802999999999999603e-01
6.869999999999994167e-02
1.379000000000000781e-01
1.509000000000000064e-01
1.187000000000000277e-01
3.240000000000003988e-02
7.230000000000000315e-02
8.819999999999995899e-02
3.260000000000000397e-02
2.529999999999994059e-02
5.049999999999999628e-02
6.649999999999992029e-02
2.440000000000000502e-02
7.970000000000000695e-02
7.089999999999993530e-02
8.279999999999991533e-02
6.319999999999990903e-02
4.079999999999987803e-02
8.380000000000006888e-02
1.214000000000000218e-01
7.659999999999995979e-02
4.499999999999997058e-02
4.350000000000005251e-02
6.079999999999995131e-02
2.620000000000001841e-02
3.630000000000002669e-02
7.949999999999993183e-02
4.560000000000005022e-02
2.480000000000005117e-02
5.240000000000000213e-02
5.669999999999997264e-02
4.199999999999996098e-02
5.830000000000003929e-02
7.880000000000003668e-02
6.810000000000000775e-02
5.910000000000002057e-02
7.080000000000000182e-02
4.269999999999998797e-02
7.469999999999998863e-02
6.109999999999994602e-02
3.660000000000002141e-02
7.259999999999998399e-02
8.590000000000000413e-02
3.990000000000009511e-02
5.360000000000009202e-02
4.819999999999997203e-02
3.450000000000003064e-02
8.219999999999993978e-02
1.480999999999998984e-01
3.529999999999994253e-02
1.753999999999999448e-01
1.046000000000000124e-01
7.860000000000008646e-02
7.500000000000010825e-02
4.550000000000005429e-02
4.609999999999998821e-02
4.820000000000004836e-02
5.400000000000005490e-02
5.300000000000000544e-02
1.537000000000000033e-01
1.329999999999999793e-01
9.390000000000001124e-02
7.100000000000002143e-02
7.240000000000003377e-02
4.900000000000005046e-02
5.579999999999991217e-02
2.244000000000000994e-01
2.561999999999999833e-01
5.880000000000004667e-02
6.090000000000000968e-02
1.157999999999999724e-01
8.309999999999997944e-02
7.950000000000000122e-02
7.299999999999999545e-02
4.300000000000004513e-02
6.180000000000002158e-02
3.880000000000006360e-02
2.869999999999998247e-02
4.530000000000000693e-02
2.759999999999999953e-02
6.689999999999998725e-02
4.180000000000001770e-02
7.820000000000000562e-02
5.040000000000001423e-02
4.270000000000000878e-02
4.680000000000002908e-02
6.919999999999998375e-02
3.690000000000002306e-02
6.260000000000004450e-02
6.359999999999996212e-02
2.499999999999995975e-02
3.820000000000000479e-02
1.004000000000000170e-01
1.131000000000000755e-01
7.379999999999997673e-02
7.370000000000001550e-02
4.620000000000000495e-02
7.889999999999995628e-02
5.950000000000003203e-02
2.983999999999999986e-01
