5.779000000000000803e-01
1.304999999999999494e-01
5.900000000000001077e-02
9.220000000000001805e-02
5.010000000000001952e-02
4.400000000000005296e-02
3.959999999999999631e-02
5.439999999999998309e-02
9.800000000000003153e-02
6.950000000000004785e-02
9.999999999999999167e-02
1.092000000000000054e-01
6.460000000000001852e-02
8.000000000000004330e-02
1.426000000000000323e-01
6.210000000000004405e-02
8.570000000000005391e-02
6.760000000000000731e-02
9.799999999999997602e-02
1.314000000000000168e-01
1.014999999999999930e-01
7.170000000000009699e-02
6.719999999999998197e-02
6.160000000000005749e-02
4.720000000000004053e-02
4.780000000000007854e-02
4.239999999999997937e-02
5.360000000000001569e-02
4.969999999999995255e-02
4.379999999999999172e-02
5.500000000000001416e-02
2.810000000000002079e-02
6.299999999999998657e-02
7.149999999999995248e-02
7.309999999999992892e-02
1.332999999999999741e-01
1.041000000000000675e-01
1.116000000000000186e-01
7.899999999999994527e-02
9.859999999999997933e-02
5.480000000000001537e-02
8.680000000000007154e-02
6.500000000000005773e-02
6.539999999999999980e-02
6.899999999999999190e-02
5.870000000000002299e-02
5.520000000000000601e-02
3.779999999999996557e-02
4.959999999999997744e-02
1.064000000000000640e-01
1.200000000000000372e-01
1.339999999999999802e-01
4.729999999999997401e-02
6.679999999999999827e-02
2.110000000000000417e-02
4.900000000000006434e-02
1.090000000000000135e-01
1.106000000000000594e-01
8.319999999999994067e-02
3.100000000000000672e-02
3.900000000000004852e-02
1.181000000000000244e-01
8.870000000000001494e-02
8.579999999999995963e-02
3.519999999999995355e-02
6.009999999999998677e-02
3.009999999999996359e-02
4.299999999999993411e-02
6.380000000000003724e-02
4.680000000000009153e-02
6.970000000000003970e-02
7.700000000000005451e-02
5.379999999999994509e-02
3.409999999999999143e-02
6.989999999999994829e-02
6.579999999999999738e-02
5.959999999999998632e-02
8.460000000000005016e-02
5.889999999999996627e-02
7.820000000000003337e-02
4.209999999999998466e-02
4.870000000000004881e-02
3.460000000000003351e-02
2.719999999999997420e-02
3.619999999999999607e-02
5.809999999999996417e-02
7.869999999999995055e-02
4.810000000000004550e-02
4.929999999999997579e-02
3.509999999999995068e-02
5.880000000000002586e-02
6.590000000000001412e-02
5.890000000000002178e-02
3.419999999999993878e-02
5.779999999999994864e-02
5.509999999999992681e-02
6.689999999999994562e-02
5.699999999999991185e-02
6.780000000000008242e-02
4.200000000000001649e-02
4.439999999999998115e-02
4.199999999999996791e-02
5.959999999999996551e-02
5.739999999999998576e-02
3.530000000000004662e-02
4.330000000000003985e-02
5.149999999999996247e-02
5.449999999999997208e-02
4.080000000000002375e-02
5.199999999999998374e-02
4.649999999999999967e-02
5.589999999999995667e-02
3.629999999999999893e-02
2.609999999999993575e-02
3.570000000000003726e-02
3.379999999999989957e-02
5.659999999999996978e-02
4.879999999999998922e-02
3.359999999999992160e-02
3.619999999999995444e-02
7.969999999999999307e-02
8.420000000000001095e-02
7.200000000000006395e-02
5.060000000000001996e-02
1.752000000000000224e-01
1.675999999999999712e-01
5.889999999999999680e-01
3.623999999999999999e-01
9.972000000000000863e-01
2.685999999999998944e-01
2.220999999999999364e-01
1.551999999999998381e-01
1.167999999999999317e-01
1.041999999999999871e-01
1.381999999999999895e-01
2.872999999999999443e-01
1.897000000000000353e-01
1.734000000000000818e-01
5.073999999999998511e-01
2.620000000000000107e-01
3.182999999999998608e-01
3.709999999999998022e-02
1.337999999999999745e-01
6.790000000000009917e-02
3.780000000000002802e-02
2.830000000000008897e-02
5.330000000000008342e-02
6.080000000000007621e-02
3.520000000000002294e-02
3.969999999999995755e-02
4.240000000000004876e-02
5.769999999999987639e-02
8.849999999999993983e-02
6.940000000000000335e-02
7.919999999999993712e-02
8.900000000000000966e-02
5.130000000000005389e-02
4.770000000000015894e-02
7.440000000000000779e-02
6.400000000000002909e-02
5.819999999999996010e-02
5.100000000000003142e-02
9.159999999999998699e-02
7.080000000000002958e-02
5.089999999999993141e-02
8.860000000000005371e-02
9.009999999999999953e-02
6.440000000000010993e-02
4.610000000000000209e-02
6.920000000000017804e-02
6.239999999999998326e-02
3.550000000000003153e-02
4.560000000000005715e-02
8.319999999999996843e-02
7.809999999999991949e-02
8.530000000000004245e-02
6.439999999999998503e-02
8.089999999999997193e-02
6.619999999999995333e-02
