3.548000000000000043e-01
1.767000000000000237e-01
6.439999999999999891e-02
8.229999999999998428e-02
1.076000000000000290e-01
9.809999999999997888e-02
7.970000000000000695e-02
3.229999999999999538e-01
1.569000000000000117e-01
7.610000000000000098e-02
5.490000000000001823e-02
6.389999999999997071e-02
8.879999999999999005e-02
5.489999999999998354e-02
6.369999999999995111e-02
6.140000000000003094e-02
6.150000000000003381e-02
1.166000000000000092e-01
6.690000000000005664e-02
5.349999999999999895e-02
1.686000000000000554e-01
5.040000000000008362e-02
7.430000000000007432e-02
6.889999999999996128e-02
4.830000000000000959e-02
1.324000000000000177e-01
4.990000000000004154e-02
6.709999999999993747e-02
1.097999999999999532e-01
6.750000000000000444e-02
7.649999999999999856e-02
1.202999999999998931e-01
1.089000000000000523e-01
9.090000000000006408e-02
1.254000000000000115e-01
1.009999999999999926e-01
1.220999999999999308e-01
6.659999999999999254e-02
4.050000000000009148e-02
7.619999999999997609e-02
1.459000000000000297e-01
1.220000000000000112e-01
1.677999999999998937e-01
1.164999999999998814e-01
4.560000000000012654e-02
4.009999999999991349e-02
4.409999999999997256e-02
6.759999999999999343e-02
6.129999999999997951e-02
2.849999999999991429e-02
1.051999999999999463e-01
8.629999999999998783e-02
8.679999999999997440e-02
4.470000000000005913e-02
4.269999999999991858e-02
7.729999999999995208e-02
8.329999999999998517e-02
9.490000000000002600e-02
1.182000000000000134e-01
3.370000000000002854e-02
5.150000000000005962e-02
9.610000000000004650e-02
8.110000000000003317e-02
1.050999999999999851e-01
6.929999999999998661e-02
7.770000000000003293e-02
3.540000000000003560e-02
3.950000000000001427e-02
4.259999999999993653e-02
6.079999999999999988e-02
9.579999999999994076e-02
7.509999999999997233e-02
5.439999999999994840e-02
3.690000000000005081e-02
7.410000000000002696e-02
7.530000000000001970e-02
8.220000000000005080e-02
7.540000000000010583e-02
1.241999999999999771e-01
9.049999999999998324e-02
1.577999999999999403e-01
6.569999999999996676e-02
1.198000000000000037e-01
8.430000000000001381e-02
9.750000000000007272e-02
8.020000000000004903e-02
1.143999999999999323e-01
9.200000000000004008e-02
9.199999999999994293e-02
1.872999999999999388e-01
7.939999999999999836e-02
2.510000000000002507e-02
1.039999999999999536e-01
1.936999999999999833e-01
6.359999999999997600e-02
1.618999999999999329e-01
1.226999999999999758e-01
1.007000000000000811e-01
7.200000000000010558e-02
4.570000000000008777e-02
7.969999999999984042e-02
4.540000000000007918e-02
4.710000000000001685e-02
9.970000000000014961e-02
1.380000000000011773e-02
6.290000000000006697e-02
5.030000000000001137e-02
7.409999999999991593e-02
7.500000000000001110e-02
4.109999999999987969e-02
3.190000000000002556e-02
6.119999999999995582e-02
5.290000000000000258e-02
3.449999999999996125e-02
5.690000000000002001e-02
9.239999999999998215e-02
7.290000000000002034e-02
2.859999999999995879e-02
5.820000000000001561e-02
1.088999999999999968e-01
3.259999999999994846e-02
1.549999999999996519e-02
6.880000000000004168e-02
5.489999999999990027e-02
4.620000000000001883e-02
1.017000000000000404e-01
6.450000000000000178e-02
3.700000000000002592e-02
7.859999999999997544e-02
1.210999999999999438e-01
4.039999999999997066e-02
4.960000000000006071e-02
1.368999999999999662e-01
1.674999999999999822e-01
9.680000000000006655e-02
7.049999999999989608e-02
3.490000000000002128e-02
8.639999999999994906e-02
8.460000000000000853e-02
9.649999999999997469e-02
4.030000000000008575e-02
4.260000000000001286e-02
1.056999999999998913e-01
7.659999999999997367e-02
7.370000000000002938e-02
1.415999999999998649e-01
5.630000000000000282e-02
7.929999999999996774e-02
4.390000000000006397e-02
1.024000000000000465e-01
2.465000000000000802e-01
2.619999999999998441e-01
3.970000000000006857e-02
7.129999999999998839e-02
7.619999999999996221e-02
3.239999999999994967e-02
4.800000000000000794e-02
2.600000000000000228e-02
4.890000000000003372e-02
2.929999999999998578e-02
7.579999999999989524e-02
4.409999999999993786e-02
6.079999999999995824e-02
1.129000000000000004e-01
4.360000000000005538e-02
6.549999999999994715e-02
9.279999999999985483e-02
9.040000000000006364e-02
1.255999999999999894e-01
4.839999999999995695e-02
8.099999999999998868e-02
2.424000000000000321e-01
2.294000000000001038e-01
5.104999999999999538e-01
9.450000000000002842e-02
1.042000000000000148e-01
3.270000000000002072e-02
3.429999999999990001e-02
9.150000000000009515e-02
