2.745000000000000218e-01
1.141999999999999960e-01
8.099999999999997480e-02
9.699999999999997513e-02
1.543999999999999817e-01
5.260000000000000786e-02
3.359999999999998405e-02
5.330000000000002791e-02
3.889999999999998320e-02
1.098999999999999838e-01
5.140000000000000124e-02
8.549999999999997879e-02
6.399999999999998745e-02
4.589999999999998248e-02
5.190000000000000863e-02
3.660000000000002141e-02
8.340000000000000191e-02
7.530000000000000582e-02
5.650000000000000855e-02
1.010000000000000064e-01
9.220000000000001805e-02
1.732000000000000206e-01
7.990000000000001268e-02
4.770000000000000628e-02
6.320000000000000617e-02
8.329999999999999905e-02
3.486999999999999544e-01
2.782999999999999918e-01
9.879999999999999893e-02
3.810000000000000192e-02
3.729999999999999982e-02
2.879999999999999921e-02
3.180000000000000188e-02
3.960000000000001019e-02
8.010000000000000453e-02
8.340000000000000191e-02
7.150000000000000799e-02
5.110000000000000653e-02
7.069999999999998508e-02
4.820000000000000673e-02
3.579999999999998461e-02
4.769999999999999934e-02
6.048000000000000043e-01
4.830999999999999739e-01
1.839999999999999969e-01
2.189000000000000390e-01
9.520000000000000684e-02
4.610000000000000209e-02
5.989999999999999492e-02
6.419999999999999318e-02
8.670000000000001317e-02
7.850000000000001421e-02
1.305999999999999939e-01
5.120000000000000245e-02
9.820000000000000950e-02
7.930000000000000937e-02
4.689999999999999725e-02
2.521999999999999797e-01
1.053999999999999798e-01
6.779999999999998528e-02
1.718000000000000083e-01
3.289999999999999869e-02
3.169999999999999901e-02
9.209999999999997355e-02
1.181000000000000105e-01
3.640999999999999792e-01
1.547999999999999932e-01
7.629999999999999283e-02
9.460000000000001741e-02
8.910000000000002640e-02
1.251999999999999780e-01
9.240000000000000990e-02
4.570000000000001839e-02
5.530000000000002275e-02
4.260000000000002673e-02
3.289999999999998481e-02
1.300999999999999934e-01
1.292999999999999705e-01
7.189999999999999170e-02
1.021999999999999853e-01
1.028000000000000025e-01
7.150000000000002187e-02
1.035999999999999976e-01
1.028999999999999915e-01
6.019999999999999657e-02
9.329999999999999405e-02
9.659999999999999143e-02
2.281000000000000250e-01
5.265999999999999570e-01
5.731999999999999318e-01
4.754000000000000448e-01
1.051999999999999741e-01
4.510000000000002895e-02
6.910000000000003639e-02
1.001999999999999835e-01
8.630000000000001559e-02
9.849999999999994871e-02
8.540000000000000369e-02
1.336999999999999855e-01
5.429999999999997329e-02
1.578000000000000513e-01
1.784999999999999920e-01
4.536000000000000032e-01
4.940000000000000502e-01
6.028000000000000025e-01
2.480000000000000260e-01
2.837999999999999967e-01
7.279999999999998972e-02
8.890000000000003455e-02
7.449999999999995515e-02
2.640000000000002067e-02
4.420000000000003093e-02
4.609999999999993964e-02
3.789999999999996150e-02
8.159999999999997811e-02
3.900000000000002076e-02
4.749999999999997280e-02
2.150000000000000522e-02
4.149999999999999523e-02
4.400000000000000439e-02
6.379999999999994009e-02
4.010000000000002451e-02
6.620000000000000884e-02
2.030000000000001942e-02
6.709999999999999298e-02
7.090000000000001856e-02
7.350000000000003753e-02
6.069999999999995538e-02
1.321999999999999842e-01
6.909999999999996700e-02
9.620000000000000773e-02
2.953000000000000069e-01
1.011000000000000232e-01
2.317000000000000448e-01
8.810000000000002551e-02
7.669999999999999041e-02
1.770000000000003515e-02
3.579999999999998461e-02
8.140000000000000013e-02
8.730000000000004423e-02
3.699999999999999123e-02
6.680000000000002602e-02
5.150000000000004574e-02
5.100000000000000089e-01
3.065000000000000502e-01
3.953999999999999737e-01
2.156000000000000139e-01
3.244000000000000217e-01
2.523000000000000242e-01
1.710000000000000409e-01
7.940000000000003999e-02
9.049999999999996936e-02
1.037799999999999834e+00
9.727999999999998870e-01
1.344999999999999252e-01
5.660000000000003917e-02
1.082000000000000184e-01
6.339999999999995639e-02
4.187000000000000166e-01
5.723000000000000309e-01
5.051999999999998714e-01
2.600000000000000644e-01
6.779999999999999916e-02
4.989999999999995828e-02
4.229999999999995569e-02
4.130000000000005195e-02
9.480000000000002314e-02
1.144000000000000017e-01
6.779999999999999916e-02
1.175000000000000350e-01
7.420000000000004370e-02
6.719999999999995421e-02
5.849999999999996869e-02
2.933000000000000052e-01
3.298200000000000021e+00
4.434200000000000585e+00
3.229700000000000237e+00
1.436000000000000332e-01
1.073000000000000065e-01
