6.559999999999999165e-01
2.483000000000000485e-01
2.828999999999999293e-01
1.466999999999999416e-01
3.164000000000001256e-01
3.172999999999999154e-01
8.640000000000004621e-02
2.036000000000000032e-01
1.801000000000000378e-01
3.888000000000001455e-01
1.899999999999999467e-01
1.613000000000000544e-01
1.756000000000001171e-01
2.035999999999998922e-01
1.834000000000000352e-01
2.582000000000000406e-01
3.188999999999999058e-01
1.784000000000000863e-01
7.030000000000001525e-02
1.035000000000002029e-01
1.451000000000000623e-01
1.901999999999998137e-01
1.356999999999999040e-01
7.270000000000011176e-02
1.549000000000000932e-01
1.064999999999999003e-01
1.605000000000000870e-01
2.328000000000000069e-01
2.199000000000000399e-01
1.397999999999999521e-01
2.722999999999999865e-01
2.404999999999999361e-01
2.546999999999998154e-01
1.328000000000002512e-01
1.188999999999999502e-01
6.939999999999997560e-02
1.290000000000000868e-01
1.399000000000000243e-01
1.607000000000000095e-01
9.779999999999998417e-02
1.703999999999999404e-01
1.116000000000001990e-01
1.180999999999999550e-01
1.224999999999999978e-01
8.299999999999999045e-02
1.557999999999997998e-01
1.258000000000001339e-01
1.347999999999999199e-01
2.112000000000000544e-01
1.087000000000000050e-01
1.279000000000000692e-01
1.221000000000001667e-01
1.317999999999998617e-01
1.392999999999999794e-01
9.209999999999997355e-02
1.129999999999999616e-01
1.048999999999998822e-01
1.022999999999998355e-01
8.050000000000012701e-02
1.226000000000001394e-01
1.230000000000000954e-01
1.088999999999998303e-01
7.270000000000004237e-02
1.495999999999996499e-01
2.975999999999998646e-01
1.345999999999999697e-01
1.321999999999999287e-01
2.112000000000001376e-01
2.398000000000000964e-01
1.878999999999997894e-01
1.736000000000001708e-01
5.370000000000011570e-02
6.340000000000008129e-02
1.036999999999998201e-01
1.024000000000003102e-01
9.730000000000003924e-02
1.480000000000002425e-01
2.647999999999999798e-01
2.965000000000000968e-01
2.393999999999998074e-01
1.916000000000000481e-01
1.595999999999999919e-01
4.030000000000015514e-02
1.832000000000001960e-01
1.620000000000001439e-01
5.150000000000007350e-02
9.949999999999975531e-02
9.660000000000004694e-02
1.033999999999999503e-01
1.797999999999997933e-01
1.421000000000000596e-01
2.179999999999999716e-01
1.693999999999998840e-01
2.800000000000000266e-01
2.702000000000001068e-01
2.053999999999998327e-01
2.103999999999997816e-01
1.050999999999999712e-01
1.536999999999998368e-01
2.311999999999999056e-01
4.099999999999995315e-02
2.793000000000000482e-01
1.226999999999999758e-01
1.058999999999996056e-01
1.013000000000000844e-01
7.520000000000012785e-02
2.421000000000001484e-01
2.094999999999999918e-01
9.410000000000023901e-02
1.202999999999999625e-01
9.009999999999990239e-02
1.623999999999998223e-01
2.408999999999998642e-01
1.874999999999999445e-01
1.473000000000003751e-01
1.093000000000000915e-01
1.435999999999999222e-01
2.328000000000002290e-01
2.541000000000001036e-01
2.433000000000002383e-01
1.753000000000000114e-01
2.099999999999996037e-01
2.538000000000000256e-01
2.415999999999999259e-01
7.639999999999995406e-02
1.217000000000001553e-01
1.500000000000000777e-01
1.034999999999999254e-01
2.439000000000001445e-01
1.389999999999999292e-01
2.759999999999998566e-01
2.606999999999999318e-01
2.044000000000000261e-01
1.713000000000000078e-01
1.686999999999999611e-01
7.560000000000001441e-02
1.245999999999997943e-01
1.432999999999999274e-01
1.259000000000004005e-01
2.642000000000001569e-01
3.128000000000000780e-01
3.185000000000000053e-01
2.150000000000001354e-01
1.837999999999998801e-01
1.053000000000002268e-01
1.220999999999998198e-01
8.620000000000002660e-02
2.588999999999999080e-01
1.797000000000001374e-01
2.620000000000000662e-01
3.111999999999997546e-01
3.588000000000000078e-01
3.749999999999997780e-01
2.810999999999999055e-01
1.635999999999998844e-01
2.739000000000000323e-01
2.289000000000002699e-01
1.960999999999994137e-01
2.430000000000001048e-01
1.727000000000001312e-01
2.704000000000000847e-01
4.180999999999999717e-01
4.348000000000002974e-01
2.710999999999997856e-01
2.027999999999998693e-01
3.301000000000001711e-01
2.563000000000000278e-01
1.468999999999996420e-01
1.951000000000001067e-01
8.579999999999968208e-02
1.472999999999999587e-01
2.314999999999999281e-01
2.666999999999998261e-01
2.587999999999995859e-01
1.849000000000000088e-01
1.056000000000004851e-01
1.229000000000000092e-01
2.191999999999999227e-01
1.531999999999998918e-01
