2.452000000000000013e-01
1.116000000000000186e-01
1.473000000000000143e-01
1.109000000000000125e-01
1.111999999999999933e-01
1.933000000000000274e-01
2.164999999999999980e-01
1.178000000000000019e-01
2.024999999999999856e-01
1.189000000000000196e-01
1.882999999999999952e-01
2.059999999999999887e-01
2.740000000000000213e-01
3.069999999999999951e-01
2.805000000000000271e-01
3.268999999999999684e-01
2.033000000000000085e-01
1.761000000000000065e-01
2.731999999999999984e-01
2.013999999999999957e-01
9.939999999999998836e-02
1.488999999999999768e-01
1.918999999999999595e-01
3.089999999999999969e-01
2.746000000000000107e-01
3.053000000000000713e-01
4.218000000000000083e-01
3.116999999999999771e-01
1.998999999999999944e-01
1.891000000000000181e-01
1.961999999999999855e-01
2.026000000000000023e-01
2.035999999999999754e-01
3.155999999999999917e-01
3.544999999999999263e-01
2.416999999999999704e-01
2.866999999999999549e-01
2.381999999999999673e-01
1.458000000000000129e-01
1.104999999999999871e-01
1.670999999999999985e-01
9.850000000000001810e-02
1.370999999999999996e-01
2.023999999999999688e-01
2.811000000000000165e-01
3.481000000000000205e-01
2.651999999999999913e-01
1.373999999999999944e-01
1.688999999999999946e-01
1.563000000000000500e-01
6.919999999999998375e-02
6.230000000000000815e-02
1.945999999999999952e-01
1.801000000000000378e-01
2.384999999999999898e-01
1.850999999999999868e-01
1.663000000000000311e-01
1.905000000000000027e-01
1.525999999999999857e-01
1.040999999999999981e-01
1.293000000000000260e-01
1.386000000000000287e-01
7.729999999999999372e-02
1.385000000000000120e-01
1.295000000000000040e-01
1.677000000000000157e-01
1.735999999999999766e-01
6.850000000000000533e-02
9.640000000000001346e-02
1.270999999999999908e-01
1.272000000000000353e-01
1.223000000000000059e-01
1.042999999999999899e-01
1.486000000000000099e-01
3.399999999999999550e-02
1.236000000000000154e-01
1.194999999999999951e-01
7.100000000000000755e-02
3.315000000000000169e-01
1.149999999999999911e-01
1.194999999999999951e-01
9.880000000000002669e-02
1.943999999999999895e-01
2.247999999999999998e-01
1.999999999999999833e-01
1.217999999999999916e-01
1.159000000000000169e-01
2.375999999999999779e-01
2.446999999999999731e-01
2.644000000000000239e-01
2.423999999999999488e-01
2.654999999999999583e-01
1.055000000000000243e-01
1.321999999999999842e-01
1.370999999999999719e-01
1.386999999999999900e-01
2.848999999999999866e-01
8.040000000000002700e-02
7.920000000000002038e-02
9.810000000000002052e-02
5.939999999999997365e-02
1.437999999999999834e-01
1.565000000000000280e-01
1.484000000000000319e-01
1.653000000000000302e-01
1.123999999999999444e-01
1.012999999999999734e-01
1.325000000000000067e-01
2.789000000000000368e-01
2.555000000000000604e-01
2.707999999999999852e-01
1.511000000000000121e-01
2.296000000000000540e-01
1.053000000000000186e-01
6.729999999999990157e-02
1.742999999999999827e-01
1.113999999999999296e-01
7.579999999999989524e-02
7.019999999999998463e-02
1.494999999999999940e-01
1.067999999999999922e-01
4.939999999999999253e-02
4.400999999999999912e-01
2.361000000000000321e-01
2.013999999999999957e-01
2.212000000000000077e-01
2.838000000000000522e-01
1.237000000000000044e-01
8.080000000000001070e-02
4.800000000000000100e-02
1.050999999999999851e-01
1.345000000000000639e-01
2.889999999999998820e-02
9.799999999999996214e-02
8.820000000000004226e-02
5.359999999999996018e-02
6.360000000000003151e-02
4.369999999999992640e-02
6.949999999999995071e-02
8.119999999999989726e-02
9.300000000000008260e-02
2.155999999999999861e-01
1.183999999999999497e-01
1.417999999999999539e-01
2.573000000000000842e-01
1.751000000000000334e-01
2.351000000000000312e-01
3.476999999999998980e-01
3.097999999999999643e-01
1.217000000000000581e-01
1.601999999999999535e-01
5.610000000000008730e-02
3.930000000000011262e-02
8.200000000000005895e-02
5.249999999999999112e-02
7.210000000000002518e-02
5.420000000000006757e-02
5.289999999999998870e-02
3.349999999999994649e-02
1.419999999999999041e-01
5.210000000000016007e-02
8.130000000000009441e-02
1.029000000000000054e-01
7.000000000000003442e-02
8.320000000000002394e-02
8.809999999999985898e-02
7.579999999999989524e-02
5.510000000000012110e-02
2.259000000000001562e-01
1.851999999999999758e-01
2.098999999999999477e-01
2.609000000000000208e-01
2.611999999999999322e-01
1.995000000000000107e-01
1.664000000000001034e-01
1.686000000000000276e-01
2.434999999999999387e-01
1.310000000000000886e-01
2.301000000000000822e-01
