2.770000000000000240e-01
7.339999999999999303e-02
7.689999999999999614e-02
8.849999999999998146e-02
5.610000000000001791e-02
1.183999999999999914e-01
1.401999999999999913e-01
1.113000000000000100e-01
8.790000000000006142e-02
8.389999999999997460e-02
2.005000000000000115e-01
1.253999999999999837e-01
2.279999999999999805e-01
1.140000000000000180e-01
9.530000000000002358e-02
1.274999999999999745e-01
2.029999999999999860e-01
2.022000000000000186e-01
2.306999999999999607e-01
8.859999999999998432e-02
2.137000000000000011e-01
5.999999999999998390e-02
2.666000000000000036e-01
1.606999999999999817e-01
2.317000000000000448e-01
8.680000000000001603e-02
9.050000000000002487e-02
2.849999999999999201e-01
1.260999999999999899e-01
8.580000000000001514e-02
6.499999999999998834e-02
1.286999999999999811e-01
5.939999999999998059e-02
1.251999999999999225e-01
2.682000000000000495e-01
7.300000000000002320e-02
2.231999999999999817e-01
1.362000000000000433e-01
1.539999999999999980e-01
3.271999999999999909e-01
2.457000000000000295e-01
1.683999999999999386e-01
1.665000000000000646e-01
6.110000000000005010e-02
9.370000000000013041e-02
9.780000000000005356e-02
1.307000000000000384e-01
1.379999999999999560e-01
1.257999999999999674e-01
1.018000000000000016e-01
3.714000000000000079e-01
1.232999999999999513e-01
1.098000000000000087e-01
4.188999999999999391e-01
4.392999999999999683e-01
4.573999999999999733e-01
3.790999999999999925e-01
2.853000000000000536e-01
3.047999999999999599e-01
2.022999999999999798e-01
1.531999999999999196e-01
5.445999999999999730e-01
1.613000000000000822e-01
6.730999999999999206e-01
1.654000000000001025e-01
2.889999999999999791e-01
3.059999999999999942e-01
4.615000000000000213e-01
8.489999999999996161e-02
1.307000000000000661e-01
1.417000000000000204e-01
3.801999999999999824e-01
7.360999999999999766e-01
8.968999999999999195e-01
2.360000000000000431e-01
6.603999999999999870e-01
4.114999999999999769e-01
1.658000000000000307e-01
8.570000000000002616e-02
7.401000000000000911e-01
7.570999999999998842e-01
3.313000000000000389e-01
3.808000000000000274e-01
8.589999999999997637e-02
4.633000000000000451e-01
4.290000000000002145e-02
1.249999999999999722e-01
1.003000000000000280e-01
5.650000000000001549e-02
9.510000000000000397e-02
1.504000000000000337e-01
4.320000000000011331e-02
8.730000000000001648e-02
1.330000000000000626e-01
4.269999999999997409e-02
1.831999999999999740e-01
2.081999999999999684e-01
1.562000000000000055e-01
2.316000000000000281e-01
1.577000000000000346e-01
7.690000000000003777e-02
1.633999999999999619e-01
3.717999999999999639e-01
6.980000000000002869e-02
8.100000000000001643e-02
4.989999999999994440e-02
8.699999999999996625e-02
7.620000000000000384e-02
4.579999999999999627e-01
3.682000000000000273e-01
5.689999999999997837e-02
6.490000000000001323e-02
6.820000000000001061e-02
3.229000000000000203e-01
1.645000000000000351e-01
1.526000000000000412e-01
7.750000000000006883e-02
8.000000000000001554e-02
7.800000000000001377e-02
1.190000000000000502e-01
2.304000000000000492e-01
1.255000000000000282e-01
2.852000000000000646e-01
5.120000000000006490e-02
1.049999999999999545e-01
2.017000000000000459e-01
1.163999999999999896e-01
1.237999999999999517e-01
1.578999999999999848e-01
8.390000000000005786e-02
3.957000000000000517e-01
6.318999999999999062e-01
7.819999999999999174e-01
7.675999999999999490e-01
1.609000000000000152e-01
7.090000000000008795e-02
3.067999999999998506e-01
1.706000000000000849e-01
1.222999999999999782e-01
5.502000000000000224e-01
3.923999999999999155e-01
4.741000000000000214e-01
2.756999999999999451e-01
1.919000000000000428e-01
1.644000000000001294e-01
2.490999999999998771e-01
1.073000000000000342e-01
2.483000000000000762e-01
1.679000000000000492e-01
2.669999999999999041e-01
1.931999999999999829e-01
4.840000000000002633e-02
1.222000000000001141e-01
3.061000000000000387e-01
1.076999999999998514e-01
4.562999999999998169e-01
6.733000000000000096e-01
2.508000000000000229e-01
3.811999999999999278e-01
1.791000000000001757e-01
1.753000000000001501e-01
1.222000000000001696e-01
1.313000000000000833e-01
1.144000000000000711e-01
1.454000000000000292e-01
1.255000000000000282e-01
2.989999999999999325e-01
1.104000000000000259e-01
2.386999999999999955e-01
3.159000000000000696e-01
1.579999999999999183e-01
1.101999999999998536e-01
1.619999999999999218e-01
3.730999999999999317e-01
3.678000000000000158e-01
3.786999999999999256e-01
4.442999999999999172e-01
1.826999999999999458e-01
5.545000000000001039e-01
