3.094000000000000083e-01
1.147000000000000103e-01
8.279999999999999860e-02
4.480000000000004118e-02
1.139000000000000290e-01
4.200000000000000955e-02
1.360999999999999988e-01
9.640000000000001346e-02
5.199999999999999761e-02
4.860000000000001819e-02
4.579999999999998656e-02
7.220000000000001417e-02
1.208000000000000462e-01
9.219999999999997642e-02
6.130000000000000032e-02
4.069999999999999313e-02
4.569999999999999757e-02
4.420000000000002399e-02
6.849999999999997757e-02
1.661999999999999311e-01
1.548999999999999266e-01
8.000000000000000167e-02
8.030000000000001026e-02
1.073999999999999816e-01
1.081000000000000016e-01
1.010999999999999677e-01
4.550000000000000572e-02
6.429999999999999605e-02
1.678000000000000047e-01
2.880000000000000338e-01
1.972000000000000142e-01
9.289999999999998259e-02
6.709999999999996523e-02
6.870000000000002494e-02
1.179999999999999660e-01
2.480000000000001301e-02
7.959999999999999021e-02
1.047999999999999904e-01
5.390000000000001734e-02
1.102999999999999953e-01
2.497000000000000053e-01
5.549999999999997990e-02
1.255999999999999894e-01
1.088999999999999968e-01
9.290000000000001035e-02
6.249999999999998612e-02
7.660000000000000142e-02
1.490000000000000213e-01
6.969999999999998419e-02
1.418000000000000094e-01
1.023999999999999772e-01
5.689999999999999225e-02
9.319999999999999118e-02
2.940000000000000391e-01
3.955000000000000182e-01
1.618000000000000271e-01
2.693000000000000393e-01
3.098000000000000198e-01
1.059999999999999970e-01
1.451000000000000068e-01
1.050999999999999990e-01
6.849999999999997757e-02
1.155000000000000193e-01
5.850000000000002420e-02
5.369999999999999774e-02
1.111999999999999933e-01
1.040999999999999981e-01
7.760000000000000231e-02
4.250000000000000999e-02
1.854000000000000092e-01
9.220000000000000417e-02
9.009999999999998566e-02
5.350000000000000588e-02
4.699999999999998623e-02
5.929999999999999161e-02
3.799999999999999212e-02
3.650000000000000466e-02
4.709999999999999604e-02
3.150000000000001410e-02
3.210000000000000353e-02
6.590000000000000024e-02
4.959999999999999826e-02
4.760000000000000342e-02
6.699999999999999012e-02
7.579999999999999238e-02
5.360000000000000875e-02
6.149999999999999217e-02
5.490000000000001129e-02
6.759999999999996567e-02
5.960000000000000020e-02
8.709999999999999687e-02
6.790000000000000202e-02
6.910000000000000864e-02
1.006999999999999701e-01
1.020999999999999824e-01
5.510000000000001008e-02
5.359999999999999487e-02
7.309999999999997056e-02
5.200000000000001843e-02
5.209999999999995884e-02
7.720000000000003249e-02
7.360000000000002651e-02
8.829999999999998961e-02
7.309999999999999831e-02
8.380000000000001337e-02
4.760000000000001730e-02
7.119999999999998552e-02
7.239999999999999214e-02
9.260000000000000175e-02
1.886000000000000176e-01
1.653000000000000025e-01
5.760000000000000536e-02
6.379999999999998173e-02
9.439999999999998392e-02
2.933000000000000052e-01
7.020000000000001239e-02
1.044000000000000344e-01
1.281000000000000194e-01
1.287000000000000088e-01
5.639999999999999875e-02
9.950000000000000511e-02
8.410000000000000808e-02
8.090000000000002744e-02
5.649999999999999467e-02
7.459999999999999964e-02
5.850000000000001033e-02
9.920000000000001039e-02
4.190000000000001362e-02
9.090000000000002245e-02
8.599999999999997924e-02
1.118999999999999717e-01
6.539999999999998592e-02
7.449999999999995515e-02
7.489999999999999436e-02
9.120000000000000329e-02
1.015000000000000208e-01
3.370000000000003548e-02
6.699999999999999012e-02
5.739999999999999269e-02
5.120000000000000245e-02
5.600000000000000117e-02
7.419999999999994655e-02
9.220000000000001805e-02
9.019999999999997464e-02
5.879999999999997035e-02
1.065000000000000113e-01
8.130000000000003890e-02
8.979999999999999094e-02
2.460000000000001075e-02
6.170000000000001872e-02
1.146000000000000629e-01
4.349999999999993455e-02
8.739999999999999158e-02
1.036000000000000115e-01
3.439999999999995839e-02
2.879999999999999574e-02
4.370000000000003743e-02
6.870000000000001106e-02
3.800000000000005457e-02
7.650000000000001243e-02
3.110000000000004428e-02
4.440000000000003666e-02
5.469999999999998475e-02
4.429999999999999216e-02
1.810000000000003967e-02
6.940000000000008662e-02
7.000000000000003442e-02
2.269999999999998408e-02
3.150000000000002798e-02
4.049999999999998046e-02
5.149999999999994860e-02
8.109999999999993603e-02
8.519999999999999796e-02
3.210000000000002435e-02
2.540000000000003366e-02
1.328000000000000291e-01
1.207000000000000156e-01
7.850000000000001421e-02
5.070000000000002283e-02
