6.952999999999999181e-01
2.826000000000000179e-01
1.643999999999999351e-01
1.676999999999999880e-01
8.339999999999997415e-02
1.483000000000000151e-01
1.787000000000000532e-01
1.470999999999999253e-01
6.039999999999995373e-02
5.860000000000001319e-02
6.230000000000000121e-02
1.579999999999999460e-01
2.157000000000000584e-01
3.109000000000000652e-01
1.508000000000000174e-01
1.565000000000000002e-01
1.588000000000000245e-01
2.517000000000000903e-01
4.749999999999995198e-02
9.840000000000004299e-02
7.089999999999997693e-02
4.719999999999996421e-02
8.790000000000000591e-02
9.729999999999992821e-02
8.600000000000002087e-02
1.057999999999999774e-01
4.519999999999999019e-02
1.252000000000000057e-01
9.939999999999994673e-02
6.100000000000004030e-02
5.310000000000002218e-02
1.026999999999999441e-01
1.059000000000000219e-01
6.019999999999998963e-02
6.650000000000001743e-02
4.670000000000003315e-02
1.320000000000000340e-01
1.650000000000000633e-01
1.459999999999999909e-01
2.023000000000000353e-01
1.107999999999999818e-01
1.141000000000000208e-01
8.890000000000006231e-02
1.162000000000000532e-01
6.060000000000008435e-02
3.440000000000005553e-02
8.860000000000006759e-02
1.035000000000000225e-01
9.860000000000003484e-02
6.489999999999994384e-02
5.299999999999993605e-02
1.156000000000000499e-01
1.005999999999999395e-01
9.679999999999992777e-02
1.427000000000000490e-01
1.164000000000000451e-01
7.439999999999998004e-02
6.099999999999994316e-02
1.082999999999999796e-01
8.919999999999997375e-02
6.139999999999992686e-02
2.940000000000002334e-02
3.210999999999999965e-01
2.035000000000000697e-01
2.287000000000000144e-01
1.865000000000000824e-01
7.379999999999992122e-02
8.690000000000006053e-02
9.110000000000001430e-02
7.799999999999993050e-02
2.419999999999995766e-02
7.929999999999999549e-02
1.792999999999999039e-01
9.649999999999984979e-02
1.403999999999999693e-01
1.761000000000000343e-01
5.569999999999997176e-02
1.283000000000000806e-01
1.568999999999999839e-01
1.464999999999999636e-01
1.014999999999999791e-01
1.009000000000001007e-01
1.029999999999999249e-01
1.905999999999999361e-01
6.850000000000003308e-02
7.380000000000000449e-02
8.540000000000003144e-02
9.710000000000000575e-02
1.710000000000000131e-01
1.361999999999999877e-01
1.063000000000000056e-01
6.490000000000001323e-02
9.070000000000001672e-02
5.550000000000000766e-02
8.459999999999991138e-02
6.859999999999988329e-02
1.144000000000000017e-01
9.199999999999997069e-02
6.059999999999984843e-02
7.480000000000003313e-02
6.820000000000002449e-02
1.427000000000000213e-01
1.877000000000000890e-01
1.225000000000000255e-01
2.156000000000000694e-01
9.910000000000006304e-02
4.879999999999991289e-02
1.968000000000000582e-01
4.589999999999991309e-02
1.135000000000000037e-01
4.780000000000005078e-02
3.620000000000002383e-02
7.730000000000011862e-02
1.018000000000001404e-01
7.219999999999991702e-02
8.019999999999986862e-02
7.850000000000006972e-02
1.006000000000000782e-01
1.226000000000000145e-01
7.419999999999994655e-02
9.320000000000004670e-02
7.130000000000003002e-02
1.702000000000001290e-01
1.173000000000000292e-01
9.860000000000002096e-02
8.599999999999999312e-02
1.185000000000000081e-01
1.180999999999999689e-01
1.773999999999999466e-01
9.280000000000014626e-02
8.879999999999985127e-02
1.139000000000000706e-01
9.320000000000000506e-02
7.930000000000000937e-02
1.568000000000000504e-01
1.502000000000000279e-01
6.139999999999988523e-02
7.829999999999996685e-02
5.459999999999999576e-02
6.070000000000003171e-02
6.230000000000006366e-02
8.840000000000000635e-02
4.200000000000003730e-02
8.070000000000007723e-02
5.900000000000008016e-02
7.689999999999999614e-02
6.970000000000001195e-02
4.039999999999994984e-02
9.549999999999994604e-02
1.705999999999999739e-01
1.581000000000000183e-01
2.137999999999999901e-01
1.882000000000000062e-01
1.237999999999999379e-01
5.029999999999998361e-02
1.566999999999999504e-01
2.257999999999999730e-01
9.080000000000000571e-02
7.450000000000001066e-02
1.134999999999999898e-01
7.960000000000000409e-02
1.238999999999999824e-01
6.739999999999991831e-02
8.279999999999991533e-02
6.790000000000005753e-02
1.421999999999999653e-01
1.489999999999999658e-01
9.450000000000009781e-02
9.270000000000000462e-02
7.320000000000000118e-02
1.057999999999999913e-01
9.199999999999998457e-02
8.309999999999996556e-02
8.869999999999997331e-02
1.396999999999999909e-01
1.220000000000000112e-01
1.014000000000000179e-01
1.262999999999999678e-01
6.799999999999999101e-02
