1.568000000000000060e+00
4.768000000000000571e-01
1.178000000000000019e-01
6.479999999999994098e-02
2.056000000000000605e-01
1.080000000000000682e-01
2.034000000000000530e-01
9.499999999999994560e-02
1.424999999999999045e-01
1.665999999999999981e-01
1.510999999999999843e-01
1.197000000000000425e-01
1.906000000000000194e-01
2.675999999999999490e-01
1.768999999999998352e-01
6.959999999999996745e-02
8.119999999999996665e-02
1.560999999999999610e-01
6.539999999999998592e-02
5.430000000000000104e-02
9.650000000000009959e-02
1.664000000000000479e-01
1.109999999999999876e-01
7.249999999999993949e-02
8.920000000000008478e-02
1.650999999999999968e-01
2.025999999999998635e-01
1.358999999999999375e-01
1.723999999999999977e-01
9.600000000000002975e-02
6.759999999999996567e-02
1.419999999999999318e-01
1.213999999999999524e-01
7.530000000000000582e-02
5.560000000000003134e-02
8.940000000000011826e-02
1.887000000000000899e-01
1.428999999999999992e-01
5.260000000000005643e-02
1.290000000000001146e-01
2.325999999999999734e-01
5.330000000000000016e-02
4.729999999999998095e-02
1.075999999999999596e-01
2.605000000000000648e-01
2.424000000000001154e-01
1.748000000000000109e-01
1.707000000000001294e-01
1.417000000000001592e-01
1.033000000000000168e-01
5.750000000000000944e-02
1.456000000000000072e-01
1.615000000000000324e-01
1.711000000000000298e-01
1.446999999999999953e-01
2.700000000000007949e-02
5.150000000000001799e-02
1.000000000000000611e-01
1.556000000000000993e-01
1.542999999999999650e-01
1.251999999999998947e-01
1.046999999999999875e-01
1.441000000000000059e-01
2.061999999999999111e-01
1.633999999999999342e-01
5.159999999999992371e-02
9.610000000000010201e-02
1.662000000000000699e-01
1.377000000000000446e-01
3.419999999999999429e-02
9.779999999999999805e-02
1.538999999999998980e-01
2.117999999999999328e-01
1.057999999999999496e-01
5.000000000000009992e-02
1.231000000000000150e-01
9.499999999999989009e-02
3.779999999999991700e-02
8.840000000000002023e-02
9.509999999999990683e-02
8.900000000000007905e-02
1.719999999999999862e-01
1.076000000000000012e-01
6.520000000000006346e-02
6.439999999999999891e-02
1.019000000000000461e-01
3.319999999999993096e-02
9.180000000000007598e-02
6.539999999999995817e-02
1.748999999999999166e-01
4.480000000000003424e-02
1.577000000000000068e-01
1.747999999999999832e-01
2.615999999999999992e-01
2.924999999999998712e-01
1.926999999999998991e-01
1.514999999999999680e-01
6.270000000000001961e-02
1.101999999999999369e-01
2.610999999999998877e-01
1.819999999999999674e-01
6.610000000000000597e-02
7.540000000000005032e-02
8.940000000000002112e-02
8.120000000000010543e-02
1.442000000000000781e-01
1.668000000000000593e-01
1.141000000000000902e-01
9.729999999999999760e-02
7.780000000000002192e-02
1.443000000000000116e-01
1.543999999999999539e-01
7.959999999999997633e-02
5.300000000000001932e-02
2.037000000000000477e-01
1.804000000000000326e-01
1.371999999999999886e-01
1.197999999999999482e-01
5.369999999999995610e-02
1.217000000000000443e-01
1.295000000000000040e-01
7.660000000000004305e-02
1.440000000000001001e-02
7.350000000000003753e-02
1.671000000000000263e-01
1.060000000000000109e-01
6.879999999999991678e-02
1.534999999999999976e-01
6.380000000000005111e-02
1.288999999999999868e-01
1.904999999999999472e-01
2.212999999999999690e-01
1.913999999999999868e-01
2.082999999999999297e-01
2.115000000000000213e-01
1.769999999999999907e-01
1.906999999999999806e-01
1.672999999999999765e-01
5.049999999999991995e-02
3.630000000000002669e-02
8.359999999999997988e-02
1.478999999999999759e-01
1.501999999999999447e-01
7.469999999999997475e-02
8.029999999999998250e-02
1.234000000000000097e-01
9.169999999999989271e-02
4.620000000000015761e-02
1.087000000000000743e-01
1.230999999999999733e-01
5.349999999999994343e-02
4.040000000000004005e-02
1.828000000000000735e-01
1.375999999999999723e-01
8.039999999999992986e-02
8.449999999999993627e-02
9.379999999999996674e-02
2.145000000000000240e-01
2.063999999999999724e-01
9.950000000000003286e-02
6.509999999999990794e-02
2.344999999999999030e-01
2.601999999999999313e-01
1.302999999999999159e-01
4.540000000000002367e-02
1.202000000000000429e-01
5.830000000000002541e-02
1.110999999999999766e-01
2.026999999999998803e-01
1.468999999999998918e-01
4.520000000000003182e-02
6.220000000000003304e-02
4.430000000000009625e-02
1.416999999999999926e-01
1.262999999999999123e-01
6.390000000000002622e-02
4.200000000000009281e-02
9.500000000000011213e-02
8.500000000000004774e-02
