5.019000000000000128e-01
1.832000000000000017e-01
1.294000000000000150e-01
1.093000000000000083e-01
1.029000000000000054e-01
1.019000000000000045e-01
5.059999999999997833e-02
1.142000000000000237e-01
1.179000000000000048e-01
6.489999999999995772e-02
6.449999999999997402e-02
1.084000000000000380e-01
4.520000000000003876e-02
8.159999999999997811e-02
9.890000000000004343e-02
8.280000000000004023e-02
9.080000000000003346e-02
1.463000000000000411e-01
1.494000000000000328e-01
1.012000000000000122e-01
7.960000000000004572e-02
7.830000000000000848e-02
1.027999999999999886e-01
1.182999999999999885e-01
1.805999999999999828e-01
1.738000000000000100e-01
6.020000000000003820e-02
5.279999999999995114e-02
1.102999999999999259e-01
8.260000000000002063e-02
5.679999999999997551e-02
1.208999999999999797e-01
9.550000000000002931e-02
7.850000000000006972e-02
8.140000000000000013e-02
1.502999999999999892e-01
2.074000000000000288e-01
2.337999999999999523e-01
1.216000000000000136e-01
1.229999999999999705e-01
4.169999999999995932e-02
5.819999999999995316e-02
6.299999999999994493e-02
6.220000000000001222e-02
9.690000000000000002e-02
1.171000000000000096e-01
1.429999999999999605e-01
7.029999999999997362e-02
5.980000000000000593e-02
6.020000000000003126e-02
1.361000000000000265e-01
7.480000000000001925e-02
7.200000000000002232e-02
1.016000000000000375e-01
9.199999999999999845e-02
1.198999999999999788e-01
1.242999999999999799e-01
1.108999999999999847e-01
9.269999999999997686e-02
6.190000000000006608e-02
6.810000000000002163e-02
6.700000000000000400e-02
9.160000000000000087e-02
9.010000000000005504e-02
1.054000000000000492e-01
1.271000000000000463e-01
8.800000000000005040e-02
8.130000000000005278e-02
8.949999999999996847e-02
1.090000000000000135e-01
1.010000000000000342e-01
1.093999999999999972e-01
5.850000000000002420e-02
1.417999999999999816e-01
7.130000000000003002e-02
6.779999999999991589e-02
1.182999999999999885e-01
5.200000000000004619e-02
7.040000000000001812e-02
9.660000000000001918e-02
1.493999999999999773e-01
3.389999999999999958e-02
4.700000000000002093e-02
9.290000000000002423e-02
7.309999999999999831e-02
7.019999999999998463e-02
3.839999999999997582e-02
1.009000000000000036e-01
1.236999999999999766e-01
6.169999999999997708e-02
9.790000000000001479e-02
6.609999999999997822e-02
3.739999999999994718e-02
7.210000000000001130e-02
5.909999999999998588e-02
5.889999999999995239e-02
8.609999999999999598e-02
1.065000000000000113e-01
7.089999999999996305e-02
6.880000000000004168e-02
4.340000000000006353e-02
7.779999999999999416e-02
6.880000000000004168e-02
7.699999999999995737e-02
1.263000000000000234e-01
3.610000000000000014e-02
4.859999999999997655e-02
6.420000000000002094e-02
5.480000000000002924e-02
5.910000000000002751e-02
7.939999999999999836e-02
1.411000000000000310e-01
6.309999999999998943e-02
7.129999999999996063e-02
4.829999999999996796e-02
8.849999999999999534e-02
7.400000000000001021e-02
8.059999999999996334e-02
1.052000000000000157e-01
1.239000000000000240e-01
3.369999999999998691e-02
8.699999999999996625e-02
8.479999999999998650e-02
7.689999999999996838e-02
1.375999999999999723e-01
1.334999999999999520e-01
7.820000000000003337e-02
8.909999999999995701e-02
1.290999999999999370e-01
7.729999999999997984e-02
1.484000000000000319e-01
1.147000000000000242e-01
1.013000000000000012e-01
7.199999999999998068e-02
4.329999999999995658e-02
1.006999999999999978e-01
1.069999999999999840e-01
4.320000000000003004e-02
4.859999999999999737e-02
4.620000000000000495e-02
6.250000000000001388e-02
8.349999999999999090e-02
6.359999999999996212e-02
5.499999999999995171e-02
5.440000000000004554e-02
5.660000000000003223e-02
6.009999999999995207e-02
8.269999999999996798e-02
7.979999999999998206e-02
1.263000000000000234e-01
1.337000000000000410e-01
6.800000000000000488e-02
9.820000000000000950e-02
7.239999999999997826e-02
4.549999999999999878e-02
9.839999999999998748e-02
2.483999999999999542e-01
2.325999999999999734e-01
1.347999999999999754e-01
1.474000000000000032e-01
6.829999999999998572e-02
1.082000000000000184e-01
9.720000000000000862e-02
5.469999999999998475e-02
6.430000000000000993e-02
6.840000000000000246e-02
5.429999999999997329e-02
5.239999999999998825e-02
4.589999999999999636e-02
7.890000000000001179e-02
8.070000000000002172e-02
7.510000000000002784e-02
9.069999999999997509e-02
9.529999999999994031e-02
9.819999999999996787e-02
1.990999999999999992e-01
1.524999999999999689e-01
3.329999999999999627e-02
8.920000000000004314e-02
