3.418999999999999817e-01
9.649999999999998856e-02
1.625999999999999945e-01
7.039999999999999036e-02
2.130999999999999839e-01
1.645000000000000351e-01
1.237000000000000044e-01
8.920000000000000151e-02
1.453999999999999460e-01
6.880000000000002780e-02
8.170000000000000873e-02
1.296999999999999820e-01
5.269999999999999685e-02
8.340000000000002967e-02
6.269999999999996410e-02
4.720000000000000584e-02
4.820000000000008999e-02
6.919999999999999762e-02
8.750000000000003608e-02
1.507999999999999896e-01
1.509999999999999676e-01
7.829999999999999460e-02
1.520000000000000240e-01
1.924000000000000155e-01
1.339999999999999525e-01
9.919999999999995488e-02
1.015000000000000069e-01
3.950000000000003508e-02
8.140000000000002789e-02
2.820000000000009305e-02
6.289999999999996982e-02
1.171999999999999847e-01
1.334000000000000186e-01
1.340000000000000080e-01
9.899999999999997691e-02
1.057000000000000162e-01
6.379999999999998173e-02
1.198999999999999649e-01
1.721000000000000030e-01
9.160000000000001474e-02
8.960000000000004072e-02
1.394000000000000239e-01
1.008999999999999897e-01
1.092999999999999527e-01
4.660000000000002335e-02
8.769999999999998630e-02
1.218000000000000194e-01
9.409999999999996145e-02
1.087999999999999939e-01
1.237000000000000460e-01
1.316999999999999837e-01
1.203999999999999931e-01
7.840000000000001135e-02
5.240000000000000213e-02
8.059999999999997722e-02
1.186999999999999583e-01
8.470000000000003915e-02
4.259999999999997816e-02
7.529999999999997806e-02
6.259999999999996123e-02
1.486999999999999988e-01
6.649999999999997580e-02
1.363999999999999657e-01
7.140000000000001901e-02
8.800000000000005040e-02
8.220000000000002305e-02
1.322000000000000119e-01
1.071000000000000563e-01
7.630000000000003446e-02
6.200000000000001343e-02
1.712999999999999801e-01
1.961999999999999578e-01
1.497000000000000830e-01
1.339000000000000745e-01
1.291999999999999538e-01
1.238999999999999407e-01
8.580000000000001514e-02
1.562000000000000333e-01
1.696000000000000008e-01
1.702000000000000735e-01
1.030000000000000082e-01
1.532000000000000028e-01
1.270000000000001128e-01
8.909999999999990150e-02
1.390999999999999459e-01
5.359999999999998793e-02
7.100000000000000755e-02
4.699999999999998623e-02
9.710000000000014453e-02
1.054000000000000076e-01
1.174999999999999933e-01
1.282000000000000084e-01
1.243999999999999412e-01
1.077999999999999237e-01
1.103999999999999149e-01
1.112999999999999684e-01
7.159999999999989984e-02
5.999999999999998390e-02
1.230999999999999456e-01
1.200999999999999845e-01
1.281000000000000472e-01
1.125000000000000028e-01
5.459999999999994025e-02
1.170999999999999264e-01
1.919999999999999485e-01
2.104000000000000314e-01
1.176000000000000101e-01
8.300000000000018474e-02
1.139000000000000151e-01
7.590000000000007851e-02
7.130000000000003002e-02
1.213000000000000467e-01
1.661000000000001364e-01
1.927000000000000934e-01
7.179999999999991944e-02
1.092999999999999944e-01
1.345999999999998586e-01
1.006000000000000089e-01
9.630000000000010774e-02
7.300000000000007871e-02
7.120000000000001328e-02
1.173000000000001264e-01
8.850000000000007860e-02
1.357000000000001261e-01
7.029999999999997362e-02
6.769999999999992690e-02
8.959999999999998521e-02
1.303999999999999604e-01
6.590000000000001412e-02
4.560000000000005715e-02
5.110000000000006898e-02
1.559000000000000663e-01
1.534999999999999420e-01
6.310000000000003106e-02
9.200000000000006783e-02
1.123000000000000248e-01
6.710000000000004849e-02
9.769999999999989804e-02
9.580000000000016280e-02
1.169999999999999651e-01
1.388000000000000900e-01
1.419000000000000261e-01
4.099999999999982825e-02
9.799999999999997602e-02
9.870000000000005158e-02
6.240000000000008734e-02
4.559999999999996001e-02
4.519999999999992774e-02
7.510000000000002784e-02
9.060000000000009712e-02
1.024000000000000882e-01
1.244000000000000938e-01
7.969999999999988205e-02
4.359999999999994436e-02
1.085999999999999049e-01
7.229999999999994764e-02
6.940000000000004499e-02
1.461000000000000909e-01
1.527000000000000024e-01
8.320000000000006557e-02
5.080000000000004651e-02
1.054000000000001325e-01
1.287000000000000088e-01
6.919999999999996987e-02
1.075999999999999457e-01
1.572000000000000619e-01
1.545000000000001372e-01
7.569999999999998952e-02
9.079999999999992244e-02
1.075999999999999873e-01
1.210999999999999854e-01
1.185999999999997889e-01
1.139000000000000290e-01
1.927000000000000934e-01
1.006000000000000782e-01
3.530000000000009519e-02
1.333000000000000851e-01
1.203999999999999237e-01
8.790000000000022795e-02
