4.043999999999999817e-01
1.490000000000000213e-01
1.913999999999999868e-01
8.849999999999999534e-02
7.580000000000000626e-02
6.759999999999996567e-02
1.854999999999999705e-01
1.552999999999999658e-01
1.529999999999999971e-01
7.120000000000002716e-02
8.760000000000003895e-02
1.340999999999999970e-01
7.759999999999996068e-02
3.190000000000000474e-02
7.009999999999999565e-02
6.519999999999995244e-02
7.780000000000000804e-02
5.679999999999998245e-02
3.820000000000003254e-02
4.849999999999997369e-02
9.920000000000001039e-02
2.639999999999994088e-02
4.789999999999999813e-02
3.239999999999999131e-02
1.140000000000001013e-01
1.106000000000000039e-01
3.479999999999999760e-02
5.710000000000003961e-02
5.880000000000008831e-02
8.490000000000008651e-02
5.170000000000000984e-02
7.409999999999999920e-02
1.221000000000000835e-01
6.959999999999998133e-02
1.028999999999999915e-01
1.758000000000000118e-01
1.914000000000000423e-01
3.650000000000001021e-01
1.177999999999999742e-01
2.507999999999999674e-01
2.769999999999999685e-01
2.459000000000000352e-01
1.193000000000000310e-01
6.120000000000001134e-02
1.463000000000000411e-01
1.657000000000000139e-01
2.310000000000000664e-01
5.373999999999999888e-01
5.139000000000000234e-01
3.393999999999999795e-01
2.988000000000000655e-01
1.381000000000000005e-01
2.358000000000000096e-01
1.275999999999999912e-01
7.980000000000000981e-02
7.050000000000006262e-02
4.460000000000007014e-02
5.309999999999988340e-02
1.921999999999999542e-01
9.839999999999998748e-02
2.670000000000000151e-01
4.163000000000000589e-01
2.478999999999999260e-01
1.329999999999999793e-01
7.130000000000014104e-02
8.490000000000004488e-02
2.285000000000000087e-01
2.149000000000000077e-01
5.336000000000000743e-01
1.667999999999998650e-01
5.685000000000000053e-01
2.556999999999999273e-01
3.838999999999999635e-01
1.800000000000000488e-01
1.334999999999999520e-01
9.960000000000002185e-02
6.499999999999993283e-02
6.770000000000006568e-02
4.869999999999996554e-02
9.299999999999999933e-02
1.471999999999999420e-01
9.769999999999998130e-02
5.449999999999991657e-02
9.069999999999993345e-02
8.610000000000006537e-02
6.199999999999995792e-02
3.899999999999997219e-02
6.600000000000005862e-02
1.969999999999999529e-01
2.240999999999999936e-01
5.191999999999998838e-01
6.359000000000001318e-01
1.454000000000000015e-01
3.943999999999999173e-01
2.190000000000000280e-01
4.330999999999999295e-01
5.302999999999999936e-01
2.858999999999999875e-01
3.701999999999999180e-01
1.983999999999999098e-01
1.651000000000000800e-01
2.455000000000000238e-01
1.191999999999999171e-01
1.281999999999999806e-01
1.141999999999999127e-01
2.135000000000000786e-01
1.884999999999999176e-01
5.810000000000001275e-02
6.239999999999992775e-02
1.105000000000000565e-01
2.192000000000000060e-01
1.919999999999998930e-01
8.189999999999977853e-02
2.305999999999998329e-01
2.999999999999999334e-01
1.323999999999998511e-01
2.338999999999999968e-01
1.120000000000000162e-01
6.040000000000008556e-02
2.199999999999999734e-01
9.260000000000001563e-01
3.009999999999999898e-01
2.914999999999999813e-01
2.979999999999999871e-01
9.688000000000001055e-01
2.681999999999999384e-01
4.786000000000000254e-01
9.100000000000005307e-02
2.651000000000000023e-01
2.503999999999997894e-01
1.758000000000000673e-01
2.305999999999999439e-01
3.249999999999999556e-01
2.210999999999998245e-01
7.676000000000000600e-01
9.003999999999998671e-01
8.348999999999999755e-01
2.086000000000000076e-01
2.236999999999998989e-01
1.119999999999999607e-01
3.079999999999998295e-01
2.026999999999998248e-01
2.055999999999998940e-01
1.117000000000001741e-01
3.534999999999999809e-01
1.799000000000000599e-01
2.096000000000000085e-01
3.996000000000001218e-01
1.733999999999999986e-01
6.939999999999996172e-02
3.266000000000001124e-01
1.230999999999999317e-01
2.191999999999998672e-01
1.638999999999999901e-01
2.179000000000000381e-01
2.909000000000000474e-01
2.450999999999999845e-01
3.964000000000000301e-01
2.939000000000001056e-01
1.634000000000001562e-01
1.293999999999999873e-01
3.410000000000014408e-02
7.520000000000004459e-02
9.329999999999982752e-02
1.239999999999999575e-01
1.325000000000000067e-01
1.883999999999999009e-01
1.644999999999998963e-01
2.769999999999990872e-02
1.254000000000000115e-01
7.509999999999991682e-02
9.899999999999983813e-02
5.999999999999990064e-02
1.511999999999999456e-01
1.857000000000000872e-01
1.309999999999999776e-01
7.589999999999991198e-02
1.385000000000000675e-01
7.449999999999998290e-02
