4.266999999999999682e-01
5.789999999999999314e-02
6.480000000000002425e-02
9.350000000000001366e-02
9.650000000000003020e-02
9.240000000000000990e-02
2.984000000000000541e-01
1.787000000000000255e-01
9.840000000000001523e-02
5.720000000000003554e-02
5.789999999999999314e-02
6.369999999999999274e-02
8.599999999999999312e-02
8.430000000000002769e-02
1.463000000000000411e-01
9.729999999999999760e-02
8.400000000000001910e-02
9.369999999999999163e-02
5.019999999999997381e-02
4.889999999999998515e-02
5.899999999999999689e-02
8.450000000000000566e-02
1.775999999999999801e-01
3.116999999999999771e-01
2.184999999999999998e-01
1.085000000000000270e-01
1.090000000000000135e-01
1.476999999999999980e-01
1.225000000000000089e+00
6.930000000000000604e-01
2.701999999999999957e-01
3.364000000000000323e-01
4.718000000000001082e-01
7.080000000000007121e-02
1.987000000000000988e-01
1.890000000000000568e-01
1.662000000000000699e-01
1.189000000000000334e-01
1.706000000000000016e-01
9.830000000000004012e-02
7.380000000000001836e-02
1.017000000000000265e-01
1.366999999999999604e-01
2.550999999999999934e-01
2.934000000000001052e-01
1.472999999999999587e-01
2.575999999999999401e-01
4.007999999999999896e-01
1.850999999999999868e-01
1.129999999999999616e-01
2.099000000000000310e-01
1.115000000000000990e-01
9.789999999999998703e-02
1.800999999999999546e-01
2.696999999999998843e-01
1.492999999999999883e-01
1.485999999999999543e-01
7.849999999999995870e-02
9.090000000000005020e-02
1.202000000000000013e-01
5.310000000000002218e-02
5.029999999999995586e-02
1.126999999999999946e-01
1.375000000000000111e-01
1.320999999999999952e-01
2.452000000000000290e-01
3.255000000000000671e-01
8.489999999999997549e-02
3.190000000000000058e-01
1.853999999999999815e-01
1.147000000000000380e-01
1.286000000000000199e-01
1.870999999999999885e-01
4.450000000000001177e-02
2.204999999999998905e-01
1.632000000000000672e-01
2.180999999999999883e-01
2.322000000000000730e-01
1.339000000000000745e-01
8.990000000000004932e-02
1.184999999999999942e-01
7.339999999999996527e-02
7.519999999999997520e-02
6.050000000000003986e-02
1.068000000000000477e-01
7.390000000000003511e-02
8.910000000000009579e-02
1.044000000000000761e-01
7.539999999999998093e-02
1.103000000000000508e-01
3.260000000000007336e-02
9.750000000000004496e-02
7.539999999999991154e-02
1.306999999999999273e-01
3.092999999999999083e-01
1.275000000000000855e-01
1.082000000000000600e-01
1.643999999999999628e-01
8.940000000000002112e-02
8.219999999999995366e-02
7.899999999999997302e-02
1.391000000000000292e-01
7.360000000000005427e-02
5.260000000000000786e-02
4.329999999999996352e-02
1.093999999999999834e-01
8.980000000000000482e-02
5.049999999999997546e-02
1.004000000000000170e-01
1.236999999999999905e-01
1.958000000000000296e-01
4.079999999999996130e-02
1.165000000000000202e-01
1.280000000000000027e-01
2.937000000000000721e-01
1.595000000000000306e-01
3.714999999999999414e-01
4.207000000000000739e-01
1.606000000000000205e-01
9.779999999999998417e-02
3.143000000000000238e-01
4.788999999999999924e-01
3.604999999999999871e-01
4.153000000000000580e-01
4.859999999999999876e-01
3.215000000000000080e-01
6.660000000000000642e-02
8.324000000000000288e-01
1.049300000000000122e+00
1.003600000000000048e+00
3.159000000000000696e-01
2.119000000000000883e-01
2.020000000000000406e-01
1.522999999999999632e-01
6.859999999999999432e-02
8.889999999999999292e-02
1.352999999999999203e-01
1.056999999999999884e-01
8.509999999999998122e-02
8.920000000000005702e-02
5.879999999999994953e-02
7.830000000000003624e-02
1.445999999999999508e-01
2.379000000000000004e-01
1.328000000000000846e-01
1.534000000000000363e-01
8.319999999999999618e-02
1.514999999999999958e-01
1.206000000000001099e-01
1.075000000000001094e-01
1.228999999999999398e-01
1.578000000000000791e-01
1.528000000000000191e-01
3.279999999999999027e-01
4.928000000000000158e-01
4.290999999999999259e-01
1.175000000000000627e-01
9.360000000000003040e-02
1.082999999999999657e-01
1.319000000000000172e-01
1.769999999999999352e-01
3.670000000000001039e-02
5.140000000000009839e-02
7.990000000000008207e-02
8.540000000000007307e-02
5.470000000000002638e-02
1.433999999999999997e-01
7.020000000000009566e-02
1.073000000000001453e-01
9.620000000000003548e-02
1.140000000000000596e-01
1.718000000000000915e-01
2.148999999999999522e-01
2.993000000000000105e-01
3.521000000000000241e-01
3.729999999999999427e-01
1.728999999999999149e-01
1.299700000000000077e+00
1.314000000000000168e-01
