3.262999999999999790e-01
1.486999999999999988e-01
2.915999999999999703e-01
1.759000000000000286e-01
5.639999999999996405e-02
4.600000000000002004e-02
5.949999999999996958e-02
7.249999999999999500e-02
1.330000000000000071e-01
7.229999999999997540e-02
2.590000000000000982e-02
7.439999999999996616e-02
5.140000000000001512e-02
1.238999999999999824e-01
6.179999999999997301e-02
4.039999999999998453e-02
5.580000000000001625e-02
8.740000000000003322e-02
1.176000000000000101e-01
6.690000000000001501e-02
5.839999999999999358e-02
1.024999999999999800e-01
7.500000000000001110e-02
4.750000000000001443e-02
5.819999999999997398e-02
9.659999999999997755e-02
5.869999999999996748e-02
5.280000000000004134e-02
1.158000000000000279e-01
2.148000000000000187e-01
2.045999999999999763e-01
1.031999999999999862e-01
1.161999999999999561e-01
9.099999999999996980e-02
4.209999999999999853e-02
5.739999999999993718e-02
1.012000000000000399e-01
1.083000000000000074e-01
9.659999999999999143e-02
8.000000000000001554e-02
7.790000000000002478e-02
4.989999999999999991e-02
8.250000000000001776e-02
6.260000000000000286e-02
5.329999999999996546e-02
9.570000000000002116e-02
3.730000000000000537e-01
2.501999999999999780e-01
7.770000000000003293e-02
1.490999999999999270e-01
1.147000000000000242e-01
1.051000000000000267e-01
9.919999999999999651e-02
8.469999999999999751e-02
1.264000000000000401e-01
9.260000000000002951e-02
9.249999999999997113e-02
1.196999999999999315e-01
1.397999999999999798e-01
9.780000000000003968e-02
3.353999999999999759e-01
3.509999999999999232e-01
1.572000000000000342e-01
6.300000000000002820e-02
1.117999999999999827e-01
1.103999999999999704e-01
1.188000000000000583e-01
4.096000000000000751e-01
2.614999999999999547e-01
1.047999999999998932e-01
6.969999999999995643e-02
1.190999999999999698e-01
5.290000000000001645e-02
4.369999999999997498e-02
1.285000000000000031e-01
1.069999999999999424e-01
1.206999999999999462e-01
1.595999999999999641e-01
1.101000000000000312e-01
1.275999999999999912e-01
1.083999999999999686e-01
1.488000000000000711e-01
8.040000000000005476e-02
5.599999999999996647e-02
4.950000000000004396e-02
1.062000000000000166e-01
7.030000000000005689e-02
4.640000000000001762e-02
8.930000000000007376e-02
1.261000000000000454e-01
6.259999999999998899e-02
5.330000000000006261e-02
4.489999999999998853e-02
8.209999999999996467e-02
4.559999999999995307e-02
5.269999999999998991e-02
9.670000000000006368e-02
1.708999999999999964e-01
1.711999999999999911e-01
4.320000000000000923e-02
3.969999999999995061e-02
1.305999999999999661e-01
9.449999999999997291e-02
4.390000000000005009e-02
1.525000000000000522e-01
1.025000000000000772e-01
1.194000000000000478e-01
4.029999999999991922e-02
5.440000000000011493e-02
1.299000000000000155e-01
3.612000000000000210e-01
3.931999999999998829e-01
3.559999999999993725e-02
6.359999999999989273e-02
3.430000000000003879e-02
6.670000000000006479e-02
8.899999999999999578e-02
7.139999999999999125e-02
3.529999999999991478e-02
5.040000000000000036e-02
2.640000000000000679e-02
2.140000000000007174e-02
5.430000000000000104e-02
1.097000000000000475e-01
7.629999999999995119e-02
1.002999999999999725e-01
1.092999999999999527e-01
3.310000000000001830e-02
5.890000000000004954e-02
6.750000000000003220e-02
7.970000000000007634e-02
6.080000000000009008e-02
4.789999999999999813e-02
2.839999999999996694e-02
5.230000000000006866e-02
9.619999999999996609e-02
5.160000000000000697e-02
5.349999999999995037e-02
3.930000000000002935e-02
4.100000000000003642e-02
6.889999999999991964e-02
8.319999999999999618e-02
8.580000000000000127e-02
5.800000000000000988e-02
3.900000000000007627e-02
4.620000000000007434e-02
9.950000000000001898e-02
9.159999999999994535e-02
7.080000000000004345e-02
1.162000000000000255e-01
1.109000000000000680e-01
7.420000000000016860e-02
6.720000000000007911e-02
5.609999999999996934e-02
1.202999999999999486e-01
1.040000000000000785e-01
6.610000000000006148e-02
7.709999999999998799e-02
9.309999999999994669e-02
7.909999999999994813e-02
2.592000000000000415e-01
3.502000000000000113e-01
1.248000000000000498e-01
9.909999999999989651e-02
1.285999999999999921e-01
3.929999999999988364e-02
1.433999999999999442e-01
1.539999999999999147e-01
1.654999999999998694e-01
1.510000000000001341e-01
6.249999999999984734e-02
1.675000000000000655e-01
5.279999999999997889e-02
6.990000000000010094e-02
5.880000000000001892e-02
4.449999999999985911e-02
4.869999999999997942e-02
8.609999999999995435e-02
5.989999999999982838e-02
