3.268999999999999684e-01
9.369999999999996387e-02
1.412000000000000199e-01
2.007999999999999785e-01
4.729999999999998789e-02
6.119999999999999052e-02
1.912999999999999701e-01
1.310000000000000053e-01
1.766000000000000625e-01
5.719999999999998697e-02
7.330000000000000404e-02
9.369999999999995000e-02
9.499999999999995948e-02
2.466000000000000414e-01
1.436000000000000054e-01
1.819999999999999396e-01
4.029999999999996085e-02
1.342999999999999750e-01
1.047999999999999488e-01
8.509999999999999509e-02
2.650000000000002354e-02
6.629999999999994231e-02
3.880000000000000115e-02
8.709999999999995524e-02
1.457999999999999852e-01
8.790000000000007530e-02
7.250000000000003664e-02
4.040000000000002617e-02
1.295999999999999930e-01
7.380000000000000449e-02
1.598999999999999866e-01
6.159999999999998810e-02
9.249999999999995726e-02
5.719999999999990370e-02
4.580000000000011839e-02
1.189000000000001167e-01
5.600000000000005668e-02
6.119999999999990031e-02
7.329999999999999016e-02
1.739999999999999880e-01
1.519999999999999407e-01
1.415000000000000424e-01
1.419000000000000816e-01
1.774000000000000299e-01
1.216000000000000691e-01
3.589999999999995972e-02
1.831000000000000127e-01
5.069999999999993956e-02
1.061999999999999750e-01
4.599999999999995759e-02
8.790000000000007530e-02
4.549999999999994327e-02
6.079999999999996518e-02
6.369999999999995111e-02
1.236000000000000432e-01
1.315999999999999670e-01
4.530000000000013183e-02
6.710000000000003462e-02
1.232999999999999791e-01
6.500000000000009936e-02
9.639999999999997182e-02
9.690000000000013880e-02
8.860000000000012310e-02
9.910000000000002141e-02
8.339999999999987701e-02
2.133999999999998121e-01
6.650000000000004519e-02
1.765999999999999515e-01
1.279000000000000414e-01
1.169000000000000178e-01
7.100000000000006306e-02
4.349999999999988598e-02
1.696000000000000840e-01
8.840000000000008962e-02
2.317000000000001558e-01
4.039999999999994984e-02
1.790999999999998982e-01
8.259999999999988185e-02
8.979999999999990767e-02
5.680000000000008653e-02
4.399999999999985867e-02
6.169999999999987994e-02
1.228000000000000064e-01
1.543000000000001037e-01
1.426000000000000045e-01
8.659999999999982989e-02
7.629999999999977078e-02
1.005000000000000338e-01
7.169999999999993046e-02
1.318999999999999895e-01
1.057999999999999219e-01
1.484999999999999376e-01
1.550999999999998769e-01
1.434999999999997389e-01
1.182999999999997665e-01
1.450999999999999790e-01
7.050000000000006262e-02
4.899999999999993250e-02
1.017000000000000681e-01
1.380000000000000393e-01
1.761000000000000898e-01
9.889999999999987690e-02
1.181999999999998607e-01
1.355000000000000371e-01
5.669999999999994489e-02
1.282999999999999696e-01
1.227999999999999370e-01
1.173999999999999766e-01
5.670000000000004203e-02
8.760000000000002507e-02
7.870000000000018647e-02
1.177999999999999048e-01
9.400000000000026390e-02
1.747000000000001607e-01
1.054000000000000770e-01
5.450000000000018718e-02
5.869999999999986340e-02
1.908999999999998753e-01
1.316999999999998172e-01
1.376999999999999336e-01
3.689999999999996061e-02
7.289999999999982605e-02
6.410000000000007359e-02
1.374999999999999833e-01
1.895999999999999908e-01
1.151999999999999691e-01
1.413999999999998869e-01
1.270999999999998520e-01
1.609999999999998654e-01
7.530000000000006133e-02
6.849999999999992206e-02
7.409999999999997145e-02
5.769999999999994578e-02
6.620000000000016149e-02
4.810000000000010101e-02
6.460000000000006015e-02
3.959999999999988529e-02
9.760000000000010334e-02
7.730000000000003535e-02
1.210000000000002046e-01
6.020000000000014229e-02
1.240999999999999465e-01
3.640000000000001568e-02
6.160000000000008524e-02
7.930000000000018978e-02
9.890000000000016833e-02
1.238000000000000350e-01
1.362999999999999490e-01
1.184000000000001995e-01
8.970000000000004359e-02
1.121999999999999803e-01
5.220000000000002416e-02
4.779999999999995364e-02
1.332999999999999186e-01
1.249000000000000943e-01
2.301000000000000267e-01
2.133999999999998121e-01
5.089999999999998692e-02
9.399999999999988920e-02
5.329999999999987526e-02
1.873000000000000775e-01
1.712000000000000466e-01
1.918000000000000538e-01
7.950000000000011224e-02
1.167999999999999039e-01
2.296999999999999598e-01
1.205000000000000793e-01
1.003000000000000141e-01
4.479999999999989546e-02
4.259999999999987408e-02
1.666000000000000814e-01
1.349000000000001587e-01
1.260999999999999344e-01
7.330000000000021221e-02
1.194000000000001727e-01
1.762000000000001343e-01
1.670000000000000651e-01
7.369999999999990448e-02
2.468000000000002692e-01
