6.222999999999999643e-01
1.629999999999999782e-01
2.192000000000000337e-01
6.760000000000007669e-02
1.341999999999999860e-01
1.979000000000000203e-01
6.919999999999998375e-02
6.950000000000000622e-02
1.689999999999999836e-01
9.040000000000004976e-02
1.180000000000000077e-01
1.235999999999999877e-01
6.949999999999990907e-02
9.710000000000004738e-02
1.421999999999999376e-01
1.113999999999999435e-01
8.920000000000002927e-02
1.408999999999999975e-01
1.372000000000000164e-01
4.929999999999999660e-02
7.719999999999997697e-02
8.239999999999998714e-02
1.084000000000000241e-01
1.002999999999999448e-01
8.629999999999991844e-02
7.319999999999995954e-02
9.020000000000003015e-02
9.480000000000000926e-02
5.670000000000006979e-02
7.120000000000005491e-02
9.390000000000001124e-02
7.409999999999998532e-02
8.060000000000004661e-02
8.149999999999993361e-02
8.290000000000009861e-02
8.280000000000002636e-02
7.699999999999992961e-02
6.660000000000002029e-02
7.430000000000006044e-02
9.760000000000000620e-02
1.446999999999999120e-01
1.006999999999999978e-01
1.860999999999998766e-01
1.706999999999999906e-01
9.930000000000008265e-02
8.869999999999997331e-02
1.340000000000000913e-01
1.288000000000000256e-01
8.690000000000006053e-02
7.219999999999998641e-02
1.439000000000000556e-01
2.594000000000000750e-01
1.097999999999999809e-01
1.320000000000000340e-01
2.115000000000000213e-01
6.550000000000008593e-02
1.115000000000000019e-01
1.791999999999999704e-01
2.084000000000000574e-01
1.875000000000000278e-01
9.009999999999994402e-02
9.859999999999996545e-02
1.820999999999999286e-01
6.820000000000008000e-02
1.024000000000000188e-01
1.177999999999999881e-01
6.100000000000008887e-02
1.164999999999999925e-01
1.658000000000001140e-01
1.185000000000000497e-01
1.927000000000000379e-01
8.880000000000001781e-02
2.391999999999999682e-01
3.045999999999999264e-01
2.985999999999999766e-01
2.171999999999999209e-01
6.529999999999995530e-02
1.257000000000000617e-01
5.339999999999996139e-02
7.990000000000001268e-02
1.696000000000000008e-01
6.819999999999998286e-02
9.569999999999999341e-02
1.318999999999999617e-01
5.430000000000004268e-02
1.314000000000000168e-01
1.287000000000000366e-01
8.840000000000002023e-02
1.042000000000000703e-01
1.448000000000000398e-01
7.839999999999994196e-02
1.041000000000000258e-01
2.008000000000000340e-01
1.715000000000000968e-01
1.151999999999999552e-01
1.086999999999999772e-01
8.480000000000001426e-02
1.732000000000000206e-01
7.680000000000000715e-02
1.395999999999999741e-01
1.421999999999999376e-01
7.469999999999993312e-02
1.183000000000000163e-01
1.949000000000000177e-01
9.410000000000007248e-02
1.003000000000000141e-01
1.190000000000000085e-01
1.032000000000000139e-01
5.519999999999998519e-02
9.889999999999993241e-02
9.150000000000001188e-02
7.639999999999996794e-02
1.622999999999999721e-01
4.259999999999997816e-02
1.198999999999999649e-01
9.670000000000003593e-02
7.620000000000004547e-02
8.890000000000000679e-02
6.359999999999998987e-02
1.183000000000000301e-01
1.044000000000000483e-01
8.769999999999987528e-02
1.473999999999999755e-01
1.405000000000000693e-01
1.629000000000000448e-01
8.680000000000014093e-02
2.291000000000000258e-01
2.440999999999999281e-01
1.974000000000000754e-01
1.292999999999999705e-01
1.486999999999999988e-01
6.880000000000002780e-02
1.155999999999999528e-01
1.848000000000000198e-01
5.050000000000010036e-02
6.540000000000004143e-02
6.430000000000000993e-02
9.760000000000003395e-02
2.189000000000000945e-01
1.498000000000000442e-01
6.140000000000002400e-02
9.419999999999997820e-02
2.157000000000000306e-01
5.470000000000005413e-02
1.378000000000000336e-01
1.128000000000000808e-01
2.849999999999999062e-02
1.363999999999999935e-01
1.523000000000000465e-01
8.339999999999998803e-02
1.167999999999999455e-01
8.370000000000002438e-02
1.050000000000000516e-01
8.749999999999999445e-02
6.150000000000005462e-02
3.290000000000001257e-02
1.437999999999999834e-01
9.799999999999996214e-02
9.059999999999993059e-02
8.930000000000003213e-02
7.230000000000014193e-02
5.650000000000002243e-02
1.006000000000000505e-01
1.522000000000000020e-01
2.394999999999999352e-01
1.830999999999999017e-01
1.288000000000000256e-01
1.166999999999999843e-01
1.059999999999999415e-01
9.190000000000000946e-02
1.977999999999998926e-01
7.220000000000008356e-02
1.639000000000000734e-01
2.663000000000000922e-01
2.175000000000000822e-01
1.017999999999999600e-01
1.400999999999999468e-01
1.260000000000000286e-01
8.719999999999993034e-02
