4.750000000000000333e-01
2.404000000000000581e-01
1.255999999999999894e-01
1.918999999999999873e-01
1.936999999999999833e-01
1.014000000000000179e-01
5.989999999999995328e-02
1.172000000000000403e-01
4.140000000000001318e-02
9.609999999999997711e-02
7.509999999999998621e-02
1.069000000000000089e-01
1.309999999999999221e-01
9.740000000000006986e-02
1.228999999999999537e-01
1.381999999999999340e-01
1.127999999999999697e-01
7.430000000000001881e-02
9.399999999999998634e-02
1.376999999999999336e-01
4.859999999999999043e-02
1.159999999999999643e-01
7.189999999999997782e-02
1.196000000000000119e-01
6.450000000000005729e-02
9.100000000000002531e-02
5.569999999999998563e-02
8.139999999999997238e-02
7.099999999999995204e-02
6.410000000000005971e-02
6.499999999999998834e-02
3.340000000000001301e-02
9.259999999999993237e-02
1.040999999999999565e-01
5.360000000000005732e-02
7.279999999999998972e-02
8.620000000000010987e-02
6.300000000000000044e-02
9.500000000000000111e-02
5.800000000000007927e-02
9.559999999999996279e-02
8.630000000000004334e-02
4.979999999999996929e-02
6.139999999999999625e-02
3.590000000000002217e-02
3.280000000000004440e-02
4.459999999999997300e-02
1.870000000000006379e-02
5.299999999999997075e-02
5.290000000000000258e-02
1.272000000000000075e-01
3.609999999999995157e-02
1.036000000000000115e-01
6.739999999999998770e-02
9.189999999999998170e-02
1.525999999999999024e-01
9.759999999999993681e-02
6.980000000000002869e-02
5.439999999999999003e-02
1.052000000000000435e-01
8.040000000000001312e-02
9.849999999999996259e-02
7.980000000000002369e-02
6.719999999999996809e-02
3.829999999999997295e-02
4.239999999999992386e-02
5.070000000000005752e-02
9.600000000000001588e-02
8.259999999999989573e-02
7.620000000000010099e-02
9.210000000000004294e-02
9.299999999999997158e-02
6.319999999999990903e-02
7.069999999999995732e-02
1.451999999999999957e-01
8.569999999999994289e-02
1.366000000000000270e-01
1.059999999999999831e-01
4.239999999999995856e-02
6.639999999999995905e-02
3.109999999999997489e-02
4.929999999999983701e-02
8.019999999999986862e-02
7.900000000000004241e-02
6.920000000000003926e-02
5.190000000000006414e-02
1.310000000000000331e-01
6.799999999999996325e-02
1.007999999999999730e-01
5.950000000000004591e-02
6.939999999999997560e-02
6.839999999999996083e-02
1.075000000000000122e-01
6.829999999999997184e-02
1.082999999999999796e-01
3.880000000000007054e-02
1.036999999999999728e-01
6.829999999999997184e-02
1.098000000000000642e-01
2.799999999999998324e-02
6.839999999999994695e-02
4.420000000000000318e-02
6.619999999999999496e-02
8.019999999999996576e-02
7.110000000000003817e-02
9.369999999999996387e-02
1.208000000000000046e-01
1.015000000000001179e-01
5.820000000000007112e-02
6.989999999999997604e-02
8.299999999999999045e-02
9.769999999999998130e-02
1.135000000000000731e-01
6.879999999999998617e-02
6.470000000000000751e-02
7.739999999999998270e-02
7.420000000000004370e-02
2.100000000000003600e-02
1.063000000000000472e-01
1.123999999999999999e-01
8.170000000000005036e-02
1.037000000000000005e-01
7.319999999999995954e-02
7.799999999999998601e-02
8.590000000000011515e-02
9.420000000000000595e-02
1.130999999999999922e-01
9.450000000000000067e-02
1.166999999999999704e-01
2.396999999999999964e-01
5.690000000000002695e-02
1.581000000000000183e-01
9.480000000000003701e-02
1.071000000000000008e-01
6.320000000000003393e-02
1.754999999999999893e-01
1.922999999999999710e-01
5.760000000000003312e-02
9.970000000000003859e-02
1.122000000000000358e-01
7.989999999999999880e-02
1.205000000000000515e-01
6.790000000000001590e-02
8.020000000000002127e-02
1.277000000000000357e-01
1.020999999999999686e-01
3.619999999999995444e-02
7.100000000000004918e-02
6.860000000000002207e-02
3.639999999999992547e-02
8.450000000000010281e-02
1.194999999999999951e-01
8.489999999999998936e-02
8.389999999999998848e-02
1.094000000000000528e-01
1.234999999999999154e-01
5.229999999999995763e-02
5.979999999999999205e-02
5.579999999999994686e-02
9.279999999999995197e-02
1.390999999999999737e-01
1.655000000000000082e-01
2.116999999999999993e-01
2.037999999999999812e-01
2.029000000000000248e-01
9.820000000000012053e-02
8.200000000000007283e-02
8.459999999999998077e-02
9.160000000000001474e-02
6.620000000000010598e-02
7.769999999999996354e-02
1.001000000000000778e-01
7.659999999999994591e-02
9.660000000000004694e-02
1.966000000000001358e-01
9.010000000000006892e-02
8.819999999999998674e-02
6.719999999999999585e-02
7.440000000000007718e-02
