5.461000000000000298e-01
2.748999999999999777e-01
3.296000000000000041e-01
2.075000000000000178e-01
1.615999999999999659e-01
7.330000000000004567e-02
1.065999999999999587e-01
8.899999999999999578e-02
6.560000000000000553e-02
1.148000000000000409e-01
2.481000000000000150e-01
1.950000000000000067e-01
1.099999999999999589e-01
2.598000000000000309e-01
1.308999999999999886e-01
5.799999999999991968e-02
1.744000000000000272e-01
3.138000000000000789e-01
4.317999999999999616e-01
2.538999999999999591e-01
6.919999999999995599e-02
8.499999999999999223e-02
1.115999999999999492e-01
7.440000000000000779e-02
1.214999999999999691e-01
1.251999999999999780e-01
6.249999999999994449e-02
2.050000000000000155e-01
1.114000000000000268e-01
1.049000000000000210e-01
1.007999999999999452e-01
2.032000000000000473e-01
1.279000000000000969e-01
1.523999999999999799e-01
8.280000000000001248e-02
1.927000000000000379e-01
2.329000000000000237e-01
2.590000000000000080e-01
9.460000000000005904e-02
1.710000000000000131e-01
2.398000000000000687e-01
4.729999999999997401e-02
6.301999999999998714e-01
4.998999999999999555e-01
3.542000000000000148e-01
8.669999999999999929e-02
6.050000000000000516e-02
1.541000000000000147e-01
1.937000000000000111e-01
1.170000000000000207e-01
1.568999999999999839e-01
1.746000000000000052e-01
1.560000000000000275e-01
8.399999999999996358e-02
2.230999999999999650e-01
1.398000000000000353e-01
6.729999999999998483e-02
1.706000000000000294e-01
1.177000000000000407e-01
6.331999999999999851e-01
3.301000000000000600e-01
2.522999999999999687e-01
5.200000000000002537e-02
2.409000000000000308e-01
1.202999999999999903e-01
1.134000000000000147e-01
2.046000000000000318e-01
2.011999999999999622e-01
1.743999999999999995e-01
5.690000000000000613e-02
1.082000000000000323e-01
1.152999999999999303e-01
1.485000000000000486e-01
1.865000000000000824e-01
1.204000000000000348e-01
1.769000000000000017e-01
9.360000000000003040e-02
3.460000000000000298e-01
2.500000000000000000e-01
4.719999999999998502e-02
8.400000000000004685e-02
6.140000000000004482e-02
1.887000000000000344e-01
2.378000000000000669e-01
2.157000000000000306e-01
1.547999999999999654e-01
4.379999999999996396e-02
2.203999999999999848e-01
1.572999999999999399e-01
1.505999999999999284e-01
2.492000000000000604e-01
1.431000000000000327e-01
1.521000000000000407e-01
1.764000000000000290e-01
2.509000000000000674e-01
1.345000000000000084e-01
2.606000000000000538e-01
1.186999999999999861e-01
2.403999999999999748e-01
1.904000000000000137e-01
1.467999999999999583e-01
1.781999999999998585e-01
1.783000000000000140e-01
7.899999999999998690e-02
2.138999999999999790e-01
2.982000000000000206e-01
2.680000000000000160e-01
2.128000000000000447e-01
2.864999999999999214e-01
3.200000000000000067e-01
2.207999999999999963e-01
2.143999999999999795e-01
2.110000000000000209e-01
4.755000000000000338e-01
5.103999999999999648e-01
1.687000000000000721e-01
2.435999999999998722e-01
2.577000000000000401e-01
3.975000000000000200e-01
2.479999999999999705e-01
4.712000000000000077e-01
4.460999999999999965e-01
1.603999999999999593e-01
3.405000000000000249e-01
3.193999999999999062e-01
1.886999999999999789e-01
2.925000000000000377e-01
2.665000000000000147e-01
8.080000000000002458e-02
2.894000000000001016e-01
1.776000000000000079e-01
8.540000000000005920e-02
6.640000000000002844e-02
1.336999999999999855e-01
2.310999999999998888e-01
1.298000000000000542e-01
1.760000000000000175e-01
1.958000000000000296e-01
2.807000000000000051e-01
2.064999999999999891e-01
1.097000000000000197e-01
2.046000000000000318e-01
1.218999999999999667e-01
2.703000000000000957e-01
4.329000000000001180e-01
2.668999999999999706e-01
3.921999999999998820e-01
4.965999999999999859e-01
5.459000000000000519e-01
1.628000000000000003e-01
2.111999999999999711e-01
2.161000000000000698e-01
2.808999999999999275e-01
4.647000000000000020e-01
3.166000000000000481e-01
1.333999999999999075e-01
3.067999999999999616e-01
4.741000000000000214e-01
4.180000000000000382e-01
6.729999999999999871e-02
3.237999999999998657e-01
2.104999999999999649e-01
1.718000000000000915e-01
3.078999999999999515e-01
2.436999999999999444e-01
1.277999999999999692e-01
4.660999999999999588e-01
3.256000000000000005e-01
3.230999999999999983e-01
2.466999999999999471e-01
5.441000000000000281e-01
7.089999999999999636e-01
1.944999999999999230e-01
2.765999999999999570e-01
4.459999999999998965e-01
2.533000000000000251e-01
4.921999999999999709e-01
4.403999999999999027e-01
1.074999999999999567e-01
