3.258000000000000895e-01
1.112000000000000210e-01
8.669999999999998541e-02
1.990000000000000102e-01
2.848999999999999866e-01
1.056999999999999884e-01
2.094999999999999640e-01
2.542999999999999705e-01
1.146999999999999409e-01
6.359999999999998987e-02
2.124999999999999389e-01
3.514000000000000457e-01
4.409000000000000696e-01
6.838999999999999524e-01
1.902000000000000357e-01
2.429000000000001158e-01
2.159999999999999420e-01
9.299999999999997158e-02
2.377000000000000779e-01
1.991999999999999049e-01
1.110999999999999349e-01
1.131999999999999812e-01
7.870000000000001994e-02
2.361000000000000321e-01
9.069999999999991958e-02
1.547000000000000319e-01
5.930000000000001936e-02
1.018999999999999906e-01
5.859999999999986053e-02
1.529000000000000636e-01
2.163000000000000478e-01
2.128000000000000169e-01
3.259999999999999565e-01
2.590999999999999415e-01
1.626000000000000500e-01
4.143000000000000016e-01
1.553000000000000214e-01
9.059999999999999998e-02
1.558999999999999830e-01
1.167999999999999872e-01
3.670000000000000484e-01
4.336999999999999744e-01
2.043000000000000094e-01
1.307999999999999996e-01
1.350000000000000089e-01
1.803000000000000158e-01
2.792000000000000592e-01
1.971000000000000252e-01
4.003000000000000447e-01
2.429999999999999938e-01
2.183000000000000218e-01
1.564000000000000390e-01
1.749999999999999889e-01
1.426999999999999935e-01
8.890000000000000679e-02
1.437000000000000222e-01
1.489000000000000323e-01
1.175999999999999684e-01
5.490000000000004599e-02
1.089999999999999997e-01
6.689999999999998725e-02
1.755999999999999783e-01
2.599999999999999534e-01
1.352000000000000146e-01
1.279000000000000137e-01
1.299000000000000155e-01
4.810000000000000386e-02
2.183000000000000218e-01
1.277000000000000079e-01
2.430999999999999828e-01
2.340999999999999748e-01
1.873999999999999555e-01
2.219999999999999751e-01
1.014000000000000040e-01
1.520999999999999852e-01
1.420000000000000151e-01
1.899999999999999745e-01
2.343000000000000083e-01
5.139999999999998043e-02
1.728999999999999981e-01
4.839999999999999858e-02
1.876000000000000445e-01
5.800000000000001682e-02
1.010000000000000064e-01
4.739999999999999769e-02
3.060000000000000220e-02
8.980000000000000482e-02
8.930000000000000437e-02
7.059999999999999609e-02
1.251999999999999780e-01
9.069999999999998896e-02
2.029000000000000248e-01
2.396000000000000074e-01
1.573999999999999844e-01
1.747999999999999832e-01
3.484000000000000430e-01
2.595000000000000084e-01
1.034999999999999809e-01
2.469000000000000361e-01
4.556000000000000050e-01
2.375999999999999779e-01
1.638000000000000567e-01
2.149000000000000354e-01
1.621000000000000496e-01
1.244999999999999996e-01
9.870000000000002383e-02
1.131999999999999951e-01
2.455999999999999295e-01
4.017000000000000015e-01
2.184000000000000663e-01
4.554999999999999605e-01
1.216999999999999749e-01
2.520000000000000018e-01
2.401999999999999136e-01
1.793999999999999762e-01
1.713999999999999968e-01
8.950000000000002398e-02
1.988000000000000045e-01
1.779000000000000303e-01
2.960999999999998078e-01
1.916000000000000758e-01
9.190000000000000946e-02
2.979999999999999316e-01
4.270000000000000462e-01
6.020000000000000906e-01
3.235000000000000098e-01
7.075999999999998957e-01
2.701999999999999957e-01
1.839999999999999691e-01
1.600000000000000311e-01
2.046999999999998820e-01
1.143999999999998907e-01
1.528000000000000747e-01
1.821999999999999731e-01
7.640000000000005120e-02
1.018000000000000432e-01
1.063999999999999807e-01
2.652999999999999803e-01
1.832999999999999075e-01
1.909999999999999198e-01
3.301999999999999935e-01
1.110999999999999627e-01
1.049000000000000210e-01
3.204999999999999516e-01
1.995000000000000107e-01
9.740000000000000047e-02
1.366999999999999882e-01
9.129999999999997840e-02
1.124000000000000138e-01
3.421000000000000707e-01
1.115999999999999492e-01
2.127999999999999337e-01
4.450000000000000622e-01
2.064999999999999614e-01
6.077000000000000179e-01
3.975000000000000755e-01
5.391000000000000236e-01
2.399999999999999634e-01
4.339999999999999969e-01
3.472999999999999976e-01
2.569000000000000172e-01
2.333000000000000629e-01
2.696999999999999953e-01
2.684000000000000274e-01
2.298000000000000043e-01
2.634000000000000230e-01
2.725000000000000200e-01
1.511000000000000398e-01
2.693000000000000393e-01
1.394999999999999574e-01
6.109999999999991827e-02
3.950000000000000039e-02
1.210000000000000520e-01
2.026000000000000578e-01
1.734999999999999876e-01
8.439999999999997504e-02
2.257999999999999452e-01
7.429999999999996330e-02
4.140000000000004787e-02
