5.503000000000000114e-01
5.239499999999999602e+00
3.663399999999999768e+00
6.059999999999998721e-01
1.031000000000000139e+00
5.646999999999999797e-01
2.863999999999999879e-01
7.069999999999997120e-02
1.543999999999999817e-01
4.750999999999999668e-01
2.496999999999999775e-01
9.690000000000012492e-02
3.764000000000000123e-01
1.972999999999999754e-01
1.113999999999999851e-01
8.400000000000010236e-02
7.560000000000001441e-02
1.250000000000001110e-01
1.265999999999999071e-01
6.289999999999999758e-02
1.331999999999999296e-01
9.939999999999994673e-02
8.429999999999990279e-02
2.869999999999999774e-01
2.840000000000000302e-01
1.759000000000000008e-01
1.546999999999999487e-01
5.489999999999999047e-02
7.079999999999993243e-02
1.583000000000000795e-01
1.687000000000000166e-01
2.272999999999998633e-01
9.140000000000000902e-02
1.313000000000000556e-01
3.330000000000000182e-01
1.466999999999999416e-01
3.038000000000001255e-01
1.723000000000000920e-01
2.139999999999999403e-01
5.897000000000001130e-01
2.720000000000000195e-01
2.033000000000000362e-01
4.319999999999998841e-01
3.556999999999999051e-01
4.397000000000000353e-01
4.468999999999999639e-01
3.771999999999999797e-01
2.511999999999998678e-01
3.413999999999999257e-01
9.590000000000009628e-02
2.072000000000000786e-01
2.473999999999999810e-01
7.059999999999996834e-02
1.131999999999998563e-01
1.917999999999998872e-01
7.555000000000002824e-01
2.739000000000000323e-01
1.574999999999999734e-01
8.850000000000013411e-02
7.960000000000011511e-02
4.135999999999999122e-01
2.874000000000000443e-01
5.620000000000000689e-02
1.487999999999999046e-01
1.003999999999999337e-01
2.092999999999998750e-01
1.855999999999999872e-01
2.066999999999999393e-01
1.174000000000001293e-01
1.278000000000000524e-01
1.754000000000000004e-01
7.664999999999999591e-01
4.560000000000000719e-01
3.888000000000000345e-01
4.756999999999999562e-01
1.236999999999999211e-01
5.631999999999999229e-01
5.973999999999998201e-01
2.759999999999999121e-01
4.866000000000000325e-01
5.704000000000000181e-01
2.630999999999999450e-01
1.382000000000000450e-01
1.389000000000000012e+00
9.959999999999999964e-01
1.534299999999999997e+00
2.716999999999999971e-01
3.928999999999999715e-01
4.636000000000000121e-01
3.848999999999999089e-01
1.775000000000000466e-01
1.953999999999999904e-01
1.744999999999999607e-01
1.020000000000000073e-01
2.035000000000000142e-01
2.340000000000000135e-01
1.753999999999999726e-01
7.589999999999996749e-02
1.371999999999999886e-01
3.584999999999999298e-01
2.216999999999999804e-01
3.301000000000000045e-01
1.967000000000001525e-01
2.337999999999999801e-01
4.970000000000000806e-02
1.703000000000000624e-01
1.211000000000000132e-01
1.206000000000000127e-01
1.078000000000000486e-01
1.404000000000000525e-01
5.977000000000000091e-01
5.075000000000000622e-01
6.434000000000000830e-01
2.171999999999999764e-01
2.052000000000000213e-01
2.632999999999999785e-01
6.780000000000001303e-02
2.257999999999999174e-01
1.348999999999999644e-01
3.651999999999999691e-01
6.602000000000001201e-01
1.539000000000000645e-01
5.424999999999999822e-01
9.481999999999999318e-01
7.146000000000000130e-01
3.810999999999999388e-01
1.235999999999999460e-01
4.988000000000000766e-01
6.456000000000000627e-01
1.373999999999999944e-01
2.322999999999999232e-01
5.552999999999999936e+00
2.401699999999999946e+00
2.803700000000000081e+00
5.954000000000000403e-01
1.165000000000000896e-01
2.391000000000000347e-01
2.308999999999999386e-01
2.288999999999999924e-01
3.459999999999999742e-01
2.092999999999999861e-01
2.273000000000001408e-01
8.044999999999999929e-01
1.196699999999999875e+00
1.580099999999999838e+00
7.516999999999999238e-01
9.831999999999998519e-01
4.496999999999999886e-01
2.940000000000001501e-01
7.860000000000005871e-02
1.192000000000000282e-01
1.128999999999998338e-01
2.384000000000000841e-01
1.234999999999999987e-01
4.613999999999999768e-01
2.319000000000000783e-01
1.731000000000001704e-01
1.325999999999999956e-01
1.785999999999998700e-01
2.157000000000000306e-01
2.105999999999998706e-01
1.166000000000001202e-01
1.761000000000000065e-01
7.854999999999999760e-01
1.527000000000000024e-01
4.198999999999999400e-01
2.039000000000000257e-01
1.746999999999999664e-01
3.084000000000000075e-01
1.681599999999999984e+00
3.208199999999999275e+00
2.892799999999999816e+00
8.833000000000000851e-01
1.751000000000001444e-01
1.175999999999999268e-01
3.807000000000000384e-01
2.567999999999999172e-01
3.144000000000001793e-01
2.782000000000000584e-01
