3.608999999999999986e-01
1.186000000000000110e-01
7.919999999999997875e-02
1.439999999999999891e-01
1.060000000000000109e-01
6.019999999999999657e-02
1.144000000000000156e-01
1.489000000000000046e-01
1.894999999999999740e-01
1.663000000000000311e-01
1.736999999999999655e-01
1.499999999999999944e-01
1.275999999999999912e-01
1.275000000000000022e-01
7.369999999999995999e-02
5.450000000000002065e-02
1.110999999999999627e-01
1.115999999999999215e-01
8.049999999999996048e-02
6.289999999999998370e-02
2.689999999999998989e-02
6.600000000000003086e-02
1.504999999999999949e-01
3.646000000000000352e-01
1.600000000000000033e-01
1.189000000000000057e-01
2.285999999999999976e-01
1.703000000000000069e-01
1.183000000000000301e-01
5.769999999999998047e-02
9.749999999999998945e-02
1.159999999999999920e-01
1.713999999999999968e-01
1.328999999999999904e-01
3.462999999999999967e-01
2.499000000000000110e-01
1.741999999999999937e-01
1.045999999999999847e-01
1.069999999999999840e-01
1.439999999999999891e-01
9.619999999999996609e-02
1.165000000000000063e-01
1.368000000000000327e-01
9.169999999999998985e-02
7.490000000000004987e-02
1.634000000000000175e-01
2.122999999999999887e-01
1.720999999999999752e-01
1.771999999999999964e-01
1.772000000000000242e-01
1.110000000000000014e-01
6.300000000000001432e-02
1.047999999999999904e-01
1.658000000000000029e-01
1.783000000000000140e-01
1.791000000000000369e-01
1.325999999999999956e-01
8.590000000000001801e-02
7.959999999999997633e-02
8.750000000000000833e-02
1.852000000000000035e-01
2.005000000000000115e-01
9.110000000000001430e-02
6.799999999999997713e-02
8.070000000000002172e-02
1.588999999999999857e-01
1.515000000000000235e-01
8.199999999999998956e-02
1.857000000000000040e-01
2.006000000000000005e-01
8.370000000000005214e-02
9.580000000000000737e-01
2.887999999999998901e-01
9.455000000000000071e-01
1.958000000000000018e-01
2.023999999999999966e-01
1.524999999999999967e-01
1.197999999999999898e-01
3.099000000000000643e-01
2.675000000000000155e-01
1.698000000000000065e-01
1.278000000000000247e-01
1.266000000000000458e-01
1.019000000000000461e-01
9.610000000000004650e-02
4.910000000000001169e-02
1.996999999999999886e-01
1.261000000000000176e-01
2.026999999999999913e-01
2.217000000000000082e-01
2.461000000000000132e-01
1.464999999999999913e-01
6.720000000000000973e-02
2.391999999999999960e-01
1.191000000000000114e-01
2.622999999999999776e-01
1.320999999999999952e-01
3.035999999999999810e-01
2.096999999999999698e-01
2.448999999999998956e-01
4.736999999999999544e-01
2.444000000000000339e-01
2.430999999999999828e-01
1.939000000000000168e-01
3.459999999999999742e-01
1.813999999999998947e-01
9.650000000000004408e-02
9.930000000000004101e-02
1.743999999999999995e-01
1.452999999999999015e-01
3.608000000000000651e-01
1.880000000000000004e-01
2.196999999999999786e-01
2.932299999999999685e+00
8.986000000000000654e-01
6.323999999999999622e-01
7.860000000000000320e-01
3.097000000000000308e-01
2.773000000000001020e-01
1.933999999999999608e-01
1.186000000000000110e-01
1.654000000000000192e-01
1.783000000000000140e-01
1.651000000000000245e-01
6.000000000000003941e-02
6.649999999999994804e-02
2.333000000000000074e-01
1.340000000000000080e-01
1.601000000000000201e-01
1.510999999999999843e-01
1.292000000000000370e-01
1.140000000000000041e-01
6.129999999999999338e-02
7.029999999999997362e-02
9.599999999999994649e-02
7.019999999999998463e-02
1.596000000000000196e-01
1.657000000000000417e-01
1.305000000000000049e-01
2.012999999999999790e-01
2.584000000000000186e-01
1.910999999999999921e-01
1.768000000000000127e-01
3.002000000000000224e-01
1.363000000000000322e-01
1.619999999999999774e-01
7.993000000000000105e-01
3.549399999999999888e+00
1.703299999999999592e+00
1.094399999999999595e+00
2.268200000000000216e+00
3.530000000000004245e-01
6.292999999999999705e-01
6.354999999999998428e-01
6.079999999999999849e-01
1.051000000000000156e+00
5.013999999999999568e-01
7.336999999999995747e-01
6.689999999999998170e-01
1.348599999999999577e+00
3.228800000000000558e+00
9.287999999999998479e-01
7.787999999999999368e-01
6.892000000000001458e-01
8.956999999999998296e-01
6.917999999999998595e-01
4.138999999999998236e-01
2.650000000000002354e-01
1.803000000000000158e-01
1.831000000000001515e-01
2.682000000000000495e-01
4.740000000000008790e-02
1.502999999999998781e-01
7.270000000000001461e-02
8.740000000000003322e-02
1.305999999999998273e-01
1.734999999999999876e-01
1.496000000000000107e-01
8.519999999999985918e-02
