2.950999999999999734e-01
1.078999999999999959e-01
7.349999999999999589e-02
4.080000000000003763e-02
3.200000000000002842e-02
7.730000000000002147e-02
4.960000000000000520e-02
7.340000000000003466e-02
7.350000000000000977e-02
7.450000000000001066e-02
7.409999999999998532e-02
6.149999999999999217e-02
1.156999999999999695e-01
7.269999999999998685e-02
1.040999999999999981e-01
1.078999999999999820e-01
7.580000000000000626e-02
8.319999999999999618e-02
7.189999999999999170e-02
3.159999999999998921e-02
3.500000000000000333e-02
5.960000000000000020e-02
2.489999999999999158e-02
4.509999999999998732e-02
5.020000000000000850e-02
4.810000000000001080e-02
2.949999999999998804e-02
2.749999999999999667e-02
7.149999999999998024e-02
5.759999999999999842e-02
4.480000000000001342e-02
6.390000000000001235e-02
2.870000000000004145e-02
3.970000000000001306e-02
5.230000000000000621e-02
5.040000000000000036e-02
8.129999999999998339e-02
6.269999999999999185e-02
4.689999999999999725e-02
6.520000000000000795e-02
3.610000000000002096e-02
4.989999999999998603e-02
5.959999999999998632e-02
3.329999999999997545e-02
3.639999999999998792e-02
3.040000000000001382e-02
3.200000000000001454e-02
6.619999999999999496e-02
8.530000000000002858e-02
5.870000000000000218e-02
5.950000000000001121e-02
1.539999999999999702e-01
9.160000000000000087e-02
8.199999999999998956e-02
7.740000000000001046e-02
4.259999999999997122e-02
5.239999999999995356e-02
4.759999999999998260e-02
5.610000000000001097e-02
7.460000000000001352e-02
6.209999999999999548e-02
3.779999999999998639e-02
5.590000000000000524e-02
6.720000000000000973e-02
2.989999999999998215e-02
2.119999999999999316e-02
3.260000000000001785e-02
3.230000000000000232e-02
6.280000000000002247e-02
4.639999999999998986e-02
6.410000000000001807e-02
6.769999999999995466e-02
3.159999999999997533e-02
4.499999999999998446e-02
1.163000000000000006e-01
4.399999999999999745e-02
6.559999999999996390e-02
2.829999999999997101e-02
4.459999999999998688e-02
5.099999999999997591e-02
1.217000000000000026e-01
5.649999999999998773e-02
3.100000000000001366e-02
6.869999999999998330e-02
7.069999999999998508e-02
8.819999999999997287e-02
7.989999999999997105e-02
5.889999999999996627e-02
1.308999999999999886e-01
8.060000000000000497e-02
8.410000000000000808e-02
9.820000000000002338e-02
1.213000000000000189e-01
1.507000000000000006e-01
5.560000000000001052e-02
4.109999999999999071e-02
4.529999999999997917e-02
4.080000000000000293e-02
9.419999999999997820e-02
6.809999999999999387e-02
6.529999999999999694e-02
4.709999999999998910e-02
5.029999999999999055e-02
1.504999999999999949e-01
5.930000000000003324e-02
6.549999999999997491e-02
4.849999999999995981e-02
1.116000000000000186e-01
6.430000000000000993e-02
6.979999999999995930e-02
7.209999999999999742e-02
9.259999999999990461e-02
6.479999999999994098e-02
2.360000000000008966e-02
6.350000000000001477e-02
6.269999999999995022e-02
1.257999999999999952e-01
6.309999999999993392e-02
1.013999999999998652e-01
6.659999999999996478e-02
5.910000000000006914e-02
1.043000000000000038e-01
4.389999999999998070e-02
4.960000000000000520e-02
8.319999999999996843e-02
7.459999999999999964e-02
4.410000000000001419e-02
4.029999999999997473e-02
1.522999999999999909e-01
4.970000000000004969e-02
1.830000000000001764e-02
5.120000000000002327e-02
5.970000000000000306e-02
6.160000000000006443e-02
9.329999999999996629e-02
1.106000000000000733e-01
7.079999999999997407e-02
6.179999999999996607e-02
6.089999999999995417e-02
4.730000000000002258e-02
3.499999999999997558e-02
6.580000000000002514e-02
2.780000000000000526e-02
2.619999999999998719e-02
3.649999999999997691e-02
6.150000000000002687e-02
3.990000000000003266e-02
5.259999999999993847e-02
5.370000000000001161e-02
3.159999999999994758e-02
3.770000000000002516e-02
5.140000000000007063e-02
5.500000000000002109e-02
6.380000000000000948e-02
1.520000000000008844e-02
3.959999999999992693e-02
6.009999999999991738e-02
6.419999999999996543e-02
8.189999999999998670e-02
6.080000000000007621e-02
6.489999999999998548e-02
4.319999999999997453e-02
3.400000000000001632e-02
3.730000000000005533e-02
1.519999999999999130e-02
4.339999999999998026e-02
7.159999999999991371e-02
9.879999999999998506e-02
1.938000000000000556e-01
1.226000000000000284e-01
7.369999999999993223e-02
5.760000000000004006e-02
9.820000000000009277e-02
9.799999999999994826e-02
8.829999999999990634e-02
5.369999999999996998e-02
8.480000000000006977e-02
5.619999999999997220e-02
1.174000000000000876e-01
