2.318000000000000060e-01
1.039000000000000201e-01
5.919999999999999568e-02
1.512000000000000011e-01
7.140000000000000513e-02
5.279999999999999971e-02
2.690000000000000030e-02
6.019999999999998963e-02
4.280000000000001165e-02
9.099999999999999756e-02
3.679999999999999938e-02
7.489999999999999436e-02
7.950000000000000122e-02
3.719999999999998308e-02
1.439999999999999614e-02
6.280000000000000859e-02
5.410000000000000225e-02
7.639999999999999569e-02
4.359999999999999987e-02
1.021999999999999853e-01
8.050000000000001599e-02
1.059999999999999970e-01
2.990000000000002031e-02
6.470000000000000751e-02
6.169999999999999790e-02
8.970000000000000195e-02
4.259999999999999898e-02
7.909999999999998976e-02
3.709999999999999409e-02
2.769999999999999546e-02
8.389999999999998848e-02
3.920000000000001261e-02
3.740000000000000269e-02
4.890000000000000596e-02
8.290000000000001534e-02
5.000000000000000278e-02
3.909999999999999587e-02
3.759999999999998760e-02
6.959999999999999520e-02
4.260000000000001286e-02
1.087000000000000188e-01
4.560000000000000858e-02
6.419999999999999318e-02
5.679999999999998939e-02
3.239999999999999825e-02
4.129999999999998256e-02
4.130000000000000338e-02
2.550000000000001224e-02
5.070000000000000895e-02
1.950000000000000344e-02
4.789999999999999813e-02
4.500000000000001221e-02
4.739999999999999769e-02
4.589999999999999636e-02
3.309999999999999748e-02
9.129999999999999227e-02
1.190000000000000085e-01
3.060000000000000220e-02
3.729999999999998594e-02
6.059999999999998721e-02
3.380000000000000365e-02
3.619999999999999607e-02
3.040000000000000688e-02
3.640000000000000180e-02
4.779999999999998139e-02
4.829999999999998184e-02
3.209999999999998965e-02
3.899999999999999994e-02
3.890000000000000402e-02
2.159999999999998380e-02
6.849999999999997757e-02
7.439999999999999392e-02
6.169999999999999096e-02
4.240000000000000019e-02
6.350000000000000089e-02
4.659999999999999559e-02
1.001000000000000084e-01
1.196000000000000119e-01
5.890000000000000097e-02
8.420000000000001095e-02
5.160000000000001391e-02
4.500000000000001915e-02
2.979999999999999663e-02
3.980000000000000204e-02
2.309999999999999901e-02
5.020000000000000850e-02
5.770000000000002210e-02
6.079999999999999294e-02
4.979999999999999011e-02
9.289999999999999647e-02
5.270000000000001072e-02
4.599999999999999922e-02
4.559999999999998777e-02
3.419999999999999429e-02
1.181000000000000244e-01
6.709999999999999298e-02
4.450000000000001177e-02
6.460000000000000464e-02
8.060000000000001885e-02
7.139999999999999125e-02
5.629999999999999588e-02
1.179000000000000048e-01
5.010000000000001952e-02
7.439999999999999392e-02
5.500000000000000722e-02
8.400000000000000522e-02
6.490000000000001323e-02
4.850000000000001532e-02
4.200000000000003730e-02
9.359999999999998876e-02
1.374000000000000221e-01
3.960000000000001019e-02
1.252000000000000057e-01
7.279999999999998972e-02
8.429999999999999993e-02
6.549999999999998879e-02
3.300000000000000155e-02
6.759999999999999343e-02
1.093999999999999695e-01
3.530000000000001192e-02
1.335999999999999965e-01
1.258999999999999841e-01
4.239999999999999325e-02
6.479999999999999649e-02
9.520000000000000684e-02
5.809999999999999887e-02
6.579999999999999738e-02
6.240000000000001795e-02
3.030000000000000054e-02
1.804999999999999938e-01
1.823999999999999511e-01
4.750000000000002137e-02
7.779999999999996640e-02
9.089999999999999469e-02
1.043000000000000177e-01
4.139999999999998542e-02
9.429999999999998106e-02
1.124000000000000277e-01
9.939999999999998836e-02
9.840000000000001523e-02
8.659999999999999643e-02
2.449999999999999400e-02
9.010000000000002729e-02
4.970000000000002194e-02
3.929999999999999466e-02
6.969999999999998419e-02
4.280000000000000471e-02
6.699999999999997624e-02
6.649999999999997580e-02
8.530000000000000082e-02
9.500000000000001499e-02
6.549999999999997491e-02
6.540000000000002756e-02
4.520000000000002488e-02
2.900000000000001535e-02
9.339999999999998304e-02
9.770000000000002294e-02
6.610000000000001985e-02
5.120000000000000939e-02
5.290000000000000258e-02
2.930000000000002047e-02
5.699999999999998124e-02
1.732999999999999541e-01
1.226999999999999896e-01
9.750000000000000333e-02
4.000000000000000083e-02
1.102000000000000063e-01
8.549999999999999267e-02
1.436000000000000054e-01
6.420000000000002094e-02
4.629999999999998006e-02
5.560000000000001746e-02
1.248999999999999971e-01
1.166999999999999843e-01
3.250000000000000111e-02
3.390000000000001346e-02
4.450000000000003259e-02
9.809999999999999276e-02
3.729999999999999288e-02
