2.515999999999999903e-01
1.084999999999999576e-01
1.246999999999999914e-01
9.159999999999998699e-02
9.400000000000000022e-02
8.749999999999996669e-02
7.570000000000001728e-02
5.520000000000001988e-02
9.510000000000001785e-02
3.570000000000002338e-02
1.001000000000000223e-01
2.510000000000000078e-02
1.180000000000000215e-01
9.589999999999998526e-02
1.044000000000000067e-01
1.113999999999999990e-01
4.180000000000001076e-02
4.240000000000001407e-02
6.039999999999999536e-02
7.530000000000000582e-02
7.770000000000001905e-02
5.480000000000001537e-02
3.350000000000001588e-02
2.780000000000001914e-02
3.119999999999999857e-02
3.039999999999999647e-02
7.040000000000001812e-02
3.729999999999998594e-02
7.009999999999998177e-02
7.949999999999998734e-02
6.539999999999999980e-02
7.319999999999998730e-02
4.449999999999999095e-02
2.380000000000002600e-02
8.000000000000001554e-02
3.909999999999999587e-02
3.449999999999998901e-02
2.540000000000000938e-02
3.949999999999999345e-02
4.120000000000000051e-02
9.370000000000000551e-02
5.450000000000000677e-02
5.880000000000000504e-02
3.650000000000001854e-02
3.430000000000001797e-02
7.059999999999998221e-02
7.139999999999999125e-02
8.549999999999999267e-02
6.970000000000001195e-02
7.679999999999997939e-02
9.800000000000000377e-02
4.640000000000001068e-02
2.500000000000001180e-02
3.000000000000000236e-02
3.549999999999997602e-02
3.060000000000000220e-02
4.120000000000001439e-02
3.639999999999998792e-02
3.389999999999998570e-02
1.417999999999999816e-01
9.879999999999999893e-02
5.449999999999999983e-02
8.769999999999998630e-02
5.979999999999999899e-02
4.309999999999998554e-02
5.469999999999998475e-02
2.480000000000000954e-02
7.499999999999998335e-02
5.799999999999996825e-02
4.000000000000000777e-02
8.740000000000000546e-02
1.098999999999999977e-01
5.840000000000000052e-02
7.469999999999998863e-02
5.340000000000000302e-02
6.560000000000001941e-02
1.034000000000000058e-01
1.021000000000000102e-01
3.669999999999999651e-02
8.040000000000002700e-02
7.619999999999998996e-02
1.204999999999999821e-01
9.579999999999999627e-02
8.829999999999998961e-02
1.577999999999999958e-01
1.349999999999999811e-01
1.360999999999999988e-01
1.271000000000000185e-01
7.230000000000001703e-02
8.280000000000004023e-02
4.760000000000000342e-02
4.089999999999997804e-02
5.900000000000003159e-02
5.050000000000000322e-02
4.699999999999998623e-02
1.093999999999999695e-01
4.120000000000001439e-02
9.280000000000002136e-02
7.299999999999996769e-02
9.659999999999996367e-02
8.509999999999998122e-02
3.939999999999999059e-02
8.060000000000000497e-02
8.620000000000008211e-02
6.180000000000007015e-02
5.269999999999999685e-02
2.939999999999995742e-02
1.062000000000000999e-01
9.840000000000005687e-02
2.639999999999995822e-02
4.079999999999995436e-02
3.969999999999997836e-02
4.679999999999999438e-02
4.679999999999999438e-02
5.109999999999993714e-02
4.239999999999999325e-02
3.860000000000007175e-02
5.460000000000004433e-02
7.369999999999993223e-02
7.149999999999998024e-02
2.670000000000000151e-02
3.969999999999997836e-02
6.030000000000003413e-02
8.229999999999998428e-02
4.170000000000002177e-02
3.609999999999997933e-02
9.220000000000005969e-02
5.399999999999998551e-02
2.519999999999999324e-02
5.449999999999996514e-02
8.470000000000002527e-02
5.349999999999996425e-02
3.889999999999997626e-02
8.319999999999992679e-02
2.290000000000002103e-02
3.709999999999998022e-02
6.299999999999994493e-02
2.790000000000002200e-02
8.260000000000003451e-02
7.999999999999996003e-02
5.689999999999999919e-02
2.040000000000000147e-02
4.380000000000000560e-02
8.310000000000003495e-02
5.219999999999994089e-02
9.650000000000003020e-02
5.370000000000001161e-02
5.270000000000004542e-02
6.630000000000002558e-02
3.869999999999997747e-02
6.379999999999996785e-02
6.600000000000000311e-02
5.229999999999995763e-02
9.770000000000000906e-02
5.720000000000001472e-02
5.710000000000003961e-02
4.780000000000005772e-02
7.400000000000003797e-02
4.929999999999999660e-02
8.750000000000003608e-02
4.350000000000002476e-02
4.149999999999994665e-02
7.039999999999997649e-02
7.879999999999999505e-02
5.560000000000002440e-02
3.990000000000007430e-02
1.269000000000000128e-01
7.000000000000004829e-02
8.650000000000003519e-02
3.490000000000000047e-02
5.329999999999998628e-02
4.910000000000000475e-02
4.419999999999998236e-02
5.630000000000000976e-02
6.720000000000005136e-02
4.510000000000000120e-02
7.539999999999998093e-02
7.290000000000003422e-02
1.373000000000000331e-01
