5.155000000000000693e-01
1.955000000000000071e-01
1.580000000000000016e-01
1.300000000000000322e-01
8.850000000000005085e-02
1.074999999999999706e-01
2.920000000000002802e-02
1.175000000000000072e-01
8.810000000000005327e-02
5.680000000000001020e-02
6.179999999999999383e-02
1.583999999999999297e-01
5.790000000000001396e-02
5.970000000000000306e-02
4.689999999999999725e-02
1.284000000000000141e-01
3.065999999999999837e-01
6.680000000000001215e-02
2.574000000000000732e-01
7.539999999999993929e-02
7.519999999999996132e-02
6.809999999999993836e-02
5.809999999999997805e-02
9.409999999999996145e-02
4.099999999999999478e-02
1.283000000000000251e-01
5.359999999999999487e-02
7.429999999999999105e-02
7.679999999999997939e-02
7.460000000000004128e-02
8.919999999999995988e-02
2.301000000000000545e-01
3.181999999999999829e-01
1.196999999999999453e-01
7.630000000000003446e-02
1.074000000000000510e-01
5.869999999999998830e-02
1.243000000000000493e-01
1.610000000000000320e-01
1.028000000000000302e-01
6.270000000000004736e-02
7.230000000000000315e-02
9.280000000000002136e-02
5.631000000000000449e-01
4.612000000000000544e-01
8.790000000000004754e-02
1.515999999999999570e-01
1.341999999999999305e-01
5.590000000000000524e-02
1.017000000000000265e-01
5.610000000000002485e-02
6.049999999999999822e-02
7.070000000000001283e-02
6.630000000000002558e-02
8.319999999999998230e-02
1.096000000000000307e-01
9.910000000000002141e-02
9.350000000000001366e-02
1.829999999999999336e-02
4.630000000000002863e-02
7.180000000000004434e-02
9.619999999999999385e-02
1.531000000000000139e-01
1.317000000000000948e-01
1.554000000000000103e-01
8.909999999999999865e-02
6.900000000000003353e-02
1.035000000000000642e-01
1.160000000000000614e-01
7.609999999999994547e-02
5.350000000000000588e-02
7.710000000000002962e-02
9.609999999999999098e-02
6.239999999999999020e-02
9.940000000000001612e-02
5.070000000000002283e-02
9.719999999999999474e-02
8.770000000000000018e-02
6.620000000000003659e-02
1.011999999999999983e-01
6.270000000000000573e-02
1.690999999999999726e-01
2.556999999999999273e-01
1.990000000000000380e-01
2.133999999999999786e-01
1.534999999999999420e-01
6.160000000000001585e-02
1.265999999999999903e-01
3.077000000000000290e-01
1.883000000000000229e-01
7.599999999999995648e-02
7.619999999999998996e-02
1.370999999999999719e-01
1.447000000000000508e-01
7.249999999999998113e-02
8.530000000000001470e-02
2.716999999999999971e-01
3.585999999999999743e-01
5.663000000000000256e-01
3.469000000000000417e-01
1.285999999999999643e-01
1.535000000000000253e-01
3.109000000000000097e-01
9.153000000000000025e-01
9.570000000000000728e-02
7.550000000000001155e-02
7.269999999999998685e-02
2.434999999999999942e-01
1.062000000000000027e-01
5.919999999999999568e-02
1.388000000000000345e-01
7.940000000000001223e-02
9.430000000000006433e-02
7.249999999999991174e-02
9.290000000000001035e-02
1.044999999999999818e-01
1.033999999999999503e-01
1.336999999999999855e-01
7.299999999999999545e-02
1.193999999999999784e-01
1.335999999999999410e-01
7.349999999999999589e-02
5.719999999999997309e-02
7.069999999999999896e-02
8.050000000000001599e-02
8.630000000000001559e-02
2.191000000000000725e-01
2.195000000000000839e-01
1.194999999999999674e-01
5.209999999999995191e-02
3.450000000000002370e-02
1.200999999999999429e-01
4.329999999999999821e-02
1.118999999999999856e-01
1.181000000000000105e-01
9.560000000000003217e-02
1.048999999999999655e-01
1.042000000000000703e-01
6.350000000000000089e-02
1.058000000000000190e-01
8.310000000000000719e-02
3.603000000000000091e-01
4.473999999999999644e-01
4.981000000000000982e-01
4.074000000000000954e-01
2.023999999999999688e-01
9.419999999999997820e-02
1.277999999999999692e-01
1.839000000000000079e-01
1.528999999999999804e-01
2.284000000000001029e-01
2.585000000000000075e-01
3.129000000000000670e-01
1.168999999999999762e-01
1.517999999999999627e-01
9.779999999999994253e-02
1.184000000000000469e-01
1.086999999999999633e-01
7.110000000000003817e-02
1.070000000000000395e-01
1.307999999999999718e-01
1.339999999999999802e-01
3.370000000000002160e-02
1.230999999999999456e-01
1.238999999999999962e-01
6.749999999999999056e-02
1.436000000000000054e-01
1.634999999999999787e-01
9.279999999999996585e-02
1.096999999999999781e-01
2.158000000000000196e-01
4.498000000000000331e-01
2.612000000000000433e-01
1.705000000000000127e-01
1.249000000000000388e-01
8.159999999999999198e-02
1.788999999999999202e-01
1.787000000000000255e-01
9.375999999999999890e-01
