2.246000000000000218e-01
1.391999999999999904e-01
5.969999999999998919e-02
6.700000000000003175e-02
5.030000000000001137e-02
7.979999999999999594e-02
3.970000000000000612e-02
2.587000000000000410e-01
1.324000000000000177e-01
2.467999999999999916e-01
2.256999999999999840e-01
2.323000000000000065e-01
1.400000000000000133e-01
1.028999999999999915e-01
3.220000000000002027e-02
2.759999999999997872e-02
6.080000000000000682e-02
3.049999999999999933e-02
1.549000000000000099e-01
3.618000000000000105e-01
3.363999999999999768e-01
2.947999999999999510e-01
1.651999999999999857e-01
4.270999999999999797e-01
8.430999999999999606e-01
2.324000000000000232e-01
1.552000000000000324e-01
9.990000000000000269e-02
6.199999999999999262e-02
8.180000000000001159e-02
7.140000000000001901e-02
1.154000000000000165e-01
3.410999999999999588e-01
2.412999999999999867e-01
1.858000000000000485e-01
1.786999999999999700e-01
2.002999999999999781e-01
1.430999999999999495e-01
8.770000000000002793e-02
1.077000000000000041e-01
7.880000000000000893e-02
9.630000000000002447e-02
2.656000000000000028e-01
1.510000000000000231e-01
1.198999999999999927e-01
1.583999999999999853e-01
1.424999999999999323e-01
6.890000000000001679e-02
8.789999999999996427e-02
2.062000000000000499e-01
1.143999999999999878e-01
6.370000000000000662e-02
8.579999999999998739e-02
1.143000000000000127e-01
1.377999999999999503e-01
1.174000000000000182e-01
6.129999999999993787e-02
7.750000000000005496e-02
1.028999999999999915e-01
5.820000000000002949e-02
6.780000000000005467e-02
6.479999999999999649e-02
4.579999999999993798e-02
7.370000000000001550e-02
1.063000000000000472e-01
8.400000000000004685e-02
1.141999999999999682e-01
3.919999999999997098e-02
1.001999999999999419e-01
2.419000000000000039e-01
2.268000000000000294e-01
3.367999999999999328e-01
1.498999999999999777e-01
2.431999999999999995e-01
8.250000000000004552e-02
2.321999999999999620e-01
1.588999999999999302e-01
6.249999999999993061e-02
2.565999999999999392e-01
1.046999999999999736e-01
1.858000000000000207e-01
1.242000000000000604e-01
3.620999999999999774e-01
1.009999999999999787e-01
2.735000000000000209e-01
9.719999999999995310e-02
1.231000000000000427e-01
9.610000000000007425e-02
1.093999999999999972e-01
2.539000000000000146e-01
2.868999999999999884e-01
4.151000000000000245e-01
4.437000000000000388e-01
8.449999999999997791e-02
1.134999999999999759e-01
1.513000000000000456e-01
1.027000000000000135e-01
1.710999999999999743e-01
1.975999999999999424e-01
1.600000000000000033e-01
9.550000000000000155e-02
8.979999999999999094e-02
7.379999999999999061e-02
8.530000000000002858e-02
4.960000000000003295e-02
8.920000000000001539e-02
7.480000000000000537e-02
1.282000000000000361e-01
1.114000000000000684e-01
1.131999999999999812e-01
3.130999999999999894e-01
1.875000000000000000e-01
1.716999999999999638e-01
6.269999999999999185e-02
9.739999999999997271e-02
2.089000000000000024e-01
7.240000000000001990e-02
9.659999999999994980e-02
1.189000000000000334e-01
1.159000000000000030e-01
8.660000000000001030e-02
7.370000000000000162e-02
1.100999999999999757e-01
3.859999999999999543e-02
2.007000000000000173e-01
1.700000000000000122e-01
2.442999999999999339e-01
1.379999999999999560e-01
3.050999999999999823e-01
1.369000000000000217e-01
1.569000000000000117e-01
1.730000000000000149e-01
9.259999999999994624e-02
1.737000000000000210e-01
6.290000000000001146e-02
9.529999999999996807e-02
1.273000000000000242e-01
1.362999999999999767e-01
2.819000000000000394e-01
1.544000000000000372e-01
1.112000000000000210e-01
9.819999999999995399e-02
4.679999999999998050e-02
8.729999999999998872e-02
8.329999999999995741e-02
8.249999999999999001e-02
5.979999999999999205e-02
1.633999999999999619e-01
1.209999999999999687e-01
1.358999999999999930e-01
1.572999999999999954e-01
1.270000000000000295e-01
3.784999999999999476e-01
3.308999999999999719e-01
2.989999999999999880e-01
1.542000000000000037e-01
1.851000000000000145e-01
1.350000000000000089e-01
2.730000000000000204e-01
1.402000000000000191e-01
6.699999999999999012e-02
4.550000000000001266e-02
1.419999999999999596e-01
1.345999999999999697e-01
1.056000000000000549e-01
1.177999999999999325e-01
4.580000000000002125e-02
1.177999999999999881e-01
5.610000000000000403e-02
1.458999999999999464e-01
2.077999999999999570e-01
1.333999999999999631e-01
6.730000000000005422e-02
5.869999999999998830e-02
3.137999999999999678e-01
2.368999999999999995e-01
1.272999999999999687e-01
8.960000000000001297e-02
1.506999999999999174e-01
