3.209000000000000186e-01
1.819999999999999951e-01
8.449999999999999178e-02
7.499999999999995559e-02
1.455000000000000182e-01
3.110999999999999321e-01
2.120999999999999275e-01
7.910000000000001752e-02
1.032999999999999891e-01
1.127999999999999697e-01
1.517000000000000015e-01
1.250999999999999890e-01
1.360999999999999988e-01
7.250000000000000888e-02
1.321999999999999842e-01
5.979999999999997817e-02
1.338999999999999635e-01
1.401000000000000301e-01
2.728999999999999759e-01
1.934000000000000163e-01
1.875000000000000278e-01
1.186999999999999722e-01
9.299999999999999933e-02
6.479999999999999649e-02
8.779999999999997529e-02
1.123999999999999860e-01
1.577999999999999958e-01
1.985999999999999988e-01
1.345000000000000362e-01
1.031999999999999584e-01
6.689999999999998725e-02
1.065000000000000113e-01
1.045999999999999847e-01
1.177999999999999881e-01
9.690000000000002778e-02
2.210999999999999910e-01
1.899999999999999745e-01
8.860000000000001208e-02
9.050000000000001099e-02
1.498000000000000442e-01
1.144000000000000156e-01
1.155999999999999805e-01
9.909999999999997977e-02
1.456999999999999962e-01
2.046000000000000041e-01
2.507000000000000339e-01
1.038999999999999785e-01
9.449999999999994515e-02
1.681999999999999607e-01
1.163000000000000145e-01
8.099999999999998868e-02
1.376999999999999613e-01
1.098999999999999838e-01
1.226000000000000145e-01
1.511000000000000121e-01
9.919999999999998264e-02
6.930000000000000049e-02
2.256000000000000227e-01
8.089999999999999969e-02
1.170999999999999958e-01
4.590000000000001024e-02
3.920000000000000567e-02
7.019999999999999851e-02
7.169999999999998597e-02
9.080000000000001958e-02
1.361000000000000265e-01
1.110000000000000014e-01
1.390999999999999737e-01
1.377999999999999781e-01
8.929999999999999050e-02
1.086000000000000021e-01
1.529999999999999971e-01
8.269999999999996798e-02
1.529999999999999971e-01
2.061999999999999666e-01
1.814000000000000057e-01
9.809999999999999276e-02
8.930000000000000437e-02
1.053999999999999937e-01
1.178999999999999770e-01
1.131999999999999534e-01
1.147999999999999854e-01
7.819999999999997786e-02
1.107000000000000067e-01
1.323000000000000287e-01
1.266000000000000458e-01
5.970000000000000306e-02
1.292000000000000370e-01
1.428000000000000380e-01
1.839000000000000079e-01
1.909999999999999754e-01
1.486999999999999711e-01
9.899999999999997691e-02
7.249999999999998113e-02
1.582999999999999408e-01
1.377999999999999781e-01
2.123999999999999777e-01
1.660999999999999699e-01
9.059999999999998610e-02
1.704999999999999849e-01
1.252999999999999947e-01
2.671999999999999931e-01
1.819999999999999396e-01
7.769999999999997742e-02
1.824000000000000621e-01
2.302999999999999492e-01
2.830999999999999628e-01
2.564000000000000168e-01
9.600000000000009914e-02
7.639999999999998181e-02
1.118000000000000105e-01
3.195000000000000062e-01
1.369999999999999829e-01
8.310000000000000719e-02
1.316000000000000503e-01
2.142000000000000570e-01
2.326999999999999902e-01
1.232000000000000040e-01
1.491999999999999715e-01
1.614000000000000157e-01
3.520000000000002294e-02
1.343999999999999639e-01
1.893000000000000238e-01
2.441000000000000392e-01
1.309000000000000163e-01
1.024999999999999939e-01
9.499999999999998723e-02
1.598999999999999866e-01
1.235000000000000264e-01
1.885999999999999621e-01
3.590000000000002911e-02
1.493000000000000438e-01
1.203000000000000597e-01
2.016000000000000292e-01
1.667000000000000148e-01
2.043000000000000371e-01
1.947999999999999732e-01
8.049999999999998823e-02
1.392999999999999794e-01
1.668000000000000038e-01
1.234999999999999709e-01
6.810000000000002163e-02
6.600000000000003086e-02
9.210000000000002907e-02
1.325000000000000067e-01
1.746000000000000330e-01
2.284999999999999809e-01
3.209999999999999520e-01
3.017999999999999572e-01
3.619999999999998774e-01
2.749999999999998557e-01
2.593999999999999639e-01
1.538999999999998980e-01
7.099999999999995204e-02
1.234000000000000791e-01
2.142000000000000293e-01
3.239000000000000767e-01
2.291000000000000258e-01
1.934999999999999776e-01
2.135999999999999843e-01
8.990000000000000768e-02
7.289999999999990932e-02
5.159999999999989595e-02
9.270000000000003237e-02
2.142999999999999905e-01
3.000000000000000444e-01
2.722999999999999310e-01
2.953999999999999404e-01
3.344000000000000306e-01
2.596000000000000529e-01
2.221000000000000196e-01
1.764000000000000012e-01
8.650000000000010458e-02
1.311000000000000498e-01
2.792000000000000037e-01
4.734000000000001540e-01
3.697000000000001396e-01
3.550000000000000377e-01
3.655999999999999805e-01
