6.310000000000000053e-01
8.549999999999999267e-02
1.042000000000000010e-01
1.480999999999999817e-01
4.709999999999997522e-02
6.639999999999998681e-02
3.550000000000000377e-02
1.411000000000000032e-01
7.819999999999997786e-02
9.689999999999998614e-02
1.701999999999999902e-01
1.800999999999999823e-01
1.144999999999999768e-01
1.030999999999999972e-01
2.286999999999999589e-01
1.285999999999999921e-01
4.729999999999996707e-02
1.082999999999999657e-01
8.880000000000000393e-02
6.759999999999997955e-02
1.356999999999999595e-01
7.579999999999996463e-02
1.936999999999999555e-01
1.813000000000000167e-01
4.660000000000005804e-02
9.400000000000005573e-02
1.221999999999999476e-01
1.198000000000000176e-01
1.499000000000000332e-01
1.599999999999999756e-01
1.862999999999999379e-01
9.809999999999996501e-02
1.588999999999999857e-01
1.409999999999999587e-01
1.306999999999999551e-01
1.126000000000000612e-01
7.640000000000002345e-02
1.431999999999999940e-01
5.270000000000002460e-02
1.278999999999999859e-01
2.238000000000000267e-01
2.132999999999999896e-01
6.120000000000001134e-02
1.125999999999999779e-01
2.181000000000000993e-01
2.010000000000000675e-01
1.877000000000000612e-01
1.521000000000000407e-01
9.049999999999999711e-02
1.310999999999999943e-01
1.484999999999999931e-01
1.109000000000000541e-01
3.326000000000000623e-01
3.218000000000000305e-01
3.992000000000000548e-01
9.199999999999997069e-02
1.228000000000000480e-01
1.478000000000000702e-01
1.859999999999999432e-01
1.924000000000000155e-01
1.205000000000000099e-01
1.260000000000000009e-01
7.200000000000006395e-02
1.983000000000000040e-01
3.063000000000000167e-01
1.606000000000000205e-01
1.379000000000000503e-01
1.709999999999999853e-01
2.130999999999999561e-01
6.699999999999994849e-02
1.312999999999999445e-01
3.966999999999999416e-01
2.821000000000000174e-01
2.084000000000000297e-01
1.512999999999999345e-01
3.562000000000000721e-01
4.062999999999999945e-01
1.833000000000000740e-01
2.456999999999999740e-01
3.725999999999998202e-01
5.618999999999999551e-01
3.452999999999999403e-01
8.920000000000000151e-02
1.145000000000000739e-01
2.307000000000000717e-01
4.163999999999998813e-01
3.405000000000000249e-01
5.354999999999998650e-01
5.859000000000000874e-01
5.311000000000000165e-01
6.843000000000000194e-01
5.417000000000000703e-01
2.726000000000001200e-01
3.369999999999999662e-01
1.134999999999999620e-01
3.697999999999999621e-01
4.528000000000000358e-01
1.839000000000001189e-01
4.472000000000000419e-01
7.591000000000001080e-01
1.002399999999999736e+00
4.008999999999999231e-01
4.403999999999996806e-01
2.181999999999999496e-01
5.086000000000001631e-01
2.244999999999999774e-01
3.986999999999998323e-01
5.017000000000000348e-01
3.172000000000000375e-01
2.238999999999997659e-01
2.441000000000001502e-01
8.093999999999997863e-01
8.673999999999999488e-01
4.337000000000000854e-01
1.839000000000000357e-01
2.008999999999998287e-01
4.311999999999998612e-01
4.793000000000001704e-01
4.472000000000001529e-01
6.519000000000001460e-01
5.803000000000002601e-01
4.124000000000000443e-01
2.603999999999999648e-01
1.754999999999998506e-01
4.575999999999998957e-01
4.557999999999999829e-01
4.485000000000000653e-01
3.449000000000001509e-01
2.564000000000001833e-01
3.742999999999999661e-01
6.705999999999998629e-01
1.403200000000000003e+00
1.167300000000000448e+00
5.080000000000000071e-01
3.248000000000002552e-01
1.706000000000001959e-01
1.679000000000000492e-01
8.079999999999992744e-02
1.962999999999997525e-01
1.149999999999999911e-01
2.550999999999999379e-01
3.301999999999998825e-01
2.548999999999997934e-01
2.467999999999997418e-01
2.168999999999999262e-01
1.905999999999998806e-01
2.549999999999995604e-01
2.978999999999998871e-01
2.653999999999996917e-01
3.089999999999998859e-01
4.291999999999999149e-01
3.617999999999996774e-01
2.462000000000000854e-01
4.043000000000000482e-01
3.298000000000002596e-01
3.168000000000002481e-01
4.272000000000001907e-01
6.330999999999998851e-01
3.787000000000000366e-01
2.681999999999998829e-01
3.510999999999998011e-01
3.986000000000000099e-01
4.234999999999999876e-01
2.100000000000000755e-01
2.133999999999998676e-01
4.372999999999998555e-01
2.161999999999998368e-01
4.568000000000003169e-01
1.090900000000000203e+00
7.878000000000000558e-01
5.647999999999998577e-01
1.014200000000000212e+00
4.163999999999999924e-01
3.862999999999999767e-01
9.373999999999994559e-01
4.811999999999998501e-01
5.099000000000000199e-01
5.231999999999999984e-01
3.256999999999998230e-01
