6.047000000000000153e-01
2.253000000000000280e-01
8.170000000000002260e-02
1.471000000000000085e-01
1.057000000000000578e-01
5.129999999999999838e-02
8.470000000000002527e-02
6.079999999999997212e-02
1.342999999999999750e-01
1.160000000000000059e-01
5.380000000000002142e-02
1.040999999999999981e-01
8.330000000000001292e-02
9.230000000000002092e-02
1.151999999999999830e-01
5.970000000000003776e-02
9.160000000000001474e-02
9.999999999999997780e-02
6.289999999999992819e-02
7.880000000000000893e-02
9.099999999999998368e-02
1.069999999999999979e-01
9.049999999999996936e-02
5.799999999999994743e-02
4.610000000000005066e-02
8.900000000000002354e-02
7.529999999999995031e-02
1.762000000000000510e-01
1.067000000000000171e-01
1.149999999999999911e-01
2.102000000000000257e-01
1.891000000000000458e-01
2.722999999999999310e-01
9.059999999999999998e-02
1.033000000000000723e-01
6.110000000000001541e-02
5.479999999999994598e-02
6.220000000000004692e-02
6.770000000000003793e-02
5.659999999999999754e-02
1.083999999999999270e-01
6.869999999999999718e-02
8.350000000000010192e-02
8.369999999999992724e-02
1.204999999999999682e-01
5.939999999999993896e-02
7.450000000000003841e-02
5.710000000000005349e-02
5.239999999999998131e-02
7.599999999999988709e-02
1.152000000000000246e-01
3.090000000000010794e-02
1.049000000000000488e-01
9.199999999999988742e-02
1.070000000000000673e-01
8.400000000000000522e-02
6.079999999999992355e-02
6.940000000000001723e-02
5.940000000000006386e-02
6.439999999999992952e-02
1.392000000000000459e-01
1.134000000000000702e-01
1.432999999999999552e-01
6.560000000000013043e-02
4.819999999999997897e-02
1.076000000000000845e-01
5.790000000000003477e-02
9.690000000000004166e-02
7.619999999999992057e-02
8.089999999999999969e-02
1.084000000000000241e-01
7.470000000000004414e-02
7.059999999999996834e-02
1.127000000000000224e-01
6.939999999999992009e-02
7.879999999999987015e-02
4.120000000000002827e-02
6.769999999999999629e-02
1.017000000000000404e-01
5.800000000000003764e-02
5.809999999999998499e-02
1.030999999999999417e-01
7.829999999999991134e-02
5.999999999999999778e-02
7.670000000000000429e-02
6.709999999999992359e-02
1.479999999999999927e-01
9.140000000000013392e-02
1.178999999999998799e-01
1.078999999999999543e-01
1.174999999999999517e-01
1.130999999999999367e-01
1.053000000000000602e-01
9.149999999999994249e-02
8.179999999999995608e-02
8.900000000000005129e-02
1.217000000000000581e-01
6.940000000000004499e-02
6.220000000000004692e-02
2.032999999999999807e-01
8.368999999999999773e-01
3.557999999999999496e-01
2.073000000000000120e-01
6.770000000000006568e-02
6.909999999999982823e-02
8.770000000000002793e-02
6.770000000000003793e-02
3.159999999999996145e-02
1.000000000000000333e-01
5.909999999999998588e-02
2.646000000000000019e-01
1.076000000000000012e-01
1.356999999999999040e-01
1.214999999999999275e-01
7.299999999999996769e-02
4.649999999999993028e-02
8.029999999999978821e-02
7.149999999999989697e-02
1.021000000000000241e-01
9.929999999999994387e-02
7.499999999999998335e-02
6.740000000000001545e-02
1.318999999999999617e-01
7.629999999999999283e-02
4.359999999999990272e-02
5.550000000000003542e-02
5.260000000000009113e-02
1.016000000000000791e-01
7.770000000000000517e-02
8.149999999999990585e-02
9.129999999999996452e-02
1.265999999999999071e-01
1.408999999999998587e-01
7.390000000000002123e-02
3.409999999999999143e-02
1.559999999999999720e-01
8.620000000000008211e-02
5.260000000000011888e-02
5.599999999999991096e-02
4.140000000000004787e-02
5.119999999999977347e-02
7.099999999999981326e-02
5.590000000000008851e-02
1.063000000000003109e-01
9.459999999999993414e-02
1.110000000000000153e-01
4.629999999999992455e-02
1.347000000000000697e-01
3.969999999999984652e-02
1.031999999999998474e-01
7.980000000000003757e-02
8.220000000000002305e-02
6.879999999999994453e-02
7.290000000000004809e-02
1.055000000000002880e-01
1.065000000000000946e-01
1.008000000000001395e-01
1.223000000000000476e-01
8.579999999999987637e-02
8.790000000000014468e-02
1.068999999999999950e-01
8.260000000000003451e-02
6.399999999999986255e-02
7.879999999999992566e-02
9.650000000000000244e-02
3.153000000000000247e-01
3.181000000000000494e-01
2.034999999999999032e-01
7.589999999999996749e-02
8.939999999999981295e-02
1.036000000000001919e-01
4.860000000000003206e-02
6.429999999999991278e-02
3.169999999999995044e-02
5.259999999999998010e-02
6.550000000000000266e-02
4.109999999999980336e-02
7.859999999999978115e-02
8.140000000000002789e-02
