7.304999999999999272e-01
2.791000000000000147e-01
3.175000000000000044e-01
3.122000000000000330e-01
3.035000000000000475e-01
2.095999999999998975e-01
3.551000000000000267e-01
1.024999999999999661e-01
2.635999999999999455e-01
1.828999999999999515e-01
2.916999999999999593e-01
3.161999999999999256e-01
3.745999999999999885e-01
3.150000000000000022e-01
5.940000000000000835e-01
4.583000000000000962e-01
5.480000000000000426e-01
6.425999999999999490e-01
2.655000000000000138e-01
5.151999999999999913e-01
1.971999999999999864e-01
3.672999999999999599e-01
2.778999999999999804e-01
3.039999999999999925e-01
2.032000000000000473e-01
9.288000000000001810e-01
2.847000000000000086e-01
4.709999999999999187e-01
2.704999999999999072e-01
4.192000000000000726e-01
5.463999999999999968e-01
4.357999999999999097e-01
4.555999999999999495e-01
6.056000000000000272e-01
5.395000000000000906e-01
6.933000000000000274e-01
2.185000000000000830e-01
2.325000000000000400e-01
2.520000000000000018e-01
1.241999999999999216e-01
1.862000000000000877e-01
2.666000000000001147e-01
3.222999999999999199e-01
9.859999999999997933e-02
2.408999999999998642e-01
2.529000000000000137e-01
2.324000000000000510e-01
1.217999999999998806e-01
2.039999999999999591e-01
8.719999999999997198e-02
1.327999999999999736e-01
2.324000000000001620e-01
1.965999999999999415e-01
1.960000000000001463e-01
1.001000000000000500e-01
3.382999999999999896e-01
3.072999999999999621e-01
1.658999999999999364e-01
1.561000000000000165e-01
3.154000000000000137e-01
2.061999999999999944e-01
2.033000000000000362e-01
1.884999999999999731e-01
2.919999999999999263e-01
2.267999999999998906e-01
1.023999999999998800e-01
2.993000000000000105e-01
4.246999999999999109e-01
7.855000000000000870e-01
5.701999999999999291e-01
3.001000000000000334e-01
2.552000000000000379e-01
1.520999999999999852e-01
3.166000000000000481e-01
4.943999999999997841e-01
4.219999999999998752e-01
6.963999999999999080e-01
5.725999999999998868e-01
2.592999999999999194e-01
2.141000000000001235e-01
3.246999999999999886e-01
1.181999999999999718e-01
2.710000000000000187e-01
4.160999999999998034e-01
2.466999999999999749e-01
3.111000000000001542e-01
4.106999999999998430e-01
3.376999999999997781e-01
5.571000000000001506e-01
5.413999999999999924e-01
4.362999999999999101e-01
4.635999999999999011e-01
3.039999999999999369e-01
2.973000000000000087e-01
6.743000000000001215e-01
7.470000000000001084e-01
7.511999999999998678e-01
3.181999999999999273e-01
2.049999999999999600e-01
1.317000000000000115e-01
1.765000000000001845e-01
2.247000000000001219e-01
1.704000000000001069e-01
1.136999999999999678e-01
8.790000000000004754e-02
1.390000000000000124e-01
1.678999999999999937e-01
2.951999999999999624e-01
1.567000000000001170e-01
2.057000000000000495e-01
2.841999999999999527e-01
4.568999999999998618e-01
5.211999999999998856e-01
2.572499999999999787e+00
1.292900000000000160e+00
7.949999999999999289e-01
6.033000000000000584e-01
2.741000000000000658e-01
1.542000000000000037e-01
6.625999999999999668e-01
2.229000000000000981e-01
2.449000000000002009e-01
1.958000000000001961e-01
1.148999999999998495e-01
4.887000000000001343e-01
2.311999999999999611e-01
9.379999999999998062e-02
2.317999999999998395e-01
1.388999999999998014e-01
1.668000000000000038e-01
4.189000000000001056e-01
3.475000000000000311e-01
2.886999999999998456e-01
3.688999999999998392e-01
2.028999999999999693e-01
2.606999999999999873e-01
2.127999999999999059e-01
1.860999999999999877e-01
1.735000000000001541e-01
9.039999999999992486e-02
2.408000000000001806e-01
4.970000000000001639e-01
2.816999999999999504e-01
3.174000000000001265e-01
4.194000000000001060e-01
1.362999999999998935e-01
1.923999999999998489e-01
3.712000000000000854e-01
1.530999999999999583e-01
1.022000000000000131e-01
1.693999999999998562e-01
1.196999999999999453e-01
9.870000000000005158e-02
1.246999999999999775e-01
2.038999999999998036e-01
1.419999999999999041e-01
2.638000000000000345e-01
1.888999999999999568e-01
2.515999999999999348e-01
2.152999999999999636e-01
2.144999999999999407e-01
2.851000000000000201e-01
1.704999999999998739e-01
1.808000000000001828e-01
1.661000000000000254e-01
3.508999999999998787e-01
8.169999999999986995e-02
3.733000000000000762e-01
2.943000000000000616e-01
6.277999999999998026e-01
3.126999999999998670e-01
2.050999999999998658e-01
1.841999999999999194e-01
1.546000000000000152e-01
2.417000000000002202e-01
3.786000000000001031e-01
7.849999999999998646e-02
2.467000000000001414e-01
1.825000000000001898e-01
