1.905999999999999917e-01
9.249999999999999889e-02
1.098999999999999977e-01
1.030999999999999833e-01
5.689999999999998531e-02
1.771999999999999686e-01
1.522999999999999909e-01
1.018000000000000155e-01
1.107999999999999818e-01
7.779999999999999416e-02
7.869999999999999218e-02
9.779999999999999805e-02
1.065000000000000113e-01
9.879999999999999893e-02
1.266999999999999793e-01
7.209999999999999742e-02
9.180000000000000659e-02
1.243000000000000077e-01
7.789999999999999702e-02
5.399999999999999939e-02
5.629999999999998894e-02
1.010999999999999954e-01
1.553999999999999826e-01
5.020000000000000850e-02
8.000000000000001554e-02
1.035999999999999976e-01
1.181999999999999995e-01
9.179999999999999272e-02
1.016999999999999987e-01
1.064000000000000223e-01
1.510000000000000231e-01
1.234999999999999987e-01
6.559999999999999165e-02
3.900000000000000688e-02
5.080000000000000487e-02
1.246999999999999914e-01
9.310000000000000220e-02
9.199999999999999845e-02
8.200000000000000344e-02
1.277000000000000079e-01
1.751999999999999946e-01
5.780000000000000415e-02
4.429999999999999216e-02
5.240000000000000907e-02
1.054999999999999966e-01
1.013000000000000012e-01
7.220000000000000029e-02
8.580000000000001514e-02
1.797999999999999876e-01
1.771999999999999964e-01
2.187999999999999945e-01
1.877000000000000057e-01
2.290000000000000369e-01
1.088999999999999829e-01
1.910000000000000586e-01
8.529999999999998694e-02
1.231999999999999623e-01
8.469999999999996976e-02
6.979999999999997318e-02
9.959999999999999409e-02
9.679999999999999716e-02
1.578999999999999848e-01
6.230000000000000815e-02
1.322000000000000397e-01
1.443999999999999728e-01
9.220000000000003193e-02
1.420999999999999763e-01
1.514999999999999680e-01
8.050000000000000211e-02
5.790000000000002089e-02
1.674999999999999822e-01
1.296999999999999542e-01
7.469999999999997475e-02
5.310000000000004300e-02
1.075999999999999873e-01
1.423999999999999710e-01
6.770000000000002405e-02
1.208000000000000046e-01
2.927999999999999492e-01
2.413999999999999202e-01
1.746000000000000330e-01
1.412000000000000477e-01
1.391000000000000014e-01
9.550000000000005707e-02
1.582999999999999408e-01
1.148999999999999744e-01
1.100000000000000283e-01
1.408999999999999975e-01
1.615000000000000324e-01
4.183000000000000052e-01
2.388000000000000123e-01
2.340000000000000135e-01
1.712000000000000188e-01
2.946999999999999620e-01
2.756999999999999451e-01
2.036999999999999922e-01
1.297000000000000097e-01
1.070000000000000118e-01
8.169999999999995322e-02
1.843000000000000749e-01
1.797000000000000264e-01
2.120000000000000218e-01
5.660000000000008774e-02
1.897999999999999965e-01
1.754000000000000559e-01
1.120000000000000301e-01
1.772999999999999021e-01
9.949999999999997735e-02
7.320000000000002893e-02
9.139999999999996738e-02
1.157999999999999585e-01
1.351999999999999869e-01
1.195000000000000229e-01
8.590000000000001801e-02
5.560000000000001052e-02
1.127000000000000085e-01
1.374999999999999833e-01
1.142999999999999849e-01
7.930000000000000937e-02
8.400000000000003297e-02
1.791999999999999427e-01
6.659999999999996478e-02
1.323000000000000564e-01
6.279999999999991145e-02
1.251999999999999502e-01
7.380000000000003224e-02
8.679999999999998828e-02
1.382000000000000450e-01
8.540000000000000369e-02
1.077000000000000457e-01
7.260000000000002562e-02
4.080000000000000987e-02
2.120000000000000218e-01
1.428999999999999715e-01
1.028999999999999915e-01
1.356000000000000538e-01
1.112000000000000210e-01
1.033000000000000307e-01
1.041000000000000120e-01
5.009999999999996401e-02
1.142000000000000515e-01
8.660000000000001030e-02
1.091000000000000025e-01
9.000000000000002442e-02
1.084000000000000102e-01
6.860000000000004983e-02
1.275000000000000577e-01
2.287000000000000144e-01
1.323999999999999344e-01
1.285000000000000309e-01
1.330999999999999406e-01
1.112999999999999962e-01
9.399999999999995859e-02
1.394999999999999019e-01
5.789999999999997926e-02
1.138000000000000261e-01
8.020000000000004903e-02
9.499999999999998723e-02
9.369999999999996387e-02
2.373999999999999166e-01
1.861000000000000432e-01
3.547999999999998932e-01
6.040000000000009250e-02
1.501000000000000389e-01
2.527000000000000357e-01
1.909000000000000419e-01
3.337000000000000521e-01
1.732000000000000206e-01
8.589999999999997637e-02
1.226999999999999619e-01
1.081999999999999212e-01
1.091999999999999638e-01
1.338000000000000578e-01
1.294000000000001538e-01
1.594999999999999751e-01
1.174000000000001015e-01
2.184999999999999998e-01
2.004999999999999283e-01
9.029999999999986648e-02
