3.965999999999999526e-01
2.100000000000000200e-01
1.790999999999999814e-01
4.329999999999999127e-02
2.931999999999999607e-01
3.901999999999999913e-01
1.870000000000000551e-01
2.698000000000000398e-01
1.278000000000000247e-01
7.500000000000003886e-02
4.630999999999999561e-01
5.025000000000000577e-01
1.193000000000000449e-01
1.193000000000000171e-01
1.655999999999999417e-01
6.630000000000001170e-02
1.467999999999999861e-01
2.449999999999999956e-01
1.848000000000000476e-01
1.590000000000000302e-01
1.495999999999999830e-01
1.865999999999999326e-01
1.532999999999999918e-01
8.420000000000005258e-02
1.882000000000000339e-01
1.453000000000000125e-01
8.829999999999998961e-02
1.945000000000000062e-01
2.360999999999999488e-01
1.174999999999999795e-01
3.251000000000000001e-01
2.690999999999998948e-01
7.334999999999999298e-01
2.247000000000000108e-01
1.791999999999999704e-01
5.262000000000000011e-01
3.144000000000000128e-01
4.975000000000000533e-01
2.366000000000000325e-01
1.535999999999999588e-01
1.817999999999999061e-01
1.073000000000000620e-01
8.010000000000000453e-02
2.180000000000000271e-01
1.232000000000001011e-01
1.698000000000000065e-01
9.830000000000006788e-02
1.673999999999999377e-01
5.540000000000001174e-02
1.124000000000000277e-01
9.329999999999996629e-02
5.069999999999998119e-02
1.614000000000000157e-01
1.366000000000000270e-01
1.148999999999999327e-01
1.217000000000000304e-01
9.669999999999998042e-02
3.135000000000000009e-01
3.560000000000000386e-01
1.570000000000000839e-01
1.205999999999999295e-01
1.914000000000000701e-01
1.665999999999999703e-01
1.119000000000000827e-01
7.110000000000010756e-02
1.121999999999999803e-01
1.931999999999999829e-01
3.472999999999999976e-01
1.150000000000000189e-01
3.650000000000001854e-02
1.283000000000000251e-01
6.850000000000001921e-02
7.200000000000005007e-02
3.118000000000000771e-01
3.305999999999999495e-01
2.287000000000000699e-01
8.990000000000004932e-02
4.560000000000005715e-02
8.709999999999998299e-02
7.790000000000009417e-02
1.541999999999999482e-01
3.479999999999997679e-02
1.222999999999999643e-01
1.416999999999999649e-01
1.362999999999999767e-01
4.150000000000004380e-02
4.007999999999999896e-01
6.630000000000000338e-01
3.829000000000000181e-01
4.953000000000000180e-01
6.440000000000002667e-02
3.029999999999999361e-01
3.036999999999999145e-01
4.722999999999999976e-01
1.107999999999999818e-01
9.340000000000009406e-02
6.693999999999999950e-01
5.688000000000001943e-01
2.329999999999999571e-01
6.750000000000003220e-02
1.052999999999998937e-01
2.198999999999999289e-01
1.048999999999998406e-01
1.992000000000000992e-01
1.853000000000001868e-01
9.169999999999993434e-02
9.519999999999993745e-02
2.470999999999999308e-01
1.202000000000000984e-01
2.015000000000000124e-01
1.427000000000000213e-01
1.386000000000000842e-01
4.990000000000006930e-02
8.999999999999999667e-02
1.539999999999998870e-01
1.045000000000000373e-01
2.119999999999999940e-01
2.579000000000000181e-01
2.394999999999998797e-01
3.843000000000000305e-01
3.383000000000000451e-01
2.605000000000000093e-01
3.027000000000001911e-01
1.452000000000001068e-01
9.389999999999983082e-02
1.112000000000000210e-01
1.600000000000001144e-01
4.629999999999996618e-02
1.078999999999999126e-01
8.850000000000000921e-02
1.049000000000000349e-01
1.439000000000000834e-01
1.176000000000001627e-01
1.034000000000001446e-01
2.547999999999999154e-01
4.740000000000023361e-02
1.342000000000000970e-01
1.007000000000000950e-01
7.940000000000003999e-02
1.797999999999999599e-01
3.505999999999999117e-01
1.771999999999999409e-01
9.379999999999998062e-02
3.289999999999990155e-02
1.360000000000000930e-01
5.200000000000003231e-02
1.007999999999998758e-01
1.439999999999999059e-01
1.169000000000000039e-01
1.650999999999999412e-01
1.603999999999998760e-01
9.919999999999996876e-02
5.161999999999999922e-01
4.636999999999998900e-01
2.956999999999999629e-01
1.649000000000000465e-01
1.094999999999999585e-01
2.007999999999998675e-01
1.757999999999999563e-01
1.409999999999999309e-01
2.348999999999999422e-01
9.100000000000005307e-02
1.806999999999998330e-01
1.111000000000000737e-01
5.629999999999997506e-02
9.550000000000002931e-02
1.518999999999999795e-01
4.130000000000022542e-02
1.334000000000001296e-01
1.340000000000000635e-01
1.527000000000000024e-01
2.437000000000000277e-01
2.315000000000000668e-01
2.153000000000000469e-01
1.112999999999999962e-01
1.945999999999998842e-01
6.819999999999994122e-02
2.052999999999998160e-01
1.887999999999998846e-01
