5.380999999999999117e-01
1.801999999999999991e-01
4.989999999999995134e-02
8.189999999999997282e-02
8.520000000000005347e-02
5.699999999999999512e-02
8.109999999999994991e-02
1.058999999999999803e-01
7.759999999999991904e-02
3.970000000000002000e-02
3.400000000000004408e-02
2.040000000000000147e-02
2.429999999999994664e-02
1.691999999999999615e-01
1.688000000000000611e-01
1.112000000000000210e-01
7.779999999999995253e-02
4.930000000000004517e-02
5.260000000000007725e-02
6.149999999999994360e-02
1.070999999999999452e-01
8.899999999999999578e-02
8.640000000000008784e-02
8.490000000000010039e-02
5.249999999999992173e-02
6.040000000000004393e-02
5.380000000000005611e-02
8.930000000000001825e-02
9.269999999999999074e-02
8.810000000000002551e-02
2.640000000000004843e-02
1.094999999999999446e-01
1.047999999999999765e-01
3.529999999999998417e-02
4.850000000000004308e-02
8.070000000000004947e-02
9.429999999999996718e-02
2.529999999999995447e-02
4.140000000000003400e-02
3.359999999999993547e-02
1.343000000000000027e-01
1.262000000000000066e-01
1.135999999999999233e-01
9.110000000000000042e-02
6.780000000000004079e-02
8.210000000000000631e-02
1.108000000000000096e-01
9.009999999999993014e-02
6.359999999999993436e-02
4.739999999999990749e-02
8.769999999999994467e-02
1.129000000000000420e-01
1.391000000000000569e-01
7.330000000000004567e-02
4.670000000000004009e-02
4.049999999999991801e-02
1.479999999999992780e-02
3.769999999999995577e-02
3.309999999999992809e-02
1.300000000000004624e-02
1.379000000000000781e-01
7.560000000000005604e-02
5.939999999999995284e-02
6.399999999999997358e-02
1.115000000000000296e-01
1.101999999999999369e-01
7.700000000000002676e-02
6.389999999999991520e-02
4.500000000000009548e-02
2.340000000000004576e-02
1.344000000000000195e-01
1.385000000000000675e-01
7.700000000000001288e-02
4.960000000000001213e-02
4.750000000000001443e-02
8.040000000000001312e-02
1.172000000000000541e-01
1.036000000000000393e-01
5.849999999999997563e-02
1.214000000000000079e-01
1.132999999999999979e-01
9.450000000000002842e-02
1.197999999999999898e-01
4.959999999999993581e-02
9.179999999999993721e-02
7.410000000000002696e-02
9.280000000000003524e-02
6.580000000000005289e-02
5.599999999999994565e-02
3.170000000000002677e-02
1.980000000000000093e-01
1.314000000000000168e-01
1.165000000000000202e-01
5.329999999999997240e-02
1.729999999999999594e-01
2.039000000000000257e-01
1.676999999999999880e-01
1.127000000000001195e-01
9.450000000000002842e-02
9.419999999999996432e-02
1.079000000000000237e-01
1.048999999999999932e-01
9.140000000000000902e-02
7.920000000000004814e-02
1.155000000000000193e-01
7.590000000000000913e-02
2.520000000000000018e-02
5.249999999999989397e-02
9.339999999999998304e-02
8.420000000000002482e-02
1.066000000000000697e-01
1.077999999999999792e-01
1.389999999999999292e-01
2.880000000000002697e-02
1.153000000000000136e-01
1.017999999999999461e-01
9.669999999999998042e-02
7.430000000000006044e-02
9.060000000000004161e-02
5.540000000000007419e-02
1.620000000000004770e-02
1.146000000000000213e-01
1.336999999999999855e-01
1.033999999999999503e-01
1.085999999999999327e-01
9.580000000000002403e-02
1.197000000000000425e-01
4.030000000000009963e-02
1.655000000000001192e-01
1.304000000000000714e-01
8.210000000000003406e-02
9.140000000000002289e-02
1.336999999999999855e-01
1.612999999999999712e-01
1.870999999999999608e-01
6.969999999999998419e-02
1.370000000000001494e-01
1.194000000000000061e-01
8.289999999999990432e-02
7.980000000000006533e-02
9.430000000000002269e-02
1.105999999999999900e-01
5.989999999999996716e-02
4.320000000000009943e-02
1.136000000000000065e-01
6.569999999999998064e-02
3.279999999999985705e-02
5.870000000000016871e-02
1.091000000000002246e-01
1.359000000000002151e-01
1.120000000000001550e-01
1.031000000000000250e-01
1.356999999999999318e-01
7.520000000000007234e-02
4.120000000000001439e-02
2.959999999999982090e-02
1.446999999999998565e-01
1.061999999999999056e-01
5.050000000000004485e-02
4.879999999999987126e-02
1.220000000000001084e-01
1.121999999999999664e-01
1.180999999999998717e-01
1.095000000000000417e-01
1.194999999999999674e-01
1.191999999999998894e-01
1.009999999999999093e-01
8.430000000000002769e-02
1.136999999999998567e-01
1.355999999999998318e-01
1.148999999999999883e-01
1.349999999999999534e-01
9.659999999999999143e-02
1.154999999999999638e-01
1.007000000000000117e-01
9.080000000000001958e-02
9.660000000000013021e-02
9.279999999999996585e-02
1.009999999999999232e-01
