7.485000000000000542e-01
2.552999999999999159e-01
2.744000000000000328e-01
1.406000000000000028e-01
7.829999999999999460e-02
1.320000000000000062e-01
1.123000000000000109e-01
1.048000000000000043e-01
6.149999999999998523e-02
6.629999999999998395e-02
6.149999999999998523e-02
1.216999999999999887e-01
1.544999999999999984e-01
5.920000000000000262e-02
8.699999999999999400e-02
1.001999999999999835e-01
1.594999999999999751e-01
5.009999999999999870e-02
1.580000000000001195e-02
8.810000000000002551e-02
7.710000000000001574e-02
4.329999999999999821e-02
2.731999999999999984e-01
9.570000000000000728e-02
3.720000000000001084e-02
1.180999999999999828e-01
1.013000000000000150e-01
9.780000000000002580e-02
1.387999999999999790e-01
9.610000000000001874e-02
1.963000000000000023e-01
1.899999999999999745e-01
1.927999999999999992e-01
1.044000000000000067e-01
3.479999999999997679e-02
6.450000000000000178e-02
6.039999999999999536e-02
6.520000000000000795e-02
5.830000000000002541e-02
2.204999999999999460e-01
1.922999999999999987e-01
6.930000000000000049e-02
4.939999999999998559e-02
6.449999999999998790e-02
5.450000000000005534e-02
8.590000000000000413e-02
1.176000000000000378e-01
8.789999999999999203e-02
1.869000000000000106e-01
2.550000000000000044e-01
1.085999999999999743e-01
1.414999999999999869e-01
1.326999999999999846e-01
1.239999999999999714e-01
2.470999999999999586e-01
1.573000000000000509e-01
9.429000000000000714e-01
2.994000000000000550e-01
3.418999999999999817e-01
1.276999999999999802e-01
1.183000000000000579e-01
2.754999999999999671e-01
1.700000000000000677e-01
1.281999999999999806e-01
3.629999999999999893e-02
4.199999999999998179e-02
5.690000000000004776e-02
8.830000000000000349e-02
8.429999999999998606e-02
6.149999999999999911e-02
6.490000000000002711e-02
9.329999999999995242e-02
1.190000000000000224e-01
1.314000000000000723e-01
1.009999999999999787e-01
8.380000000000004112e-02
9.460000000000004516e-02
8.760000000000001119e-02
9.549999999999998768e-02
1.057000000000000856e-01
8.560000000000009268e-02
1.035999999999999699e-01
9.899999999999999079e-02
9.280000000000002136e-02
6.320000000000002005e-02
8.089999999999998581e-02
7.870000000000000606e-02
9.769999999999995355e-02
9.530000000000002358e-02
1.013000000000000428e-01
6.469999999999999363e-02
7.519999999999997520e-02
7.299999999999999545e-02
9.710000000000001963e-02
7.170000000000002760e-02
1.305000000000000049e-01
1.372999999999999221e-01
8.229999999999997040e-02
1.754000000000000281e-01
1.601000000000000478e-01
8.020000000000000462e-01
4.811999999999999611e-01
2.172999999999999932e-01
1.351999999999999869e-01
1.316000000000000503e-01
2.081000000000000072e-01
1.291000000000000481e-01
1.305000000000000326e-01
3.321999999999999398e-01
1.368000000000000604e-01
9.939999999999998836e-02
8.469999999999999751e-02
1.758999999999999730e-01
1.669999999999999540e-01
1.068999999999999811e-01
6.759999999999997955e-02
1.076000000000000567e-01
6.170000000000003260e-02
7.309999999999997056e-02
1.097000000000000197e-01
7.810000000000003051e-02
9.510000000000001785e-02
1.047000000000000153e-01
2.271000000000000241e-01
2.565000000000000058e-01
9.560000000000007381e-02
6.320000000000008944e-02
2.331000000000000016e-01
2.076999999999999957e-01
1.145999999999999103e-01
8.990000000000003544e-02
1.209999999999999964e-01
1.574000000000000121e-01
1.116000000000000880e-01
9.439999999999998392e-02
7.149999999999995248e-02
1.208000000000000185e-01
8.520000000000005347e-02
4.919999999999996598e-02
7.730000000000000759e-02
6.490000000000001323e-02
3.189999999999998392e-02
6.510000000000004672e-02
1.421000000000000596e-01
1.832999999999999630e-01
1.573000000000000231e-01
1.623000000000000276e-01
1.593999999999999861e-01
6.930000000000008376e-02
9.160000000000009801e-02
6.489999999999998548e-02
5.430000000000007043e-02
3.180000000000005045e-02
3.769999999999998352e-02
1.097999999999999809e-01
1.009999999999999787e-01
8.580000000000009841e-02
6.539999999999998592e-02
5.880000000000001892e-02
7.390000000000007674e-02
8.160000000000006137e-02
5.770000000000008455e-02
8.049999999999998823e-02
3.420000000000003593e-02
5.503000000000000114e-01
2.694999999999999618e-01
2.729000000000000314e-01
7.339999999999999303e-02
4.880000000000006555e-02
9.799999999999994826e-02
6.700000000000003175e-02
1.160999999999999810e-01
1.367999999999999217e-01
1.804000000000000603e-01
2.173999999999999544e-01
2.356000000000000871e-01
8.500000000000003386e-02
7.340000000000002078e-02
6.520000000000000795e-02
