7.632999999999999785e-01
1.253000000000000502e-01
1.805000000000000215e-01
1.502000000000000002e-01
5.380000000000000338e-01
1.670999999999999708e-01
1.048999999999999932e-01
4.489999999999997465e-02
4.919999999999997292e-02
6.749999999999997669e-02
1.889000000000000123e-01
1.028000000000000025e-01
1.083000000000000351e-01
1.971000000000000252e-01
4.600000000000000616e-02
4.300000000000000350e-02
1.413000000000000089e-01
1.733999999999999431e-01
6.930000000000000049e-02
4.289999999999998676e-02
8.839999999999999247e-02
9.849999999999997646e-02
1.408999999999999975e-01
1.619999999999999774e-01
1.631999999999999562e-01
7.420000000000001594e-02
7.429999999999999105e-02
1.083000000000000074e-01
1.127000000000000224e-01
4.139999999999998542e-02
7.179999999999996108e-02
9.940000000000001612e-02
1.215999999999999998e-01
8.839999999999999247e-02
1.959999999999999520e-01
7.499999999999998335e-02
6.960000000000003684e-02
1.177000000000000129e-01
1.198999999999999649e-01
6.859999999999999432e-02
2.009000000000000230e-01
3.209999999999999520e-01
9.419999999999999207e-02
5.900000000000000799e-01
3.734999999999999987e-01
1.627000000000000113e-01
2.989999999999999880e-01
9.005999999999999561e-01
2.748999999999999222e-01
2.902000000000000135e-01
6.689999999999994562e-02
8.469999999999998364e-02
2.764000000000000346e-01
2.749000000000000332e-01
2.045000000000000151e-01
1.557000000000000051e-01
1.432999999999999829e-01
1.594999999999999751e-01
2.956000000000000294e-01
2.267000000000000126e-01
5.161999999999999922e-01
9.789999999999997315e-02
6.757999999999999563e-01
2.035999999999999754e-01
2.470999999999999308e-01
1.655999999999999417e-01
1.759000000000000008e-01
4.794000000000000483e-01
8.165000000000000036e-01
2.813999999999999835e-01
3.921999999999999931e-01
3.530000000000000360e-01
8.699999999999999400e-02
3.062000000000000277e-01
1.735999999999999766e-01
1.120999999999999081e-01
1.502999999999999892e-01
8.759999999999995568e-02
1.072000000000000036e-01
9.670000000000000817e-02
3.309999999999996972e-02
1.919000000000000150e-01
3.388999999999999790e-01
4.373000000000000220e-01
2.978999999999999981e-01
1.902999999999999969e-01
1.669000000000000483e-01
6.040000000000003005e-02
1.882999999999999674e-01
1.094999999999999862e-01
5.980000000000001981e-02
4.810000000000000386e-02
1.375000000000000111e-01
2.025000000000000133e-01
1.678000000000000325e-01
1.997000000000000164e-01
8.709999999999996911e-02
2.217000000000000082e-01
1.882999999999999952e-01
4.379999999999998894e-01
1.985000000000000653e-01
1.508000000000000451e-01
1.810000000000000220e-01
2.041999999999999926e-01
1.094999999999999446e-01
8.620000000000005436e-02
9.139999999999998126e-02
1.038999999999999230e-01
5.229999999999997151e-02
5.739999999999993718e-02
6.340000000000001190e-02
1.559000000000000108e-01
6.739999999999995994e-02
9.179999999999990945e-02
1.834000000000000075e-01
1.736000000000000598e-01
3.040999999999999814e-01
1.422000000000001041e-01
1.565999999999999892e-01
3.923000000000000931e-01
1.156999999999999834e-01
1.273999999999999577e-01
1.833000000000000185e-01
1.461000000000000076e-01
1.425999999999999768e-01
8.870000000000000107e-02
8.259999999999996512e-02
5.980000000000002675e-02
1.333000000000000296e-01
4.354000000000000092e-01
1.830999999999999850e-01
2.599999999999999534e-01
2.858000000000000540e-01
1.079000000000000098e-01
3.029999999999999916e-01
2.460999999999999854e-01
4.538999999999999702e-01
3.987000000000000544e-01
5.015000000000000568e-01
1.588999999999999579e-01
1.875999999999999890e-01
8.249999999999999001e-02
2.190999999999999892e-01
1.068999999999999673e-01
1.190000000000000224e-01
1.287999999999999978e-01
1.077999999999999653e-01
2.529000000000000137e-01
1.519999999999999685e-01
1.166000000000000508e-01
1.768999999999999462e-01
8.419999999999999707e-02
8.330000000000002680e-02
7.560000000000004217e-02
6.130000000000005583e-02
1.131000000000000061e-01
5.472999999999998977e-01
3.969000000000001416e-01
3.252000000000000446e-01
1.391000000000000569e-01
4.890000000000005453e-02
1.256999999999999229e-01
8.670000000000006868e-02
6.880000000000005556e-02
1.187000000000000693e-01
1.376000000000000556e-01
9.199999999999994293e-02
5.897000000000001130e-01
9.214999999999998748e-01
3.340000000000000191e-01
1.494800000000000129e+00
2.465000000000000246e-01
1.216999999999999055e-01
1.243999999999999828e-01
2.329999999999999849e-01
1.527000000000000579e-01
1.272000000000000630e-01
1.293000000000000538e-01
2.005999999999999450e-01
