3.709999999999999964e-01
1.885000000000000009e-01
2.610000000000001555e-02
9.979999999999999982e-02
9.569999999999999341e-02
7.100000000000000755e-02
1.013999999999999901e-01
7.389999999999999347e-02
5.659999999999997672e-02
3.509999999999997844e-02
5.419999999999997736e-02
4.070000000000000701e-02
1.170999999999999541e-01
1.024999999999999939e-01
3.579999999999997767e-02
6.290000000000001146e-02
5.330000000000002791e-02
2.279000000000000192e-01
1.199999999999999678e-01
9.360000000000000264e-02
7.169999999999998597e-02
5.849999999999999645e-02
4.937000000000000277e-01
1.738000000000000100e-01
3.509999999999997844e-02
6.150000000000001993e-02
7.199999999999998068e-02
6.969999999999998419e-02
1.822000000000000008e-01
4.579999999999996574e-02
8.810000000000002551e-02
1.252000000000000057e-01
9.709999999999999187e-02
1.801999999999999713e-01
4.530000000000002081e-02
5.129999999999998450e-02
2.040000000000000840e-02
3.120000000000001245e-02
7.259999999999997011e-02
1.131000000000000338e-01
7.580000000000002014e-02
5.330000000000001403e-02
3.379999999999995508e-02
7.629999999999997895e-02
2.470000000000002402e-02
6.490000000000001323e-02
2.780000000000004690e-02
4.419999999999998236e-02
5.530000000000000887e-02
1.188000000000000028e-01
5.150000000000001105e-02
6.600000000000000311e-02
4.899999999999998801e-02
9.319999999999997731e-02
3.729999999999997901e-02
1.274999999999999745e-01
6.710000000000003462e-02
6.979999999999995930e-02
1.342000000000000137e-01
2.771000000000000130e-01
2.122000000000000275e-01
8.310000000000000719e-02
2.836000000000000187e-01
8.569999999999998452e-02
2.247000000000000108e-01
1.235000000000000264e-01
1.074000000000000232e-01
1.003000000000000003e-01
8.669999999999995766e-02
9.959999999999999409e-02
6.459999999999999076e-02
1.820000000000000229e-01
5.190000000000000169e-02
1.283999999999999864e-01
9.659999999999999143e-02
2.028000000000000080e-01
1.362000000000000433e-01
1.017000000000000126e-01
6.259999999999998899e-02
1.083999999999999964e-01
6.010000000000001452e-02
6.270000000000000573e-02
1.373999999999999666e-01
1.672999999999999765e-01
5.539999999999996316e-02
1.479000000000000037e-01
1.579000000000000126e-01
3.620000000000005852e-02
7.220000000000002804e-02
1.149000000000000021e-01
1.146999999999999964e-01
6.639999999999998681e-02
8.520000000000001183e-02
1.015000000000000069e-01
2.379000000000000281e-01
4.689999999999998337e-02
5.909999999999997894e-02
7.499999999999999722e-02
1.125999999999999779e-01
2.983999999999999986e-01
6.149999999999998523e-02
1.473000000000000143e-01
1.188000000000000167e-01
1.255999999999999894e-01
8.580000000000001514e-02
1.716000000000000025e-01
2.894000000000000461e-01
1.948000000000000287e-01
9.199999999999997069e-02
2.189999999999999447e-01
2.111000000000000099e-01
3.185999999999999388e-01
1.508000000000000174e-01
1.796000000000000096e-01
1.773000000000000409e-01
2.736999999999999433e-01
1.725999999999999757e-01
1.997000000000000164e-01
1.765000000000000180e-01
1.569000000000000117e-01
1.072000000000000175e-01
4.600000000000004086e-02
5.530000000000000193e-02
3.170000000000000595e-01
3.011000000000000343e-01
2.635000000000000675e-01
5.689999999999998531e-02
3.134999999999999454e-01
3.871999999999999886e-01
3.190999999999999392e-01
1.576999999999999791e-01
1.547000000000000319e-01
1.486999999999999988e-01
1.677000000000000157e-01
1.538000000000000200e-01
1.680000000000000382e-01
7.835000000000000853e-01
3.453000000000000513e-01
1.151999999999999968e-01
2.494999999999999440e-01
1.577000000000000346e-01
1.111000000000000737e-01
2.050999999999999490e-01
1.815999999999998726e-01
1.287000000000000088e-01
1.514000000000000346e-01
1.418000000000000371e-01
2.393999999999999462e-01
4.869999999999993778e-02
2.280999999999999694e-01
1.041999999999999038e-01
2.373999999999999999e-01
6.236999999999999211e-01
8.579999999999995963e-02
1.301999999999999824e-01
1.062000000000000166e-01
2.021999999999999631e-01
1.302999999999999436e-01
4.260000000000002673e-02
1.296999999999998987e-01
6.839999999999996083e-02
1.178999999999999909e-01
8.049999999999989109e-02
4.670000000000002621e-02
6.750000000000003220e-02
5.570000000000003421e-02
5.869999999999991197e-02
1.254000000000000670e-01
5.460000000000001658e-02
6.709999999999996523e-02
7.549999999999995604e-02
7.310000000000003995e-02
8.770000000000004181e-02
9.110000000000005593e-02
6.749999999999997669e-02
5.319999999999997647e-02
8.209999999999993692e-02
6.959999999999996745e-02
4.730000000000000177e-02
