3.891000000000000014e-01
1.466000000000000081e-01
6.339999999999998415e-02
5.049999999999998240e-02
5.010000000000001258e-02
1.312999999999999723e-01
1.358000000000000040e-01
1.365999999999999992e-01
1.047000000000000153e-01
7.899999999999998690e-02
8.199999999999996181e-02
7.900000000000000078e-02
3.630000000000004057e-02
1.333999999999999631e-01
7.679999999999993776e-02
1.257999999999999396e-01
7.450000000000003841e-02
5.110000000000002734e-02
9.020000000000004403e-02
5.360000000000001569e-02
8.899999999999996803e-02
7.089999999999997693e-02
7.789999999999995539e-02
6.379999999999992621e-02
7.739999999999995495e-02
4.910000000000000475e-02
7.099999999999997979e-02
5.099999999999997591e-02
2.330000000000006025e-02
6.840000000000001634e-02
5.460000000000002351e-02
2.780000000000001567e-02
8.219999999999999529e-02
3.769999999999996965e-02
7.340000000000007629e-02
7.110000000000007980e-02
6.029999999999997862e-02
3.419999999999998042e-02
1.153000000000000136e-01
6.640000000000005620e-02
7.219999999999991702e-02
3.810000000000007825e-02
2.470000000000001708e-02
9.929999999999997162e-02
8.680000000000002991e-02
4.359999999999998599e-02
9.300000000000001321e-02
6.570000000000002227e-02
7.859999999999997544e-02
4.870000000000002105e-02
8.480000000000001426e-02
5.880000000000004667e-02
3.990000000000000491e-02
7.580000000000000626e-02
1.172000000000000403e-01
5.929999999999991528e-02
6.239999999999996938e-02
9.779999999999998417e-02
7.030000000000001525e-02
5.730000000000001759e-02
8.420000000000008034e-02
3.979999999999996735e-02
9.020000000000000240e-02
7.410000000000002696e-02
5.020000000000002238e-02
6.630000000000006721e-02
7.130000000000000226e-02
7.299999999999998157e-02
4.419999999999997542e-02
5.810000000000004744e-02
5.990000000000004349e-02
8.700000000000003564e-02
4.759999999999993403e-02
4.760000000000001730e-02
5.669999999999995877e-02
8.659999999999989928e-02
7.179999999999991944e-02
7.589999999999999525e-02
5.720000000000000084e-02
5.489999999999997660e-02
4.769999999999997853e-02
3.600000000000003891e-02
2.940000000000007191e-02
1.203000000000001707e-01
8.739999999999989444e-02
2.990000000000005154e-02
9.190000000000006497e-02
9.470000000000000639e-02
1.539999999999999425e-01
7.350000000000000977e-02
6.619999999999991169e-02
7.120000000000004103e-02
4.770000000000000628e-02
6.110000000000013337e-02
8.999999999999996891e-02
5.930000000000007487e-02
9.280000000000003524e-02
5.799999999999996825e-02
5.099999999999990652e-02
8.239999999999995939e-02
6.660000000000013132e-02
1.197999999999999621e-01
8.109999999999990827e-02
7.120000000000001328e-02
3.929999999999994609e-02
5.589999999999993585e-02
5.219999999999989926e-02
7.409999999999999920e-02
9.220000000000003193e-02
8.030000000000006577e-02
6.450000000000002953e-02
3.509999999999999926e-02
9.329999999999999405e-02
4.299999999999998268e-02
7.349999999999996814e-02
1.280999999999999917e-01
7.870000000000007545e-02
8.830000000000007288e-02
8.320000000000007945e-02
8.590000000000010127e-02
1.026999999999999719e-01
3.486000000000000210e-01
1.134000000000000286e-01
8.049999999999998823e-02
1.476999999999999702e-01
3.779999999999996557e-02
9.300000000000001321e-02
1.380999999999999450e-01
6.330000000000006455e-02
6.889999999999997515e-02
7.399999999999991307e-02
1.286999999999999256e-01
7.599999999999994260e-02
9.599999999999994649e-02
1.186000000000000248e-01
6.010000000000002840e-02
8.309999999999995168e-02
6.479999999999998261e-02
4.789999999999995650e-02
5.999999999999998390e-02
6.970000000000005358e-02
8.820000000000001450e-02
7.390000000000000735e-02
1.617999999999999439e-01
1.399999999999999578e-01
1.070000000000000256e-01
8.499999999999999223e-02
1.313000000000000278e-01
1.064999999999999558e-01
6.519999999999995244e-02
1.099999999999998895e-01
9.689999999999993063e-02
7.279999999999997584e-02
6.830000000000002736e-02
1.331999999999999851e-01
9.179999999999996496e-02
8.270000000000005125e-02
7.819999999999999174e-02
9.290000000000001035e-02
1.130999999999999783e-01
1.348999999999999644e-01
1.124999999999999611e-01
6.659999999999990927e-02
5.080000000000006732e-02
4.740000000000007402e-02
5.879999999999990096e-02
1.647999999999998355e-01
8.750000000000016098e-02
1.833999999999999797e-01
1.058999999999998554e-01
1.241999999999998661e-01
9.249999999999997113e-02
9.319999999999993567e-02
6.789999999999991875e-02
5.229999999999990212e-02
8.300000000000015699e-02
1.020000000000001461e-01
1.286000000000000476e-01
2.449999999999998568e-01
