3.549999999999999822e-01
1.097000000000000197e-01
1.461000000000000076e-01
6.949999999999999234e-02
4.320000000000000923e-02
5.989999999999996716e-02
6.809999999999997999e-02
6.760000000000002118e-02
8.079999999999999682e-02
1.823999999999999511e-01
1.593999999999999306e-01
1.679999999999999827e-01
1.706000000000000294e-01
1.747000000000000219e-01
1.137000000000000094e-01
1.391000000000000014e-01
5.149999999999997635e-02
1.454000000000000015e-01
3.480000000000003924e-02
1.164000000000000312e-01
8.640000000000000457e-02
1.515000000000000235e-01
9.510000000000001785e-02
3.760000000000000148e-02
6.950000000000003397e-02
1.044000000000000067e-01
9.360000000000003040e-02
6.980000000000000093e-02
1.010999999999999954e-01
7.220000000000001417e-02
8.900000000000005129e-02
8.160000000000001974e-02
1.312999999999999168e-01
1.571999999999999786e-01
9.939999999999993285e-02
8.049999999999996048e-02
8.870000000000002882e-02
6.889999999999996128e-02
4.619999999999999107e-02
8.050000000000012701e-02
1.140000000000000180e-01
9.179999999999999272e-02
1.022000000000000269e-01
1.086000000000000576e-01
9.490000000000005376e-02
4.700000000000006950e-02
7.400000000000002409e-02
1.411000000000000032e-01
6.949999999999997846e-02
9.999999999999993616e-02
1.870999999999999608e-01
1.634999999999998954e-01
1.144000000000000711e-01
8.299999999999997657e-02
8.009999999999994902e-02
1.281000000000000194e-01
1.503000000000001002e-01
9.980000000000008309e-02
8.940000000000003499e-02
8.350000000000011580e-02
9.689999999999995839e-02
9.470000000000003415e-02
1.248000000000000498e-01
1.156000000000000222e-01
1.149000000000000021e-01
7.480000000000003313e-02
1.021999999999999714e-01
8.000000000000005718e-02
6.509999999999996345e-02
1.370999999999999164e-01
1.079999999999999155e-01
7.749999999999994393e-02
6.919999999999995599e-02
9.189999999999999558e-02
1.054999999999999827e-01
1.020999999999999686e-01
9.049999999999998324e-02
7.089999999999997693e-02
1.035000000000000087e-01
7.700000000000006839e-02
9.529999999999996807e-02
8.219999999999999529e-02
1.146000000000000768e-01
1.324000000000000177e-01
1.074000000000000232e-01
1.473999999999999755e-01
1.461999999999999966e-01
1.387000000000000455e-01
1.541999999999999760e-01
1.197999999999999898e-01
7.890000000000005342e-02
8.569999999999994289e-02
1.225999999999999868e-01
8.080000000000001070e-02
9.350000000000005529e-02
6.150000000000003381e-02
5.700000000000002287e-02
1.081000000000000016e-01
1.839000000000000079e-01
1.482000000000000539e-01
9.290000000000005198e-02
8.189999999999995894e-02
6.749999999999994893e-02
4.579999999999997268e-02
4.200000000000000261e-02
4.400000000000002520e-02
6.879999999999997229e-02
1.101999999999999647e-01
1.529999999999999694e-01
1.703999999999999959e-01
7.100000000000009082e-02
4.719999999999990870e-02
1.208999999999999936e-01
2.236999999999999544e-01
1.762999999999999845e-01
1.260000000000000564e-01
6.310000000000004494e-02
5.760000000000007475e-02
1.026000000000001078e-01
1.197000000000000702e-01
7.270000000000005624e-02
4.059999999999993475e-02
7.820000000000008888e-02
1.165999999999999814e-01
1.469000000000000306e-01
1.195000000000000090e-01
8.490000000000003100e-02
1.085000000000000547e-01
9.270000000000006013e-02
1.232000000000000456e-01
1.337000000000000965e-01
1.522000000000000575e-01
1.267000000000000626e-01
1.344000000000000750e-01
9.560000000000000442e-02
8.779999999999998916e-02
3.859999999999992604e-02
6.529999999999999694e-02
1.127000000000000501e-01
2.003999999999999115e-01
1.814999999999999392e-01
1.255000000000000837e-01
1.439000000000000279e-01
6.040000000000000924e-02
2.016999999999999904e-01
1.678999999999999937e-01
1.273000000000000798e-01
1.312000000000000388e-01
4.890000000000012392e-02
7.060000000000005160e-02
1.032000000000000833e-01
1.370999999999999441e-01
1.540999999999999870e-01
9.420000000000006146e-02
1.341999999999999305e-01
1.212000000000000716e-01
1.396999999999998798e-01
1.247999999999998971e-01
7.709999999999994635e-02
3.346999999999998865e-01
3.469999999999999751e-01
1.256999999999999507e-01
2.534999999999999476e-01
2.572000000000000952e-01
1.446000000000000063e-01
1.283999999999999031e-01
1.430999999999999495e-01
1.284000000000001807e-01
1.544999999999999707e-01
8.980000000000000482e-02
9.920000000000001039e-02
1.219000000000000639e-01
1.219999999999999002e-01
2.172000000000000042e-01
1.849000000000001198e-01
2.271000000000001628e-01
2.298999999999999377e-01
3.135999999999998233e-01
1.033999999999999642e-01
