2.837000000000000077e-01
1.397000000000000186e-01
2.145999999999999852e-01
2.044999999999999873e-01
1.633999999999999897e-01
1.481999999999999984e-01
3.336000000000000076e-01
2.239999999999999769e-01
1.156999999999999973e-01
9.810000000000002052e-02
1.464000000000000301e-01
4.305999999999999828e-01
2.111999999999999711e-01
1.877999999999999947e-01
8.109999999999999154e-02
1.234999999999999848e-01
1.272999999999999965e-01
6.689999999999998725e-02
1.170000000000000068e-01
9.860000000000000708e-02
2.851999999999999535e-01
1.786999999999999700e-01
2.195999999999999619e-01
1.183999999999999775e-01
2.525999999999999912e-01
2.042000000000000204e-01
6.839999999999998859e-02
1.887000000000000066e-01
9.930000000000002713e-02
2.953000000000000069e-01
1.720999999999999752e-01
3.605000000000000426e-01
1.821000000000000119e-01
1.377000000000000168e-01
1.638999999999999901e-01
5.310000000000002912e-02
1.487000000000000266e-01
3.304000000000000270e-01
1.097000000000000058e-01
1.376999999999999891e-01
8.489999999999998936e-02
8.300000000000000433e-02
5.739999999999999269e-02
8.859999999999995657e-02
5.729999999999998983e-02
9.320000000000000506e-02
5.830000000000001847e-02
9.239999999999999603e-02
1.343000000000000027e-01
1.521999999999999742e-01
1.239999999999999991e-01
9.639999999999999958e-02
5.900000000000000383e-02
6.939999999999998948e-02
6.699999999999997624e-02
1.004999999999999921e-01
1.079000000000000237e-01
1.275000000000000300e-01
1.625000000000000056e-01
1.944000000000000172e-01
1.075000000000000400e-01
1.519999999999999685e-01
1.928999999999999881e-01
2.619000000000000217e-01
1.202000000000000013e-01
1.569000000000000117e-01
6.070000000000001783e-02
2.181000000000000161e-01
1.097000000000000197e-01
1.158000000000000140e-01
2.676000000000000045e-01
1.575000000000000289e-01
1.139000000000000012e-01
1.246000000000000024e-01
5.680000000000002408e-02
1.293999999999999873e-01
1.201000000000000123e-01
7.600000000000001199e-02
1.244999999999999996e-01
7.519999999999998908e-02
9.089999999999998082e-02
1.213000000000000328e-01
1.004000000000000170e-01
1.037000000000000144e-01
1.526000000000000134e-01
6.390000000000002622e-02
1.081000000000000155e-01
4.201999999999999624e-01
2.392000000000000237e-01
2.210999999999999632e-01
1.895000000000000018e-01
1.403999999999999693e-01
1.892999999999999683e-01
4.699999999999997236e-02
1.088999999999999829e-01
1.298999999999999599e-01
1.092000000000000470e-01
1.599999999999999756e-01
1.144000000000000433e-01
1.420999999999999763e-01
2.125999999999999557e-01
6.459999999999997689e-02
1.531999999999999473e-01
1.569999999999999729e-01
1.829000000000000070e-01
1.151999999999999552e-01
1.349999999999999534e-01
1.143000000000000405e-01
6.400000000000000133e-02
2.883000000000000007e-01
2.506000000000000449e-01
1.352000000000000146e-01
1.150000000000000466e-01
1.308000000000000274e-01
2.132000000000000561e-01
1.713000000000000078e-01
2.552000000000000379e-01
1.890999999999999903e-01
5.030000000000000443e-02
2.350999999999999757e-01
7.584999999999999520e-01
3.392000000000000015e-01
9.809999999999995113e-02
1.053999999999999659e-01
1.025999999999999690e-01
2.174000000000000099e-01
1.346000000000000252e-01
9.640000000000009672e-02
6.940000000000005886e-02
5.722000000000000419e-01
2.296000000000000263e-01
1.149000000000000021e-01
1.582000000000000073e-01
8.800000000000000877e-02
2.196999999999999509e-01
1.043000000000000038e-01
1.213000000000000050e-01
1.253999999999999837e-01
1.200000000000000233e-01
9.520000000000003459e-02
1.798000000000000709e-01
1.647000000000000131e-01
1.017999999999999877e-01
2.688999999999999724e-01
1.351999999999999869e-01
1.736000000000000043e-01
1.754000000000000559e-01
2.401200000000000223e+00
2.294499999999999762e+00
1.903999999999999027e-01
1.088000000000001327e-01
2.241999999999999271e-01
1.054599999999999982e+00
9.456999999999999851e-01
3.727000000000000868e-01
1.910000000000000309e-01
1.240999999999999881e-01
4.648000000000000465e-01
3.268000000000000904e-01
2.402999999999999026e-01
1.419000000000000816e-01
2.094000000000000028e-01
2.241999999999999271e-01
2.713999999999999746e-01
8.970000000000000195e-02
1.295999999999999930e-01
4.275000000000001021e-01
2.650000000000000688e-01
2.287999999999999479e-01
2.284999999999998976e-01
5.259999999999999398e-02
3.310000000000000719e-01
9.789999999999993152e-02
1.622000000000000108e-01
2.533000000000000251e-01
1.481999999999999151e-01
1.232000000000000456e-01
2.851000000000000201e-01
1.970999999999999974e-01
