4.716000000000000747e-01
9.919999999999998264e-02
5.079999999999999100e-02
3.389999999999998570e-02
8.799999999999999489e-02
2.550000000000001571e-02
7.900000000000001465e-02
4.840000000000005409e-02
3.799999999999999906e-02
3.340000000000000607e-02
3.990000000000000491e-02
5.229999999999995763e-02
4.609999999999996739e-02
1.909999999999999892e-02
5.650000000000000855e-02
7.149999999999998024e-02
2.189999999999999239e-02
1.399000000000000243e-01
7.479999999999999150e-02
1.520000000000001905e-02
7.559999999999998666e-02
9.099999999999998715e-03
6.869999999999998330e-02
3.489999999999998659e-02
2.940000000000000252e-02
3.080000000000000446e-02
1.909999999999998505e-02
5.910000000000000669e-02
3.919999999999997098e-02
2.300000000000002737e-02
4.850000000000002920e-02
3.549999999999998990e-02
4.239999999999997937e-02
6.869999999999999718e-02
5.579999999999996768e-02
8.429999999999999993e-02
8.239999999999998714e-02
4.970000000000004275e-02
6.770000000000006568e-02
4.930000000000002436e-02
3.730000000000000676e-02
4.910000000000005332e-02
6.359999999999997600e-02
5.859999999999999237e-02
6.089999999999999580e-02
1.048000000000000043e-01
3.039999999999999647e-02
5.560000000000004522e-02
9.590000000000001301e-02
5.239999999999996050e-02
5.869999999999999524e-02
6.930000000000005600e-02
6.189999999999993424e-02
4.770000000000004792e-02
4.430000000000000604e-02
8.499999999999997835e-02
1.016000000000000097e-01
7.599999999999997036e-02
4.750000000000004219e-02
4.310000000000000636e-02
9.279999999999996585e-02
6.130000000000002808e-02
4.139999999999988828e-02
4.229999999999994875e-02
4.819999999999992346e-02
2.910000000000004944e-02
7.249999999999995337e-02
4.030000000000007188e-02
1.050000000000001071e-01
3.550000000000001765e-02
6.170000000000000484e-02
5.250000000000004663e-02
3.889999999999993463e-02
7.490000000000003599e-02
6.760000000000007669e-02
1.382000000000000173e-01
1.068000000000000060e-01
5.999999999999992145e-02
7.349999999999992650e-02
1.244999999999998747e-01
4.999999999999991951e-02
5.689999999999995062e-02
8.249999999999990674e-02
4.839999999999992919e-02
2.719999999999994297e-02
1.564000000000002055e-01
3.010000000000001563e-02
4.190000000000008301e-02
7.740000000000007985e-02
7.100000000000004918e-02
4.789999999999996344e-02
5.610000000000001097e-02
4.910000000000000475e-02
5.800000000000005151e-02
6.329999999999996740e-02
4.860000000000000431e-02
4.160000000000003972e-02
5.950000000000003203e-02
3.400000000000000244e-02
2.700000000000001357e-02
6.229999999999996652e-02
6.249999999999995143e-02
6.279999999999996696e-02
1.651999999999999580e-01
1.066999999999999615e-01
6.430000000000010707e-02
4.060000000000006659e-02
1.006000000000000644e-01
5.830000000000014337e-02
4.930000000000002436e-02
6.170000000000011586e-02
9.289999999999995484e-02
9.979999999999999982e-02
7.980000000000000981e-02
1.150999999999999107e-01
1.082000000000000184e-01
8.519999999999994245e-02
3.800000000000000600e-02
9.399999999999988920e-02
1.510000000000001064e-01
9.459999999999990639e-02
1.412999999999998701e-01
1.098999999999999561e-01
5.820000000000000173e-02
9.539999999999992930e-02
5.580000000000000931e-02
1.126999999999999252e-01
4.230000000000001814e-02
6.939999999999997560e-02
1.569000000000001227e-01
8.859999999999998432e-02
5.110000000000014531e-02
4.579999999999992411e-02
7.400000000000014899e-02
4.820000000000013163e-02
9.840000000000012625e-02
7.800000000000001377e-02
4.730000000000000870e-02
7.820000000000008888e-02
2.459999999999993095e-02
8.709999999999987197e-02
6.219999999999999835e-02
8.080000000000006621e-02
6.609999999999997822e-02
1.068000000000001171e-01
5.959999999999990306e-02
4.779999999999991894e-02
3.229999999999994681e-02
1.252000000000001445e-01
3.119999999999993612e-02
1.222000000000001141e-01
1.588999999999998192e-01
1.630999999999999117e-01
3.039999999999981606e-02
6.090000000000024560e-02
4.049999999999989719e-02
5.469999999999993617e-02
2.260000000000006448e-02
6.969999999999990092e-02
8.760000000000020548e-02
3.809999999999986314e-02
7.129999999999990512e-02
3.919999999999996404e-02
7.110000000000012144e-02
3.829999999999975091e-02
9.660000000000004694e-02
8.670000000000011031e-02
8.859999999999992881e-02
1.024000000000002547e-01
1.068000000000000338e-01
1.384000000000001063e-01
1.327000000000000957e-01
4.610000000000012699e-02
9.929999999999998550e-02
3.839999999999996194e-02
7.019999999999981810e-02
3.840000000000001745e-02
8.180000000000015037e-02
7.900000000000016731e-02
