3.929999999999999466e-02
4.249999999999999611e-02
3.579999999999999849e-02
4.410000000000000031e-02
3.290000000000000563e-02
2.659999999999999865e-02
3.240000000000000518e-02
3.419999999999999429e-02
8.280000000000001248e-02
3.819999999999999785e-02
5.780000000000000415e-02
4.170000000000000095e-02
6.180000000000000770e-02
6.429999999999999605e-02
2.509999999999999731e-02
2.869999999999999982e-02
6.629999999999999782e-02
3.699999999999999123e-02
6.029999999999999943e-02
5.399999999999999245e-02
4.820000000000000673e-02
3.509999999999999232e-02
5.340000000000000302e-02
3.300000000000000155e-02
5.590000000000000524e-02
4.019999999999999962e-02
3.729999999999998594e-02
6.389999999999999847e-02
4.630000000000000782e-02
3.629999999999999893e-02
4.270000000000000184e-02
5.979999999999999899e-02
6.559999999999999165e-02
3.200000000000000067e-02
2.460000000000000728e-02
7.900000000000001465e-02
6.189999999999998975e-02
4.179999999999998994e-02
2.349999999999999312e-02
5.590000000000000524e-02
6.460000000000001852e-02
2.500000000000001180e-02
3.640000000000000180e-02
4.439999999999998809e-02
3.559999999999999970e-02
4.269999999999999490e-02
3.819999999999999785e-02
4.949999999999999539e-02
5.070000000000001589e-02
7.279999999999997584e-02
1.028000000000000025e-01
9.599999999999998812e-02
2.909999999999999393e-02
3.979999999999998817e-02
1.639999999999998057e-02
8.530000000000001470e-02
1.072000000000000175e-01
6.880000000000000004e-02
4.349999999999999700e-02
6.129999999999999338e-02
5.660000000000000447e-02
1.939999999999998323e-02
5.079999999999997712e-02
5.009999999999999176e-02
4.029999999999999555e-02
3.019999999999998727e-02
3.519999999999999518e-02
3.579999999999997073e-02
4.280000000000001859e-02
3.580000000000001931e-02
2.489999999999999505e-02
7.769999999999999130e-02
3.279999999999999583e-02
3.059999999999999526e-02
3.989999999999999797e-02
3.479999999999999066e-02
4.819999999999998591e-02
6.100000000000000561e-02
3.909999999999999587e-02
2.299999999999999267e-02
2.900000000000000494e-02
4.240000000000000019e-02
7.049999999999997935e-02
5.319999999999999729e-02
