4.699999999999999317e-02
7.169999999999999984e-02
9.439999999999999780e-02
6.470000000000000751e-02
5.820000000000000867e-02
4.580000000000000043e-02
5.050000000000000322e-02
5.479999999999998761e-02
2.680000000000000437e-02
4.380000000000000560e-02
2.880999999999999672e-01
4.420000000000000318e-02
7.030000000000002913e-02
9.529999999999999583e-02
2.696000000000000063e-01
3.447999999999999954e-01
3.031999999999999695e-01
3.270000000000000129e-01
3.289000000000000257e-01
1.780999999999999805e-01
7.270000000000007012e-02
8.409999999999996645e-02
7.079999999999997407e-02
5.630000000000005139e-02
3.490000000000002128e-02
4.900000000000004352e-02
3.389999999999998570e-02
9.529999999999999583e-02
6.545999999999998487e-01
3.867000000000000437e-01
3.904000000000000248e-01
7.779999999999998028e-02
7.509999999999998621e-02
5.630000000000001670e-02
6.673999999999999932e-01
4.289000000000000035e-01
4.671999999999999487e-01
1.376000000000000001e-01
1.440000000000000169e-01
8.160000000000003362e-02
7.659999999999997367e-02
6.439999999999998503e-02
4.220000000000000140e-02
6.659999999999999254e-02
6.980000000000000093e-02
2.129999999999999671e-01
4.967000000000000304e-01
6.387000000000000455e-01
5.086000000000000520e-01
1.453999999999999737e-01
5.829999999999998378e-02
1.081000000000000155e-01
2.777000000000000024e-01
3.433999999999999275e-01
1.832000000000000295e-01
7.940000000000002611e-02
1.485000000000000486e-01
4.089999999999996416e-02
4.819999999999997897e-02
5.109999999999997877e-02
5.529999999999998112e-02
1.037000000000000283e-01
7.370000000000000162e-02
6.110000000000000153e-02
1.354999999999999816e-01
5.910000000000004833e-02
5.219999999999999640e-02
1.097999999999999948e-01
1.597000000000000641e-01
4.420000000000002399e-02
2.240000000000003794e-02
2.250000000000003386e-02
4.289999999999996594e-02
1.111299999999999955e+00
3.998699999999999921e+00
6.474999999999999645e-01
5.460999999999999188e-01
3.115999999999997661e-01
2.396999999999999964e-01
2.607000000000002093e-01
1.487999999999999878e-01
4.604000000000000314e-01
4.259999999999999343e-01
1.204000000000000209e-01
