1.038000000000000034e-01
1.058999999999999941e-01
1.277000000000000079e-01
7.979999999999999594e-02
8.740000000000000546e-02
6.759999999999999343e-02
1.149000000000000160e-01
2.691999999999999948e-01
7.799000000000000377e-01
4.400000000000000022e-01
9.870000000000000995e-02
9.229999999999997928e-02
4.770000000000003404e-02
1.113000000000000378e-01
1.575000000000000289e-01
7.919999999999999263e-02
6.609999999999997822e-02
1.165000000000000063e-01
1.208000000000000046e-01
3.799999999999999212e-02
5.980000000000000593e-02
5.580000000000001625e-02
1.410999999999999754e-01
5.199999999999997680e-02
9.350000000000001366e-02
7.409999999999994369e-02
8.199999999999997569e-02
5.870000000000002993e-02
1.542999999999999372e-01
4.319000000000000616e-01
3.447000000000000064e-01
5.780000000000001803e-02
5.799999999999998213e-02
6.770000000000002405e-02
3.903999999999999693e-01
1.478999999999999759e-01
2.024999999999999856e-01
1.032000000000000278e-01
9.910000000000002141e-02
1.430999999999999772e-01
1.001000000000000223e-01
1.078999999999999959e-01
1.704999999999999849e-01
9.550000000000001543e-02
6.999999999999996503e-02
1.993000000000000327e-01
1.462999999999999856e-01
9.609999999999997711e-02
6.829999999999999960e-02
4.529999999999999305e-02
1.345000000000000084e-01
4.605000000000000759e-01
2.979999999999999871e-01
7.320000000000001505e-02
1.550000000000000266e-01
3.737000000000000322e-01
3.457999999999999963e-01
2.293999999999999928e-01
3.757000000000000339e-01
2.794999999999999707e-01
1.315000000000000613e-01
6.000000000000004635e-02
1.452999999999999570e-01
6.740999999999999215e-01
2.812999999999999945e-01
1.874000000000000388e-01
7.019999999999998463e-02
3.750000000000001943e-02
5.090000000000004243e-02
7.910000000000003140e-02
4.170000000000004259e-02
9.679999999999998328e-02
7.710000000000004350e-02
1.421999999999999931e-01
2.256000000000000505e-01
1.009000000000000036e-01
1.357000000000000151e-01
1.010199999999999987e+00
5.306000000000000716e-01
3.500999999999999668e-01
2.493000000000000216e-01
9.604000000000000314e-01
5.379999999999999227e-01
2.535000000000000586e-01
