9.920000000000001039e-02
1.564000000000000112e-01
1.066999999999999893e-01
8.659999999999999643e-02
7.679999999999999327e-02
1.474000000000000032e-01
1.868999999999999828e-01
6.740000000000001545e-02
7.770000000000001905e-02
4.860000000000000431e-02
9.439999999999999780e-02
8.340000000000000191e-02
8.019999999999999352e-02
4.229999999999999732e-02
4.020000000000001350e-02
5.529999999999998805e-02
6.350000000000000089e-02
7.189999999999999170e-02
3.879999999999998728e-02
6.690000000000001501e-02
5.650000000000000161e-02
1.160000000000000198e-01
7.830000000000000848e-02
1.247999999999999943e-01
6.410000000000001807e-02
9.360000000000000264e-02
8.950000000000002398e-02
1.247000000000000053e-01
1.176999999999999991e-01
1.233000000000000207e-01
1.179000000000000048e-01
1.111000000000000043e-01
1.160000000000000198e-01
1.290000000000000036e-01
9.310000000000001608e-02
1.050000000000000100e-01
1.192999999999999894e-01
4.019999999999998574e-02
6.510000000000000508e-02
1.281999999999999806e-01
1.271999999999999797e-01
1.900000000000000022e-01
2.110999999999999821e-01
1.607000000000000095e-01
8.000000000000001554e-02
9.579999999999999627e-02
1.069000000000000089e-01
1.125000000000000028e-01
6.370000000000000662e-02
3.079999999999999405e-02
9.020000000000000240e-02
1.291999999999999815e-01
1.174999999999999933e-01
8.830000000000000349e-02
1.393999999999999684e-01
7.370000000000000162e-02
9.470000000000000639e-02
1.078000000000000069e-01
7.009999999999996789e-02
5.149999999999997635e-02
5.149999999999999023e-02
5.649999999999999467e-02
1.040000000000000091e-01
1.210000000000000242e-01
3.069999999999999465e-02
6.689999999999998725e-02
5.010000000000000564e-02
9.170000000000000373e-02
1.043999999999999789e-01
1.110999999999999904e-01
1.092000000000000193e-01
1.095000000000000279e-01
1.363999999999999935e-01
1.037999999999999756e-01
9.249999999999999889e-02
6.729999999999999871e-02
9.169999999999998985e-02
6.640000000000000069e-02
7.270000000000000073e-02
1.067999999999999783e-01
1.081000000000000294e-01
1.407999999999999807e-01
1.452999999999999847e-01
4.820000000000000673e-02
