8.640000000000000457e-02
6.560000000000000553e-02
6.869999999999999718e-02
7.510000000000000009e-02
1.062000000000000166e-01
7.689999999999999614e-02
4.869999999999999329e-02
5.630000000000000282e-02
2.389999999999999417e-02
4.080000000000000293e-02
6.529999999999998306e-02
4.939999999999999947e-02
9.429999999999999494e-02
5.319999999999999729e-02
3.410000000000000531e-02
1.041000000000000120e-01
6.429999999999999605e-02
5.469999999999999862e-02
5.369999999999999080e-02
4.290000000000000757e-02
3.840000000000000357e-02
9.860000000000000708e-02
4.969999999999999418e-02
7.980000000000000981e-02
7.170000000000001372e-02
7.430000000000001881e-02
4.740000000000001157e-02
5.940000000000000835e-02
7.099999999999999367e-02
4.930000000000001048e-02
9.940000000000001612e-02
6.180000000000000770e-02
8.780000000000001692e-02
6.720000000000000973e-02
9.220000000000000417e-02
6.790000000000000202e-02
4.759999999999998954e-02
1.293999999999999873e-01
5.910000000000002057e-02
9.149999999999999800e-02
8.619999999999998497e-02
8.400000000000001910e-02
6.859999999999998044e-02
7.570000000000001728e-02
8.599999999999997924e-02
9.829999999999997073e-02
6.600000000000000311e-02
6.140000000000002400e-02
8.080000000000003846e-02
6.189999999999999669e-02
4.669999999999999152e-02
3.750000000000000555e-02
8.359999999999999376e-02
7.730000000000003535e-02
9.979999999999997207e-02
9.529999999999998195e-02
5.509999999999996151e-02
7.960000000000001796e-02
1.266999999999999793e-01
4.709999999999994746e-02
6.139999999999996155e-02
1.131999999999999673e-01
6.059999999999996639e-02
1.190999999999999698e-01
8.449999999999999178e-02
1.743000000000000105e-01
1.625999999999999668e-01
4.556000000000000050e-01
1.945000000000000062e-01
1.291999999999999815e-01
1.207000000000000017e-01
7.860000000000000320e-02
8.979999999999999094e-02
7.139999999999999125e-02
1.098999999999999699e-01
8.229999999999999816e-02
8.419999999999999707e-02
4.580000000000000043e-02
1.454999999999999627e-01
8.640000000000000457e-02
1.202999999999999625e-01
1.643999999999999351e-01
1.395000000000000129e-01
1.889000000000000401e-01
