4.670000000000000540e-02
4.959999999999999826e-02
7.489999999999999436e-02
4.500000000000000527e-02
3.160000000000000309e-02
4.430000000000000604e-02
3.440000000000000002e-02
4.149999999999999523e-02
2.970000000000000070e-02
3.069999999999999812e-02
6.829999999999999960e-02
5.210000000000000048e-02
2.579999999999999655e-02
5.300000000000000544e-02
3.740000000000000963e-02
6.180000000000000077e-02
6.640000000000000069e-02
3.319999999999999341e-02
2.819999999999999243e-02
4.870000000000000023e-02
3.749999999999999861e-02
4.529999999999999999e-02
4.660000000000000253e-02
3.919999999999999873e-02
4.530000000000000693e-02
5.120000000000000245e-02
3.119999999999999857e-02
4.240000000000000019e-02
1.459000000000000019e-01
9.290000000000001035e-02
9.249999999999999889e-02
4.669999999999999152e-02
6.529999999999999694e-02
2.590000000000000982e-02
3.372000000000000552e-01
2.997000000000000774e-01
3.498999999999999888e-01
8.479999999999998650e-02
1.153000000000000136e-01
8.669999999999999929e-02
2.888999999999999901e-01
1.500999999999999834e-01
7.169999999999998597e-02
1.004000000000000031e-01
6.340000000000001190e-02
5.819999999999998785e-02
1.899000000000000132e-01
1.938999999999999613e-01
7.979999999999999594e-02
1.412999999999999812e-01
1.043999999999999928e-01
3.050000000000000280e-02
2.066999999999999948e-01
9.680000000000005267e-02
1.266000000000000181e-01
1.256999999999999784e-01
2.379999999999998783e-02
7.539999999999999480e-02
7.019999999999997076e-02
5.470000000000002638e-02
5.050000000000005873e-02
3.009999999999995665e-02
7.099999999999997979e-02
1.171000000000000096e-01
4.939999999999997865e-02
4.179999999999997606e-02
4.760000000000001730e-02
5.189999999999999475e-02
5.979999999999997817e-02
3.690000000000003694e-02
5.760000000000001230e-02
2.239999999999999630e-02
2.299999999999998573e-02
4.899999999999997413e-02
4.210000000000004017e-02
3.910000000000002363e-02
4.729999999999999483e-02
6.280000000000002247e-02
3.830000000000000765e-02
2.859999999999998307e-02
3.120000000000003673e-02
3.120000000000002632e-02
2.890000000000007147e-02
6.050000000000001210e-02
