2.389499999999999957e+00
2.729999999999999982e+00
2.768799999999999706e+00
6.901000000000000689e+00
6.588199999999999612e+00
5.761400000000000077e+00
4.774000000000001576e-01
1.383000000000002006e-01
3.703200000000000713e+00
3.404800000000000271e+00
2.491600000000000037e+00
4.032599999999999518e+00
2.822400000000000020e+00
1.512299999999999756e+00
8.880000000000002336e-01
9.775000000000000355e-01
8.216999999999994309e-01
5.003999999999999559e-01
3.479000000000002091e-01
7.156000000000002359e-01
1.361899999999999888e+00
1.193200000000000260e+00
1.067499999999999893e+00
2.185000000000000553e-01
2.825000000000003064e-01
8.620000000000013762e-02
4.599999999999996314e-01
7.318999999999998840e-01
1.158299999999999663e+00
1.202599999999999891e+00
6.785999999999999810e-01
2.761999999999998900e-01
4.216000000000002523e-01
1.697999999999997567e-01
2.428000000000000158e-01
1.916699999999999626e+00
7.722000000000003306e-01
2.987899999999999778e+00
2.918900000000000272e+00
7.057999999999999829e-01
4.549000000000000821e-01
2.714999999999998526e-01
9.811999999999998501e-01
6.665999999999999703e-01
6.279999999999996696e-01
1.370000000000000662e-01
1.202999999999997266e-01
3.763000000000000789e-01
3.158000000000003027e-01
7.542999999999997485e-01
1.963300000000000045e+00
1.808099999999999818e+00
1.123199999999999976e+00
7.839999999999973379e-02
1.647000000000000963e-01
3.818999999999997952e-01
2.540099999999999802e+00
6.940699999999999648e+00
6.265300000000000757e+00
1.891599999999999726e+00
4.096000000000003527e-01
1.912999999999998035e-01
1.209999999999999826e-01
9.857000000000001316e-01
2.876700000000000035e+00
1.593399999999999928e+00
3.608500000000000263e+00
9.059000000000002606e-01
3.925000000000000711e+00
1.350200000000000067e+00
6.645500000000000185e+00
1.003599999999999959e+01
1.326259999999999906e+01
2.704000000000000181e+00
6.489000000000001434e-01
1.166800000000000281e+00
7.532799999999999052e+00
1.892299999999998317e+00
2.778000000000000913e+00
4.665000000000008029e-01
4.291000000000002590e-01
5.219999999999999085e-01
8.260099999999999554e+00
1.964099999999999957e+00
