6.130000000000000726e-02
4.960000000000000520e-02
5.440000000000000391e-02
4.589999999999999636e-02
5.750000000000000944e-02
7.320000000000000118e-02
5.440000000000000391e-02
1.073000000000000065e-01
9.459999999999998965e-02
7.910000000000000364e-02
6.819999999999998286e-02
8.410000000000002196e-02
6.780000000000002691e-02
7.739999999999998270e-02
1.881999999999999784e-01
1.427999999999999825e-01
9.379999999999999449e-02
3.970000000000001306e-02
1.054000000000000076e-01
5.590000000000001218e-02
1.178000000000000019e-01
1.104000000000000259e-01
5.080000000000000487e-02
4.130000000000000338e-02
4.150000000000000910e-02
5.469999999999999168e-02
4.069999999999999313e-02
6.490000000000002711e-02
7.150000000000002187e-02
7.959999999999999021e-02
5.059999999999999221e-02
6.330000000000000904e-02
5.169999999999999596e-02
5.780000000000000415e-02
6.880000000000000004e-02
6.219999999999999141e-02
5.980000000000000593e-02
3.699999999999999123e-02
9.400000000000001410e-02
6.260000000000000286e-02
5.310000000000000137e-02
4.949999999999999539e-02
1.197999999999999898e-01
3.089999999999998651e-02
2.389999999999997682e-02
5.539999999999995622e-02
5.450000000000002759e-02
1.033000000000000029e-01
5.949999999999997652e-02
3.370000000000000079e-02
3.579999999999999155e-02
8.609999999999996823e-02
5.959999999999999326e-02
4.970000000000004275e-02
7.999999999999996003e-02
6.329999999999998128e-02
2.890000000000002983e-02
6.329999999999999516e-02
8.320000000000001006e-02
7.790000000000001090e-02
6.159999999999998810e-02
3.289999999999999869e-02
3.369999999999997997e-02
6.350000000000002864e-02
7.729999999999995208e-02
1.058000000000000052e-01
4.480000000000002036e-02
5.369999999999999774e-02
4.939999999999998559e-02
5.640000000000000568e-02
6.149999999999999217e-02
1.311999999999999833e-01
2.468000000000000471e-01
4.350000000000005251e-02
9.259999999999996012e-02
8.040000000000002700e-02
1.276999999999999802e-01
8.220000000000002305e-02
5.100000000000000366e-02
1.421999999999999653e-01
5.250000000000000500e-02
6.330000000000000904e-02
6.000000000000000472e-02
1.156999999999999834e-01
