1.161999999999999977e-01
7.670000000000001816e-02
7.250000000000000888e-02
5.659999999999999754e-02
4.740000000000001157e-02
4.429999999999999216e-02
1.032000000000000139e-01
4.719999999999999196e-02
7.170000000000001372e-02
7.610000000000000098e-02
6.209999999999999548e-02
4.840000000000000552e-02
7.219999999999998641e-02
4.580000000000000737e-02
1.006000000000000227e-01
4.859999999999999737e-02
7.050000000000000711e-02
8.780000000000000304e-02
6.939000000000000723e-01
3.767999999999999683e-01
9.600000000000000200e-02
1.281999999999999806e-01
3.799999999999999906e-02
1.251000000000000167e-01
4.299999999999998962e-02
3.719999999999999696e-02
8.640000000000000457e-02
8.339999999999998803e-02
3.639999999999999486e-02
6.020000000000001045e-02
3.480000000000000454e-02
6.520000000000000795e-02
7.810000000000000275e-02
4.919999999999999374e-02
1.789999999999999231e-02
4.529999999999999305e-02
1.033000000000000029e-01
5.871000000000000663e-01
5.110000000000000098e-01
1.325000000000000067e-01
7.070000000000001283e-02
6.529999999999999694e-02
1.041000000000000120e-01
1.068000000000000060e-01
5.090000000000001468e-02
6.299999999999998657e-02
1.352000000000000146e-01
1.234000000000000097e-01
1.644000000000000183e-01
7.470000000000001639e-02
1.095000000000000140e-01
4.808999999999999941e-01
3.256999999999999895e-01
7.420000000000001594e-02
9.470000000000003415e-02
6.500000000000004385e-02
7.779999999999998028e-02
9.909999999999999365e-02
9.179999999999999272e-02
6.880000000000000004e-02
1.071999999999999897e-01
3.720000000000000390e-02
8.150000000000000300e-02
3.349999999999998812e-02
7.249999999999999500e-02
4.509999999999997344e-02
8.380000000000001337e-02
2.848999999999999866e-01
1.609000000000000152e-01
3.159000000000000141e-01
2.480999999999999317e-01
1.238999999999999824e-01
1.093000000000000360e-01
1.010999999999999954e-01
1.100999999999999757e-01
1.117000000000000215e-01
2.379999999999998783e-02
1.231999999999999762e-01
6.150000000000003381e-02
1.268000000000000238e-01
1.391999999999999904e-01
1.716000000000000025e-01
5.690000000000003388e-02
8.069999999999999396e-02
