8.889999999999999292e-02
1.241999999999999771e-01
1.507999999999999896e-01
9.590000000000001301e-02
8.779999999999998916e-02
7.029999999999998750e-02
7.640000000000000957e-02
4.099999999999999478e-02
2.470000000000000320e-02
3.820000000000001172e-02
3.080000000000000099e-02
1.229999999999999705e-01
5.429999999999999410e-02
8.290000000000001534e-02
5.160000000000003473e-02
5.229999999999999927e-02
3.329999999999999627e-02
5.129999999999999838e-02
3.790000000000000313e-02
1.005999999999999950e-01
6.960000000000000908e-02
3.569999999999998175e-02
4.599999999999998535e-02
7.989999999999999880e-02
3.280000000000004440e-02
8.480000000000004201e-02
4.960000000000001907e-02
4.649999999999999967e-02
6.120000000000003909e-02
1.006999999999999840e-01
6.830000000000002736e-02
5.709999999999999104e-02
6.080000000000000682e-02
1.293999999999999873e-01
8.950000000000001010e-02
6.729999999999997096e-02
9.429999999999995330e-02
8.199999999999998956e-02
4.939999999999998559e-02
2.410000000000001030e-02
4.919999999999997986e-02
4.299999999999999656e-02
7.269999999999998685e-02
5.450000000000000677e-02
3.849999999999999950e-02
4.540000000000000285e-02
2.920000000000005230e-02
5.899999999999998995e-02
6.270000000000000573e-02
8.840000000000002023e-02
5.909999999999996506e-02
4.260000000000002673e-02
3.599999999999996259e-02
4.789999999999997038e-02
1.167999999999999317e-01
4.700000000000004174e-02
9.030000000000006077e-02
1.408000000000000917e-01
6.410000000000003195e-02
8.560000000000000941e-02
9.269999999999997686e-02
7.770000000000001905e-02
8.940000000000003499e-02
1.563999999999999280e-01
1.828000000000000180e-01
1.192999999999999894e-01
7.849999999999998646e-02
4.899999999999994638e-02
4.510000000000002895e-02
4.599999999999989514e-02
8.130000000000013605e-02
6.369999999999999274e-02
9.609999999999990772e-02
1.055999999999999578e-01
1.702000000000001012e-01
4.510000000000002895e-02
3.490000000000000741e-02
4.379999999999998478e-02
5.839999999999995889e-02
6.150000000000001993e-02
7.249999999999995337e-02
7.150000000000003575e-02
2.580000000000000349e-02
5.520000000000000601e-02
