1.091000000000000164e-01
1.169999999999999929e-01
1.054000000000000048e+00
7.484499999999998820e+00
2.217200000000000060e+00
4.352100000000000080e+00
3.509999999999999232e-01
3.780000000000008353e-02
1.437999999999999279e-01
4.198000000000000065e-01
2.336899999999999977e+00
4.944100000000000605e+00
7.556999999999999273e-01
2.764000000000000234e+00
1.674399999999999888e+00
1.601699999999999902e+00
1.673999999999999932e+00
4.658000000000001029e-01
1.347900000000000098e+00
2.578300000000000036e+00
1.044300000000000006e+00
1.622100000000000319e+00
2.115999999999998993e-01
1.088600000000000012e+00
6.817000000000000837e-01
9.896000000000000352e-01
1.191999999999999726e+00
5.194000000000000838e-01
5.386999999999999567e-01
4.914000000000000590e-01
2.466000000000000136e-01
3.121999999999999775e-01
2.468999999999999251e-01
1.502000000000000279e-01
1.958000000000000018e-01
8.100000000000003031e-02
1.205899999999999972e+00
1.393199999999999994e+00
7.705000000000000737e-01
4.839999999999999858e-01
2.534000000000000141e-01
6.907999999999999696e-01
9.203000000000000069e-01
1.655000000000000915e-01
5.741999999999999327e-01
6.634000000000001007e-01
1.765000000000001013e-01
4.494999999999999551e-01
3.385000000000000231e-01
6.369000000000000217e-01
1.238299999999999956e+00
4.605999999999999539e-01
2.442999999999999616e-01
4.130000000000000338e-02
7.449999999999998290e-02
3.511000000000000232e-01
2.275000000000000355e-01
3.307999999999999829e-01
1.350000000000000089e-01
3.256999999999999895e-01
5.120499999999999829e+00
6.114999999999999325e-01
1.201699999999999768e+00
2.447300000000000253e+00
3.888999999999999790e+00
7.452999999999998515e-01
3.271700000000000053e+00
5.422699999999998965e+00
6.095999999999999197e-01
7.260999999999999677e-01
2.020499999999999741e+00
2.618200000000000305e+00
9.415999999999997705e-01
1.870999999999999996e+00
6.078999999999996628e-01
2.236000000000002153e-01
4.640000000000000235e-01
2.072000000000001063e-01
1.468699999999999894e+00
9.618000000000000993e-01
3.201799999999999535e+00
7.968000000000000638e-01
1.750699999999999923e+00
5.117000000000000437e-01
