1.332999999999999741e-01
6.619999999999999496e-02
9.779999999999998417e-02
1.275000000000000022e-01
2.909999999999999740e-02
7.240000000000000602e-02
8.999999999999999667e-02
1.045000000000000095e-01
8.570000000000001228e-02
8.289999999999998759e-02
1.570000000000000007e-01
1.014999999999999930e-01
7.270000000000000073e-02
5.480000000000000843e-02
1.107999999999999818e-01
1.649999999999999800e-01
5.780000000000000415e-02
7.039999999999999036e-02
9.410000000000000309e-02
6.840000000000000246e-02
8.180000000000001159e-02
1.396999999999999909e-01
5.469999999999999862e-02
1.605000000000000038e-01
9.009999999999998566e-02
7.759999999999997455e-02
1.120999999999999913e-01
1.320999999999999952e-01
8.260000000000000675e-02
2.160000000000000808e-02
8.480000000000000038e-02
1.061999999999999889e-01
4.239999999999999325e-02
1.237999999999999795e-01
1.224000000000000088e-01
6.640000000000001457e-02
5.229999999999999927e-02
6.450000000000000178e-02
1.481000000000000094e-01
3.250000000000000805e-02
6.669999999999999540e-02
9.140000000000000902e-02
1.214999999999999691e-01
1.007000000000000256e-01
6.249999999999998612e-02
5.820000000000000173e-02
7.519999999999998908e-02
3.660000000000000059e-02
1.573999999999999844e-01
1.723000000000000087e-01
1.589999999999999747e-02
1.219999999999999973e-01
4.109999999999998377e-02
9.209999999999997355e-02
1.612000000000000099e-01
1.121000000000000052e-01
6.939999999999998948e-02
6.830000000000001348e-02
2.009999999999998593e-02
1.358000000000000040e-01
5.229999999999997845e-02
1.401000000000000023e-01
1.175999999999999962e-01
5.140000000000001512e-02
1.005999999999999950e-01
4.659999999999997478e-02
1.557000000000000051e-01
1.490999999999999825e-01
2.220000000000001139e-02
1.050000000000000377e-01
9.609999999999999098e-02
6.290000000000001146e-02
7.999999999999998779e-02
3.989999999999999797e-02
1.251999999999999780e-01
1.240999999999999742e-01
7.950000000000000122e-02
1.352999999999999758e-01
1.058000000000000190e-01
7.270000000000001461e-02
9.440000000000002556e-02
1.509000000000000064e-01
4.019999999999999962e-02
5.859999999999999237e-02
