3.150000000000000022e-02
3.780000000000000027e-02
5.800000000000000294e-02
1.899999999999999606e-02
3.119999999999999857e-02
2.449999999999999400e-02
4.059999999999999720e-02
4.780000000000000915e-02
4.240000000000000019e-02
3.129999999999999449e-02
4.220000000000000140e-02
5.839999999999999358e-02
6.690000000000001501e-02
4.559999999999999470e-02
1.750000000000000167e-02
3.799999999999999212e-02
5.249999999999999806e-02
5.130000000000000532e-02
4.259999999999999898e-02
3.429999999999999716e-02
4.969999999999999418e-02
6.729999999999999871e-02
7.719999999999999085e-02
5.480000000000000149e-02
5.140000000000000818e-02
6.990000000000001767e-02
6.169999999999999790e-02
5.809999999999999887e-02
9.240000000000000990e-02
7.189999999999999170e-02
1.037000000000000005e-01
6.809999999999999387e-02
7.890000000000001179e-02
3.129999999999999449e-02
4.970000000000000806e-02
8.739999999999999158e-02
3.309999999999999748e-02
6.329999999999999516e-02
6.840000000000001634e-02
7.069999999999999896e-02
5.100000000000000366e-02
8.329999999999999905e-02
5.089999999999998692e-02
5.120000000000000245e-02
4.960000000000000520e-02
5.199999999999999761e-02
3.379999999999999671e-02
3.360000000000000486e-02
3.909999999999999587e-02
4.080000000000000987e-02
2.679999999999999744e-02
3.261999999999999900e-01
7.580999999999999961e-01
1.022199999999999998e+00
7.822000000000001174e-01
2.461999999999999189e-01
1.455000000000000737e-01
9.950000000000003286e-02
7.090000000000001856e-02
1.681999999999999051e-01
2.112000000000000544e-01
5.600999999999999313e-01
6.129999999999998644e-02
7.089999999999999081e-02
1.349999999999999811e-01
7.870000000000001994e-02
5.080000000000001181e-02
7.050000000000003486e-02
7.059999999999999609e-02
2.769999999999997811e-02
5.119999999999998858e-02
7.300000000000002320e-02
2.850000000000000103e-02
9.239999999999999603e-02
3.239999999999999131e-02
1.589999999999999747e-02
9.670000000000000817e-02
8.619999999999999885e-02
8.439999999999998892e-02
2.519999999999998630e-02
1.096000000000000169e-01
4.360000000000002762e-02
3.940000000000000446e-02
8.049999999999998823e-02
