3.756999999999999784e-01
1.640999999999999681e-01
9.400000000000000022e-02
1.941999999999999837e-01
9.180000000000001492e-01
1.908000000000000806e-01
1.482000000000001094e-01
1.117999999999999966e-01
1.715000000000000135e-01
8.349999999999992151e-02
1.572999999999999954e-01
7.299999999999996769e-02
9.599999999999998812e-02
4.370000000000001661e-02
7.699999999999999900e-02
9.529999999999998195e-02
1.125999999999998669e-01
1.196000000000000119e-01
1.485000000000000209e-01
2.327000000000000457e-01
1.356999999999999873e-01
1.473999999999999755e-01
8.170000000000000873e-02
6.099999999999999173e-02
1.355999999999999983e-01
9.349999999999997202e-02
1.316999999999999837e-01
9.390000000000005287e-02
1.825999999999999845e-01
1.796000000000000374e-01
1.778000000000000691e-01
1.823999999999999233e-01
1.545000000000000262e-01
7.520000000000001683e-02
1.174999999999999517e-01
2.337999999999999634e+00
3.210000000000000631e-01
1.450000000000002398e-01
2.184999999999998888e-01
1.158199999999999896e+00
4.702999999999998293e-01
1.372000000000001552e-01
1.090999999999999193e-01
1.813999999999999502e-01
1.054999999999998439e-01
2.487999999999999656e-01
2.052999999999999270e-01
5.009000000000000119e-01
1.984999999999999265e-01
1.291999999999998427e-01
1.984000000000001596e-01
2.660000000000001252e-01
2.006999999999997675e-01
2.110999999999997878e-01
1.207000000000001405e-01
1.863000000000001322e-01
2.423000000000000154e-01
2.046000000000000041e-01
2.317000000000000726e-01
1.453999999999999460e-01
6.829999999999997184e-02
8.899999999999988476e-02
5.739999999999995106e-02
1.943999999999998229e-01
1.803999999999998938e-01
1.307999999999999163e-01
1.167000000000000814e-01
1.043000000000000316e-01
1.980999999999999983e-01
2.222000000000002029e-01
1.207000000000000017e-01
2.131999999999999174e-01
2.556999999999998163e-01
1.638000000000000567e-01
8.779999999999998916e-02
1.309000000000002661e-01
3.739000000000000101e-01
1.948000000000000564e-01
1.125000000000001554e-01
2.104000000000000037e-01
7.249999999999989786e-02
1.120999999999998942e-01
1.596999999999998698e-01
1.551000000000000434e-01
