7.100000000000000755e-02
7.629999999999999283e-02
7.699999999999998512e-02
5.189999999999999475e-02
5.580000000000000238e-02
3.470000000000000168e-02
5.989999999999999492e-02
3.170000000000000595e-02
4.580000000000000043e-02
1.405000000000000138e-01
1.209999999999999964e-01
6.049999999999999822e-02
5.959999999999999326e-02
6.239999999999999714e-02
6.090000000000000968e-02
2.360000000000000292e-02
8.540000000000000369e-02
5.100000000000000366e-02
7.169999999999999984e-02
1.040999999999999981e-01
9.700000000000000289e-02
4.119999999999999357e-02
3.630000000000000587e-02
4.860000000000000431e-02
6.460000000000000464e-02
4.029999999999998861e-02
6.269999999999999185e-02
5.070000000000000895e-02
4.010000000000001064e-02
4.310000000000000636e-02
3.450000000000000289e-02
1.779999999999999638e-02
2.369999999999999885e-02
2.949999999999999845e-02
9.270000000000000462e-02
6.900000000000000577e-02
4.829999999999999571e-02
4.419999999999998930e-02
7.579999999999997851e-02
3.490000000000000047e-02
8.129999999999998339e-02
6.129999999999999338e-02
4.459999999999998688e-02
2.469999999999999279e-02
4.110000000000001152e-02
6.870000000000001106e-02
3.440000000000000002e-02
6.560000000000000553e-02
5.639999999999999181e-02
8.110000000000001930e-02
5.210000000000000742e-02
7.320000000000000118e-02
7.409999999999999920e-02
3.869999999999999829e-02
4.499999999999998446e-02
3.360000000000001874e-02
4.219999999999998752e-02
6.280000000000000859e-02
3.119999999999998469e-02
6.639999999999998681e-02
5.500000000000000722e-02
2.480000000000000954e-02
2.540000000000001978e-02
6.239999999999999714e-02
7.310000000000001219e-02
3.889999999999999708e-02
1.650000000000000078e-02
5.530000000000001581e-02
5.110000000000000653e-02
2.789999999999999425e-02
2.622999999999999776e-01
2.467000000000000026e-01
1.381000000000000283e-01
5.509999999999998926e-02
6.699999999999997624e-02
2.500000000000001874e-02
4.950000000000002315e-02
5.040000000000000036e-02
4.689999999999999031e-02
3.049999999999998546e-02
4.240000000000000713e-02
3.179999999999998106e-02
8.070000000000000784e-02
4.549999999999997796e-02
