1.411999999999999922e-01
6.039999999999999536e-02
2.600999999999999979e-01
2.245999999999999941e-01
1.056999999999999884e-01
8.460000000000000853e-02
1.155999999999999805e-01
1.362000000000000155e-01
7.679999999999997939e-02
1.638000000000000012e-01
1.373999999999999666e-01
1.773000000000000131e-01
6.839999999999998859e-02
8.849999999999999534e-02
1.107999999999999957e-01
6.860000000000002207e-02
1.011000000000000509e-01
8.740000000000003322e-02
1.397000000000000464e-01
1.290999999999999925e-01
1.417999999999999816e-01
1.405000000000000138e-01
1.142999999999999849e-01
5.559999999999999665e-02
3.398999999999999244e-01
2.092999999999999861e-01
2.313999999999999946e-01
2.495000000000000551e-01
5.130000000000004001e-02
4.319999999999999535e-02
1.207000000000000156e-01
1.541000000000000147e-01
8.579999999999995963e-02
5.109999999999997183e-02
8.870000000000004270e-02
6.889999999999993352e-02
1.918000000000000260e-01
6.760000000000004894e-02
1.566000000000000170e-01
1.375000000000000111e-01
8.909999999999997089e-02
8.799999999999996714e-02
5.809999999999998499e-02
7.569999999999998952e-02
9.959999999999996634e-02
1.051000000000000406e-01
7.970000000000003471e-02
1.097000000000000336e-01
7.559999999999994502e-02
1.005999999999999533e-01
3.569999999999998869e-02
6.079999999999999294e-02
7.109999999999998266e-02
7.890000000000005342e-02
1.105000000000000010e-01
6.220000000000000528e-02
1.409999999999999865e-01
8.239999999999997327e-02
6.569999999999998064e-02
8.290000000000000147e-02
5.770000000000004986e-02
6.310000000000000331e-02
8.209999999999992304e-02
9.039999999999992486e-02
8.810000000000003939e-02
1.000000000000000333e-01
1.430000000000000160e-01
1.711999999999999633e-01
1.320999999999999674e-01
4.770000000000002016e-02
1.190000000000000085e-01
9.419999999999999207e-02
1.175999999999999962e-01
1.538000000000000200e-01
4.760000000000001036e-02
8.069999999999998008e-02
8.880000000000007332e-02
6.520000000000002183e-02
8.110000000000004705e-02
8.080000000000003846e-02
7.539999999999999480e-02
1.670000000000000095e-01
8.489999999999998936e-02
9.239999999999995439e-02
