3.305000000000000160e-01
1.713999999999999690e-01
1.458000000000000129e-01
2.099000000000000310e-01
3.074000000000000066e-01
1.922000000000000375e-01
9.529999999999999583e-02
2.699999999999999623e-01
1.326999999999999846e-01
1.648000000000000020e-01
7.825999999999999623e-01
1.704999999999999571e-01
2.880000000000000338e-01
3.464999999999999192e-01
1.596999999999999809e-01
2.181000000000000161e-01
2.167999999999999927e-01
1.888300000000000090e+00
1.429699999999999971e+00
5.030999999999999917e-01
1.264000000000003177e-01
2.656000000000001138e-01
2.085000000000000742e-01
3.591000000000000858e-01
8.680000000000011318e-02
8.340000000000029334e-02
1.358999999999997710e-01
1.532999999999997698e-01
2.187999999999997724e-01
2.353000000000000369e-01
3.058999999999998942e-01
4.109999999999998099e-01
1.389900000000000135e+00
1.043500000000000094e+00
3.252000000000001556e-01
1.542999999999999095e-01
2.196999999999998954e-01
2.048999999999998878e-01
4.549000000000000821e-01
4.867999999999997884e-01
5.408999999999999364e-01
6.495000000000001883e-01
5.393999999999997685e-01
2.250000000000000888e-01
2.329999999999999849e-01
4.840000000000000413e-01
4.171000000000001373e-01
5.016999999999998128e-01
5.131000000000001116e-01
1.237999999999997158e-01
8.829999999999996185e-02
9.989999999999987779e-02
1.943000000000000838e-01
1.347999999999997534e-01
9.300000000000024913e-02
1.714999999999999580e-01
4.669999999999998597e-01
1.528999999999998693e-01
6.453000000000002068e-01
5.060999999999998833e-01
4.160000000000001474e-01
3.423999999999998156e-01
2.737000000000001654e-01
4.512999999999997569e-01
4.738000000000001655e-01
5.638000000000000789e-01
1.458999999999997244e-01
1.641999999999999571e-01
3.759999999999999454e-01
1.839999999999999691e-01
1.256999999999998119e-01
3.092000000000004190e-01
4.703999999999999293e-01
9.770000000000007845e-02
1.016000000000000653e-01
2.116000000000001768e-01
8.505999999999998007e-01
3.060999999999995946e-01
2.790000000000001368e-01
2.144000000000002570e-01
3.099999999999998868e-01
4.851000000000000312e-01
6.580000000000000293e-01
8.127999999999999670e-01
