2.875999999999999668e-01
1.855000000000000260e-01
4.604999999999999649e-01
2.518999999999999573e-01
2.793999999999999817e-01
9.940000000000003000e-02
4.304000000000000048e-01
1.902999999999999692e-01
2.953999999999999959e-01
1.854999999999999982e-01
1.154000000000000026e-01
2.870000000000000329e-01
3.196999999999999842e-01
1.615999999999999659e-01
1.739500000000000046e+00
1.760999999999999899e+00
2.835000000000000298e-01
3.616000000000000325e-01
3.326000000000000623e-01
5.075000000000000622e-01
7.048000000000000931e-01
8.101000000000000423e-01
3.653999999999999471e-01
3.228999999999999648e-01
2.650000000000000133e-01
3.653999999999999471e-01
8.052999999999999048e-01
1.034699999999999953e+00
5.119000000000000217e-01
3.105000000000001092e-01
2.650000000000000133e-01
7.185999999999999055e-01
1.036000000000000032e+00
1.151700000000000168e+00
4.039000000000000368e-01
6.369000000000000217e-01
3.003999999999998893e-01
5.179000000000000270e-01
1.630100000000000104e+00
1.557499999999999885e+00
1.154999999999999222e-01
1.307999999999999718e-01
6.900000000000000577e-02
9.590000000000006852e-02
4.235999999999999766e-01
2.237000000000000377e-01
3.406999999999999473e-01
1.423999999999999710e-01
4.000000000000000777e-02
7.759999999999997455e-02
3.899999999999999023e-01
3.047000000000000819e-01
9.060000000000001386e-02
3.313000000000000389e-01
3.021000000000000352e-01
2.466000000000000414e-01
6.985999999999998877e-01
4.315999999999999837e-01
8.210000000000004794e-02
2.037999999999999534e-01
1.244000000000000106e-01
1.722000000000000475e-01
8.828000000000000291e-01
4.644999999999999685e-01
6.917999999999999705e-01
4.347999999999998533e-01
2.133000000000001006e-01
7.970000000000003471e-02
8.979999999999996319e-02
5.413999999999998813e-01
2.985999999999999766e-01
1.781999999999999418e-01
5.370000000000005325e-02
4.399999999999996969e-02
6.729999999999999871e-02
1.340000000000000080e-01
2.625999999999999446e-01
4.399000000000001243e-01
2.552000000000000379e-01
2.893000000000000016e-01
4.309999999999999942e-01
4.940999999999999837e-01
1.488000000000000433e-01
1.669999999999999263e-01
