1.267000000000000071e-01
6.139999999999999625e-02
1.140999999999999931e-01
1.330999999999999961e-01
8.869999999999998719e-02
1.502000000000000002e-01
2.407200000000000006e+00
6.842999999999999083e-01
2.488000000000000211e-01
3.558999999999999941e-01
2.826999999999998958e-01
5.288000000000001588e-01
2.512999999999999678e-01
1.101000000000000312e-01
1.380099999999999882e+00
8.202999999999999181e-01
8.640000000000001013e-01
6.550000000000005818e-02
1.379699999999999704e+00
1.384300000000000086e+00
5.122999999999999776e-01
4.161000000000000254e-01
2.275000000000000078e-01
8.352999999999999314e-01
1.804800000000000182e+00
2.786700000000000177e+00
8.409000000000000918e-01
1.951100000000000056e+00
1.330600000000000005e+00
1.640800000000000036e+00
7.086000000000000076e-01
7.010100000000001330e+00
1.186500000000000110e+00
1.248199999999999754e+00
4.102000000000003421e-01
6.566000000000001835e-01
2.342899999999999761e+00
3.082599999999999785e+00
3.148999999999999577e-01
4.948000000000001286e-01
6.380999999999998895e-01
7.850999999999999091e-01
5.200000000000000178e-01
5.268999999999999240e-01
6.250000000000000000e-01
5.376000000000000778e-01
1.278699999999999948e+00
6.371999999999999886e-01
1.093600000000000128e+00
2.660999999999999477e-01
1.118100000000000094e+00
1.941900000000000182e+00
2.339799999999999880e+00
1.537299999999999667e+00
2.667499999999999538e+00
6.994999999999997886e-01
1.870700000000000029e+00
4.726999999999999535e-01
4.979999999999999982e-01
1.811999999999999722e-01
9.979999999999993043e-02
1.274000000000000965e-01
1.809000000000000608e-01
8.859999999999992881e-02
9.310000000000002995e-02
4.127399999999999736e+00
3.843999999999997974e-01
3.876600000000000268e+00
7.997000000000000774e-01
8.059000000000001718e-01
2.440000000000000502e-01
4.208000000000000074e-01
1.814500000000000002e+00
1.553899999999999837e+00
1.590700000000000003e+00
8.497999999999997778e-01
5.627600000000000158e+00
1.991199999999999637e+00
2.129899999999999682e+00
2.824399999999999800e+00
1.218199999999999950e+00
3.618000000000001215e-01
1.074999999999999956e+00
1.168699999999999850e+00
