2.822000000000000064e-01
8.193999999999999062e-01
3.834000000000000741e-01
3.691999999999999726e-01
3.656999999999999140e-01
4.177999999999999492e-01
9.312000000000000277e-01
8.058999999999998387e-01
2.843999999999999861e-01
2.631999999999998785e-01
3.532599999999999518e+00
1.781699999999999839e+00
2.886000000000000787e-01
4.687999999999999945e-01
1.022199999999999998e+00
7.377999999999999003e-01
6.527999999999998249e-01
5.139999999999997904e-01
3.293000000000002037e-01
1.939999999999998670e-01
2.581999999999999851e-01
2.525999999999998802e-01
2.400000000000000466e-01
2.991999999999999660e-01
2.076999999999997737e-01
1.483100000000000085e+00
1.149699999999999944e+00
3.393000000000001015e-01
3.056000000000002048e-01
2.877000000000000668e-01
2.063999999999997781e-01
4.035999999999997367e-01
3.929999999999997384e-01
3.118000000000001326e-01
1.078400000000000025e+00
2.906100000000000350e+00
1.225500000000000034e+00
7.820000000000002505e-01
1.579000000000000126e-01
1.361000000000001930e-01
2.862999999999997769e-01
6.673000000000001153e-01
2.191000000000000447e-01
3.402000000000000579e-01
2.696999999999999398e-01
1.058299999999999796e+00
1.880000000000000115e+00
1.496199999999999752e+00
1.963999999999999746e+00
5.369999999999998108e-01
1.526200000000000223e+00
8.050999999999999268e-01
6.285000000000000586e-01
1.383299999999999752e+00
2.538400000000000212e+00
6.872000000000002551e-01
7.016000000000000014e-01
1.350999999999998591e-01
3.960000000000000742e-01
1.295000000000002260e-01
4.011000000000002341e-01
1.729999999999998483e-01
7.220000000000002804e-02
1.725999999999999757e-01
1.233400000000000052e+00
5.185000000000002940e-01
2.243000000000001104e-01
3.121999999999999220e-01
2.557000000000000384e-01
5.470999999999998087e-01
2.086999999999998301e-01
3.037999999999997924e-01
2.694999999999999063e-01
1.463000000000002632e-01
3.395000000000003570e-01
5.775999999999996692e-01
5.829999999999997407e-01
2.455999999999998740e-01
4.644999999999999130e-01
4.395000000000001128e-01
9.982000000000001982e-01
1.107499999999999707e+00
9.004000000000000892e-01
2.471800000000000441e+00
