1.789999999999999925e-01
2.041999999999999926e-01
1.006999999999999840e-01
7.530000000000000582e-02
1.395000000000000129e-01
1.184999999999999942e-01
2.189000000000000112e-01
2.309000000000000496e-01
1.061999999999999889e-01
1.537999999999999923e-01
1.939000000000000168e-01
9.499999999999998723e-02
1.396999999999999909e-01
9.700000000000000289e-02
1.463000000000000411e-01
1.515000000000000513e-01
1.546000000000000152e-01
1.546999999999999209e-01
6.059999999999997333e-02
9.619999999999995222e-02
1.244000000000001077e-01
1.367000000000000437e-01
6.669999999999996765e-02
6.020000000000000351e-02
5.339999999999991975e-02
3.350000000000000200e-02
5.970000000000003082e-02
6.039999999999995373e-02
5.270000000000005236e-02
6.640000000000007008e-02
9.239999999999995439e-02
4.320000000000001616e-02
5.630000000000004445e-02
4.920000000000003537e-02
6.500000000000004385e-02
3.390000000000001346e-02
2.370000000000002660e-02
2.709999999999998521e-02
4.760000000000000342e-02
4.739999999999994218e-02
5.339999999999991975e-02
1.121000000000000052e-01
1.161999999999999977e-01
1.269999999999998908e-02
6.129999999999999338e-02
6.880000000000002780e-02
6.980000000000002869e-02
6.899999999999995026e-02
7.940000000000002611e-02
8.340000000000008518e-02
4.819999999999999285e-02
4.440000000000000890e-02
4.120000000000000051e-02
1.047000000000000708e-01
5.859999999999998543e-02
9.730000000000002536e-02
8.809999999999992837e-02
6.560000000000010267e-02
6.109999999999998765e-02
5.559999999999984399e-02
1.129000000000000420e-01
1.235000000000000819e-01
4.559999999999984899e-02
3.509999999999996456e-02
2.740000000000009095e-02
9.020000000000005791e-02
8.810000000000013654e-02
9.680000000000008042e-02
8.570000000000006779e-02
3.650000000000018507e-02
6.029999999999992311e-02
4.800000000000011202e-02
4.439999999999992564e-02
4.260000000000005449e-02
7.929999999999996774e-02
3.820000000000016438e-02
6.310000000000005882e-02
4.490000000000013425e-02
5.579999999999991911e-02
2.999999999999995726e-02
8.269999999999995410e-02
5.000000000000000278e-02
5.019999999999998075e-02
1.292999999999999705e-01
