1.506000000000000116e-01
4.649999999999999967e-02
2.470000000000000320e-02
6.650000000000000355e-02
8.030000000000001026e-02
4.299999999999999656e-02
7.190000000000000557e-02
8.039999999999999925e-02
2.320000000000000187e-02
4.760000000000000342e-02
4.970000000000000806e-02
1.077999999999999931e-01
4.610000000000000209e-02
4.070000000000000701e-02
9.529999999999999583e-02
1.290000000000000036e-01
7.349999999999998201e-02
6.010000000000000064e-02
2.152000000000000024e-01
2.162999999999999923e-01
2.074000000000000010e-01
8.199999999999998956e-02
1.055999999999999994e-01
7.139999999999999125e-02
4.440000000000000890e-02
8.180000000000001159e-02
6.410000000000001807e-02
4.299999999999998962e-02
1.792999999999999594e-01
1.899000000000000132e-01
5.299999999999999156e-02
5.579999999999999544e-02
7.009999999999999565e-02
7.829999999999999460e-02
1.024999999999999939e-01
9.480000000000000926e-02
1.612000000000000099e-01
4.330000000000001903e-02
7.930000000000000937e-02
4.180000000000000382e-02
9.939999999999997449e-02
4.569999999999999063e-02
7.149999999999999412e-02
5.419999999999998430e-02
6.319999999999999230e-02
8.520000000000001183e-02
8.829999999999993410e-02
1.456000000000000627e-01
1.374999999999999833e-01
8.470000000000001139e-02
1.098000000000000087e-01
1.104999999999999871e-01
9.590000000000001301e-02
4.279999999999996307e-02
3.440000000000006941e-02
5.629999999999996119e-02
1.491000000000000103e-01
2.458000000000000185e-01
1.175000000000000211e-01
7.560000000000002829e-02
1.903000000000000247e-01
1.303000000000000269e-01
2.740000000000000213e-01
2.185000000000000553e-01
2.960000000000002213e-02
6.689999999999995950e-02
1.505999999999999839e-01
2.847000000000000086e-01
2.460000000000000381e-02
5.410000000000005776e-02
1.620999999999999941e-01
6.840000000000004410e-02
1.094000000000000528e-01
3.909999999999994730e-02
1.355999999999999983e-01
1.489000000000000323e-01
4.539999999999998204e-02
5.960000000000000714e-02
3.569999999999997481e-02
7.069999999999998508e-02
6.790000000000001590e-02
1.470000000000000473e-01
5.619999999999997914e-02
6.900000000000003353e-02
