1.013000000000000012e-01
1.115000000000000019e-01
1.747000000000000219e-01
1.620999999999999941e-01
1.477999999999999869e-01
2.183999999999999830e-01
1.832999999999999907e-01
1.229000000000000092e-01
1.273999999999999855e-01
7.180000000000000271e-02
6.110000000000000153e-02
3.419999999999998735e-02
1.979000000000000203e-01
1.119999999999999885e-01
1.310000000000000053e-01
1.173999999999999905e-01
1.307000000000000106e-01
1.030000000000000082e-01
2.434000000000000330e-01
3.980000000000000204e-02
1.860000000000000264e-01
5.679999999999998939e-02
1.235999999999999877e-01
9.669999999999996654e-02
1.320999999999999952e-01
1.501000000000000112e-01
1.597000000000000086e-01
1.980999999999999983e-01
1.374000000000000221e-01
2.128000000000000447e-01
1.271999999999999520e-01
1.811999999999999444e-01
1.963999999999999913e-01
2.170000000000000054e-02
1.778999999999999748e-01
1.325999999999999679e-01
7.399999999999996858e-02
1.833000000000000185e-01
1.490999999999999825e-01
2.294999999999999540e-01
1.429000000000000548e-01
2.615000000000000102e-01
1.826999999999999735e-01
1.238000000000000073e-01
3.551999999999999047e-01
1.219999999999999973e-01
1.524999999999999689e-01
2.175000000000000266e-01
2.387999999999999845e-01
1.306999999999999829e-01
1.499000000000000055e-01
9.379999999999999449e-02
2.505000000000000560e-01
6.040000000000003699e-02
1.773999999999999744e-01
6.359999999999997600e-02
1.588999999999999579e-01
2.351999999999999647e-01
6.550000000000000266e-02
6.879999999999997229e-02
2.364999999999999880e-01
1.990999999999999714e-01
3.686000000000000387e-01
2.061999999999999666e-01
1.080000000000000820e-01
9.590000000000002689e-02
1.058999999999999386e-01
9.389999999999992797e-02
7.759999999999993292e-02
1.257000000000000062e-01
1.500000000000000500e-01
2.095999999999999530e-01
1.290000000000000036e-01
1.791999999999999704e-01
1.493999999999999218e-01
1.808999999999999775e-01
1.670000000000000095e-01
1.279999999999998916e-01
1.045000000000000512e-01
1.274999999999999467e-01
9.912999999999999590e-01
2.862999999999999989e-01
1.210000000000000381e-01
9.879999999999997118e-02
