5.850000000000001033e-02
6.489999999999999936e-02
4.999999999999999584e-02
6.859999999999999432e-02
3.220000000000000639e-02
1.879999999999999727e-02
6.360000000000000375e-02
8.569999999999999840e-02
2.859999999999999695e-02
5.779999999999999027e-02
4.460000000000000075e-02
2.419999999999999929e-02
8.379999999999999949e-02
4.080000000000000293e-02
5.369999999999999774e-02
2.479999999999999566e-02
4.629999999999999394e-02
3.559999999999999970e-02
8.590000000000000413e-02
4.900000000000000189e-02
4.969999999999999418e-02
8.420000000000001095e-02
9.460000000000000353e-02
9.479999999999999538e-02
1.122000000000000081e-01
7.409999999999998532e-02
4.520000000000000406e-02
6.750000000000000444e-02
1.669999999999999610e-02
6.149999999999999911e-02
4.320000000000000229e-02
2.890000000000000902e-02
3.339999999999999913e-02
6.939999999999998948e-02
6.089999999999999580e-02
7.719999999999999085e-02
7.149999999999998024e-02
5.460000000000000270e-02
9.879999999999999893e-02
7.970000000000000695e-02
5.439999999999999003e-02
5.830000000000001154e-02
3.139999999999999736e-02
6.760000000000002118e-02
8.240000000000000102e-02
4.810000000000000386e-02
6.780000000000001303e-02
7.750000000000001332e-02
3.320000000000000728e-02
7.270000000000000073e-02
1.095999999999999891e-01
6.010000000000000064e-02
4.119999999999999357e-02
4.760000000000000342e-02
6.259999999999998899e-02
7.140000000000001901e-02
2.390000000000000457e-02
5.040000000000000036e-02
6.989999999999998992e-02
5.509999999999998233e-02
7.609999999999997322e-02
1.300000000000000044e-01
9.819999999999999563e-02
8.770000000000000018e-02
1.425000000000000155e-01
6.339999999999998415e-02
4.040000000000000535e-02
3.180000000000000188e-02
3.149999999999998634e-02
4.679999999999999438e-02
5.230000000000001315e-02
2.680000000000001478e-02
2.069999999999998577e-02
3.630000000000000587e-02
4.810000000000000386e-02
6.070000000000000395e-02
7.499999999999999722e-02
5.000000000000000278e-02
5.819999999999998785e-02
1.720000000000000695e-02
6.110000000000000153e-02
7.449999999999999678e-02
5.070000000000000895e-02
3.300000000000001543e-02
