1.307000000000000106e-01
7.249999999999999500e-02
1.182999999999999885e-01
3.053999999999999493e-01
1.581999999999999795e-01
1.074999999999999983e-01
4.539999999999999591e-02
6.230000000000000815e-02
1.990999999999999714e-01
2.718999999999999750e-01
1.001000000000000084e-01
1.423000000000000376e-01
1.348000000000000032e-01
5.179999999999999188e-02
7.949999999999998734e-02
7.220000000000001417e-02
1.234999999999999987e-01
1.200999999999999984e-01
7.320000000000001505e-02
9.479999999999999538e-02
2.030000000000000138e-01
1.078999999999999959e-01
8.569999999999998452e-02
1.349000000000000199e-01
9.710000000000001963e-02
5.919999999999999568e-02
2.548000000000000265e-01
1.120000000000000162e-01
1.009000000000000175e-01
3.366999999999999993e-01
2.264999999999999791e-01
1.498000000000000165e-01
2.225999999999999646e-01
1.152999999999999997e-01
1.703000000000000069e-01
1.374999999999999833e-01
2.151000000000000134e-01
1.454000000000000292e-01
5.880000000000001198e-02
1.708000000000000074e-01
1.138000000000000261e-01
1.801999999999999713e-01
1.242999999999999938e-01
7.800000000000001377e-02
9.870000000000005158e-02
2.878000000000000558e-01
1.244999999999999857e-01
2.956000000000000294e-01
3.040000000000000480e-01
2.945999999999999730e-01
1.896999999999999797e-01
5.709000000000000741e-01
2.944999999999999840e-01
2.791000000000000147e-01
3.297999999999999821e-01
4.500000000000001915e-02
2.317999999999999783e-01
1.145000000000000046e-01
1.978000000000000036e-01
1.671999999999999875e-01
5.870000000000002993e-02
2.268999999999999906e-01
2.707999999999999297e-01
1.387000000000000177e-01
2.006000000000000283e-01
1.853000000000000758e-01
9.830000000000005400e-02
1.366000000000000547e-01
1.162000000000000116e-01
3.785999999999999921e-01
5.839999999999998664e-02
1.607000000000000095e-01
1.990000000000000380e-01
1.986000000000000543e-01
7.789999999999999702e-02
1.021000000000000102e-01
1.140999999999999653e-01
1.478000000000000425e-01
1.008000000000000285e-01
1.648000000000000020e-01
4.470000000000003137e-02
2.367000000000000215e-01
1.002999999999999725e-01
3.862000000000000988e-01
