2.989999999999999949e-02
3.250000000000000111e-02
4.050000000000000822e-02
2.009999999999999981e-02
3.230000000000000232e-02
5.219999999999999640e-02
3.480000000000000454e-02
3.350000000000000200e-02
1.839999999999999969e-02
5.479999999999999455e-02
1.460000000000000187e-01
1.431000000000000050e-01
4.750000000000000056e-02
7.430000000000000493e-02
2.380000000000000518e-02
4.320000000000000229e-02
7.119999999999999940e-02
5.879999999999999116e-02
3.889999999999999014e-02
2.580000000000000002e-02
4.929999999999999660e-02
3.239999999999999825e-02
3.949999999999999345e-02
3.260000000000000397e-02
5.569999999999999951e-02
3.870000000000000523e-02
3.520000000000000212e-02
8.970000000000000195e-02
4.320000000000000923e-02
6.260000000000001674e-02
4.499999999999999833e-02
7.930000000000000937e-02
1.856000000000000150e-01
3.950000000000000733e-02
4.250000000000000999e-02
2.209999999999999812e-02
9.299999999999999933e-02
3.699999999999999817e-02
1.251000000000000167e-01
1.318000000000000282e-01
4.719999999999999196e-02
4.579999999999999349e-02
5.259999999999999398e-02
4.360000000000000681e-02
2.439999999999998767e-02
2.870000000000001023e-02
5.279999999999999971e-02
3.769999999999999740e-02
3.079999999999998711e-02
5.150000000000000411e-02
4.179999999999998994e-02
7.839999999999999747e-02
7.800000000000001377e-02
3.150000000000001410e-02
4.139999999999998542e-02
3.280000000000001664e-02
4.140000000000001318e-02
4.560000000000002940e-02
4.249999999999999611e-02
5.360000000000002263e-02
4.550000000000001266e-02
3.689999999999998836e-02
3.469999999999998780e-02
4.230000000000001814e-02
4.680000000000000826e-02
5.759999999999999842e-02
4.259999999999999898e-02
3.429999999999999716e-02
4.430000000000000604e-02
4.959999999999997050e-02
4.080000000000001681e-02
6.540000000000002756e-02
5.360000000000001569e-02
2.050000000000001821e-02
2.859999999999995879e-02
5.099999999999998979e-02
2.249999999999999917e-02
4.560000000000000164e-02
3.230000000000002314e-02
3.550000000000003153e-02
3.269999999999997908e-02
3.929999999999998078e-02
2.910000000000000780e-02
3.150000000000000022e-02
