1.218999999999999945e-01
3.436000000000000165e-01
1.959999999999999520e-01
8.340000000000000191e-02
2.659999999999999587e-01
4.795999999999999708e-01
4.168000000000000593e-01
2.575000000000000067e-01
1.476000000000000090e-01
1.164000000000000035e-01
1.268999999999999850e-01
1.255999999999999894e-01
1.203000000000000042e-01
1.163000000000000006e-01
2.322999999999999787e-01
1.470999999999999808e-01
2.590999999999999970e-01
1.471000000000000085e-01
9.619999999999999385e-02
6.760000000000000731e-02
1.393000000000000071e-01
2.701999999999999957e-01
4.258000000000000118e-01
4.223000000000000087e-01
1.370999999999999996e-01
2.185999999999999888e-01
1.512000000000000011e-01
2.009999999999999842e-01
4.504999999999999005e-01
2.403000000000000136e-01
2.535000000000000031e-01
1.363000000000000045e-01
2.598999999999999644e-01
1.828000000000000180e-01
1.989999999999999825e-01
8.370000000000001050e-02
7.069999999999998508e-02
1.984000000000000208e-01
2.680000000000000160e-01
1.134000000000000008e-01
2.044000000000000261e-01
2.152000000000000302e-01
2.339999999999999858e-01
9.279999999999999361e-02
1.074999999999999983e-01
9.369999999999997775e-02
1.180999999999999966e-01
7.460000000000001352e-02
1.284000000000000141e-01
4.227000000000000202e-01
3.326999999999999957e-01
3.327999999999999847e-01
1.875999999999999890e-01
2.816000000000000725e-01
2.645000000000000129e-01
1.969000000000000195e-01
1.063699999999999868e+00
4.493999999999999662e-01
3.014000000000000568e-01
1.098000000000000087e-01
1.086999999999999911e-01
8.110000000000000542e-02
1.293999999999999317e-01
2.744000000000000883e-01
1.988999999999999657e-01
7.549999999999998379e-02
7.850000000000000033e-02
1.752999999999999559e-01
1.257000000000000339e-01
7.039999999999996261e-02
2.291000000000000814e-01
1.953000000000000291e-01
1.537999999999999923e-01
1.800999999999999268e-01
1.117000000000000492e-01
8.399999999999997746e-02
1.917999999999999705e-01
1.532999999999999918e-01
9.259999999999997400e-02
1.228000000000000341e-01
9.710000000000003351e-02
1.327999999999999736e-01
1.762000000000000233e-01
1.476000000000000367e-01
