3.698000000000000176e-01
1.950999999999999956e-01
1.161000000000000087e-01
1.203000000000000319e-01
7.090000000000003244e-02
9.139999999999998126e-02
4.870000000000002105e-02
5.429999999999999410e-02
6.399999999999997358e-02
3.500999999999999668e-01
3.205999999999999961e-01
1.054000000000000214e-01
6.170000000000000484e-02
6.170000000000001178e-02
4.359999999999996517e-02
3.419999999999997348e-02
1.047000000000000292e-01
5.620000000000000689e-02
1.011999999999999983e-01
7.390000000000000735e-02
1.129999999999999755e-01
1.118000000000000244e-01
1.973000000000000309e-01
2.024999999999999578e-01
2.240000000000000047e-01
2.142000000000000015e-01
4.580000000000000737e-02
5.569999999999999257e-02
8.210000000000000631e-02
2.108999999999999764e-01
1.191999999999999865e-01
1.620000000000000329e-01
9.080000000000001958e-02
1.394999999999999574e-01
9.110000000000004206e-02
2.131000000000000394e-01
9.199999999999995681e-02
2.814000000000000390e-01
2.503999999999999004e-01
3.469999999999992535e-02
3.340000000000007546e-02
7.539999999999993929e-02
8.700000000000004952e-02
7.279999999999997584e-02
6.119999999999996970e-02
8.809999999999999776e-02
1.582999999999999408e-01
4.357000000000000317e-01
2.087999999999999856e-01
2.194000000000000394e-01
2.218999999999999306e-01
1.011999999999999705e-01
6.390000000000006786e-02
1.000000000000000194e-01
1.394999999999999019e-01
5.010000000000006115e-02
7.290000000000002034e-02
3.074000000000000066e-01
5.224000000000000865e-01
3.917999999999999816e-01
7.880000000000005056e-02
1.001999999999999696e-01
2.266999999999999571e-01
6.859999999999996656e-02
1.920999999999999930e-01
1.637000000000000677e-01
1.711000000000000021e-01
1.207000000000000295e-01
3.809999999999995335e-02
6.459999999999992137e-02
6.959999999999995357e-02
1.562000000000000333e-01
1.078000000000000902e-01
1.311999999999999833e-01
6.439999999999997116e-02
7.949999999999998734e-02
6.559999999999997777e-02
8.849999999999999534e-02
1.797999999999999043e-01
5.209999999999997272e-02
1.491000000000001213e-01
5.149999999999988615e-02
4.060000000000008741e-02
1.130000000000000449e-01
9.949999999999989408e-02
9.329999999999995242e-02
6.309999999999998943e-02
4.919999999999998680e-02
8.649999999999996581e-02
1.300000000000000322e-01
1.597999999999999143e-01
3.566000000000000281e-01
2.491999999999999216e-01
7.370000000000005713e-02
1.655000000000000082e-01
2.675000000000000155e-01
3.103000000000000203e-01
4.097000000000000086e-01
1.228999999999999954e-01
9.839999999999995972e-02
9.009999999999994402e-02
1.089999999999999858e-01
5.869999999999994666e-02
1.059999999999999831e-01
1.210000000000000381e-01
1.213999999999999940e-01
3.185000000000000053e-01
3.565000000000000391e-01
2.636000000000000565e-01
2.963999999999999968e-01
2.414999999999999369e-01
2.729999999999999094e-01
6.172999999999999599e-01
2.076999999999999957e-01
1.143999999999999462e-01
5.476999999999999647e-01
3.557000000000000162e-01
4.525999999999998913e-01
3.585999999999999188e-01
4.737000000000000099e-01
8.212999999999999190e-01
3.087999999999999079e-01
1.648999999999999633e-01
2.160999999999999588e-01
2.484000000000000652e-01
1.196000000000000812e-01
1.821000000000000396e-01
6.040000000000005781e-02
2.104999999999999927e-01
1.057000000000000300e-01
1.303999999999997939e-01
7.750000000000009659e-02
5.770000000000004292e-02
7.860000000000004483e-02
2.774000000000000354e-01
4.981999999999999762e-01
3.259999999999999565e-01
8.660000000000003806e-02
2.835999999999999632e-01
2.973999999999999422e-01
2.265999999999999681e-01
1.951999999999999291e-01
1.156000000000000361e-01
5.629999999999999588e-02
1.864999999999999436e-01
2.656999999999999362e-01
2.096999999999999975e-01
4.338000000000001855e-01
3.097999999999999643e-01
1.568999999999999839e-01
1.943999999999999617e-01
3.449999999999992656e-02
6.980000000000002869e-02
2.994000000000000550e-01
2.310000000000000109e-01
2.141999999999998905e-01
8.369999999999999662e-02
7.980000000000000981e-02
1.969999999999995019e-02
8.600000000000007638e-02
9.800000000000001765e-02
2.155999999999999861e-01
2.369000000000000550e-01
2.497000000000000886e-01
1.196999999999999731e-01
2.523999999999999577e-01
4.129000000000000448e-01
3.602999999999999536e-01
3.683000000000000163e-01
2.180000000000000271e-01
1.216999999999999471e-01
2.684999999999999609e-01
1.682999999999998941e-01
2.179999999999999716e-01
9.450000000000005618e-02
8.135000000000001119e-01
3.071000000000000396e-01
1.270999999999999908e-01
1.963999999999999635e-01
