3.721999999999999753e-01
2.967999999999999527e-01
1.869999999999999996e-01
3.180000000000002269e-02
1.537000000000000033e-01
6.740000000000002933e-02
3.040000000000001035e-02
9.790000000000001479e-02
5.750000000000000944e-02
6.249999999999999306e-02
6.219999999999999141e-02
2.033000000000000085e-01
1.804999999999999938e-01
8.490000000000001712e-02
3.700000000000000511e-02
7.809999999999998888e-02
1.360999999999999988e-01
1.129700000000000149e+00
3.003999999999999448e-01
4.950999999999999290e-01
1.350000000000000366e-01
7.080000000000000182e-02
6.170000000000001178e-02
4.899999999999998107e-02
7.060000000000000997e-02
7.910000000000003140e-02
1.015999999999999681e-01
1.200999999999999845e-01
9.939999999999997449e-02
1.020999999999999824e-01
3.919999999999998486e-02
5.690000000000000613e-02
2.135000000000000231e-01
1.424999999999999878e-01
4.380000000000004723e-02
4.641999999999999460e-01
1.002099999999999991e+00
1.444000000000000283e-01
1.171999999999999431e-01
5.558999999999999497e-01
4.922999999999999599e-01
1.218000000000000471e-01
2.180000000000003463e-02
6.800000000000000488e-02
8.020000000000006291e-02
2.769999999999999546e-02
1.059000000000000496e-01
8.240000000000000102e-02
9.359999999999997489e-02
6.190000000000002445e-02
8.559999999999998166e-02
1.334499999999999797e+00
1.045299999999999896e+00
4.766000000000000236e-01
1.099999999999999728e-01
8.180000000000001159e-02
6.820000000000005225e-02
8.290000000000001534e-02
9.923999999999999488e-01
8.942999999999998728e-01
6.260000000000001674e-02
8.960000000000005460e-02
8.980000000000001870e-02
6.550000000000000266e-02
6.430000000000002380e-02
2.389999999999998376e-02
6.400000000000000133e-02
1.391999999999999904e-01
1.133000000000000257e-01
1.548000000000000209e-01
9.660000000000001918e-02
1.148000000000000409e-01
4.399999999999996969e-02
3.189999999999997699e-02
3.909999999999996118e-02
3.390000000000001346e-02
4.829999999999996102e-02
6.210000000000001630e-02
3.909999999999998199e-02
5.789999999999997232e-02
6.450000000000001565e-02
3.240000000000002600e-02
4.550000000000002653e-02
3.180000000000000882e-02
3.239999999999999825e-02
8.460000000000000853e-02
6.989999999999997604e-02
4.999999999999998196e-02
3.950000000000001427e-02
4.569999999999999063e-02
4.610000000000004372e-02
8.900000000000000966e-02
2.729999999999999094e-02
2.350000000000002434e-02
1.870000000000000134e-02
8.899999999999998190e-02
2.213000000000000245e-01
5.303999999999999826e-01
6.220000000000001222e-02
2.462000000000000854e-01
1.158000000000000557e-01
6.070000000000004559e-02
6.590000000000001412e-02
4.700000000000001399e-02
6.369999999999997886e-02
9.559999999999992115e-02
8.169999999999993934e-02
8.070000000000007723e-02
5.770000000000004986e-02
5.569999999999997176e-02
3.059999999999999179e-02
5.770000000000000129e-02
1.074000000000000232e-01
9.289999999999996871e-02
1.093999999999999695e-01
3.460000000000009596e-02
2.200000000000007505e-02
8.340000000000004354e-02
5.279999999999997196e-02
4.669999999999994295e-02
1.078100000000000058e+00
6.836999999999999744e-01
1.221400000000000041e+00
1.027000000000000135e+00
6.385999999999998344e-01
1.720999999999999197e-01
1.051000000000000822e-01
2.148999999999999799e-01
3.056000000000000383e-01
1.483999999999999209e-01
5.000000000000001665e-02
8.669999999999994378e-02
6.199999999999988853e-02
4.341000000000000414e-01
2.301999999999999602e-01
2.380000000000000171e-01
2.174999999999999711e-01
9.690000000000009717e-02
8.199999999999987854e-02
3.339999999999989505e-02
6.899999999999989475e-02
5.910000000000011078e-02
4.809999999999997611e-02
4.310000000000006881e-02
3.920000000000007506e-02
1.831999999999998630e-01
7.949999999999998734e-02
2.930000000000006211e-02
1.251000000000000167e-01
5.490000000000004599e-02
6.975999999999999979e-01
7.550000000000003930e-02
4.150000000000003686e-02
9.930000000000002713e-02
5.030000000000001831e-02
4.039999999999994984e-02
4.100000000000003642e-02
1.022999999999999188e-01
4.329999999999997046e-02
5.429999999999997329e-02
4.590000000000001024e-02
2.480000000000001648e-02
1.400000000000001764e-02
3.259999999999998316e-02
3.819999999999995621e-02
3.289999999999998481e-02
2.589999999999997859e-02
4.579999999999998656e-02
2.402999999999999858e-01
2.465000000000000524e-01
6.950000000000002010e-02
4.460000000000001463e-02
6.959999999999998133e-02
5.319999999999995566e-02
4.180000000000001770e-02
8.079999999999998295e-02
2.860000000000007675e-02
3.610000000000003484e-02
8.400000000000000522e-02
