4.990999999999999881e-01
2.467999999999999639e-01
1.531399999999999872e+00
4.077000000000000068e-01
7.651999999999998803e-01
1.303999999999999881e-01
8.380000000000001337e-02
1.014000000000000318e-01
3.699999999999999123e-02
5.690000000000000613e-02
6.600000000000001699e-02
6.389999999999999847e-02
1.234999999999999709e-01
1.406999999999999917e-01
4.198999999999999955e-01
1.761999999999999678e-01
1.450000000000000178e-01
1.146999999999999964e-01
1.483999999999999764e-01
1.151000000000000079e-01
8.549999999999999267e-02
1.622999999999999721e-01
1.688000000000000056e-01
1.188999999999999779e-01
1.530999999999999861e-01
2.510999999999999899e-01
2.172999999999999932e-01
1.902999999999999692e-01
1.013000000000000289e-01
4.690000000000003194e-02
4.449999999999997707e-02
1.040999999999999565e-01
1.597999999999999976e-01
5.639999999999997793e-02
6.620000000000006435e-02
7.759999999999997455e-02
1.964999999999999802e-01
7.340000000000000691e-02
1.027000000000000135e-01
2.646000000000000019e-01
1.761000000000000065e-01
1.340999999999999692e-01
1.729000000000000536e-01
2.301000000000000267e-01
1.116000000000000464e-01
8.229999999999998428e-02
1.617000000000000104e-01
8.119999999999998053e-02
2.103999999999999204e-01
2.165999999999999592e-01
2.174999999999999711e-01
5.960000000000002796e-02
6.370000000000000662e-02
1.033000000000000446e-01
1.373999999999999111e-01
8.240000000000000102e-02
1.005999999999999395e-01
1.101999999999999924e-01
4.399999999999999051e-02
4.660000000000000253e-02
6.489999999999998548e-02
7.300000000000003708e-02
6.060000000000002884e-02
8.600000000000011802e-02
5.160000000000006942e-02
4.520000000000004570e-02
6.719999999999999585e-02
6.749999999999994893e-02
8.709999999999995524e-02
7.649999999999985978e-02
9.939999999999998836e-02
2.307999999999998941e-01
2.463999999999998969e-01
1.290000000000000591e-01
1.829000000000000070e-01
9.930000000000004101e-02
3.040000000000004157e-02
3.189000000000000168e-01
3.721999999999999753e-01
2.559999999999998943e-01
3.657000000000000250e-01
3.208000000000000851e-01
1.888999999999998736e-01
7.800000000000009703e-02
5.429999999999995941e-02
8.089999999999999969e-02
9.629999999999996896e-02
7.579999999999995075e-02
2.690000000000002112e-02
4.009999999999996900e-02
3.420000000000000817e-02
5.030000000000005300e-02
5.599999999999999423e-02
7.343000000000001748e-01
1.199799999999999978e+00
3.869999999999999551e-01
6.194999999999999396e-01
1.438000000000000111e-01
1.127000000000000224e-01
1.859999999999999987e-01
4.614000000000000323e-01
2.181000000000000161e-01
5.257000000000000561e-01
1.704999999999999849e-01
1.192999999999999755e-01
7.159999999999996922e-02
9.009999999999998566e-02
7.170000000000002760e-02
7.289999999999996483e-02
5.519999999999999213e-02
6.220000000000001916e-02
1.078999999999999404e-01
7.859999999999993381e-02
1.472999999999999587e-01
1.099999999999999867e-01
4.008999999999999231e-01
9.319999999999994955e-02
3.718999999999998973e-01
1.456999999999999962e-01
7.700000000000001288e-02
1.663000000000000866e-01
2.407000000000000528e-01
7.940000000000002611e-02
7.389999999999999347e-02
1.791000000000000092e-01
9.239999999999994051e-02
7.519999999999998908e-02
5.879999999999998422e-02
3.539999999999999813e-01
1.335000000000000353e-01
9.699999999999996125e-02
9.560000000000007381e-02
8.080000000000003846e-02
1.656999999999999862e-01
9.669999999999999429e-02
9.409999999999996145e-02
1.191999999999999310e-01
8.450000000000004730e-02
1.179000000000000326e-01
3.449999999999994738e-02
1.283999999999999586e-01
7.460000000000001352e-02
1.009000000000000175e-01
6.250000000000001388e-02
7.570000000000000340e-02
8.499999999999989508e-02
7.349999999999999589e-02
5.383000000000000007e-01
1.960000000000000631e-01
1.281999999999999806e-01
4.339999999999999414e-02
2.222000000000000086e-01
1.300000000000000044e-01
2.037000000000000199e-01
1.098999999999999699e-01
2.298999999999999655e-01
9.381000000000001560e-01
3.425600000000000200e+00
7.927999999999999492e-01
8.656000000000003691e-01
2.561999999999998168e-01
3.140999999999999903e-01
1.411000000000000865e-01
6.530999999999997918e-01
6.699000000000000510e-01
3.072000000000000841e-01
2.401000000000000911e-01
4.138000000000001122e-01
1.887000000000000344e-01
9.649999999999996081e-02
4.324000000000000066e-01
4.643999999999999795e-01
1.001600000000000046e+00
2.022999999999999243e-01
4.793000000000000593e-01
5.034999999999998366e-01
8.487999999999999989e-01
1.957000000000000128e-01
2.200999999999999623e-01
