3.287999999999999812e-01
4.112999999999999989e-01
2.088999999999999746e-01
2.338000000000000078e-01
2.741999999999999993e-01
3.695000000000000506e-01
1.707000000000000184e-01
1.146999999999999964e-01
3.818000000000000838e-01
2.321000000000000008e-01
1.032000000000000139e-01
1.242000000000000048e-01
1.496999999999999997e-01
7.380000000000000449e-02
2.739999999999999658e-01
1.795999999999999819e-01
3.816999999999999837e-01
8.853999999999999648e-01
8.166999999999999815e-01
2.068999999999999728e-01
1.182999999999999607e-01
1.249000000000000110e-01
1.261999999999999789e-01
6.789999999999996039e-02
1.043000000000000177e-01
1.262999999999999678e-01
3.750000000000002637e-02
6.640000000000002844e-02
1.156999999999999279e-01
7.039999999999999036e-02
7.709999999999998799e-02
1.760000000000000175e-01
1.396999999999999909e-01
1.229000000000000231e-01
8.270000000000003737e-02
1.099000000000000116e-01
1.095000000000000001e-01
1.099000000000000393e-01
2.165999999999999870e-01
1.427999999999999825e-01
5.289999999999999147e-01
2.237999999999999989e-01
6.919999999999998375e-02
1.440999999999999504e-01
1.213999999999999801e-01
6.059999999999998721e-02
8.140000000000002789e-02
1.527000000000000024e-01
1.290000000000000036e-01
5.790000000000002089e-02
4.990000000000005542e-02
6.619999999999996720e-02
5.515999999999999792e-01
2.221000000000000196e-01
3.529999999999999805e-01
1.397999999999999798e-01
1.050000000000000100e-01
4.329999999999998433e-02
5.039999999999998648e-02
4.019999999999999962e-02
8.899999999999996803e-02
7.740000000000001046e-02
1.186999999999999722e-01
2.375000000000000167e-01
3.354000000000000314e-01
3.991999999999999993e-01
1.927999999999999436e-01
3.288999999999999702e-01
3.169999999999999485e-01
6.909000000000000696e-01
7.026000000000000023e-01
1.988999999999999935e-01
7.959999999999999298e-01
6.502000000000000002e-01
5.456999999999999629e-01
4.309000000000000608e-01
1.720999999999999475e-01
1.431999999999999940e-01
1.880000000000000282e-01
3.117000000000000326e-01
1.941000000000000780e-01
2.098000000000000420e-01
1.415000000000000147e-01
3.531000000000000805e-01
3.598999999999999977e-01
2.765000000000000235e-01
2.844999999999999751e-01
2.356000000000000871e-01
2.174999999999999989e-01
1.136000000000000204e-01
2.880999999999999672e-01
2.008999999999999675e-01
4.899999999999999911e-01
1.951999999999999846e-01
1.102200000000000069e+00
5.572999999999999066e-01
2.321000000000000285e-01
4.102000000000000646e-01
3.226000000000000534e-01
4.475000000000000089e-01
2.432999999999999330e-01
5.698000000000000842e-01
2.451999999999999458e-01
3.509000000000000452e-01
4.769000000000000461e-01
8.098999999999999533e-01
1.886999999999999789e-01
1.528000000000000191e-01
6.799999999999997713e-02
6.120000000000008766e-02
1.742999999999999272e-01
2.760000000000000231e-01
1.173000000000000570e-01
3.059000000000001163e-01
4.916999999999999149e-01
3.450999999999999623e-01
3.330999999999999517e-01
2.818999999999998174e-01
3.895000000000001239e-01
2.095000000000001028e-01
6.056000000000000272e-01
2.500999999999999890e-01
3.510000000000000342e-01
4.766000000000000791e-01
4.341000000000000414e-01
6.332000000000000961e-01
2.665000000000000147e-01
2.498000000000000498e-01
1.357999999999999763e-01
2.095000000000000751e-01
7.459999999999998854e-01
5.354000000000000981e-01
5.808999999999999719e-01
8.599000000000001087e-01
4.795000000000000373e-01
1.558399999999999785e+00
5.839999999999999636e-01
7.575999999999999401e-01
2.509000000000000119e-01
5.818999999999999728e-01
5.635999999999999899e-01
6.742000000000000215e-01
8.850999999999999979e-01
5.381000000000001338e-01
1.667399999999999993e+00
8.995999999999999552e-01
2.617500000000000604e+00
7.322999999999997289e-01
4.658000000000000473e-01
2.230000000000000870e-01
9.559999999999999609e-01
7.243000000000001659e-01
9.944000000000000616e-01
1.579599999999999893e+00
1.495700000000000252e+00
5.364999999999998659e-01
2.267900000000000027e+00
9.746999999999997888e-01
2.491999999999998661e-01
2.497000000000000053e-01
1.503000000000000447e-01
1.707999999999999241e-01
2.481999999999999207e-01
2.224000000000001254e-01
3.766000000000000458e-01
3.348000000000000420e-01
3.944999999999999618e-01
1.192999999999999616e-01
1.720999999999999475e-01
4.039999999999999147e-01
3.672000000000000819e-01
3.108000000000000762e-01
4.451999999999999846e-01
3.532000000000000139e-01
2.349000000000000532e-01
1.788999999999999480e-01
3.505000000000000338e-01
7.765999999999999570e-01
1.052699999999999747e+00
