3.465999999999999637e-01
3.594000000000000528e-01
1.498000000000000165e-01
1.902999999999999969e-01
2.593000000000000305e-01
1.117000000000000076e-01
2.209000000000000130e-01
7.390000000000002123e-02
7.980000000000000981e-02
1.255999999999999894e-01
1.454000000000000015e-01
4.082000000000000073e-01
2.610000000000000098e-01
7.059999999999998221e-02
3.609999999999999321e-02
6.869999999999999718e-02
1.579999999999999738e-01
6.509999999999999121e-02
2.729999999999999094e-02
4.599999999999999922e-02
5.769999999999998741e-02
1.108000000000000096e-01
1.322999999999999732e-01
7.230000000000000315e-02
9.420000000000000595e-02
4.890000000000002678e-02
7.639999999999999569e-02
4.209999999999997772e-02
4.140000000000000624e-02
3.360000000000000486e-02
6.259999999999998899e-02
4.790000000000002589e-02
4.050000000000001515e-02
5.029999999999999749e-02
2.480000000000000607e-02
5.359999999999999487e-02
8.160000000000000586e-02
7.080000000000000182e-02
1.633999999999999897e-01
1.648999999999999910e-01
3.100000000000001713e-02
1.899999999999999606e-02
3.289999999999999869e-02
4.249999999999997530e-02
5.760000000000000536e-02
8.790000000000000591e-02
1.173999999999999905e-01
1.345000000000000084e-01
4.209999999999999853e-02
8.000000000000000167e-02
1.170999999999999819e-01
1.098999999999999838e-01
6.229999999999999427e-02
4.549999999999999878e-02
8.770000000000000018e-02
1.260000000000000009e-01
1.563999999999999835e-01
5.089999999999999386e-02
8.129999999999999727e-02
1.103999999999999981e-01
2.563000000000000278e-01
3.370000000000000218e-01
3.084999999999999964e-01
2.373999999999999999e-01
6.280000000000000859e-02
7.990000000000001268e-02
4.769999999999998547e-02
3.169999999999997820e-02
3.710000000000002185e-02
3.309999999999999054e-02
5.969999999999998919e-02
6.509999999999999121e-02
8.590000000000000413e-02
1.136000000000000065e-01
6.999999999999999278e-02
7.839999999999999747e-02
5.800000000000002376e-02
6.269999999999999185e-02
5.269999999999998297e-02
5.370000000000001161e-02
4.699999999999998623e-02
4.580000000000000737e-02
5.019999999999999463e-02
3.840000000000000357e-02
3.019999999999998033e-02
3.420000000000000123e-02
8.610000000000000986e-02
4.960000000000001213e-02
4.469999999999998974e-02
7.220000000000001417e-02
3.619999999999998219e-02
1.158999999999999753e-01
1.305999999999999661e-01
3.930000000000001548e-02
7.620000000000000384e-02
3.309999999999999054e-02
5.980000000000001981e-02
7.219999999999995866e-02
1.107000000000000067e-01
7.570000000000001728e-02
1.116000000000000048e-01
1.064000000000000223e-01
1.728000000000000091e-01
8.299999999999994882e-02
6.210000000000000242e-02
5.140000000000001512e-02
6.829999999999999960e-02
3.690000000000000224e-02
6.949999999999997846e-02
1.059999999999999692e-01
8.239999999999998714e-02
1.788999999999999757e-01
1.538000000000000200e-01
7.930000000000000937e-02
2.589999999999998900e-02
6.770000000000003793e-02
6.740000000000001545e-02
3.279999999999998195e-02
3.330000000000001015e-02
5.020000000000000850e-02
3.019999999999997339e-02
5.729999999999997595e-02
1.089999999999999997e-01
1.105000000000000149e-01
5.509999999999997539e-02
3.689999999999999530e-02
1.423999999999999710e-01
1.844000000000000361e-01
8.259999999999999287e-02
3.300000000000001543e-02
3.570000000000000950e-02
1.008999999999999897e-01
5.810000000000001968e-02
7.619999999999996221e-02
8.039999999999999925e-02
6.460000000000000464e-02
3.830000000000001459e-02
2.989999999999997868e-02
3.449999999999999595e-02
4.459999999999999382e-02
2.939999999999998864e-02
2.690000000000002112e-02
3.829999999999996602e-02
3.020000000000000809e-02
7.289999999999999258e-02
4.489999999999998853e-02
2.900000000000002576e-02
6.149999999999999217e-02
4.420000000000000318e-02
7.169999999999997209e-02
1.419999999999999873e-01
1.156000000000000083e-01
8.190000000000000058e-02
7.250000000000000888e-02
6.550000000000000266e-02
9.420000000000000595e-02
5.709999999999998410e-02
8.650000000000002132e-02
9.929999999999997162e-02
8.709999999999995524e-02
9.620000000000003548e-02
4.920000000000000762e-02
9.189999999999998170e-02
6.810000000000002163e-02
3.300000000000000155e-02
6.119999999999999052e-02
3.939999999999999059e-02
6.779999999999997140e-02
2.410000000000003112e-02
4.420000000000001705e-02
1.852000000000000313e-01
1.029999999999999805e-01
2.096999999999999698e-01
8.050000000000001599e-02
1.872000000000000330e-01
1.937000000000000111e-01
1.822000000000000008e-01
8.689999999999996338e-02
1.602999999999999980e-01
