2.774000000000000354e-01
1.849000000000000088e-01
7.449999999999998290e-02
8.550000000000002043e-02
4.290000000000000063e-02
4.009999999999999676e-02
6.940000000000001723e-02
7.409999999999998532e-02
3.300000000000000155e-02
7.879999999999999505e-02
5.180000000000000576e-02
6.060000000000000109e-02
8.200000000000000344e-02
8.749999999999999445e-02
5.379999999999999366e-02
6.199999999999998568e-02
6.339999999999998415e-02
7.699999999999998512e-02
1.155999999999999944e-01
1.837000000000000299e-01
1.341999999999999860e-01
1.965999999999999970e-01
2.328999999999999682e-01
1.263999999999999568e-01
1.196999999999999870e-01
8.609999999999999598e-02
5.399999999999999939e-02
8.999999999999996891e-02
3.352999999999999869e-01
1.616000000000000214e-01
9.599999999999997424e-02
8.959999999999995746e-02
1.817000000000000837e-01
1.079000000000000931e-01
1.950999999999999956e-01
9.890000000000004343e-02
6.720000000000000973e-02
1.728000000000001202e-01
1.407999999999999252e-01
1.355999999999999983e-01
1.223999999999999255e-01
5.580000000000006483e-02
4.980000000000002480e-02
9.829999999999994298e-02
5.279999999999991644e-02
6.029999999999993004e-02
7.720000000000000473e-02
1.133999999999999730e-01
1.180999999999999966e-01
1.351999999999999313e-01
6.210000000000007181e-02
5.079999999999999100e-02
1.075999999999999457e-01
1.357000000000000151e-01
1.275999999999999357e-01
1.069000000000000228e-01
1.636999999999999844e-01
7.450000000000003841e-02
3.381000000000000671e-01
2.266000000000000236e-01
2.430000000000001603e-01
2.152999999999998804e-01
1.746000000000000330e-01
2.591999999999998749e-01
1.784000000000000585e-01
2.004000000000000226e-01
1.175999999999999823e-01
2.395000000000000184e-01
1.698999999999998844e-01
1.936000000000000498e-01
1.607999999999998875e-01
2.333000000000000629e-01
2.532999999999999696e-01
2.491000000000000991e-01
1.297000000000000375e-01
1.703999999999999682e-01
5.000000000000005829e-02
3.539999999999990377e-02
1.176999999999999713e-01
1.250999999999999890e-01
1.162999999999999728e-01
7.940000000000002611e-02
1.292999999999999705e-01
6.369999999999999274e-02
2.049000000000000266e-01
1.606999999999999817e-01
1.562999999999999667e-01
5.869999999999998136e-02
9.809999999999996501e-02
1.260000000000001397e-01
1.315999999999999392e-01
5.329999999999991689e-02
8.499999999999988121e-02
1.188000000000000722e-01
1.594999999999999196e-01
4.799999999999997324e-02
1.512999999999999901e-01
6.310000000000005882e-02
1.139999999999999902e-01
1.174999999999998823e-01
1.718999999999998030e-01
1.548999999999998156e-01
9.910000000000002141e-02
7.070000000000008222e-02
9.289999999999992708e-02
5.430000000000001492e-02
6.280000000000005023e-02
6.909999999999982823e-02
1.063999999999999391e-01
1.772999999999999576e-01
9.329999999999985527e-02
1.338000000000001966e-01
1.353999999999999648e-01
2.166999999999998927e-01
1.933000000000000829e-01
1.238999999999998713e-01
4.500000000000023426e-02
1.475999999999998424e-01
2.120999999999999552e-01
1.821000000000001506e-01
1.443000000000000671e-01
1.838999999999999524e-01
1.061000000000000137e-01
1.072000000000000730e-01
1.281999999999999806e-01
1.345999999999999974e-01
2.078000000000000680e-01
1.790000000000002145e-01
1.160000000000002834e-01
8.780000000000029448e-02
1.464000000000001134e-01
4.146000000000001906e-01
3.115000000000001656e-01
7.339999999999993752e-02
7.769999999999990803e-02
2.344999999999998197e-01
1.659999999999998976e-01
2.450000000000000511e-01
1.093999999999999140e-01
1.080999999999999184e-01
6.769999999999992690e-02
1.728999999999998038e-01
2.778999999999998693e-01
1.897000000000000353e-01
2.017999999999999239e-01
1.727999999999998981e-01
1.400000000000000411e-01
1.330000000000000071e-01
7.740000000000012148e-02
1.470999999999998420e-01
1.230000000000001231e-01
1.287000000000000088e-01
2.260999999999998566e-01
1.599999999999999756e-01
1.146999999999999964e-01
1.768000000000000127e-01
4.292999999999999039e-01
1.511000000000001231e-01
1.558000000000001051e-01
8.879999999999993454e-02
1.389999999999998459e-01
1.111999999999998545e-01
6.659999999999986764e-02
5.139999999999987634e-02
5.289999999999980829e-02
1.111999999999999100e-01
1.011999999999998179e-01
1.225999999999999313e-01
1.451999999999999680e-01
1.706000000000000572e-01
2.897999999999998355e-01
1.974999999999998701e-01
2.687999999999999279e-01
3.044000000000001704e-01
2.045000000000000706e-01
1.486999999999998878e-01
8.010000000000008780e-02
1.127000000000003554e-01
7.579999999999992299e-02
