4.143000000000000016e-01
1.095000000000000001e-01
1.418000000000000371e-01
8.574000000000001620e-01
2.177000000000000601e-01
2.963999999999999968e-01
2.555000000000000049e-01
4.430000000000000604e-02
9.360000000000001652e-02
4.669999999999999846e-02
9.460000000000003129e-02
2.200000000000001260e-02
1.234999999999999709e-01
1.255000000000000282e-01
6.449999999999998790e-02
5.550000000000000072e-02
3.080000000000001487e-02
5.820000000000001561e-02
6.439999999999999891e-02
1.044999999999999957e-01
6.119999999999999746e-02
2.490000000000000199e-02
1.100000000000000283e-01
8.229999999999998428e-02
3.929999999999999466e-02
1.088999999999999968e-01
6.587000000000000632e-01
2.061200000000000365e+00
6.438999999999999169e-01
2.185000000000000553e-01
2.334999999999999576e-01
1.747999999999999554e-01
1.363999999999999102e-01
4.062000000000000055e-01
2.213000000000000522e-01
9.339999999999995528e-02
2.030000000000000138e-01
2.265000000000000346e-01
8.149999999999994749e-02
1.144999999999999907e-01
1.279000000000000692e-01
1.049000000000000210e-01
3.475999999999999646e-01
3.582999999999999519e-01
4.108000000000000540e-01
1.307000000000000106e-01
3.133000000000001339e-01
3.410999999999999588e-01
2.640000000000000124e-01
1.490000000000000768e-01
2.133999999999999231e-01
1.150000000000000189e-01
1.339000000000000468e-01
1.110000000000001263e-01
1.236999999999999489e-01
1.582000000000000628e-01
1.279000000000000414e-01
9.660000000000001918e-02
9.089999999999993918e-02
9.849999999999999034e-02
1.320999999999999952e-01
7.430000000000001881e-02
7.719999999999993534e-02
8.770000000000000018e-02
6.539999999999998592e-02
1.243999999999999689e-01
4.869999999999999329e-02
1.769000000000000017e-01
2.031999999999999917e-01
7.639999999999998181e-02
1.642000000000000126e-01
8.829999999999994797e-02
6.529999999999998306e-02
5.849999999999996175e-02
5.759999999999998455e-02
8.990000000000000768e-02
3.939999999999994895e-02
2.770000000000004403e-02
9.890000000000001568e-02
8.629999999999993232e-02
1.090999999999999748e-01
5.230000000000004090e-02
5.830000000000004623e-02
3.969999999999999224e-02
5.390000000000008673e-02
9.550000000000007094e-02
5.360000000000007814e-02
2.225000000000000033e-01
2.002000000000000168e-01
1.918999999999999873e-01
9.239999999999999603e-02
8.609999999999996823e-02
2.953000000000000069e-01
3.176999999999998159e-01
3.439000000000000945e-01
6.971000000000000529e-01
1.825000000000001343e-01
6.859999999999993880e-02
6.761000000000000343e-01
4.591000000000000081e-01
1.285200000000000120e+00
8.200000000000000622e-01
2.465999999999999581e-01
1.026000000000001355e-01
7.459999999999994413e-02
9.129999999999999227e-02
1.576999999999998958e-01
2.523000000000001353e-01
1.920000000000000318e-01
7.220000000000005580e-02
9.869999999999992668e-02
1.145999999999999519e-01
1.026999999999999580e-01
7.049999999999986833e-02
6.320000000000007556e-02
3.490000000000003516e-02
5.980000000000006144e-02
1.117999999999998717e-01
5.100000000000005224e-02
1.260000000000000842e-01
2.714999999999999636e-01
1.030000000000000498e-01
2.475000000000000533e-01
7.595999999999999419e-01
1.360999999999999432e-01
1.075000000000000261e-01
1.404999999999999583e-01
4.810000000000006631e-02
4.834999999999999853e-01
4.904000000000001136e-01
2.964000000000000523e-01
2.080999999999999794e-01
1.493100000000000094e+00
5.537000000000001920e-01
5.191000000000001169e-01
5.855999999999998984e-01
5.381000000000000227e-01
9.480000000000018967e-02
1.279999999999999194e-01
1.815999999999999281e-01
2.024999999999999301e-01
8.039999999999997149e-02
1.022000000000000269e-01
8.199999999999994793e-02
4.819999999999999979e-02
9.070000000000000284e-02
1.112000000000000488e-01
1.610999999999999377e-01
4.268000000000000682e-01
1.753000000000000114e-01
1.211999999999999467e-01
1.181000000000000244e-01
2.159999999999999698e-01
2.903000000000000025e-01
1.219000000000000222e-01
1.416999999999999649e-01
1.180999999999999828e-01
9.720000000000000862e-02
1.120000000000000023e-01
6.670000000000003704e-02
1.379999999999999838e-01
2.501000000000000445e-01
1.415000000000000147e-01
1.584000000000000130e-01
5.849999999999999645e-02
7.849999999999998646e-02
7.169999999999997209e-02
6.600000000000000311e-02
1.529999999999999971e-01
4.800000000000001488e-02
2.759999999999999259e-02
6.880000000000001392e-02
5.969999999999998919e-02
3.620000000000000995e-02
5.810000000000001968e-02
4.259999999999999898e-02
3.749999999999999861e-02
4.649999999999997191e-02
4.100000000000000172e-02
