5.701000000000000512e-01
2.028000000000000080e-01
5.070000000000001589e-02
8.910000000000001252e-02
8.780000000000000304e-02
1.190999999999999975e-01
1.017000000000000126e-01
1.575000000000000011e-01
1.366999999999999882e-01
7.979999999999999594e-02
1.365999999999999992e-01
1.511999999999999733e-01
1.700999999999999734e-01
1.580999999999999628e-01
1.030000000000000221e-01
4.193999999999999950e-01
7.079999999999997407e-02
2.414999999999999925e-01
1.918999999999999873e-01
3.323000000000000953e-01
1.537999999999999923e-01
6.589999999999998637e-02
2.265000000000000346e-01
1.452999999999999570e-01
1.722999999999999809e-01
5.590000000000001912e-02
1.725999999999999757e-01
1.102000000000000063e-01
1.394000000000000239e-01
4.879999999999999616e-02
1.151000000000000079e-01
1.385999999999999732e-01
3.717000000000000304e-01
2.597999999999999754e-01
1.945999999999999952e-01
4.162000000000000144e-01
1.808000000000000440e-01
1.022999999999999465e-01
1.047999999999999904e-01
2.715000000000000191e-01
3.848000000000000309e-01
2.269999999999999796e-01
2.798999999999999266e-01
1.339000000000000190e-01
1.266999999999999793e-01
5.034000000000000696e-01
1.877000000000000057e-01
2.841000000000000192e-01
1.624999999999999778e-01
4.376000000000001000e-01
5.028000000000001357e-01
9.911000000000000920e-01
3.447999999999999954e-01
1.151999999999999552e-01
1.617999999999999716e-01
2.985999999999999766e-01
1.682000000000000162e-01
2.054999999999999327e-01
2.907000000000000695e-01
7.770000000000000517e-02
1.806999999999999718e-01
2.035999999999999199e-01
1.582999999999999963e-01
1.242000000000000326e-01
6.839999999999998859e-02
1.378999999999999948e-01
8.910000000000004028e-02
1.557999999999999940e-01
8.440000000000001668e-02
2.046999999999999931e-01
1.174999999999999933e-01
2.380000000000000449e-01
8.250000000000001776e-02
6.650000000000000355e-02
1.088000000000000078e-01
1.243000000000000355e-01
2.936999999999999611e-01
5.404999999999999805e-01
6.690000000000005664e-02
2.202000000000000068e-01
1.073999999999999955e-01
2.620999999999999996e-01
1.734000000000000263e-01
1.362999999999999490e-01
3.214000000000000190e-01
1.188000000000000722e-01
2.558000000000000274e-01
1.443000000000000393e-01
1.044999999999999818e-01
1.480000000000000482e-01
3.703000000000000180e-01
2.977000000000000757e-01
4.311999999999999722e-01
1.040100000000000025e+00
5.976000000000001311e-01
5.106000000000001648e-01
4.572999999999999843e-01
2.655000000000000693e-01
3.779999999999998916e-01
1.202999999999999625e-01
5.871000000000000663e-01
4.322999999999999066e-01
2.095000000000000195e-01
1.310999999999999666e-01
1.949000000000000177e-01
6.308000000000000274e-01
3.446000000000000174e-01
3.387000000000000011e-01
7.500999999999999890e-01
2.525999999999999357e-01
4.035999999999999588e-01
1.481000000000000649e-01
1.296000000000000763e-01
2.160000000000007747e-02
7.610000000000012588e-02
1.062000000000000027e-01
1.183000000000000024e-01
1.556000000000000716e-01
5.690000000000003388e-02
1.590999999999999637e-01
1.234999999999998599e-01
8.770000000000011120e-02
1.048999999999999516e-01
1.124999999999999473e-01
8.619999999999999885e-02
1.607999999999999430e-01
1.174000000000000876e-01
8.649999999999993805e-02
1.270999999999999353e-01
9.339999999999987201e-02
3.119999999999992224e-02
8.860000000000001208e-02
7.670000000000000429e-02
1.420999999999999208e-01
1.018999999999999906e-01
2.642999999999999794e-01
1.194999999999999535e-01
1.121999999999999664e-01
1.125000000000000028e-01
1.406000000000000028e-01
1.281000000000000472e-01
1.594999999999999196e-01
1.463999999999999468e-01
1.419000000000000816e-01
8.499999999999999223e-02
8.340000000000000191e-02
2.623999999999999666e-01
1.672999999999998932e-01
1.339999999999999802e-01
8.530000000000004245e-02
1.649000000000001298e-01
1.632999999999999730e-01
1.203000000000000319e-01
1.919999999999999762e-01
1.159000000000000308e-01
7.700000000000011002e-02
9.010000000000002729e-02
1.118000000000000244e-01
2.097999999999999587e-01
4.260000000000001286e-02
1.804999999999999660e-01
3.165000000000000036e-01
5.999999999999991451e-02
1.087999999999999523e-01
1.339000000000000190e-01
1.637000000000000399e-01
1.247999999999999943e-01
1.101999999999999785e-01
6.879999999999998617e-02
2.718000000000000416e-01
8.209999999999989528e-02
1.666999999999999316e-01
1.512000000000000288e-01
6.750000000000008771e-02
7.519999999999994744e-02
1.047000000000000708e-01
9.579999999999998239e-02
7.700000000000006839e-02
1.225000000000000255e-01
