3.659999999999999920e-01
1.942000000000000115e-01
8.709999999999999687e-02
4.310000000000000636e-02
1.536000000000000143e-01
6.480000000000002425e-02
1.560000000000001663e-02
6.720000000000000973e-02
4.219999999999998752e-02
9.539999999999997093e-02
1.465999999999999803e-01
5.999999999999999778e-02
3.890000000000003177e-02
2.029999999999998472e-02
5.320000000000000423e-02
7.140000000000000513e-02
6.339999999999998415e-02
3.250000000000000111e-02
8.069999999999999396e-02
7.950000000000001510e-02
5.359999999999999487e-02
5.480000000000002924e-02
3.199999999999997985e-02
3.249999999999995948e-02
3.660000000000002141e-02
5.449999999999999289e-02
5.459999999999999576e-02
5.239999999999999519e-02
1.052000000000000157e-01
7.399999999999999634e-02
8.809999999999999776e-02
3.869999999999997053e-02
4.219999999999998058e-02
5.860000000000004095e-02
1.078000000000000208e-01
5.270000000000000379e-02
6.950000000000003397e-02
1.292000000000000370e-01
1.776000000000000356e-01
1.896000000000000185e-01
1.358999999999999930e-01
1.941999999999999837e-01
1.681000000000000272e-01
1.196999999999999731e-01
4.700000000000000705e-02
3.209999999999999659e-02
2.639999999999999986e-02
7.389999999999995184e-02
6.269999999999997797e-02
5.050000000000004485e-02
6.790000000000001590e-02
4.230000000000003202e-02
6.660000000000000642e-02
4.729999999999998095e-02
9.069999999999998896e-02
5.059999999999997833e-02
3.249999999999993172e-02
4.030000000000000249e-02
4.620000000000001883e-02
5.259999999999999398e-02
6.569999999999996676e-02
1.065000000000000668e-01
5.509999999999998233e-02
3.629999999999995730e-02
4.489999999999998159e-02
8.259999999999999287e-02
6.179999999999996607e-02
1.021000000000000379e-01
5.269999999999996909e-02
8.529999999999997307e-02
4.780000000000000915e-02
3.770000000000001128e-02
3.649999999999997691e-02
6.249999999999994449e-02
7.609999999999995934e-02
7.259999999999998399e-02
6.309999999999998943e-02
3.230000000000005089e-02
3.479999999999996985e-02
4.829999999999998184e-02
8.210000000000000631e-02
1.011000000000000093e-01
8.690000000000000502e-02
9.579999999999998239e-02
8.879999999999996230e-02
1.277000000000000079e-01
5.539999999999999786e-02
2.870000000000000329e-02
5.730000000000004534e-02
4.310000000000002718e-02
3.940000000000001140e-02
2.919999999999999679e-02
7.449999999999995515e-02
1.917000000000000370e-01
5.500000000000001416e-02
9.040000000000000813e-02
1.266000000000000458e-01
6.579999999999994187e-02
9.930000000000005489e-02
1.506999999999999451e-01
5.969999999999999613e-02
4.040000000000004005e-02
4.369999999999992640e-02
1.880000000000003890e-02
2.509999999999992099e-02
2.320000000000001228e-02
3.170000000000006146e-02
3.240000000000001906e-02
5.000000000000004441e-02
4.730000000000002952e-02
5.859999999999999237e-02
2.320000000000001922e-02
5.330000000000005567e-02
4.289999999999993818e-02
1.670000000000004814e-02
8.009999999999993514e-02
2.420000000000002705e-02
5.600000000000000810e-02
5.130000000000001226e-02
8.850000000000003697e-02
9.419999999999995044e-02
6.940000000000010050e-02
1.165000000000000480e-01
1.086999999999998939e-01
6.280000000000011962e-02
1.772999999999999576e-01
1.749000000000000832e-01
5.370000000000006019e-02
1.456000000000000349e-01
1.868000000000000493e-01
7.390000000000002123e-02
1.066999999999999477e-01
2.234999999999999765e-01
1.305999999999999106e-01
7.200000000000006395e-02
8.170000000000003648e-02
5.499999999999997946e-02
1.460999999999999521e-01
1.950999999999999124e-01
6.210000000000004405e-02
9.149999999999997025e-02
6.449999999999991851e-02
6.959999999999999520e-02
9.330000000000002180e-02
6.329999999999995353e-02
7.620000000000001772e-02
1.183999999999999914e-01
7.680000000000004878e-02
1.703000000000000624e-01
8.269999999999991247e-02
1.049999999999999961e-01
1.183999999999999636e-01
2.953999999999999404e-01
3.528999999999999915e-01
2.193999999999999839e-01
2.658000000000000917e-01
1.447000000000000230e-01
1.203999999999999376e-01
1.712999999999999801e-01
7.429999999999996330e-02
1.283999999999999031e-01
9.989999999999991942e-02
2.110000000000000764e-01
1.382000000000001005e-01
8.430000000000009708e-02
1.460000000000000742e-01
7.750000000000002720e-02
4.239999999999990998e-02
1.000999999999999807e-01
1.699000000000001065e-01
1.350000000000000644e-01
6.260000000000004450e-02
9.830000000000001237e-02
1.353999999999999648e-01
1.037999999999999756e-01
1.080000000000000265e-01
4.180000000000004545e-02
8.870000000000001494e-02
1.134999999999999620e-01
