5.760000000000000675e-01
1.709999999999999853e-01
3.818000000000000282e-01
3.173000000000000820e-01
1.233000000000000762e-01
2.550999999999999934e-01
7.719999999999996310e-02
6.443999999999999728e-01
3.598999999999998867e-01
5.303999999999999826e-01
1.267000000000000626e-01
1.725999999999999202e-01
2.566999999999999282e-01
2.305999999999999717e-01
2.877000000000001223e-01
1.886000000000001009e-01
2.899000000000001021e-01
8.300000000000010147e-02
2.590000000000000080e-01
1.442000000000000226e-01
2.713000000000000411e-01
2.793000000000001037e-01
3.453000000000001068e-01
1.761999999999999678e-01
2.807999999999999940e-01
2.799999999999999156e-01
2.145999999999999852e-01
2.560999999999999943e-01
2.190000000000000557e-01
8.429999999999993054e-02
1.125000000000000305e-01
2.937000000000000166e-01
1.679999999999999549e-01
4.183999999999999941e-01
1.406000000000001138e-01
3.501000000000000778e-01
1.159000000000001834e-01
1.396999999999999909e-01
1.524000000000000354e-01
7.560000000000002829e-02
6.099999999999999867e-02
1.394000000000000516e-01
1.943999999999999062e-01
1.391999999999999904e-01
1.948000000000000842e-01
1.445000000000000173e-01
3.020000000000000462e-01
5.469999999999988760e-02
4.609999999999987719e-02
1.618999999999999884e-01
1.676000000000000822e-01
2.150999999999999301e-01
1.003999999999999615e-01
1.071000000000000840e-01
6.110000000000004317e-02
6.349999999999986211e-02
1.015999999999999959e-01
2.584999999999999520e-01
4.441000000000001058e-01
4.071999999999999509e-01
2.016999999999999904e-01
4.863999999999999990e-01
8.639999999999997682e-02
1.109000000000000957e-01
1.483999999999999764e-01
8.489999999999989222e-02
3.870000000000003992e-02
6.599999999999991984e-02
2.277000000000000135e-01
5.790000000000010416e-02
2.716000000000001191e-01
1.102000000000000757e-01
8.319999999999996843e-02
9.609999999999987996e-02
2.134999999999999121e-01
2.114000000000000323e-01
1.067999999999999505e-01
4.920000000000004925e-02
2.994999999999999885e-01
2.564000000000001278e-01
1.414000000000000534e-01
1.205000000000000238e-01
1.482999999999999874e-01
1.645999999999999686e-01
2.442999999999999339e-01
3.899000000000000798e-01
1.967000000000001247e-01
1.425000000000000433e-01
8.190000000000002833e-02
4.118999999999999329e-01
4.449999999999998956e-01
3.444999999999999729e-01
3.152999999999999137e-01
1.850000000000000533e-01
8.529999999999995919e-02
7.320000000000004281e-02
1.821999999999999453e-01
3.867000000000000437e-01
1.235000000000001374e-01
2.794999999999998597e-01
3.039999999999999369e-01
3.283000000000000917e-01
9.729999999999994209e-02
9.029999999999993587e-02
1.156000000000001193e-01
1.140000000000000041e-01
6.820000000000005225e-02
1.956000000000000238e-01
5.799999999999996825e-02
1.135999999999999510e-01
5.503000000000000114e-01
1.512999999999999901e-01
1.770000000000000462e-01
3.030999999999998695e-01
2.296000000000002483e-01
3.189000000000000168e-01
4.409999999999998921e-01
1.858999999999998987e-01
9.349999999999991651e-02
1.495999999999999552e-01
1.105000000000000426e-01
5.430000000000000382e-01
1.626000000000000778e-01
1.381999999999999895e-01
3.457000000000000073e-01
1.680000000000000937e-01
1.280000000000000582e-01
7.870000000000001994e-02
2.341999999999999083e-01
2.413000000000000700e-01
1.709000000000000796e-01
2.460999999999999854e-01
1.426000000000001433e-01
6.179999999999993832e-02
1.885000000000000009e-01
1.398000000000001741e-01
1.298000000000000542e-01
1.448999999999999455e-01
2.840000000000000857e-01
5.729999999999998983e-02
1.189000000000000057e-01
1.479999999999999649e-01
5.669999999999994489e-02
2.419999999999999929e-02
1.213000000000000467e-01
1.253000000000000780e-01
4.044000000000000372e-01
2.396999999999999131e-01
9.885999999999999233e-01
1.167399999999999993e+00
3.536000000000000254e-01
1.234999999999999432e-01
6.300000000000000044e-02
1.293999999999999317e-01
3.565999999999999726e-01
2.315999999999999448e-01
1.065000000000000113e-01
1.430999999999999772e-01
1.762000000000000233e-01
1.401999999999999635e-01
2.870999999999999663e-01
1.469999999999999918e-01
1.664000000000000756e-01
1.596999999999999531e-01
1.422999999999999821e-01
1.833000000000000185e-01
1.010000000000000203e-01
1.578000000000000513e-01
2.177999999999999103e-01
2.564999999999999503e-01
1.153999999999999609e-01
1.989999999999999547e-01
8.300000000000001821e-02
1.226000000000000145e-01
1.760000000000000175e-01
9.160000000000000087e-02
1.081000000000000294e-01
2.727999999999999314e-01
1.448999999999999733e-01
