9.903000000000000691e-01
7.656000000000000583e-01
3.319999999999999618e-01
1.726000000000001144e-01
1.066000000000000419e-01
5.629999999999996119e-02
1.872999999999999943e-01
2.839000000000000412e-01
1.419999999999999873e-01
8.260000000000000675e-02
9.959999999999996634e-02
7.010000000000009279e-02
6.759999999999997955e-02
7.600000000000008138e-02
9.119999999999997553e-02
1.010000000000000064e-01
1.368999999999998551e-01
8.129999999999995564e-02
1.337999999999999468e-01
9.550000000000016809e-02
1.152999999999999720e-01
6.840000000000012736e-02
1.398000000000002574e-01
7.759999999999997455e-02
1.090999999999999748e-01
1.253999999999999282e-01
9.470000000000003415e-02
1.220000000000001639e-01
6.069999999999997620e-02
1.120999999999998387e-01
5.619999999999994444e-02
1.101999999999999091e-01
5.919999999999994017e-02
2.489000000000000656e-01
2.285000000000000919e-01
2.027000000000001301e-01
2.203000000000001068e-01
1.901000000000001300e-01
1.465999999999998415e-01
7.639999999999994018e-02
1.094000000000001221e-01
2.079999999999983251e-02
4.750000000000007688e-02
8.970000000000002971e-02
1.001000000000000778e-01
6.080000000000007621e-02
7.380000000000017102e-02
6.549999999999998879e-02
8.509999999999998122e-02
9.759999999999997844e-02
5.340000000000000996e-02
7.730000000000011862e-02
6.980000000000009808e-02
2.889999999999983554e-02
3.120000000000001661e-01
3.395999999999999575e-01
1.444000000000000283e-01
1.552999999999999658e-01
7.849999999999990319e-02
5.640000000000001956e-02
4.929999999999995497e-02
3.989999999999992858e-02
9.229999999999996541e-02
9.469999999999992313e-02
1.089000000000000801e-01
1.258000000000000784e-01
5.309999999999982095e-02
1.269999999999999740e-01
1.170999999999999264e-01
1.291000000000000481e-01
1.072000000000000869e-01
2.880000000000000615e-02
8.760000000000005282e-02
7.920000000000010365e-02
1.522999999999999354e-01
1.387999999999998679e-01
9.779999999999978988e-02
1.567999999999999117e-01
1.587999999999998857e-01
1.145000000000001711e-01
3.094000000000000083e-01
2.090000000000000191e-01
1.716999999999999915e-01
1.330999999999997463e-01
4.027999999999999359e-01
6.142999999999999572e-01
3.049000000000000599e-01
1.945000000000000340e-01
8.550000000000000655e-02
9.740000000000006986e-02
1.581000000000001571e-01
1.146000000000000213e-01
8.119999999999989726e-02
3.070000000000007445e-02
6.379999999999991234e-02
1.044999999999998985e-01
1.602999999999999148e-01
1.467999999999998473e-01
3.969000000000000861e-01
2.766000000000000125e-01
8.470000000000002527e-02
2.226999999999998425e-01
1.316000000000001058e-01
7.140000000000003288e-02
1.247000000000000608e-01
9.579999999999982974e-02
8.620000000000005436e-02
1.099000000000000254e-01
8.539999999999986491e-02
1.830000000000001348e-01
3.756000000000000449e-01
2.829000000000001513e-01
2.934000000000001052e-01
1.223999999999999255e-01
1.655000000000000082e-01
4.774000000000000465e-01
3.451999999999997848e-01
2.185999999999999888e-01
9.420000000000011697e-02
1.542000000000000037e-01
4.232000000000001316e-01
5.349999999999999201e-02
6.680000000000010929e-02
8.860000000000006759e-02
7.066999999999997728e-01
2.429800000000000182e+00
2.282299999999999773e+00
6.520000000000000240e-01
8.680000000000014093e-02
7.190000000000018598e-02
4.984999999999998876e-01
8.128700000000000259e+00
6.766600000000000392e+00
1.020399999999999974e+00
1.378999999999998283e-01
6.489999999999997160e-02
3.081000000000000960e-01
2.156600000000000072e+00
9.168999999999998263e-01
2.025800000000000267e+00
1.431799999999999962e+00
1.656999999999999307e-01
5.713000000000000300e-01
1.167399999999999993e+00
1.115599999999999925e+00
1.308100000000000263e+00
2.220000000000000862e-01
3.243000000000000327e-01
1.121600000000000152e+00
1.524200000000000221e+00
9.103999999999995429e-01
1.203999999999999959e+00
1.377699999999999925e+00
2.359000000000001929e-01
2.528000000000000025e+00
1.119300000000000406e+00
1.847100000000000186e+00
1.856000000000000982e-01
1.074999999999997624e-01
1.762999999999999845e-01
4.374000000000000110e-01
4.327000000000001401e-01
4.291999999999999149e-01
3.535400000000000098e+00
2.081799999999999873e+00
1.752299999999999525e+00
3.901000000000001688e-01
2.220999999999999641e-01
6.799999999999978284e-02
2.699000000000000843e-01
6.885999999999998789e-01
6.502999999999996561e-01
2.062000000000000499e-01
2.150000000000002187e-01
5.168999999999998041e-01
2.088000000000002077e-01
2.726000000000003975e-01
1.471999999999997200e-01
3.132999999999999119e-01
