2.903999999999999915e-01
8.270000000000000961e-02
9.349999999999999978e-02
9.320000000000000506e-02
1.425999999999999768e-01
5.519999999999999907e-02
1.671999999999999875e-01
1.986000000000000265e-01
8.809999999999998388e-02
2.488999999999999824e-01
1.499000000000000055e-01
7.400000000000001021e-02
9.719999999999998086e-02
9.200000000000001232e-02
8.280000000000001248e-02
1.495999999999999830e-01
8.699999999999999400e-02
8.090000000000002744e-02
5.860000000000000625e-02
6.139999999999999625e-02
3.480000000000000454e-02
9.349999999999999978e-02
9.459999999999998965e-02
7.939999999999998448e-02
8.880000000000001781e-02
7.370000000000000162e-02
1.617000000000000104e-01
8.579999999999998739e-02
2.472000000000000031e-01
1.057000000000000300e-01
1.446999999999999953e-01
9.580000000000002403e-02
3.389999999999998570e-02
6.369999999999997886e-02
1.457999999999999852e-01
9.640000000000001346e-02
5.359999999999998793e-02
2.849999999999999062e-02
8.300000000000000433e-02
5.840000000000000746e-02
1.791999999999999704e-01
9.100000000000001144e-02
1.158000000000000279e-01
1.381999999999999895e-01
2.661000000000000032e-01
1.170000000000000207e-01
1.660999999999999976e-01
3.435000000000000275e-01
1.305000000000000049e-01
1.590000000000000580e-01
1.294999999999999485e-01
1.130999999999999506e-01
1.772999999999999576e-01
2.023000000000000076e-01
3.592000000000000193e-01
1.023000000000000020e-01
1.069000000000000089e-01
6.750000000000003220e-02
6.500000000000000222e-02
3.799999999999999212e-02
8.489999999999998936e-02
1.484000000000000041e-01
1.252999999999999947e-01
1.471999999999999975e-01
2.043000000000000094e-01
1.629000000000000170e-01
9.020000000000000240e-02
9.490000000000002600e-02
7.100000000000000755e-02
1.077000000000000179e-01
6.690000000000000113e-02
1.003000000000000280e-01
4.910000000000004639e-02
5.450000000000001371e-02
8.489999999999997549e-02
3.440000000000002084e-02
6.379999999999999560e-02
1.288999999999999868e-01
9.289999999999998259e-02
1.285999999999999643e-01
1.727999999999999814e-01
2.083000000000000129e-01
6.259999999999996123e-02
5.420000000000003287e-02
1.174999999999999656e-01
8.170000000000000873e-02
9.400000000000000022e-02
1.366999999999999604e-01
9.479999999999996763e-02
1.325999999999999679e-01
8.920000000000004314e-02
1.945999999999999952e-01
7.610000000000000098e-02
1.048000000000000043e-01
7.889999999999997016e-02
7.149999999999999412e-02
9.550000000000000155e-02
8.040000000000001312e-02
4.750000000000000749e-02
7.030000000000000138e-02
3.599999999999999728e-02
8.430000000000004157e-02
6.119999999999996276e-02
9.200000000000006783e-02
1.353000000000000314e-01
8.190000000000002833e-02
4.610000000000002290e-02
1.455000000000000182e-01
6.489999999999995772e-02
5.859999999999995768e-02
5.749999999999998168e-02
4.060000000000002496e-02
5.490000000000000435e-02
7.839999999999998359e-02
5.509999999999995457e-02
4.659999999999998865e-02
9.920000000000001039e-02
9.310000000000001608e-02
7.789999999999999702e-02
9.320000000000000506e-02
1.400999999999999746e-01
6.580000000000005289e-02
7.449999999999998290e-02
5.839999999999996583e-02
4.422000000000000930e-01
2.735000000000000764e-01
1.996000000000000829e-01
9.479999999999999538e-02
1.357999999999999763e-01
9.499999999999995948e-02
8.650000000000002132e-02
6.910000000000005027e-02
1.102000000000000202e-01
6.430000000000002380e-02
8.120000000000000828e-02
1.886999999999999511e-01
9.139999999999998126e-02
8.119999999999999440e-02
1.434000000000000274e-01
1.092999999999999805e-01
1.028000000000000025e-01
8.200000000000001732e-02
7.449999999999999678e-02
6.760000000000000731e-02
4.730000000000003646e-02
5.459999999999999576e-02
6.870000000000001106e-02
1.153999999999999609e-01
6.319999999999999230e-02
1.134999999999999759e-01
5.370000000000001161e-02
1.083999999999999964e-01
1.444000000000000283e-01
1.091000000000000025e-01
7.559999999999998666e-02
5.730000000000000371e-02
9.140000000000000902e-02
1.772999999999999854e-01
5.690000000000000613e-02
2.116999999999999993e-01
9.739999999999998659e-02
6.740000000000001545e-02
7.149999999999998024e-02
5.929999999999999855e-02
6.799999999999996325e-02
1.477000000000000257e-01
1.445999999999999786e-01
1.781999999999999973e-01
1.206000000000000127e-01
5.519999999999998519e-02
2.064999999999999336e-01
1.928999999999999604e-01
1.013000000000000289e-01
8.810000000000001164e-02
9.790000000000004254e-02
1.241000000000000714e-01
8.429999999999998606e-02
7.449999999999998290e-02
5.129999999999997756e-02
