5.161999999999999922e-01
7.419999999999998819e-02
3.440000000000000696e-02
3.570000000000000950e-02
9.300000000000001321e-02
3.448999999999999844e-01
3.223000000000000309e-01
2.018000000000000071e-01
9.590000000000001301e-02
1.181999999999999995e-01
8.740000000000003322e-02
1.168999999999999900e-01
4.469999999999998280e-02
4.099999999999998090e-02
3.459999999999997800e-02
4.069999999999998619e-02
7.119999999999999940e-02
1.098999999999999699e-01
1.121999999999999942e-01
6.230000000000000121e-02
7.189999999999996394e-02
1.242000000000000187e-01
1.078000000000000208e-01
1.580000000000000293e-01
2.533999999999999586e-01
3.269999999999999574e-01
9.419999999999996432e-02
6.460000000000001852e-02
8.409999999999999420e-02
3.509999999999999232e-02
9.679999999999999716e-02
6.099999999999998479e-02
5.739999999999999963e-02
1.447999999999999843e-01
9.110000000000000042e-02
5.009999999999997095e-02
1.908000000000000251e-01
3.044999999999999929e-01
2.036000000000000310e-01
4.790000000000001201e-02
5.920000000000002344e-02
6.890000000000001679e-02
3.259999999999999010e-02
4.630000000000002169e-02
1.501000000000000112e-01
4.970999999999999308e-01
1.605999999999999928e-01
1.323000000000000009e-01
2.967000000000000193e-01
2.342999999999999805e-01
1.716000000000000303e-01
2.974999999999999867e-01
6.320000000000000617e-02
8.050000000000001599e-02
1.927999999999999714e-01
4.474000000000000199e-01
1.438999999999999724e-01
1.118999999999999856e-01
2.101000000000000090e-01
8.190000000000001446e-02
8.979999999999997706e-02
3.787999999999999701e-01
1.926000000000000489e-01
1.676000000000000267e-01
2.424999999999999933e-01
8.579999999999997351e-02
1.217000000000000165e-01
4.200000000000000955e-02
8.449999999999997791e-02
7.219999999999999751e-01
7.772999999999999909e-01
7.439999999999999947e-01
6.658999999999999364e-01
4.281000000000000361e-01
3.744999999999999996e-01
2.285999999999999699e-01
2.243999999999999884e-01
2.024999999999999856e-01
1.138999999999999874e-01
1.771999999999999964e-01
9.110000000000002818e-02
7.300000000000002320e-02
1.162000000000000116e-01
6.699999999999999289e-01
5.419000000000000483e-01
5.551000000000001489e-01
1.300599999999999978e+00
1.135699999999999932e+00
3.547699999999999854e+00
1.203500000000000014e+00
2.311700000000000532e+00
1.188299999999999912e+00
4.791000000000000258e-01
6.444000000000000838e-01
3.580999999999999739e-01
2.923000000000000043e-01
5.840000000000002828e-02
1.088999999999999829e-01
2.548000000000000265e-01
9.469999999999999252e-02
1.592999999999999972e-01
5.559999999999999665e-02
8.079999999999998295e-02
8.740000000000001934e-02
4.132000000000000117e-01
2.701000000000000068e-01
1.350000000000000089e-01
3.133000000000000229e-01
4.952000000000000290e-01
3.210000000000000631e-01
3.389999999999999958e-02
5.149999999999998329e-02
9.220000000000000417e-02
7.800000000000001377e-02
5.770000000000000129e-02
8.790000000000000591e-02
2.690000000000000169e-01
2.245000000000000051e-01
2.603000000000000314e-01
9.720000000000002249e-02
8.850000000000000921e-02
2.023000000000000353e-01
5.927000000000000046e-01
3.904000000000000248e-01
8.341000000000000636e-01
1.120499999999999829e+00
2.729000000000000314e-01
4.517000000000000459e-01
1.095999999999999752e-01
6.550000000000000266e-02
1.117999999999999827e-01
6.849999999999999145e-02
1.070999999999999869e-01
4.999999999999998890e-02
1.063999999999999807e-01
8.609999999999999598e-02
8.260000000000000675e-02
3.692999999999999616e-01
1.831999999999999740e-01
2.550999999999999934e-01
1.013000000000000012e-01
8.619999999999998497e-02
6.516999999999999460e-01
3.370999999999999552e-01
1.208000000000000185e-01
4.049999999999999711e-01
5.249000000000000332e-01
5.443999999999999950e-01
7.300000000000000933e-02
1.282999999999999974e-01
7.170000000000001372e-02
8.580000000000001514e-02
7.969999999999997919e-02
6.209999999999998160e-02
6.490000000000002711e-02
6.329999999999999516e-02
4.909999999999999781e-02
3.131999999999999784e-01
1.081000000000000155e-01
1.673999999999999932e-01
5.828999999999999737e-01
1.993999999999999384e-01
6.702000000000000179e-01
1.339000000000000190e-01
1.052999999999999492e-01
5.959999999999998632e-02
5.579999999999998850e-02
1.847000000000000586e-01
3.408999999999999808e-01
1.007000000000000117e-01
1.383999999999999952e-01
4.850999999999999757e-01
1.111199999999999966e+00
5.156000000000000583e-01
1.087300000000000155e+00
2.692999999999999838e-01
3.053999999999999493e-01
2.187000000000000055e-01
3.193000000000000282e-01
