4.243999999999999440e-01
1.567999999999999949e-01
1.026999999999999996e-01
1.329000000000000181e-01
1.180999999999999966e-01
1.346000000000000252e-01
2.882000000000000117e-01
1.562999999999999667e-01
1.385999999999999732e-01
1.587999999999999967e-01
9.210000000000000131e-02
1.040999999999999842e-01
1.715999999999999748e-01
9.340000000000003855e-02
1.554000000000000381e-01
4.960000000000000520e-02
2.327000000000000179e-01
3.572000000000000730e-01
1.470999999999999808e-01
4.171000000000000263e-01
1.495999999999999830e-01
1.491999999999999715e-01
2.059999999999999887e-01
1.509000000000000064e-01
2.820000000000001325e-02
1.041999999999999871e-01
1.111000000000000043e-01
1.111000000000000043e-01
8.450000000000001954e-02
6.850000000000003308e-02
8.560000000000000941e-02
6.640000000000001457e-02
5.349999999999999895e-02
1.245999999999999747e-01
1.074000000000000093e-01
7.149999999999999412e-02
9.890000000000002955e-02
1.925000000000000044e-01
7.660000000000000142e-02
2.247999999999999998e-01
1.376000000000000001e-01
2.217999999999999972e-01
8.680000000000001603e-02
7.280000000000005911e-02
1.146000000000000213e-01
1.044999999999999818e-01
1.002999999999999586e-01
1.068999999999999534e-01
2.089999999999999913e-01
1.169999999999999790e-01
9.629999999999998284e-02
6.029999999999999249e-02
8.029999999999999638e-02
7.870000000000003382e-02
1.117999999999999827e-01
1.085000000000000131e-01
7.489999999999998048e-02
6.470000000000000751e-02
8.160000000000000586e-02
1.066999999999999615e-01
2.167999999999999372e-01
2.481999999999999762e-01
1.319000000000000172e-01
1.930000000000000326e-01
2.109000000000000041e-01
1.655999999999999972e-01
1.459999999999999909e-01
1.564000000000000112e-01
1.338000000000000023e-01
5.610000000000001097e-02
5.419999999999998430e-02
1.018999999999999906e-01
9.169999999999997597e-02
9.970000000000003859e-02
5.429999999999997329e-02
8.640000000000003233e-02
9.190000000000003721e-02
6.690000000000000113e-02
9.170000000000000373e-02
2.218999999999999861e-01
1.522000000000000020e-01
1.107999999999999818e-01
1.558000000000000218e-01
7.359999999999999876e-02
1.196000000000000257e-01
9.109999999999997267e-02
9.889999999999996017e-02
1.559999999999999720e-01
1.099999999999999450e-01
1.426000000000000045e-01
3.317999999999999838e-01
2.448999999999999788e-01
2.253000000000000003e-01
2.610000000000000098e-01
3.172999999999999710e-01
1.895999999999999630e-01
9.010000000000001341e-02
1.433999999999999719e-01
9.499999999999998723e-02
2.092999999999999305e-01
4.350000000000003170e-02
1.254000000000000115e-01
2.549000000000000155e-01
1.393000000000000071e-01
1.623000000000000276e-01
7.910000000000004527e-02
4.510000000000002202e-02
1.091999999999999915e-01
1.988000000000000322e-01
3.268999999999999684e-01
9.700000000000004452e-02
1.212000000000000022e-01
2.924000000000000488e-01
1.272000000000000353e-01
9.520000000000000684e-02
1.440999999999999504e-01
1.953999999999999626e-01
2.343999999999999695e-01
1.827700000000000102e+00
1.378799999999999804e+00
2.025700000000000056e+00
1.023000000000000714e-01
1.134999999999999620e-01
1.418999999999999428e-01
1.497999999999999887e-01
1.242000000000000326e-01
2.147000000000000575e-01
1.602999999999999425e-01
9.699999999999997513e-02
1.578999999999999848e-01
1.754000000000000004e-01
1.929000000000000714e-01
2.101999999999999424e-01
1.897000000000000353e-01
2.397999999999999576e-01
1.167999999999999594e-01
1.943000000000000560e-01
9.850000000000001810e-02
1.293000000000000260e-01
1.014999999999999930e-01
1.099000000000000254e-01
1.175000000000000072e-01
8.579999999999993188e-02
1.032999999999998919e-01
3.686000000000000387e-01
3.729000000000000647e-01
1.350999999999999979e-01
6.179999999999993832e-02
1.216000000000000136e-01
6.800000000000000488e-02
9.690000000000001390e-02
4.163000000000000034e-01
3.645000000000000462e-01
4.616000000000000103e-01
6.953000000000000291e-01
1.857199999999999962e+00
7.008000000000000895e-01
1.130000000000000171e-01
1.197999999999999482e-01
6.960000000000005071e-02
1.404000000000000525e-01
8.609999999999998210e-02
9.740000000000006986e-02
8.829999999999998961e-02
1.867999999999999938e-01
2.912999999999999479e-01
2.481999999999999207e-01
1.075000000000000122e-01
1.259000000000000397e-01
1.018000000000000155e-01
1.426000000000000600e-01
1.253000000000000225e-01
2.079000000000000847e-01
1.320999999999999674e-01
5.659999999999998366e-02
6.769999999999995466e-02
2.476000000000000145e-01
5.693000000000001393e-01
3.092999999999999639e-01
