4.766999999999999571e-01
1.081500000000000128e+00
4.860999999999999766e-01
7.274000000000000465e-01
7.329999999999998739e-01
6.222999999999999643e-01
2.235000000000000597e-01
7.103999999999999204e-01
1.861999999999999766e-01
1.925999999999999379e-01
2.900999999999999135e-01
2.860999999999999099e-01
2.563000000000000833e-01
3.184000000000000163e-01
2.540999999999999925e-01
1.389999999999999847e-01
2.882000000000000117e-01
1.535000000000000253e-01
1.524999999999999967e-01
1.154999999999999777e-01
1.665000000000000091e-01
5.954000000000000403e-01
2.446999999999999176e-01
1.209999999999999687e-01
1.678000000000000047e-01
3.212000000000000410e-01
4.820000000000000950e-01
9.719999999999998086e-02
2.367000000000000215e-01
7.299999999999996769e-02
1.738999999999999990e-01
8.599999999999997924e-02
1.552999999999999936e-01
7.320000000000001505e-02
4.310000000000002024e-02
7.180000000000001659e-02
2.303999999999999937e-01
1.731000000000000039e-01
5.329999999999999322e-02
6.769999999999995466e-02
7.960000000000001796e-02
1.365000000000000102e-01
1.074999999999999845e-01
3.282999999999999807e-01
1.163999999999999618e-01
1.826000000000000123e-01
1.619000000000000439e-01
1.563000000000000222e-01
1.509999999999999953e-01
4.297000000000000819e-01
2.415999999999999814e-01
1.455000000000000182e-01
1.647999999999999743e-01
7.000000000000000666e-02
7.149999999999999412e-02
1.838999999999999801e-01
4.689999999999998337e-02
1.332999999999999741e-01
2.267000000000000404e-01
1.600000000000000588e-01
6.989999999999998992e-02
1.865000000000000269e-01
2.592000000000000415e-01
1.452000000000000235e-01
1.018000000000000294e-01
1.098000000000000087e-01
1.097000000000000197e-01
1.416999999999999926e-01
1.067999999999999783e-01
8.010000000000003229e-02
2.106000000000000094e-01
1.844999999999999418e-01
2.709000000000000297e-01
6.477999999999998204e-01
3.089999999999999969e-01
1.778999999999999748e-01
6.791999999999998039e-01
5.548999999999999488e-01
1.298999999999999877e-01
1.699000000000000510e-01
1.114900000000000002e+00
2.716000000000000636e-01
1.335999999999999965e-01
8.980000000000001870e-02
1.852000000000000313e-01
7.969999999999999307e-02
6.980000000000002869e-02
3.620000000000000301e-02
6.880000000000000004e-02
1.781999999999999695e-01
1.029999999999999805e-01
1.261000000000000176e-01
1.364999999999999825e-01
4.689999999999999725e-02
3.021000000000000352e-01
4.724999999999999756e-01
3.622999999999998999e-01
2.015999999999999459e-01
1.144000000000000156e-01
2.104000000000000314e-01
1.551000000000000156e-01
3.406999999999999473e-01
1.904000000000000137e-01
8.289999999999998759e-02
1.033000000000000029e-01
1.462999999999999856e-01
8.569999999999999840e-02
2.277999999999999470e-01
1.044999999999999818e-01
8.089999999999999969e-02
1.111000000000000043e-01
2.575999999999999956e-01
6.509999999999999121e-02
5.780000000000001803e-02
2.594999999999999529e-01
1.009000000000000175e-01
1.320000000000000062e-01
5.199999999999999067e-02
1.271000000000000185e-01
1.404000000000000248e-01
1.454000000000000015e-01
8.770000000000000018e-02
1.804999999999999660e-01
1.266000000000000458e-01
4.469999999999997586e-02
3.510000000000002007e-02
3.634000000000000008e-01
5.424999999999999822e-01
1.191699999999999982e+00
5.602000000000000313e-01
1.509000000000000064e-01
1.751999999999999391e-01
1.716000000000000025e-01
1.903999999999999582e-01
6.650000000000003131e-02
2.747999999999999887e-01
1.729999999999999316e-01
5.430000000000000104e-02
1.264000000000000679e-01
8.569999999999999840e-02
1.554999999999999993e-01
1.430999999999999495e-01
1.880000000000000837e-01
2.575000000000000067e-01
1.828999999999999793e-01
3.946999999999999398e-01
7.853000000000001091e-01
4.532999999999999807e-01
1.713000000000000078e-01
1.598999999999999588e-01
3.790000000000010028e-02
8.499999999999993672e-02
1.222000000000000308e-01
5.810000000000001275e-02
1.014999999999999097e-01
2.439999999999996338e-02
9.220000000000003193e-02
5.109999999999995102e-02
6.719999999999998197e-02
2.100000000000008457e-02
1.735000000000001263e-01
5.564999999999999947e-01
1.290999999999999925e-01
9.679999999999999716e-02
1.022000000000000131e-01
1.394000000000000794e-01
3.430000000000005267e-02
5.569999999999998563e-02
3.870000000000007462e-02
1.058999999999999803e-01
1.296000000000000485e-01
6.859999999999996656e-02
7.780000000000003579e-02
1.003999999999999615e-01
1.654000000000000470e-01
1.737999999999999823e-01
1.479000000000000314e-01
3.970000000000000195e-01
2.903000000000000025e-01
