5.242999999999999883e-01
5.580999999999999295e-01
6.131999999999998563e-01
3.569000000000000505e-01
2.671000000000000041e-01
3.458999999999999853e-01
2.722999999999999865e-01
1.723999999999999977e-01
1.799999999999999933e-01
1.836000000000000132e-01
2.029999999999999583e-01
2.147000000000000020e-01
7.149999999999999412e-02
5.615999999999999881e-01
2.303999999999999937e-01
1.884000000000000397e-01
7.939999999999999836e-02
1.746000000000000052e-01
1.806000000000000105e-01
7.530000000000001970e-02
1.328000000000000014e-01
5.029999999999999055e-02
1.031999999999999862e-01
1.212000000000000022e-01
1.714999999999999858e-01
5.360000000000000181e-02
6.119999999999999052e-02
1.746999999999999942e-01
1.330000000000000071e-01
1.393999999999999961e-01
1.654999999999999805e-01
6.160000000000000198e-02
1.380999999999999728e-01
1.046000000000000124e-01
6.660000000000004805e-02
1.478000000000000425e-01
8.400000000000000522e-02
6.180000000000001464e-02
8.180000000000001159e-02
1.025000000000000078e-01
9.359999999999998876e-02
1.284999999999999754e-01
3.980000000000000204e-02
8.889999999999999292e-02
1.093999999999999695e-01
2.361000000000000043e-01
2.631999999999999895e-01
1.610000000000000042e-01
1.958999999999999908e-01
7.789999999999998315e-02
9.349999999999997202e-02
1.132000000000000228e-01
1.659000000000000474e-01
1.937000000000000111e-01
2.452000000000000013e-01
1.118000000000000105e-01
1.138999999999999874e-01
8.169999999999999485e-02
1.119999999999999885e-01
4.660000000000000947e-02
1.365000000000000380e-01
9.979999999999995819e-02
6.939999999999998948e-02
7.909999999999998976e-02
4.209999999999998466e-02
4.999999999999998890e-02
9.909999999999999365e-02
6.290000000000001146e-02
6.250000000000002776e-02
4.279999999999997695e-02
1.003999999999999893e-01
9.159999999999998699e-02
1.009000000000000175e-01
1.724999999999999034e-01
9.790000000000000091e-02
7.759999999999994680e-02
7.180000000000000271e-02
1.086000000000000021e-01
8.909999999999995701e-02
3.119000000000000661e-01
1.800000000000000211e-01
5.500000000000002803e-02
2.666000000000000592e-01
1.354000000000000203e-01
1.286999999999999533e-01
4.070999999999999619e-01
3.920999999999998931e-01
1.702000000000000179e-01
7.970000000000000695e-02
4.829999999999999571e-02
5.879999999999999810e-02
7.050000000000000711e-02
1.200000000000000094e-01
1.175999999999999823e-01
1.393999999999999684e-01
1.015999999999999820e-01
1.364000000000000212e-01
2.265999999999999959e-01
2.479000000000000370e-01
8.380000000000002724e-02
1.140999999999999792e-01
2.273000000000000020e-01
1.215999999999999998e-01
8.640000000000000457e-02
5.450000000000000677e-02
3.620000000000001689e-02
5.789999999999995844e-02
6.569999999999998064e-02
1.015999999999999959e-01
7.810000000000003051e-02
1.112000000000000349e-01
6.129999999999999338e-02
1.127000000000000085e-01
8.270000000000003737e-02
6.179999999999995913e-02
8.049999999999998823e-02
7.969999999999996532e-02
1.105999999999999761e-01
8.300000000000000433e-02
9.250000000000002665e-02
1.964999999999999525e-01
1.430999999999999217e-01
5.610000000000004566e-02
1.502999999999999614e-01
1.079999999999999433e-01
3.541000000000000258e-01
3.285000000000000142e-01
3.956999999999999407e-01
2.156000000000000139e-01
8.709999999999992748e-02
1.225999999999999590e-01
1.011999999999999567e-01
9.470000000000003415e-02
5.449999999999999289e-02
1.644000000000000183e-01
2.637999999999999234e-01
2.520000000000000018e-01
3.267999999999999794e-01
1.391900000000000137e+00
1.202999999999999847e+00
2.515999999999999903e-01
5.459000000000000519e-01
2.635000000000001230e-01
1.022000000000000131e-01
3.959999999999998244e-02
2.429999999999995011e-02
7.339999999999999303e-02
2.053999999999999715e-01
1.470999999999999808e-01
2.388999999999999457e-01
1.856000000000000150e-01
1.530999999999999861e-01
2.746999999999999442e-01
3.052000000000000268e-01
2.333999999999999408e-01
7.829999999999992522e-02
1.370000000000000107e-01
1.477000000000000257e-01
6.259999999999994735e-02
5.310000000000002218e-02
8.759999999999996956e-02
9.590000000000002689e-02
8.149999999999998912e-02
5.430000000000009819e-02
4.759999999999997566e-02
6.520000000000002183e-02
1.594000000000000139e-01
5.094999999999998419e-01
3.229000000000000203e-01
3.377999999999999892e-01
5.654000000000001247e-01
4.031999999999999473e-01
1.600000000000000033e-01
1.504000000000000337e-01
1.257999999999999674e-01
8.850000000000000921e-02
1.129999999999998367e-02
9.289999999999998259e-02
6.160000000000000198e-02
