4.318000000000000727e-01
1.122000000000000358e-01
4.310000000000001330e-02
1.219999999999999973e-01
7.459999999999999964e-02
1.440000000000000169e-01
1.097999999999999948e-01
6.540000000000001368e-02
1.667999999999999761e-01
1.889000000000000123e-01
7.619999999999998996e-02
4.590000000000003799e-02
7.850000000000001421e-02
1.142999999999999988e-01
1.481999999999999984e-01
1.782000000000000250e-01
1.637000000000000122e-01
1.781999999999999973e-01
1.069000000000000367e-01
8.460000000000000853e-02
1.313000000000000278e-01
1.548000000000000209e-01
1.644000000000000183e-01
9.100000000000001144e-02
6.329999999999999516e-02
1.191000000000000253e-01
1.095999999999999752e-01
3.405999999999999583e-01
1.556000000000000161e-01
1.123000000000000109e-01
1.620999999999999941e-01
1.124000000000000138e-01
1.167999999999999872e-01
5.610000000000001791e-02
7.869999999999996443e-02
1.559000000000000108e-01
2.670000000000000151e-01
9.690000000000002778e-02
1.059999999999999970e-01
1.254999999999999727e-01
2.875999999999999668e-01
1.318999999999999895e-01
1.305999999999999939e-01
5.660000000000001835e-02
5.370999999999999108e-01
3.416000000000000703e-01
2.643999999999999684e-01
5.889999999999998015e-02
7.789999999999999702e-02
5.780000000000003885e-02
1.285999999999999921e-01
9.910000000000000753e-02
1.223000000000000614e-01
2.695000000000000173e-01
9.230000000000003479e-02
1.396000000000000019e-01
1.255999999999999894e-01
1.493000000000000438e-01
2.026000000000000023e-01
2.547000000000000375e-01
2.068999999999999728e-01
1.386000000000000287e-01
1.304000000000000159e-01
1.583999999999999853e-01
7.729999999999997984e-02
1.656999999999999862e-01
1.500000000000000222e-01
1.486999999999999988e-01
2.252000000000000113e-01
7.614999999999999547e-01
2.142000000000000015e-01
1.746999999999999664e-01
1.892000000000000071e-01
3.478999999999999870e-01
1.698000000000000065e-01
2.984999999999999876e-01
1.941999999999999837e-01
1.933999999999999886e-01
3.034000000000000030e-01
3.421000000000000707e-01
2.817999999999999949e-01
2.701000000000000068e-01
2.269999999999999796e-01
1.760000000000000175e-01
1.478000000000000702e-01
1.706999999999999629e-01
1.970000000000000084e-01
2.951999999999999624e-01
2.111000000000000099e-01
1.698999999999999955e-01
2.792000000000000037e-01
6.634999999999999787e-01
2.636999999999999900e-01
2.359999999999999876e-01
1.897999999999999687e-01
2.158000000000000473e-01
1.154999999999999638e-01
1.618999999999999884e-01
1.264000000000000123e-01
1.472999999999999865e-01
8.760000000000001119e-02
1.200999999999999845e-01
5.640000000000001262e-02
1.625000000000000056e-01
2.452999999999999625e-01
8.590000000000001801e-02
1.433999999999999442e-01
1.346999999999999864e-01
7.930000000000003713e-02
1.212000000000000161e-01
1.615000000000000324e-01
1.158000000000000418e-01
1.529999999999999971e-01
1.444999999999999618e-01
2.049999999999999600e-01
1.926000000000000212e-01
8.110000000000006093e-02
2.026000000000000301e-01
1.523000000000000465e-01
1.145000000000000184e-01
6.780000000000008242e-02
7.080000000000000182e-02
6.800000000000003264e-02
9.230000000000006255e-02
1.432999999999999829e-01
9.119999999999998941e-02
1.056000000000000272e-01
2.807000000000000051e-01
2.009000000000000230e-01
1.583000000000000240e-01
3.069000000000000061e-01
2.903000000000000025e-01
1.320999999999999397e-01
1.143000000000000543e-01
9.983999999999999542e-01
4.582999999999999297e-01
2.402000000000001079e-01
3.104000000000000092e-01
4.260999999999998678e-01
1.706999999999999629e-01
1.465000000000000191e-01
2.874999999999999223e-01
2.311000000000000276e-01
1.224000000000001476e-01
3.213999999999999635e-01
3.652000000000000246e-01
2.316999999999999615e-01
2.630000000000000115e-01
3.440999999999999615e-01
1.867000000000000326e-01
7.830000000000003624e-02
3.188999999999999058e-01
2.568999999999999062e-01
1.027999999999999747e-01
1.921999999999999820e-01
1.093000000000000638e-01
1.038000000000000311e-01
1.665999999999999981e-01
9.939999999999998836e-02
1.178000000000000436e-01
1.126999999999999946e-01
7.119999999999998552e-02
3.981999999999999984e-01
3.715000000000000524e-01
3.220999999999999974e-01
2.509999999999998899e-01
2.968999999999999972e-01
3.445000000000000839e-01
3.741999999999999771e-01
4.022999999999999354e-01
3.298999999999999710e-01
3.027999999999999026e-01
1.998000000000000331e-01
7.816999999999999504e-01
5.748000000000000886e-01
6.410000000000003195e-02
4.018999999999999240e-01
1.275000000000000022e-01
5.550000000000000766e-02
