3.341000000000000081e-01
2.383000000000000118e-01
3.477000000000000091e-01
3.054999999999999938e-01
6.051999999999999602e-01
3.770999999999999908e-01
5.044000000000000705e-01
3.825999999999999956e-01
1.716999999999999915e-01
2.357999999999999818e-01
2.893000000000000016e-01
3.695999999999999841e-01
2.847999999999999976e-01
2.253999999999999893e-01
2.581999999999999851e-01
1.814999999999999947e-01
4.732999999999999985e-01
1.940000000000000335e-01
3.976000000000000090e-01
5.430000000000001492e-01
2.115000000000000213e-01
3.922000000000000486e-01
1.646999999999999853e-01
7.176000000000000156e-01
3.836999999999999855e-01
2.556000000000000494e-01
2.576000000000000512e-01
1.695000000000000118e-01
2.494999999999999440e-01
1.774000000000000021e-01
2.182999999999999108e-01
2.236999999999999822e-01
2.914000000000000479e-01
5.928999999999999826e-01
3.963999999999999746e-01
2.313000000000000611e-01
2.080000000000000182e-01
1.330999999999999961e-01
2.433000000000000163e-01
1.676999999999999880e-01
3.565999999999999726e-01
1.528999999999999249e-01
1.467000000000000526e-01
1.390999999999999737e-01
1.340000000000000080e-01
6.630000000000000338e-01
5.736999999999999877e-01
1.765999999999999792e-01
1.558000000000000496e-01
1.432999999999999829e-01
1.260999999999999899e-01
1.117000000000000492e-01
1.574000000000000121e-01
2.897000000000000686e-01
5.194000000000000838e-01
2.757999999999999896e-01
8.219999999999999529e-02
1.992000000000000437e-01
2.121000000000000107e-01
2.330000000000000127e-01
3.125000000000000000e-01
3.046000000000000374e-01
2.936999999999999611e-01
3.806999999999999273e-01
3.058999999999999497e-01
1.558999999999999830e-01
6.095000000000000417e-01
4.977999999999999647e-01
8.608999999999998876e-01
6.386000000000000565e-01
1.458999999999999742e-01
1.716000000000000025e-01
1.867999999999999938e-01
2.365000000000000435e-01
2.335999999999999743e-01
1.481999999999999984e-01
1.921000000000000207e-01
1.839000000000000079e-01
2.184999999999999998e-01
1.935000000000000053e-01
2.178999999999999548e-01
2.397999999999999854e-01
2.275999999999999968e-01
1.460999999999999799e-01
1.268699999999999939e+00
7.018000000000000904e-01
4.694000000000000394e-01
1.527000000000000024e-01
1.413999999999999702e-01
4.596000000000000085e-01
3.628000000000000114e-01
2.179000000000000103e-01
7.426999999999999158e-01
5.194999999999999618e-01
2.325000000000000400e-01
1.741000000000000325e-01
1.532000000000000028e-01
1.534999999999999976e-01
1.030999999999999972e-01
2.434000000000000330e-01
1.390999999999999737e-01
1.515999999999999848e-01
9.339999999999999691e-02
8.939999999999999336e-02
1.067000000000000171e-01
1.305000000000000326e-01
3.114000000000000101e-01
2.620999999999999996e-01
5.218000000000000416e-01
2.744000000000000328e-01
1.125999999999999779e-01
8.469999999999999751e-02
1.587999999999999690e-01
1.031000000000000250e-01
6.519999999999999130e-01
4.027999999999999914e-01
7.850000000000002809e-02
9.490000000000002600e-02
2.454000000000000070e-01
1.110999999999999904e-01
1.221000000000000141e-01
1.691999999999999893e-01
1.736999999999999933e-01
1.315000000000000058e-01
2.299999999999999822e-01
1.876000000000000167e-01
7.049999999999999323e-02
1.697000000000000175e-01
1.850000000000000255e-01
1.346000000000000529e-01
2.866000000000000214e-01
2.886999999999999567e-01
2.861000000000000210e-01
3.397999999999999909e-01
2.141999999999999738e-01
1.080999999999999739e-01
1.285000000000000586e-01
2.021000000000000296e-01
2.211999999999999800e-01
8.809999999999998388e-02
2.673999999999999710e-01
1.669999999999999540e-01
1.539000000000000368e-01
2.115999999999999548e-01
1.797999999999999876e-01
6.260000000000005838e-02
1.873999999999999555e-01
7.569999999999997564e-02
1.035999999999999976e-01
1.658000000000000029e-01
1.451999999999999957e-01
1.123000000000000109e-01
8.200000000000004508e-02
1.406999999999999640e-01
1.180999999999999828e-01
1.271999999999999797e-01
8.849999999999999534e-02
1.621999999999999831e-01
3.203000000000000291e-01
2.286999999999999866e-01
6.819999999999999674e-02
1.441999999999999671e-01
2.161999999999999478e-01
9.320000000000000506e-02
1.057000000000000023e-01
1.687000000000000166e-01
1.316000000000000225e-01
1.373999999999999666e-01
2.804999999999999716e-01
3.557999999999999496e-01
3.725999999999999313e-01
1.026000000000000384e-01
1.364999999999999825e-01
1.613999999999999602e-01
1.117000000000000354e-01
9.420000000000000595e-02
1.317999999999999727e-01
1.901999999999999524e-01
1.423999999999999710e-01
