4.697999999999999954e-01
8.627000000000000224e-01
4.278999999999999471e-01
1.612999999999999712e-01
4.028999999999999249e-01
3.418999999999999817e-01
1.079000000000000237e-01
2.045000000000000429e-01
1.819999999999999674e-01
1.845999999999999308e-01
4.352000000000001423e-01
6.360000000000010090e-02
1.750999999999999224e-01
2.817999999999999949e-01
2.409000000000000308e-01
8.509999999999995346e-02
4.074999999999999178e-01
2.138999999999999513e-01
1.210000000000000242e-01
2.485000000000000264e-01
5.645000000000001128e-01
4.243999999999999995e-01
4.183999999999999941e-01
3.744000000000000106e-01
2.451999999999999458e-01
3.800000000000000044e-01
2.893999999999999906e-01
1.890000000000000291e-01
1.284000000000000141e-01
3.866999999999999327e-01
4.195999999999999730e-01
1.273999999999999577e-01
2.064000000000000834e-01
3.457000000000000073e-01
1.825000000000000233e-01
2.527000000000000357e-01
3.741000000000000436e-01
2.521999999999999797e-01
1.092000000000000609e-01
7.119999999999997164e-02
8.340000000000008518e-02
2.086999999999999966e-01
5.650000000000002243e-02
8.580000000000002902e-02
1.506000000000000116e-01
7.699999999999997125e-02
1.007000000000000117e-01
1.015999999999999959e-01
3.369999999999997997e-02
5.480000000000003618e-02
1.362000000000000155e-01
8.710000000000003850e-02
3.559999999999999276e-02
1.220999999999999863e-01
1.142000000000000237e-01
1.597000000000000086e-01
1.626999999999999835e-01
1.128999999999999726e-01
8.759999999999998344e-02
1.017000000000000126e-01
1.095999999999999475e-01
5.799999999999999600e-01
3.409000000000000363e-01
1.028999999999999637e-01
1.532000000000000028e-01
1.964999999999999525e-01
8.039999999999995761e-02
2.502999999999999670e-01
6.990000000000001767e-02
1.900000000000000300e-01
1.467999999999999861e-01
1.576999999999999791e-01
1.232000000000000040e-01
2.054999999999999882e-01
2.573000000000000287e-01
2.523999999999999577e-01
1.353000000000000314e-01
4.808000000000000052e-01
1.805999999999999828e-01
2.529000000000000137e-01
6.329999999999996740e-02
1.187999999999999473e-01
2.370999999999999219e-01
9.259999999999996012e-02
2.121000000000000663e-01
6.840000000000000524e-01
5.338000000000000522e-01
6.351999999999999869e-01
5.679999999999999494e-01
2.724999999999999645e-01
3.206999999999999851e-01
4.609999999999999654e-01
2.012000000000000455e-01
1.063999999999999946e-01
1.192000000000000004e-01
2.489000000000000379e-01
2.262000000000000122e-01
1.416999999999998816e-01
7.060999999999999499e-01
3.424999999999999711e-01
2.067999999999999838e-01
3.518999999999999351e-01
2.383999999999999175e-01
2.174000000000000932e-01
5.870000000000007850e-02
9.599999999999997424e-02
2.257999999999999174e-01
1.727999999999999536e-01
2.174999999999999711e-01
4.981999999999999762e-01
6.910000000000003639e-02
4.532999999999999807e-01
2.910999999999999699e-01
9.200000000000005396e-02
1.114999999999999880e-01
4.519999999999999574e-01
2.323000000000000065e-01
1.100000000000000144e-01
4.824999999999999845e-01
1.288000000000000533e-01
1.287000000000000366e-01
8.459999999999996689e-02
1.145999999999999935e-01
1.441000000000000059e-01
2.238999999999999324e-01
9.170000000000000373e-02
6.250000000000000000e-02
6.269999999999990858e-02
7.239999999999997826e-02
9.779999999999995641e-02
5.749999999999998168e-02
3.499999999999992006e-02
6.500000000000002998e-02
6.180000000000006322e-02
6.990000000000007319e-02
4.410000000000005582e-02
5.030000000000006688e-02
1.994000000000000217e-01
6.790000000000007141e-02
7.449999999999989964e-02
1.564999999999999447e-01
2.750000000000003136e-02
6.700000000000000400e-02
6.089999999999998193e-02
8.359999999999996600e-02
1.303000000000000269e-01
1.789999999999999369e-01
1.597000000000000086e-01
2.266000000000000236e-01
2.373000000000000109e-01
2.470999999999999031e-01
1.574999999999999456e-01
4.420000000000001705e-02
3.120000000000000551e-02
1.638000000000000012e-01
1.360999999999999432e-01
2.890000000000000346e-01
2.082000000000000517e-01
1.490999999999998993e-01
1.788999999999999757e-01
1.607999999999999985e-01
8.769999999999998630e-02
1.270000000000000295e-01
5.430000000000002880e-02
6.119999999999994889e-02
2.152999999999999914e-01
2.466000000000000414e-01
2.263000000000000289e-01
2.204000000000000681e-01
2.805000000000000826e-01
1.440000000000000446e-01
2.056000000000000050e-01
2.023999999999999688e-01
1.643000000000000016e-01
1.359000000000000208e-01
4.760000000000001036e-02
1.171999999999999847e-01
1.538999999999999813e-01
1.030999999999999972e-01
