2.865999999999999659e-01
9.519999999999999296e-02
4.739999999999998381e-02
1.304000000000000159e-01
1.080000000000000127e-01
1.062999999999999917e-01
4.959999999999999132e-02
1.074000000000000093e-01
5.290000000000000258e-02
1.630999999999999950e-01
1.645999999999999963e-01
8.940000000000000724e-02
1.174999999999999933e-01
1.228000000000000064e-01
1.660000000000000087e-01
1.931000000000000216e-01
2.065000000000000169e-01
2.019000000000000239e-01
1.485999999999999821e-01
3.057999999999999607e-01
2.577000000000000401e-01
9.039999999999999425e-02
7.220000000000000029e-02
9.299999999999997158e-02
4.177000000000000712e-01
2.937000000000000166e-01
1.183999999999999914e-01
2.207000000000000073e-01
1.079000000000000098e-01
1.990000000000000102e-01
1.592999999999999972e-01
7.100000000000000755e-02
8.979999999999999094e-02
9.909999999999999365e-02
1.424000000000000266e-01
1.635000000000000064e-01
3.137999999999999678e-01
2.676999999999999935e-01
1.345999999999999974e-01
1.797000000000000264e-01
1.475000000000000200e-01
4.490000000000005792e-02
1.024000000000000049e-01
2.187999999999999667e-01
1.975999999999999424e-01
1.984999999999999820e-01
1.795999999999999819e-01
3.462000000000000077e-01
1.976000000000000534e-01
1.050000000000000239e-01
1.248999999999999971e-01
1.499000000000000055e-01
1.645999999999999686e-01
1.523999999999999799e-01
6.140000000000003094e-02
1.340999999999999970e-01
1.454999999999999905e-01
2.517999999999999683e-01
2.606000000000000538e-01
1.226000000000000006e-01
1.869999999999999718e-01
1.725000000000000422e-01
1.978999999999999371e-01
2.985999999999999766e-01
1.795999999999999819e-01
1.960999999999999688e-01
9.189999999999996783e-02
6.989999999999998992e-02
1.792000000000000259e-01
2.539000000000000146e-01
1.529000000000000081e-01
1.588999999999999857e-01
1.188999999999999641e-01
1.846999999999999476e-01
1.721999999999999642e-01
1.901999999999999802e-01
2.894999999999999796e-01
1.056999999999999607e-01
1.867999999999999938e-01
2.513000000000000234e-01
2.165000000000000258e-01
9.489999999999992886e-02
1.016000000000000097e-01
3.308000000000000385e-01
2.335000000000000131e-01
9.840000000000002911e-02
3.091999999999999749e-01
2.196000000000000174e-01
2.584000000000000741e-01
7.890000000000005342e-02
6.539000000000000368e-01
3.419999999999999707e-01
1.221999999999999614e-01
1.588000000000000522e-01
9.000000000000002442e-02
8.749999999999995282e-02
3.538999999999999369e-01
2.582999999999999741e-01
1.100100000000000078e+00
5.864000000000000323e-01
1.460500000000000131e+00
6.056000000000000272e-01
2.572999999999999732e-01
2.994000000000000550e-01
1.905000000000000304e-01
1.931999999999999551e-01
1.859999999999999987e-01
9.329999999999995242e-02
2.245000000000000329e-01
1.006000000000000644e-01
3.523000000000000020e-01
2.286999999999999589e-01
2.919999999999999263e-01
1.283999999999999031e-01
3.580000000000001237e-02
1.191999999999999588e-01
1.218000000000000749e-01
4.022000000000000575e-01
6.408000000000000362e-01
9.641999999999999460e-01
1.455999999999999517e-01
5.629999999999998894e-02
1.138999999999999596e-01
1.007999999999999313e-01
9.830000000000006788e-02
1.498999999999999777e-01
1.230999999999999595e-01
1.327999999999999736e-01
1.586000000000001020e-01
1.319000000000001005e-01
8.899999999999998190e-02
1.632999999999999452e-01
1.154999999999999499e-01
1.105999999999999206e-01
8.839999999999993696e-02
1.499999999999999667e-01
1.456999999999999962e-01
1.078999999999999543e-01
3.082000000000000295e-01
7.921999999999999043e-01
7.146999999999998909e-01
9.295999999999999819e-01
2.388999999999999457e-01
2.601999999999999313e-01
2.124000000000000887e-01
1.417000000000000204e-01
4.767000000000000126e-01
3.014999999999999902e-01
1.738999999999999435e-01
1.572000000000000619e-01
6.830000000000008287e-02
1.259000000000000119e-01
1.800000000000000211e-01
9.053999999999999826e-01
1.600200000000000067e+00
2.962999999999999523e-01
3.457999999999998852e-01
3.805999999999999939e-01
2.870000000000000329e-01
1.180000000000000215e-01
3.156999999999999251e-01
1.532999999999999363e-01
8.929999999999996274e-02
6.127000000000000224e-01
4.305999999999999273e-01
9.079999999999999183e-02
7.610000000000008424e-02
5.800000000000006539e-02
9.480000000000006477e-02
1.725000000000000144e-01
1.962000000000000133e-01
1.767999999999999572e-01
1.558000000000000496e-01
3.719000000000000639e-01
2.616000000000000547e-01
1.958000000000000018e-01
1.388999999999999124e-01
2.821000000000001284e-01
2.641000000000000014e-01
