6.200999999999999845e-01
2.823999999999999844e-01
1.545000000000000540e-01
6.470000000000004914e-02
1.665000000000000091e-01
3.041000000000000369e-01
1.296000000000000485e-01
7.370000000000000162e-02
7.129999999999994675e-02
1.013999999999999346e-01
1.954000000000000459e-01
2.027999999999999803e-01
1.241999999999999493e-01
2.096999999999999698e-01
1.140999999999999515e-01
1.578999999999999293e-01
1.118000000000000521e-01
3.134000000000000119e-01
6.450000000000005729e-02
5.189999999999998781e-02
6.880000000000005556e-02
1.456999999999999407e-01
4.869999999999999329e-02
8.640000000000006009e-02
1.054000000000000214e-01
2.064999999999999891e-01
2.661999999999999922e-01
6.339999999999994251e-02
1.983000000000000596e-01
7.609999999999997322e-02
2.049000000000000266e-01
1.082000000000000184e-01
1.425000000000000155e-01
7.180000000000007210e-02
2.178999999999999826e-01
3.231999999999999873e-01
2.162000000000000033e-01
1.671999999999999875e-01
9.369999999999997775e-02
6.218000000000001304e-01
4.068999999999999284e-01
1.435999999999999499e-01
3.111999999999999766e-01
1.270999999999999075e-01
1.116999999999999105e-01
1.320999999999999674e-01
1.069999999999999701e-01
8.279999999999995697e-02
7.869999999999997831e-02
5.739999999999989555e-02
1.384000000000000230e-01
1.121000000000000191e-01
6.899999999999995026e-02
1.610000000000000597e-01
1.159000000000000447e-01
1.225000000000000117e-01
1.418000000000000926e-01
2.346999999999999087e-01
9.489999999999994273e-02
1.181000000000000383e-01
1.293999999999999595e-01
1.480000000000000482e-01
1.937999999999999445e-01
1.920999999999999375e-01
2.430000000000000215e-01
2.857999999999999985e-01
2.161000000000000143e-01
1.322999999999999732e-01
1.663999999999999924e-01
2.046000000000000596e-01
9.699999999999998901e-02
5.306999999999999496e-01
2.696999999999999398e-01
1.110999999999999072e-01
2.770999999999999019e-01
1.705999999999999184e-01
1.981999999999999595e-01
2.692000000000001059e-01
2.150000000000000244e-01
4.539000000000000257e-01
7.569999999999992013e-02
1.306999999999999829e-01
1.712000000000000188e-01
1.509000000000000064e-01
1.751000000000000334e-01
1.466999999999999693e-01
1.411999999999999367e-01
9.109999999999994491e-02
9.210000000000000131e-02
1.110999999999999766e-01
1.549999999999999989e-01
1.300000000000000044e-01
2.447999999999999343e-01
4.047999999999998821e-01
7.840000000000002522e-02
8.360000000000000764e-02
1.191999999999999588e-01
4.150000000000002992e-02
9.739999999999997271e-02
1.624000000000000166e-01
1.790000000000000202e-01
5.180000000000000576e-02
6.330000000000000904e-02
4.159999999999995646e-02
5.729999999999997595e-02
5.790000000000004865e-02
1.110999999999999766e-01
2.540000000000000036e-01
1.463999999999999746e-01
1.540999999999999592e-01
1.269999999999999463e-01
1.114999999999999603e-01
9.919999999999995488e-02
1.601999999999999813e-01
2.200000000000000289e-01
1.499000000000000055e-01
7.309999999999997056e-02
2.080999999999999794e-01
4.376999999999999225e-01
1.054000000000000076e-01
7.660000000000000142e-02
1.335000000000000075e-01
9.210000000000004294e-02
1.486000000000000376e-01
8.320000000000001006e-02
5.759999999999997761e-02
1.808000000000000163e-01
1.969999999999999529e-01
1.586999999999999800e-01
1.841999999999999749e-01
1.699000000000000510e-01
1.160999999999999949e-01
5.949999999999996958e-02
7.149999999999996636e-02
7.230000000000008642e-02
7.290000000000003422e-02
1.220000000000000251e-01
1.063999999999999668e-01
1.203000000000000180e-01
1.776999999999999136e-01
8.799999999999992550e-02
1.651999999999999857e-01
2.094999999999999918e-01
1.499999999999999944e-01
8.019999999999996576e-02
1.524000000000000354e-01
1.197000000000000147e-01
5.070000000000000895e-02
1.509000000000000896e-01
1.192999999999999478e-01
8.580000000000000127e-02
1.871999999999999775e-01
7.480000000000000537e-02
1.773999999999999466e-01
1.212999999999999357e-01
8.599999999999997924e-02
1.565000000000000002e-01
1.044000000000000067e-01
9.889999999999997404e-02
1.480000000000000204e-01
1.754000000000000004e-01
1.587000000000000077e-01
1.079999999999999433e-01
1.405999999999999750e-01
4.479999999999999261e-02
8.639999999999997682e-02
1.379999999999999838e-01
1.245000000000000412e-01
6.639999999999997293e-02
4.770000000000002016e-02
3.266999999999999349e-01
2.838000000000001077e-01
1.215000000000000246e-01
1.442999999999999838e-01
1.076999999999999486e-01
2.030000000000000693e-01
2.144000000000000350e-01
1.560000000000000275e-01
6.390000000000004010e-02
