8.272000000000000464e-01
2.318000000000000060e-01
1.053999999999999937e-01
8.299999999999998490e-01
3.704000000000000070e-01
2.340999999999999748e-01
5.554000000000000048e-01
4.946000000000000396e-01
2.913999999999999924e-01
1.122000000000000108e+00
3.195000000000001172e-01
5.740000000000000657e-01
5.673000000000001375e-01
4.261999999999999678e-01
5.113999999999999657e-01
6.891000000000000458e-01
2.271000000000000518e-01
4.283000000000000140e-01
6.692999999999998950e-01
4.134999999999999232e-01
3.530999999999999139e-01
6.047999999999998932e-01
4.833000000000000074e-01
2.757999999999999896e-01
4.363000000000000211e-01
2.079000000000000570e-01
9.219999999999999030e-02
4.759999999999998954e-02
6.039999999999996760e-02
1.040000000000000646e-01
3.085999999999999854e-01
3.759000000000000119e-01
1.152000000000000107e-01
4.073000000000000509e-01
1.058400000000000007e+00
5.387999999999998346e-01
3.311000000000000054e-01
1.016999999999999710e-01
2.392999999999999017e-01
5.826000000000000068e-01
5.150000000000001243e-01
9.910000000000000753e-02
1.243000000000000216e-01
1.287999999999999146e-01
1.294999999999999762e-01
1.864999999999998326e-01
2.042000000000001037e-01
1.373999999999997446e-01
1.500999999999998447e-01
4.375000000000000000e-01
1.886999999999999234e-01
1.670000000000008283e-02
1.472000000000001085e-01
1.495000000000000495e-01
1.152000000000001079e-01
9.510000000000008724e-02
2.253000000000000280e-01
1.013000000000000012e-01
2.063000000000000389e-01
2.889000000000000457e-01
1.382000000000001283e-01
4.099999999999993927e-02
9.729999999999998372e-02
2.392000000000000237e-01
2.378999999999999726e-01
2.599000000000000754e-01
1.242999999999999383e-01
3.946000000000000063e-01
4.080999999999999073e-01
2.090999999999999803e-01
1.957999999999998630e-01
1.739999999999998770e-01
3.383000000000000451e-01
2.187999999999999390e-01
2.784000000000000363e-01
2.599000000000002419e-01
1.316999999999999005e-01
1.829999999999999127e-01
4.380000000000001253e-02
2.618000000000000327e-01
1.888000000000002732e-01
1.005999999999999117e-01
1.137999999999998735e-01
8.520000000000019225e-02
1.270000000000000018e-01
1.842999999999999083e-01
3.989999999999999103e-02
9.469999999999999252e-02
8.290000000000004310e-02
1.568999999999999562e-01
1.642000000000000126e-01
1.066000000000000558e-01
2.205000000000000293e-01
1.389999999999999569e-01
1.165999999999998843e-01
6.499999999999986344e-02
9.790000000000004254e-02
3.726000000000000423e-01
2.506000000000000449e-01
1.885999999999999066e-01
3.937999999999998169e-01
7.370000000000009877e-02
4.146000000000000241e-01
5.478000000000000647e-01
2.814000000000002055e-01
5.383999999999997677e-01
4.854999999999998206e-01
2.180999999999999051e-01
7.889999999999988689e-02
1.237000000000001015e-01
5.268000000000001570e-01
9.115000000000000879e-01
7.139000000000000901e-01
2.474999999999999145e-01
4.511999999999998789e-01
2.674999999999999600e-01
1.330999999999998851e-01
2.188999999999998447e-01
2.719999999999999640e-01
2.764999999999999125e-01
2.048000000000000376e-01
1.695999999999998620e-01
2.676000000000002266e-01
2.441000000000000392e-01
1.194000000000000894e-01
1.035999999999999699e-01
1.727000000000000479e-01
3.900000000000001243e-01
3.097000000000001418e-01
1.444999999999998785e-01
5.670000000000003509e-02
1.511000000000002064e-01
4.554999999999999050e-01
4.436999999999998723e-01
2.006999999999999618e-01
3.856000000000001093e-01
1.470999999999999863e+00
6.592999999999999972e-01
3.700000000000000511e-01
3.054999999999999383e-01
5.562999999999999057e-01
4.182999999999996721e-01
3.215999999999999970e-01
3.915000000000001257e-01
3.529000000000000470e-01
3.691000000000002612e-01
2.780999999999999028e-01
1.033000000000000584e-01
2.406999999999999695e-01
1.734000000000000541e-01
9.270000000000006013e-02
4.807999999999999496e-01
5.347000000000000641e-01
5.569999999999999396e-01
2.164999999999999702e-01
3.029999999999999361e-01
5.969999999999996143e-02
1.290000000000000591e-01
8.229999999999995652e-02
1.978999999999999371e-01
1.116000000000001297e-01
3.430000000000000826e-01
1.696999999999999897e-01
6.096000000000000307e-01
4.431999999999998163e-01
3.216999999999997639e-01
6.516000000000000680e-01
1.690000000000000113e-01
1.046999999999999875e-01
7.770000000000013007e-02
5.410000000000003695e-02
8.080000000000003846e-02
1.732000000000000206e-01
1.386000000000001675e-01
1.408000000000000917e-01
2.387000000000000233e-01
2.804999999999999716e-01
3.283999999999999142e-01
1.838999999999999801e-01
