3.729000000000000092e-01
6.270000000000000573e-02
9.319999999999999118e-02
5.840000000000000052e-02
1.559999999999999720e-01
1.661999999999999866e-01
5.929999999999998467e-02
7.469999999999993312e-02
3.889999999999999708e-02
3.440000000000001390e-02
4.859999999999999737e-02
7.449999999999998290e-02
3.819999999999997703e-02
7.949999999999997347e-02
6.060000000000004272e-02
7.370000000000005713e-02
1.315000000000000613e-01
7.739999999999999658e-02
2.072000000000000230e-01
1.037000000000000283e-01
6.199999999999995792e-02
1.660000000000000087e-01
1.150000000000000328e-01
1.063999999999999807e-01
9.030000000000000526e-02
6.430000000000002380e-02
9.920000000000002427e-02
1.476000000000000367e-01
1.697000000000000175e-01
1.611000000000000210e-01
1.642000000000000126e-01
1.562999999999999390e-01
1.679999999999999827e-01
1.442999999999999838e-01
6.369999999999999274e-02
1.195999999999999841e-01
1.919000000000000150e-01
1.691000000000000281e-01
9.519999999999999296e-02
9.870000000000003770e-02
6.140000000000001706e-02
5.709999999999998410e-02
6.139999999999999625e-02
6.230000000000000815e-02
3.429999999999999022e-02
2.330000000000002555e-02
3.499999999999998945e-02
1.335000000000000075e-01
1.490000000000000213e-01
6.650000000000000355e-02
8.830000000000001736e-02
8.990000000000000768e-02
5.990000000000002267e-02
8.030000000000002414e-02
7.280000000000000360e-02
6.000000000000001166e-02
3.339999999999998526e-02
5.819999999999998785e-02
5.089999999999999386e-02
7.630000000000003446e-02
8.640000000000001845e-02
1.034999999999999809e-01
1.187000000000000000e-01
6.270000000000003348e-02
1.422000000000000486e-01
1.359999999999999543e-01
1.196000000000000119e-01
7.880000000000000893e-02
1.003000000000000419e-01
5.039999999999998648e-02
6.390000000000001235e-02
5.730000000000002452e-02
6.750000000000001832e-02
8.390000000000001623e-02
9.940000000000001612e-02
1.058000000000000052e-01
7.349999999999998201e-02
4.839999999999999858e-02
3.920000000000002649e-02
4.559999999999997389e-02
1.046999999999999736e-01
8.900000000000000966e-02
1.212000000000000161e-01
6.420000000000000706e-02
1.854999999999999982e-01
5.554999999999998828e-01
2.481999999999999484e-01
1.305000000000000049e-01
1.492999999999999605e-01
1.837999999999999634e-01
2.459000000000000075e-01
1.259000000000000119e-01
1.051000000000000267e-01
8.329999999999999905e-02
5.109999999999999265e-02
3.780000000000002802e-02
5.229999999999997151e-02
6.969999999999998419e-02
6.449999999999998790e-02
8.569999999999999840e-02
1.365999999999999992e-01
1.043000000000000177e-01
9.289999999999999647e-02
6.769999999999999629e-02
9.010000000000002729e-02
5.790000000000002089e-02
8.150000000000001688e-02
7.639999999999998181e-02
9.119999999999998941e-02
1.068999999999999950e-01
1.100999999999999479e-01
1.258999999999999841e-01
5.820000000000000173e-02
9.440000000000001168e-02
6.910000000000000864e-02
9.880000000000001281e-02
1.091000000000000025e-01
7.140000000000000513e-02
6.400000000000001521e-02
3.710000000000002185e-02
7.000000000000000666e-02
1.314000000000000168e-01
7.569999999999997564e-02
1.155999999999999528e-01
1.199999999999999956e-01
6.639999999999995905e-02
9.479999999999999538e-02
1.155999999999999805e-01
6.160000000000000198e-02
9.520000000000000684e-02
8.269999999999996798e-02
6.949999999999997846e-02
3.609999999999999321e-02
7.500000000000006661e-02
8.459999999999999465e-02
7.879999999999992566e-02
6.320000000000000617e-02
6.180000000000000770e-02
5.780000000000000415e-02
1.160000000000000198e-01
7.969999999999999307e-02
8.020000000000000739e-02
1.158999999999999891e-01
1.027999999999999886e-01
1.109999999999999598e-01
2.088999999999999746e-01
1.171999999999999431e-01
1.298999999999999599e-01
1.438000000000000389e-01
1.677000000000000712e-01
9.659999999999997755e-02
5.700000000000005063e-02
1.374999999999999001e-01
1.487000000000000544e-01
1.092999999999999666e-01
1.251999999999999780e-01
1.675999999999999990e-01
1.212999999999999634e-01
2.421000000000000374e-01
7.440000000000003555e-02
3.810000000000000886e-02
5.191999999999999948e-01
1.600000000000000033e-01
2.152000000000000579e-01
1.025000000000000355e-01
1.262999999999999123e-01
6.430000000000002380e-02
1.884000000000000674e-01
1.169000000000000178e-01
7.790000000000002478e-02
6.079999999999999294e-02
8.289999999999998759e-02
5.969999999999991980e-02
1.116000000000000741e-01
1.174000000000000460e-01
8.159999999999999198e-02
6.380000000000002336e-02
6.579999999999999738e-02
6.610000000000000597e-02
