3.689999999999999947e-01
1.691000000000000003e-01
1.575999999999999901e-01
8.310000000000000719e-02
1.810000000000000220e-01
1.709999999999999576e-01
1.183999999999999914e-01
1.956999999999999851e-01
2.200999999999999901e-01
1.823999999999999511e-01
9.279999999999999361e-02
2.188999999999999557e-01
3.126999999999999780e-01
1.252000000000000057e-01
2.733000000000000429e-01
1.999999999999999833e-01
3.243999999999999662e-01
3.239000000000001878e-01
4.638000000000001566e-01
2.331999999999999629e-01
2.122999999999999332e-01
2.444000000000000061e-01
2.096000000000000085e-01
1.379999999999999560e-01
1.697000000000000175e-01
8.769000000000000128e-01
7.383999999999999453e-01
5.104999999999999538e-01
3.464000000000001522e-01
6.011999999999999567e-01
9.935999999999999277e-01
4.342000000000000304e-01
1.884000000000000397e-01
2.253000000000000558e-01
2.894999999999999796e-01
4.429000000000000714e-01
5.524999999999999911e-01
5.510000000000000453e-01
4.516000000000000569e-01
1.974999999999999811e-01
3.815000000000000058e-01
3.161999999999999811e-01
3.412999999999998813e-01
2.729999999999999649e-01
2.854999999999999760e-01
5.303999999999999826e-01
7.477000000000000313e-01
7.458000000000000185e-01
5.125000000000001776e-01
5.541000000000000369e-01
2.510000000000000564e-01
4.538999999999999702e-01
2.986999999999999655e-01
2.411000000000001198e-01
3.810000000000001164e-01
5.555999999999998717e-01
9.616000000000001213e-01
6.229999999999999982e-01
2.016000000000000292e-01
1.890999999999999626e-01
1.211999999999998912e-01
1.159000000000000447e-01
2.260999999999999677e-01
1.544999999999999707e-01
2.140999999999999293e-01
1.334999999999999243e-01
1.423700000000000188e+00
4.760999999999999677e-01
6.930000000000000604e-01
7.723999999999999755e-01
3.618999999999998884e-01
4.834000000000001629e-01
1.731000000000001426e-01
1.397999999999998133e-01
3.865000000000000657e-01
2.470999999999999586e-01
1.680999999999999717e-01
2.676999999999999380e-01
5.820000000000000728e-01
4.421000000000000485e-01
4.667000000000000037e-01
2.689000000000000279e-01
3.913999999999998591e-01
4.776000000000001355e-01
2.237999999999999989e-01
2.567999999999999727e-01
2.921999999999999598e-01
4.310999999999999277e-01
3.457000000000002293e-01
1.686999999999999889e-01
1.463999999999999191e-01
3.939999999999999059e-01
2.088999999999998636e-01
1.676000000000000545e-01
7.520000000000008622e-02
1.732999999999999263e-01
3.108999999999999542e-01
2.541000000000001036e-01
9.134000000000001007e-01
7.167999999999999927e-01
5.123999999999999666e-01
2.476000000000000978e-01
1.240000000000000269e-01
1.240000000000000269e-01
2.512000000000000899e-01
1.553000000000000491e-01
5.160000000000006248e-02
1.704000000000001624e-01
1.450999999999998125e-01
8.840000000000011737e-02
8.540000000000014246e-02
1.955000000000000904e-01
1.690999999999999170e-01
1.545000000000000817e-01
1.087000000000000050e-01
1.429000000000001380e-01
1.642999999999998351e-01
9.739999999999984781e-02
8.729999999999998872e-02
1.875000000000000000e-01
6.810000000000011877e-02
1.965000000000000080e-01
4.034000000000000918e-01
5.705999999999999961e-01
4.835999999999999188e-01
4.954999999999999405e-01
4.690999999999999615e-01
3.313999999999999724e-01
3.262000000000001010e-01
3.473000000000000531e-01
4.205000000000001514e-01
2.486999999999998656e-01
1.114999999999998909e-01
2.612999999999999767e-01
2.010000000000000120e-01
2.424999999999999933e-01
4.748000000000001108e-01
3.564999999999999836e-01
2.479999999999998872e-01
2.600000000000000089e-01
5.750000000000001776e-01
9.540999999999999481e-01
7.418000000000000149e-01
5.226999999999999424e-01
3.407999999999999918e-01
5.715999999999998860e-01
5.914999999999999147e-01
1.509000000000001174e-01
6.367999999999999217e-01
6.967999999999998639e-01
4.316000000000000392e-01
2.747000000000000552e-01
8.288999999999999702e-01
7.488999999999998991e-01
2.348000000000000087e-01
1.078899999999999970e+00
6.753000000000000114e-01
6.569999999999999174e-01
2.476999999999998370e-01
1.732000000000000761e-01
4.853000000000000647e-01
3.841999999999999305e-01
1.398999999999999966e-01
5.109000000000000208e-01
3.997999999999999332e-01
3.407000000000001139e-01
2.719000000000001416e-01
3.521999999999999575e-01
2.434200000000000141e+00
7.910999999999999144e-01
1.830499999999999794e+00
3.498000000000000553e-01
6.382000000000001005e-01
2.568999999999999062e-01
1.735999999999999766e-01
1.649999999999999800e-01
7.045999999999998931e-01
6.988999999999999657e-01
6.559000000000001496e-01
