6.032999999999999474e-01
7.180000000000000271e-02
6.689999999999998725e-02
6.390000000000001235e-02
1.242999999999999938e-01
7.150000000000000799e-02
6.070000000000006640e-02
6.380000000000009275e-02
8.329999999999995741e-02
7.359999999999997100e-02
2.940000000000003375e-02
1.209999999999999964e-01
3.189999999999999780e-02
5.509999999999998233e-02
3.549999999999996214e-02
9.080000000000000571e-02
3.330000000000001709e-02
5.860000000000002707e-02
1.466999999999999971e-01
1.933999999999999886e-01
1.350000000000000089e-01
5.330000000000001403e-02
7.650000000000005407e-02
5.939999999999998059e-02
5.419999999999999818e-02
5.029999999999999749e-02
1.760000000000000106e-02
4.569999999999999063e-02
2.470000000000003443e-02
5.499999999999997946e-02
5.000000000000006523e-02
6.030000000000007576e-02
5.130000000000001226e-02
5.660000000000003917e-02
6.330000000000000904e-02
6.210000000000000242e-02
7.300000000000000933e-02
6.919999999999998375e-02
5.160000000000000003e-02
3.569999999999996787e-02
4.080000000000001681e-02
6.609999999999997822e-02
6.660000000000003417e-02
6.170000000000001178e-02
2.859999999999995879e-02
6.280000000000000859e-02
3.610000000000002096e-02
3.349999999999996037e-02
6.350000000000000089e-02
3.619999999999998913e-02
2.650000000000000272e-02
5.360000000000000181e-02
3.939999999999998365e-02
5.400000000000002714e-02
3.290000000000004032e-02
6.000000000000000472e-02
1.039999999999999675e-01
4.979999999999999011e-02
5.999999999999998390e-02
3.430000000000001104e-02
9.029999999999997751e-02
7.819999999999996398e-02
4.289999999999994512e-02
7.340000000000000691e-02
2.899999999999999800e-02
4.730000000000006422e-02
1.085000000000000409e-01
8.179999999999996996e-02
5.629999999999997506e-02
4.079999999999996130e-02
7.259999999999997011e-02
1.343999999999999639e-01
5.079999999999999100e-02
4.100000000000003642e-02
6.089999999999996111e-02
3.360000000000002568e-02
5.229999999999995069e-02
8.140000000000000013e-02
5.150000000000001799e-02
6.150000000000001299e-02
2.290000000000002103e-02
3.459999999999998493e-02
6.139999999999996155e-02
7.359999999999997100e-02
7.419999999999996043e-02
4.419999999999998930e-02
5.630000000000000282e-02
3.549999999999998990e-02
4.019999999999997881e-02
6.760000000000002118e-02
7.769999999999996354e-02
7.600000000000001199e-02
5.249999999999996336e-02
2.780000000000000526e-02
7.389999999999997959e-02
4.339999999999997332e-02
5.947999999999999954e-01
6.707999999999998408e-01
3.530000000000000360e-01
1.345999999999999974e-01
2.369999999999999329e-01
1.756999999999999951e-01
2.667000000000000481e-01
2.118999999999999773e-01
3.888999999999999679e-01
4.034000000000000363e-01
3.271000000000000019e-01
1.869999999999999163e-01
1.308000000000000274e-01
1.068000000000000477e-01
9.360000000000000264e-02
7.969999999999992368e-02
7.209999999999996967e-02
1.494000000000000605e-01
6.690000000000001501e-02
1.191000000000000808e-01
1.091999999999999638e-01
8.160000000000000586e-02
1.828999999999999793e-01
1.435000000000000164e-01
1.158000000000000695e-01
1.669000000000000206e-01
1.767999999999999849e-01
2.957999999999999519e-01
1.025000000000000633e-01
1.464000000000000301e-01
2.091999999999999971e-01
2.132999999999999896e-01
1.543000000000000205e-01
1.286000000000000199e-01
9.009999999999998566e-02
2.229999999999999483e-01
8.199999999999996181e-02
7.959999999999999021e-02
8.239999999999998714e-02
6.100000000000000561e-02
1.702999999999999792e-01
1.011999999999999567e-01
9.829999999999999849e-02
6.750000000000003220e-02
2.118999999999999495e-01
1.721999999999999642e-01
1.363000000000000322e-01
1.337000000000000133e-01
1.273000000000000242e-01
9.070000000000001672e-02
7.050000000000003486e-02
1.451000000000000068e-01
9.910000000000003528e-02
1.247000000000000053e-01
7.530000000000000582e-02
1.140999999999999515e-01
9.639999999999998570e-02
1.100999999999999479e-01
1.977999999999999481e-01
2.076000000000000068e-01
2.138000000000000456e-01
8.879999999999996230e-02
7.719999999999996310e-02
9.299999999999999933e-02
9.679999999999999716e-02
1.957000000000000406e-01
8.000000000000001554e-02
5.790000000000006253e-02
7.639999999999994018e-02
1.634999999999999787e-01
1.195999999999999702e-01
9.570000000000006279e-02
1.139000000000000012e-01
4.349999999999998312e-02
8.039999999999998537e-02
6.909999999999996700e-02
1.243999999999999828e-01
1.275999999999999357e-01
8.439999999999997504e-02
1.155999999999999805e-01
1.541000000000000147e-01
2.154000000000000359e-01
1.181000000000000105e-01
