4.516000000000000014e-01
3.269999999999999574e-01
2.412000000000000255e-01
1.957000000000000128e-01
8.549999999999993716e-02
9.489999999999999825e-02
2.624000000000000221e-01
1.901999999999999802e-01
1.362999999999999212e-01
1.282999999999999974e-01
7.109999999999996878e-02
7.440000000000000779e-02
1.346000000000000529e-01
6.589999999999995861e-02
4.489999999999999547e-02
1.620999999999999941e-01
1.292000000000000370e-01
9.429999999999999494e-02
5.839999999999992419e-02
6.240000000000002489e-02
6.519999999999995244e-02
6.219999999999994283e-02
4.619999999999999107e-02
1.040999999999999565e-01
1.106999999999999512e-01
3.389999999999999680e-01
2.421999999999999709e-01
1.035000000000000364e-01
2.007999999999999785e-01
1.431999999999999662e-01
1.430000000000000437e-01
7.759999999999997455e-02
4.019999999999998574e-02
9.129999999999999227e-02
2.870000000000001716e-02
1.113000000000000517e-01
1.104000000000000398e-01
1.096000000000000030e-01
8.530000000000001470e-02
6.950000000000000622e-02
9.170000000000003149e-02
4.220000000000002915e-02
9.520000000000000684e-02
5.940000000000002223e-02
5.730000000000001065e-02
9.620000000000004936e-02
1.414000000000000257e-01
1.922999999999999710e-01
1.809999999999999387e-01
5.220000000000002416e-02
4.619999999999999107e-02
9.429999999999999494e-02
8.539999999999998981e-02
4.209999999999994996e-02
5.520000000000001295e-02
1.379000000000000226e-01
2.175999999999999601e-01
8.099999999999998868e-02
2.827000000000000068e-01
4.974999999999999978e-01
1.205000000000000238e-01
4.120000000000000329e-01
2.689999999999999614e-01
5.469999999999999168e-02
7.150000000000003575e-02
7.059999999999999609e-02
6.639999999999995905e-02
4.460000000000000769e-02
8.280000000000001248e-02
9.129999999999996452e-02
6.150000000000003381e-02
6.960000000000000908e-02
1.146999999999999686e-01
3.819999999999994234e-02
7.049999999999997935e-02
4.990000000000002767e-02
5.009999999999999176e-02
6.009999999999995901e-02
4.700000000000002787e-02
1.108999999999999847e-01
1.324999999999999789e-01
6.560000000000006104e-02
5.100000000000004530e-02
9.239999999999998215e-02
8.170000000000002260e-02
6.860000000000000819e-02
9.479999999999999538e-02
8.849999999999998146e-02
1.121999999999999525e-01
6.219999999999995671e-02
6.389999999999998459e-02
5.780000000000001803e-02
1.303000000000000269e-01
1.077000000000000179e-01
6.720000000000003748e-02
6.840000000000004410e-02
4.059999999999996945e-02
7.189999999999995006e-02
6.779999999999997140e-02
6.450000000000000178e-02
3.190000000000003944e-02
7.130000000000003002e-02
7.020000000000004015e-02
6.239999999999996938e-02
8.839999999999999247e-02
7.939999999999999836e-02
7.229999999999997540e-02
5.250000000000000500e-02
5.079999999999999793e-02
5.210000000000000742e-02
4.259999999999997122e-02
3.569999999999997481e-02
6.399999999999997358e-02
1.087000000000000466e-01
1.167000000000000676e-01
6.920000000000002538e-02
5.369999999999999080e-02
4.820000000000003448e-02
4.960000000000003989e-02
9.080000000000001958e-02
1.050999999999999712e-01
9.050000000000003875e-02
6.810000000000003550e-02
3.699999999999999817e-02
1.170000000000000207e-01
5.789999999999997926e-02
7.990000000000002656e-02
7.490000000000002212e-02
1.748000000000000109e-01
1.141999999999999682e-01
6.339999999999998415e-02
2.120000000000003826e-02
4.710000000000007236e-02
5.079999999999997018e-02
5.800000000000000988e-02
5.229999999999998539e-02
4.990000000000004848e-02
4.870000000000004187e-02
5.429999999999998023e-02
2.339999999999999719e-02
3.220000000000001333e-02
6.079999999999995824e-02
9.180000000000000659e-02
5.979999999999997817e-02
4.919999999999996598e-02
3.859999999999996767e-02
3.270000000000001378e-02
6.760000000000002118e-02
3.569999999999997481e-02
6.110000000000005704e-02
7.859999999999998932e-02
5.819999999999995316e-02
3.489999999999998659e-02
9.709999999999997800e-02
2.062999999999999834e-01
5.695999999999999952e-01
4.231000000000000316e-01
1.913999999999999868e-01
1.828000000000000180e-01
8.430000000000004157e-02
6.989999999999998992e-02
3.827000000000000401e-01
1.678199999999999692e+00
2.961999999999999078e-01
3.622999999999998999e-01
2.160999999999998478e-01
8.416999999999998927e-01
1.314699999999999980e+00
8.216999999999998749e-01
9.910000000000001030e-01
2.107999999999999596e-01
1.015000000000000902e-01
1.554999999999999716e-01
1.882000000000000062e-01
1.844000000000000083e-01
6.739999999999998770e-02
7.909999999999992037e-02
5.419999999999997042e-02
8.679999999999998828e-02
