2.161000000000000143e-01
1.512000000000000011e-01
1.066999999999999893e-01
6.598000000000000531e-01
3.923999999999999710e-01
3.633999999999999453e-01
1.401000000000000023e-01
1.530000000000000249e-01
1.120000000000000023e-01
7.810000000000001663e-02
1.742000000000000215e-01
5.716999999999999860e-01
1.615499999999999936e+00
4.356999999999999207e-01
1.904399999999999871e+00
3.606000000000000316e-01
3.583000000000000629e-01
7.709999999999997411e-02
1.163999999999999896e-01
1.542999999999999650e-01
2.833000000000000518e-01
4.904999999999999916e-01
3.392000000000000015e-01
8.826999999999999291e-01
1.494699999999999918e+00
1.718000000000001748e-01
2.098000000000000420e-01
3.415999999999999592e-01
4.634000000000000341e-01
1.943999999999999617e-01
9.580000000000014893e-02
4.609000000000000319e-01
2.803000000000001046e-01
1.528000000000000191e-01
1.488000000000000433e-01
1.295999999999999375e-01
1.249000000000000526e-01
1.413999999999999979e-01
7.959999999999999021e-02
1.694999999999999563e-01
1.164000000000000173e-01
1.019000000000000183e-01
1.568999999999999562e-01
3.084999999999999964e-01
1.859999999999999432e-01
1.757999999999999285e-01
8.068999999999998396e-01
1.393999999999999961e-01
9.769999999999991191e-02
1.413999999999999424e-01
8.270000000000005125e-02
1.202999999999999625e-01
1.655999999999999972e-01
1.431000000000000050e-01
4.150000000000002298e-02
2.304999999999999827e-01
3.040000000000000480e-01
9.099999999999999756e-02
3.090999999999999304e-01
4.678999999999999826e-01
3.380999999999999561e-01
3.296000000000000041e-01
9.250000000000002665e-02
1.869999999999999163e-01
8.189999999999998670e-02
9.710000000000003351e-02
5.662000000000000366e-01
5.643000000000000238e-01
1.734000000000000541e-01
6.479999999999998261e-02
6.499999999999997446e-02
3.220000000000008966e-02
1.379999999999999283e-01
1.340000000000000080e-01
4.480000000000001203e-01
2.093000000000001248e-01
2.416999999999999982e-01
1.642999999999999738e-01
7.450000000000001066e-02
1.882000000000000339e-01
8.939999999999996561e-02
7.629999999999992344e-02
6.720000000000005136e-02
7.909999999999997589e-02
3.194000000000001283e-01
6.322999999999998622e-01
3.940999999999998948e-01
1.567000000000000060e-01
2.965000000000000413e-01
6.889999999999998903e-02
6.109999999999993214e-02
1.237000000000000044e-01
5.500000000000000722e-02
1.986999999999999322e-01
1.514000000000000623e-01
1.779000000000000026e-01
1.160000000000000336e-01
6.549999999999997491e-02
9.840000000000002911e-02
1.516000000000001235e-01
1.531000000000000694e-01
1.047999999999999765e-01
1.367999999999999494e-01
1.015999999999999820e-01
1.009999999999999371e-01
1.003399999999999848e+00
4.676999999999998936e-01
4.082000000000000628e-01
1.073999999999998428e-01
8.530000000000012572e-02
2.484999999999999709e-01
1.366999999999999049e-01
1.465000000000001856e-01
2.755999999999998451e-01
1.074999999999999289e-01
1.041999999999999593e-01
8.879999999999999005e-02
2.500999999999999890e-01
2.953999999999999959e-01
1.373000000000000331e-01
1.454999999999999905e-01
1.384999999999999565e-01
7.370000000000004325e-02
4.907000000000001361e-01
7.440000000000007718e-02
2.937000000000000721e-01
1.898999999999999300e-01
2.685999999999998944e-01
1.340999999999999415e-01
1.035000000000000087e-01
1.510999999999999566e-01
3.863000000000000878e-01
3.803999999999999604e-01
1.930999999999999661e-01
2.378999999999999448e-01
1.462999999999999023e-01
1.273000000000000798e-01
1.544000000000001205e-01
2.638999999999998014e-01
1.178999999999999909e-01
1.350000000000000644e-01
1.223999999999999533e-01
1.722999999999999532e-01
8.640000000000001845e-02
6.349999999999991762e-02
3.580000000000004706e-02
6.870000000000001106e-02
8.289999999999998759e-02
2.024000000000000243e-01
5.202000000000001068e-01
2.448000000000000176e-01
6.290000000000009472e-02
1.252000000000000335e-01
5.047000000000000375e-01
1.604000000000000148e-01
1.179000000000000326e-01
1.261000000000000176e-01
1.075000000000000122e-01
1.401000000000000301e-01
9.449999999999998679e-02
5.850000000000000339e-02
3.843000000000000305e-01
2.809000000000000385e-01
1.398999999999999133e-01
9.649999999999994693e-02
4.400000000000008765e-02
7.669999999999990714e-02
2.336000000000000298e-01
9.359999999999998876e-02
1.394000000000000794e-01
5.210000000000000742e-02
1.509000000000000341e-01
2.628000000000000336e-01
8.539999999999997593e-02
1.727000000000000202e-01
9.930000000000002713e-02
1.395000000000000129e-01
3.329000000000000292e-01
4.281999999999999140e-01
