6.985999999999999988e-01
1.548999999999999821e-01
2.616000000000000547e-01
3.504999999999999227e-01
4.700000000000000011e-02
3.096999999999999753e-01
4.115999999999999659e-01
7.899999999999997302e-02
1.330000000000000071e-01
8.889999999999999292e-02
9.300000000000002709e-02
1.801000000000000378e-01
1.079000000000000098e-01
2.302000000000000712e-01
4.416999999999999815e-01
4.084999999999999742e-01
1.513999999999999790e-01
2.111999999999999711e-01
1.927999999999999992e-01
2.066000000000000891e-01
3.275999999999999468e-01
4.824000000000000510e-01
1.239999999999999297e-01
1.376999999999999336e-01
3.187000000000000943e-01
1.682000000000000717e-01
1.205000000000000515e-01
1.218999999999998834e-01
5.780000000000004579e-02
8.339999999999997415e-02
8.420000000000002482e-02
1.345000000000000639e-01
2.869000000000000439e-01
4.082000000000000628e-01
2.350999999999999757e-01
1.921000000000000485e-01
1.453000000000000402e-01
2.623000000000000886e-01
2.062999999999999279e-01
2.135000000000000231e-01
7.412000000000000810e-01
3.266000000000000014e-01
1.245000000000001106e-01
4.451999999999999291e-01
3.292000000000000481e-01
2.276000000000000245e-01
3.160999999999998811e-01
2.719000000000000861e-01
2.832000000000000073e-01
6.545999999999999597e-01
2.931999999999999607e-01
1.279999999999998916e-01
2.852999999999999425e-01
4.661000000000000698e-01
1.028999999999998527e-01
2.462000000000000577e-01
3.511000000000000787e-01
1.377999999999999781e-01
1.490000000000001601e-01
1.661000000000000809e-01
1.917999999999998595e-01
1.191799999999999748e+00
5.517999999999997351e-01
2.172999999999997989e-01
3.234000000000001318e-01
2.611999999999998767e-01
2.644999999999999574e-01
9.079999999999996407e-02
1.285000000000000864e-01
1.485000000000000486e-01
1.089000000000001078e-01
7.210000000000002518e-02
1.110000000000001541e-01
1.889999999999998070e-01
1.564000000000000390e-01
8.460000000000009179e-02
2.092000000000003024e-01
2.851000000000000201e-01
1.527999999999999359e-01
5.919999999999989160e-02
8.210000000000017284e-02
9.480000000000012028e-02
9.190000000000031477e-02
1.117999999999996774e-01
5.349999999999990874e-02
1.519999999999999685e-01
3.736000000000003762e-01
1.300000000000004208e-01
1.014999999999997571e-01
2.240000000000000879e-01
2.422000000000001096e-01
1.189999999999999114e-01
7.410000000000002696e-02
6.329999999999968985e-02
5.970000000000022511e-02
6.849999999999989431e-02
8.260000000000003451e-02
1.456999999999999129e-01
8.890000000000004843e-02
1.067999999999997562e-01
4.689999999999966418e-02
7.870000000000007545e-02
9.590000000000011016e-02
1.205999999999999434e-01
2.515000000000000568e-01
1.575000000000003897e-01
8.189999999999986180e-02
4.130000000000030869e-02
9.050000000000014977e-02
1.803999999999998938e-01
1.946999999999999009e-01
7.689999999999996838e-01
4.571999999999999953e-01
1.034100000000000019e+00
1.408300000000000107e+00
7.060999999999999499e-01
3.298999999999999710e-01
5.306999999999997275e-01
2.419000000000001704e-01
8.180000000000012261e-02
2.972000000000000197e-01
3.229999999999997318e-01
1.564000000000000945e-01
1.171000000000001345e-01
1.509999999999998566e-01
1.549000000000000932e-01
3.436000000000001275e-01
3.685999999999998722e-01
2.408999999999998920e-01
1.032000000000000972e-01
5.669999999999997958e-02
1.148000000000000687e-01
8.919999999999966844e-02
4.639999999999960822e-02
6.479999999999985771e-02
1.876000000000001555e-01
1.595000000000001417e-01
1.527199999999999447e+00
8.770999999999995467e-01
8.315999999999998948e-01
2.797000000000003372e-01
1.604999999999996985e-01
7.087000000000001076e-01
1.025800000000000045e+00
7.996000000000001995e-01
3.723000000000002419e-01
2.604999999999996763e-01
2.628999999999999115e-01
1.131999999999999951e-01
1.727999999999997871e-01
2.298000000000000598e-01
5.117999999999998106e-01
2.326999999999998514e-01
2.922199999999999687e+00
7.028000000000004244e-01
6.713999999999999968e-01
8.404000000000000359e-01
8.123999999999997890e-01
3.468000000000003302e-01
2.380999999999995342e-01
1.442000000000002724e-01
2.767999999999994354e-01
3.326999999999997737e-01
1.199000000000003674e-01
1.353999999999996040e-01
3.610000000000035403e-02
4.350000000000053824e-02
6.370000000000047846e-02
6.930000000000008376e-02
5.979999999999999205e-02
9.739999999999987557e-02
3.368000000000000993e-01
2.228000000000000536e-01
1.058999999999999386e-01
9.959999999999982756e-02
5.299999999999954747e-02
1.049999999999996769e-01
1.217999999999999500e-01
7.689999999999980185e-02
