2.518000000000000238e-01
1.401000000000000023e-01
5.529999999999999499e-02
1.188999999999999918e-01
6.459999999999999076e-02
9.039999999999999425e-02
8.120000000000000828e-02
5.837999999999999856e-01
5.788999999999999702e-01
9.320000000000000506e-02
5.780000000000000415e-02
5.040000000000000729e-02
6.850000000000001921e-02
3.810000000000000053e-01
8.183000000000000274e-01
7.711000000000000076e-01
4.033999999999999808e-01
2.203000000000000236e-01
3.508000000000000007e-01
6.510000000000000508e-02
1.275000000000000022e-01
2.004000000000000781e-01
2.836999999999999522e-01
1.879000000000000115e-01
6.730000000000002647e-02
1.679000000000000214e-01
1.264000000000000123e-01
4.070000000000004170e-02
2.999999999999998848e-02
7.919999999999999263e-02
7.750000000000001332e-02
4.929999999999998966e-02
1.484999999999999654e-01
1.072999999999999510e-01
1.525000000000000244e-01
6.080000000000000682e-02
9.149999999999997025e-02
1.454000000000000015e-01
7.544999999999999485e-01
8.853000000000001979e-01
5.160000000000000142e-01
1.008000000000000007e-01
1.408000000000000362e-01
1.294000000000000150e-01
1.760000000000000175e-01
1.703000000000000069e-01
1.413000000000000367e-01
1.433999999999999997e-01
9.710000000000001963e-02
7.919999999999995099e-02
8.130000000000002502e-02
5.646999999999999797e-01
5.330000000000000293e-01
1.477999999999999869e-01
1.408000000000000085e-01
5.539999999999994929e-02
6.549999999999994715e-02
1.006999999999999701e-01
5.229999999999997151e-02
1.508000000000000451e-01
7.300000000000002320e-02
4.689999999999995561e-02
3.418999999999999817e-01
6.742999999999998995e-01
2.448000000000000453e-01
3.312000000000000499e-01
1.277199999999999891e+00
2.253000000000000003e-01
7.049999999999999323e-02
1.182000000000000134e-01
8.509999999999999509e-02
7.990000000000001268e-02
6.740000000000000158e-02
3.469999999999997392e-02
5.119999999999996776e-02
3.589999999999995278e-02
1.171999999999999986e-01
1.073000000000000342e-01
7.789999999999994151e-02
6.239999999999996244e-02
6.799999999999994937e-02
3.029000000000000581e-01
7.353999999999998316e-01
6.094000000000000528e-01
4.560000000000002940e-02
8.930000000000004601e-02
5.089999999999996610e-02
4.789999999999999813e-02
9.400000000000000022e-02
9.879999999999994342e-02
4.720000000000002666e-02
6.209999999999991221e-02
1.213999999999999246e-01
5.210000000000003517e-02
2.720000000000004012e-02
6.160000000000001585e-02
8.059999999999996334e-02
2.576000000000000512e-01
3.242000000000000437e-01
2.058999999999999164e-01
4.242000000000000215e-01
1.084799999999999986e+00
1.047699999999999854e+00
1.213999999999999968e+00
5.733999999999999098e-01
3.118999999999999551e-01
1.381000000000000560e-01
1.361000000000000265e-01
2.203999999999999848e-01
1.194999999999999951e-01
7.720000000000001861e-02
9.959999999999999409e-02
6.529999999999999694e-02
7.759999999999998843e-02
5.159999999999999309e-02
1.653999999999999915e-01
1.623000000000000276e-01
1.084999999999999992e-01
7.530000000000004745e-02
7.289999999999999258e-02
5.860000000000006176e-02
5.140000000000005675e-02
8.500000000000003386e-02
2.568000000000000282e-01
1.291999999999999815e-01
7.900000000000000078e-02
1.082699999999999996e+00
3.855000000000000648e-01
8.731999999999999762e-01
4.780999999999999694e-01
3.883999999999999675e-01
5.762000000000000455e-01
2.540999999999999925e-01
2.711999999999999966e-01
2.516999999999999793e-01
5.285999999999999588e-01
1.874999999999999445e-01
7.590000000000005076e-02
7.950000000000001510e-02
5.069000000000000172e-01
1.158199999999999896e+00
5.283999999999999808e-01
3.776999999999999802e-01
4.990000000000001379e-02
1.090999999999999748e-01
9.670000000000000817e-02
8.869999999999997331e-02
3.534000000000000474e-01
3.148000000000000242e-01
3.245000000000000107e-01
1.556000000000000161e-01
1.269999999999999740e-01
2.561999999999999833e-01
4.378999999999999559e-01
5.279999999999998583e-02
7.710000000000000187e-02
2.057999999999999829e-01
4.079000000000000403e-01
5.628000000000000780e-01
1.649999999999999800e-01
8.439999999999997504e-02
3.689999999999996755e-02
1.613999999999999602e-01
2.156999999999999751e-01
3.194000000000000172e-01
1.961000000000000243e-01
8.450000000000001954e-02
2.874000000000000443e-01
7.282000000000000695e-01
3.799000000000000155e-01
2.327999999999999514e-01
9.200000000000005396e-02
1.086999999999999911e-01
8.449999999999996403e-02
3.034999999999999920e-01
4.559999999999995307e-02
2.514999999999999458e-01
9.159999999999998699e-02
1.533999999999999253e-01
