2.477000000000000035e-01
8.829999999999997573e-02
6.230000000000000815e-02
2.429999999999999521e-02
2.779999999999999138e-02
3.450000000000000289e-02
4.100000000000000172e-02
5.060000000000000608e-02
5.950000000000000427e-02
3.899999999999998607e-02
1.025999999999999968e-01
1.149000000000000160e-01
6.619999999999998108e-02
6.979999999999997318e-02
6.700000000000000400e-02
2.790000000000002547e-02
2.129999999999998214e-02
2.819999999999996815e-02
9.840000000000001523e-02
1.141000000000000208e-01
9.020000000000001628e-02
9.369999999999997775e-02
4.160000000000005360e-02
7.430000000000001881e-02
7.190000000000000557e-02
5.799999999999999600e-02
1.340000000000001606e-02
4.450000000000001177e-02
3.889999999999994851e-02
3.619999999999996831e-02
4.079999999999994742e-02
4.530000000000001387e-02
2.479999999999996790e-02
6.220000000000003998e-02
1.680000000000001978e-02
5.130000000000001226e-02
6.779999999999998528e-02
5.000000000000003053e-02
6.459999999999999076e-02
7.760000000000000231e-02
3.709999999999998715e-02
3.570000000000002338e-02
6.589999999999997249e-02
2.100000000000001171e-02
5.379999999999997284e-02
4.870000000000003493e-02
6.360000000000001763e-02
1.093999999999999695e-01
5.769999999999998741e-02
7.450000000000001066e-02
8.739999999999999158e-02
9.799999999999998990e-02
8.320000000000002394e-02
9.989999999999998881e-02
4.170000000000006340e-02
1.234000000000000513e-01
6.959999999999999520e-02
6.119999999999996970e-02
5.090000000000001468e-02
4.819999999999999285e-02
7.749999999999997169e-02
6.329999999999998128e-02
9.079999999999999183e-02
8.620000000000004048e-02
7.330000000000000404e-02
7.969999999999997919e-02
9.359999999999996101e-02
9.009999999999998566e-02
8.070000000000000784e-02
6.540000000000004143e-02
4.449999999999999789e-02
9.319999999999999118e-02
3.810000000000001580e-02
1.981999999999999873e-01
1.830999999999999850e-01
1.100000000000000006e-01
1.169000000000000039e-01
9.210000000000000131e-02
8.370000000000005214e-02
5.889999999999996627e-02
4.389999999999999458e-02
8.410000000000003584e-02
1.000000000000000056e-01
1.046000000000000263e-01
1.012000000000000816e-01
8.240000000000005653e-02
5.080000000000000487e-02
1.461999999999999689e-01
1.413000000000000089e-01
1.956999999999999573e-01
1.440999999999999781e-01
1.037999999999999756e-01
8.880000000000001781e-02
6.520000000000000795e-02
7.169999999999999984e-02
6.940000000000004499e-02
3.219999999999994394e-02
4.969999999999998030e-02
1.127000000000000224e-01
1.337999999999999745e-01
7.670000000000001816e-02
1.295999999999999652e-01
7.050000000000004874e-02
1.178000000000000019e-01
1.425000000000000155e-01
8.780000000000003080e-02
3.727000000000000313e-01
1.179999999999999938e-01
1.828000000000000180e-01
4.459999999999999382e-02
8.150000000000004463e-02
1.137999999999999567e-01
3.909999999999992648e-02
8.150000000000001688e-02
7.960000000000003184e-02
7.409999999999994369e-02
7.960000000000000409e-02
8.790000000000000591e-02
1.176999999999999574e-01
7.659999999999997367e-02
2.202000000000000624e-01
1.678000000000000047e-01
1.074000000000000093e-01
1.149999999999999911e-01
8.400000000000004685e-02
9.800000000000000377e-02
6.769999999999998241e-02
3.300000000000000849e-02
2.392000000000000515e-01
2.129999999999999949e-01
5.809999999999996417e-02
7.869999999999996443e-02
4.949999999999997458e-02
1.238999999999999407e-01
9.479999999999998150e-02
7.009999999999998177e-02
5.009999999999998482e-02
1.253000000000000225e-01
5.660000000000003223e-02
1.155999999999999805e-01
4.760000000000001730e-02
5.960000000000004183e-02
2.147999999999999632e-01
2.331999999999999906e-01
7.189999999999996394e-02
1.080999999999999461e-01
7.930000000000000937e-02
8.280000000000002636e-02
9.719999999999998086e-02
5.540000000000004643e-02
9.559999999999994891e-02
1.215999999999999859e-01
5.009999999999992931e-02
1.096999999999999642e-01
1.031999999999999723e-01
5.580000000000001625e-02
5.469999999999999168e-02
6.499999999999997446e-02
4.029999999999996085e-02
5.870000000000004381e-02
7.449999999999989964e-02
9.710000000000001963e-02
7.390000000000002123e-02
6.930000000000002824e-02
1.016000000000000375e-01
1.133000000000000118e-01
5.270000000000003848e-02
4.789999999999997732e-02
6.110000000000005704e-02
1.421999999999999931e-01
7.950000000000001510e-02
7.680000000000002103e-02
9.929999999999999938e-02
5.070000000000001589e-02
8.569999999999998452e-02
6.990000000000003155e-02
7.109999999999999654e-02
4.240000000000000019e-02
3.270000000000011092e-02
