2.656000000000000028e-01
1.010999999999999954e-01
4.979999999999999705e-02
3.709999999999999409e-02
7.530000000000000582e-02
1.331999999999999851e-01
7.440000000000000779e-02
3.839999999999998276e-02
5.129999999999999838e-02
1.283000000000000251e-01
1.640000000000000346e-01
6.450000000000002953e-02
3.529999999999997723e-02
4.630000000000000782e-02
9.129999999999997840e-02
5.509999999999998233e-02
1.051999999999999602e-01
1.056000000000000133e-01
1.058999999999999941e-01
7.259999999999998399e-02
7.600000000000002587e-02
1.147000000000000242e-01
8.259999999999997899e-02
6.550000000000001654e-02
6.169999999999999790e-02
5.490000000000000435e-02
8.489999999999998936e-02
9.060000000000001386e-02
6.079999999999998600e-02
8.590000000000000413e-02
1.278999999999999859e-01
3.770000000000002516e-02
1.045999999999999985e-01
5.540000000000000480e-02
1.328999999999999904e-01
3.689999999999998143e-02
5.279999999999997889e-02
4.320000000000001616e-02
8.949999999999999623e-02
7.220000000000001417e-02
6.329999999999999516e-02
4.579999999999998656e-02
5.759999999999999148e-02
4.589999999999998942e-02
3.760000000000001535e-02
6.930000000000002824e-02
7.020000000000002627e-02
8.380000000000004112e-02
2.040000000000000147e-02
9.410000000000000309e-02
1.584000000000000130e-01
5.790000000000000702e-02
9.620000000000000773e-02
8.000000000000001554e-02
9.010000000000001341e-02
9.070000000000000284e-02
3.969999999999998530e-02
8.570000000000001228e-02
6.440000000000001279e-02
3.949999999999999345e-02
4.450000000000000483e-02
6.850000000000001921e-02
3.059999999999999179e-02
8.150000000000001688e-02
8.209999999999997855e-02
4.309999999999998554e-02
5.250000000000001193e-02
7.370000000000000162e-02
1.305999999999999939e-01
1.582999999999999963e-01
9.059999999999999998e-02
4.730000000000000177e-02
6.449999999999998790e-02
1.310000000000000053e-01
4.790000000000001895e-02
1.261999999999999789e-01
4.170000000000000095e-02
5.200000000000001149e-02
1.537000000000000033e-01
1.175999999999999823e-01
1.118999999999999856e-01
1.008999999999999897e-01
1.250999999999999890e-01
7.009999999999998177e-02
7.139999999999999125e-02
5.339999999999996139e-02
1.053000000000000325e-01
1.364000000000000212e-01
5.790000000000000702e-02
6.229999999999999427e-02
1.076000000000000012e-01
9.889999999999998792e-02
4.979999999999998317e-02
1.376000000000000001e-01
9.100000000000001144e-02
1.393999999999999961e-01
1.275999999999999912e-01
4.199999999999999567e-02
7.130000000000000226e-02
1.392000000000000459e-01
1.596000000000000196e-01
5.290000000000000258e-02
5.610000000000000403e-02
1.112000000000000072e-01
7.060000000000002385e-02
7.070000000000001283e-02
1.095000000000000140e-01
1.244999999999999996e-01
7.220000000000001417e-02
7.660000000000001530e-02
7.189999999999999170e-02
8.350000000000001865e-02
6.650000000000000355e-02
6.810000000000002163e-02
1.308000000000000274e-01
7.909999999999997589e-02
8.650000000000000744e-02
5.759999999999998455e-02
6.829999999999999960e-02
2.589999999999999941e-02
7.810000000000000275e-02
3.729999999999995125e-02
1.252999999999999670e-01
5.569999999999997869e-02
9.679999999999999716e-02
5.859999999999999931e-02
6.249999999999999306e-02
6.730000000000002647e-02
4.690000000000002500e-02
5.140000000000001512e-02
5.670000000000000040e-02
4.139999999999999236e-02
3.599999999999996259e-02
7.239999999999999214e-02
7.209999999999999742e-02
2.350000000000000699e-02
9.099999999999999756e-02
1.356000000000000538e-01
6.420000000000003482e-02
5.080000000000002569e-02
4.150000000000001604e-02
6.380000000000000948e-02
5.529999999999998112e-02
4.189999999999995811e-02
5.840000000000002134e-02
9.400000000000001410e-02
6.870000000000002494e-02
6.410000000000001807e-02
6.259999999999998899e-02
8.289999999999997371e-02
7.449999999999998290e-02
2.740000000000000074e-02
4.989999999999996522e-02
6.180000000000000770e-02
6.490000000000001323e-02
3.889999999999997626e-02
5.670000000000001428e-02
1.130999999999999922e-01
5.949999999999999734e-02
6.290000000000003921e-02
4.279999999999999777e-02
3.850000000000001338e-02
8.479999999999998650e-02
4.110000000000001152e-02
3.500000000000001027e-02
1.000000000000000333e-01
4.070000000000004170e-02
4.520000000000000406e-02
4.240000000000000019e-02
1.448999999999999733e-01
5.370000000000003243e-02
8.090000000000001357e-02
4.429999999999997828e-02
7.559999999999997278e-02
5.349999999999999895e-02
5.379999999999999366e-02
9.519999999999995133e-02
4.359999999999999987e-02
7.570000000000001728e-02
