4.543000000000000371e-01
2.125999999999999834e-01
9.320000000000000506e-02
1.439999999999999891e-01
1.775999999999999801e-01
8.909999999999998477e-02
7.340000000000002078e-02
7.769999999999996354e-02
2.330000000000000474e-02
5.609999999999999709e-02
5.890000000000000790e-02
5.070000000000002283e-02
7.940000000000001223e-02
9.639999999999999958e-02
1.508000000000000174e-01
1.046000000000000124e-01
6.599999999999998923e-02
6.699999999999996236e-02
2.029999999999999860e-02
6.509999999999999121e-02
6.379999999999996785e-02
1.711999999999999633e-01
1.130000000000000171e-01
5.980000000000000593e-02
3.880000000000002891e-02
9.440000000000002556e-02
1.062999999999999501e-01
7.620000000000000384e-02
3.809999999999997417e-02
7.679999999999997939e-02
1.396999999999999909e-01
2.909999999999995229e-02
3.779999999999997945e-02
7.099999999999999367e-02
1.021999999999999853e-01
4.489999999999999547e-02
5.009999999999997788e-02
3.359999999999999098e-02
3.000000000000004052e-02
4.740000000000000463e-02
4.429999999999996441e-02
1.506000000000000116e-01
2.257000000000000117e-01
1.502999999999999337e-01
2.111000000000000376e-01
2.600000000000003697e-02
5.100000000000000366e-02
8.330000000000001292e-02
3.809999999999997417e-02
5.990000000000000879e-02
1.091000000000000303e-01
4.879999999999998922e-02
5.340000000000005853e-02
8.490000000000003100e-02
2.459999999999998299e-02
8.149999999999996136e-02
1.082999999999999657e-01
4.730000000000003646e-02
5.829999999999994909e-02
4.739999999999996300e-02
4.910000000000001169e-02
5.309999999999999443e-02
6.970000000000002582e-02
9.719999999999995310e-02
4.359999999999995129e-02
4.220000000000002915e-02
6.640000000000004232e-02
4.899999999999999495e-02
2.500000000000001874e-02
7.440000000000000779e-02
9.060000000000002773e-02
2.849999999999993164e-02
5.189999999999996699e-02
5.530000000000005050e-02
1.217000000000000026e-01
5.439999999999997615e-02
8.159999999999997811e-02
9.090000000000006408e-02
3.899999999999993749e-02
4.370000000000002355e-02
4.829999999999999571e-02
8.330000000000001292e-02
3.040000000000003810e-02
5.890000000000001484e-02
5.480000000000001537e-02
3.059999999999997444e-02
8.839999999999989533e-02
9.439999999999999780e-02
1.187999999999999889e-01
4.860000000000000431e-02
5.530000000000000193e-02
1.122000000000000219e-01
4.369999999999997498e-02
6.970000000000006746e-02
6.809999999999995224e-02
4.599999999999998535e-02
5.630000000000002364e-02
7.069999999999992957e-02
7.229999999999991989e-02
2.649999999999999578e-02
5.460000000000003739e-02
1.386999999999999900e-01
1.566999999999999504e-01
9.519999999999993745e-02
9.440000000000008107e-02
9.390000000000009450e-02
9.230000000000003479e-02
9.730000000000002536e-02
6.839999999999997471e-02
1.410000000000000420e-01
9.840000000000001523e-02
1.176999999999999436e-01
3.049999999999998199e-02
6.470000000000000751e-02
7.189999999999999170e-02
8.379999999999998561e-02
5.129999999999998450e-02
3.760000000000002229e-02
8.460000000000006404e-02
9.770000000000006457e-02
3.639999999999998792e-02
4.220000000000001528e-02
5.390000000000002428e-02
2.610000000000000514e-02
2.779999999999999138e-02
5.490000000000002517e-02
7.189999999999997782e-02
5.379999999999996591e-02
6.870000000000001106e-02
1.131000000000000200e-01
1.081999999999999768e-01
8.199999999999998956e-02
4.619999999999998413e-02
2.380000000000000865e-02
2.149999999999998440e-02
5.169999999999995433e-02
1.054999999999999688e-01
6.630000000000002558e-02
8.969999999999996032e-02
2.019999999999999851e-01
6.049999999999999128e-02
8.480000000000002813e-02
1.247999999999999804e-01
4.169999999999995932e-02
5.100000000000000366e-02
9.489999999999992886e-02
4.480000000000002036e-02
8.580000000000001514e-02
5.219999999999998946e-02
4.579999999999993798e-02
3.480000000000003230e-02
5.539999999999996316e-02
5.759999999999997067e-02
8.370000000000006601e-02
3.279999999999999583e-02
1.559999999999994030e-02
3.129999999999999449e-02
2.260000000000003673e-02
5.490000000000000435e-02
9.810000000000006215e-02
5.909999999999997894e-02
8.520000000000006735e-02
3.949999999999997957e-02
4.069999999999998619e-02
4.519999999999999019e-02
6.219999999999994977e-02
5.180000000000008209e-02
6.809999999999999387e-02
9.829999999999997073e-02
4.289999999999995206e-02
8.970000000000000195e-02
8.070000000000000784e-02
1.329999999999999516e-01
3.680000000000008265e-02
9.669999999999998042e-02
6.019999999999994800e-02
5.710000000000001186e-02
5.219999999999995477e-02
1.804999999999999938e-01
