5.688999999999999613e-01
2.909000000000000474e-01
1.843000000000000194e-01
6.039999999999996066e-02
1.466999999999999416e-01
6.609999999999999210e-02
1.068999999999999950e-01
8.799999999999999489e-02
9.750000000000001721e-02
1.147999999999999993e-01
5.929999999999997079e-02
1.352999999999999758e-01
1.708999999999999964e-01
8.239999999999997327e-02
6.920000000000001150e-02
6.970000000000001195e-02
3.789999999999997538e-02
6.880000000000001392e-02
8.569999999999999840e-02
1.753999999999999726e-01
5.189999999999999475e-02
1.121999999999999942e-01
5.329999999999997934e-02
5.000000000000000278e-02
1.063000000000000056e-01
1.199999999999999956e-01
3.109999999999994019e-02
7.750000000000004108e-02
7.320000000000001505e-02
6.579999999999999738e-02
7.260000000000005338e-02
8.950000000000001010e-02
3.690000000000000224e-02
4.890000000000003372e-02
1.142000000000000098e-01
1.166999999999999704e-01
1.646000000000000518e-01
9.720000000000000862e-02
1.204000000000000070e-01
1.676000000000000267e-01
5.680000000000001020e-02
1.146999999999999964e-01
2.161000000000000143e-01
1.938000000000000278e-01
2.856000000000000205e-01
2.361999999999999933e-01
1.146999999999999825e-01
4.069999999999996537e-02
1.042999999999999483e-01
3.120000000000000204e-02
6.459999999999999076e-02
4.930000000000003130e-02
8.639999999999999070e-02
6.169999999999999096e-02
1.647000000000000131e-01
1.172000000000000264e-01
3.829999999999999377e-02
3.780000000000002108e-02
3.590000000000005687e-02
1.173000000000000015e-01
1.244000000000000106e-01
7.080000000000004345e-02
7.840000000000002522e-02
5.239999999999998825e-02
7.989999999999998492e-02
3.409999999999999143e-02
6.100000000000002642e-02
2.490000000000001240e-02
1.081999999999999629e-01
1.341000000000000247e-01
9.840000000000001523e-02
2.475000000000000533e-01
8.310000000000000719e-02
3.040000000000001035e-02
3.330000000000002403e-02
1.361000000000000543e-01
1.656000000000000250e-01
9.660000000000000531e-02
1.192000000000000004e-01
7.879999999999998117e-02
5.990000000000005737e-02
2.399999999999994846e-02
9.719999999999998086e-02
9.949999999999994960e-02
6.240000000000005959e-02
8.020000000000003515e-02
4.960000000000008846e-02
7.130000000000005778e-02
9.479999999999996763e-02
7.359999999999999876e-02
1.093000000000000360e-01
5.620000000000004853e-02
5.989999999999993940e-02
3.899999999999997219e-02
6.069999999999994844e-02
8.120000000000003604e-02
7.419999999999997431e-02
5.749999999999997474e-02
5.350000000000001976e-02
9.009999999999999953e-02
1.023000000000000437e-01
4.729999999999998095e-02
5.999999999999997002e-02
7.689999999999996838e-02
3.489999999999996577e-02
4.500000000000002609e-02
6.220000000000002610e-02
4.860000000000008064e-02
5.870000000000005075e-02
7.040000000000005975e-02
7.230000000000001703e-02
1.086999999999999494e-01
1.256999999999999784e-01
1.112999999999999823e-01
1.090999999999999470e-01
1.027999999999999886e-01
1.518999999999999517e-01
8.719999999999999973e-02
1.119000000000000272e-01
4.109999999999996295e-02
6.370000000000002049e-02
1.003999999999999893e-01
1.626999999999999558e-01
9.630000000000001059e-02
2.493000000000000216e-01
1.643000000000000016e-01
2.610999999999999988e-01
1.890000000000000013e-01
2.167999999999999927e-01
2.872000000000000108e-01
2.081000000000000349e-01
3.459999999999997800e-02
4.909999999999997700e-02
4.046999999999999487e-01
9.370000000000000551e-02
1.800000000000000488e-01
2.339999999999999858e-01
1.819999999999999951e-01
1.733000000000000096e-01
1.650000000000000078e-01
2.748999999999999777e-01
2.308000000000000329e-01
1.202999999999999764e-01
1.105000000000000149e-01
2.736000000000000099e-01
1.124000000000000277e-01
1.264000000000000401e-01
9.530000000000000970e-02
1.931999999999999829e-01
1.695999999999999730e-01
1.667999999999999761e-01
1.758999999999999453e-01
1.014000000000000040e-01
2.344999999999999862e-01
2.206999999999999795e-01
1.497999999999999887e-01
2.036000000000000032e-01
4.619999999999999107e-02
8.449999999999999178e-02
3.210000000000001741e-02
2.098000000000000143e-01
3.406999999999999473e-01
1.572000000000000342e-01
3.643999999999999462e-01
7.789999999999996927e-02
2.399999999999998315e-02
6.110000000000000153e-02
9.870000000000000995e-02
1.108000000000000096e-01
1.033999999999999919e-01
1.121999999999999803e-01
2.053999999999999715e-01
1.817999999999999894e-01
3.769999999999999046e-02
4.279999999999999083e-02
1.870999999999999608e-01
3.087999999999999634e-01
2.093000000000000138e-01
7.890000000000002567e-02
