2.843999999999999861e-01
1.701999999999999902e-01
2.507000000000000339e-01
7.839000000000000412e-01
5.897999999999999909e-01
4.415999999999999925e-01
2.207199999999999829e+00
8.124999999999998890e-01
5.644000000000000128e-01
5.271999999999998909e-01
1.353900000000000103e+00
1.086899999999999977e+00
4.884000000000000563e-01
2.037900000000000045e+00
3.894000000000000794e-01
2.106999999999999984e-01
2.645000000000000129e-01
2.302999999999999770e-01
6.689999999999990399e-02
1.345000000000000084e-01
2.022999999999998966e-01
9.899999999999986589e-02
9.780000000000008131e-02
2.348000000000000365e-01
8.450000000000007505e-02
7.390000000000010449e-02
7.670000000000004592e-02
1.354000000000000203e-01
7.890000000000008118e-02
6.860000000000016085e-02
1.064000000000000778e-01
1.435199999999999809e+00
5.587999999999999634e-01
4.597999999999999310e-01
1.812999999999999334e-01
1.825000000000001621e-01
2.485999999999999321e-01
1.726999999999999647e-01
7.979999999999995430e-02
1.060999999999999444e-01
1.650999999999999968e-01
4.218000000000000083e-01
6.200000000000009670e-02
1.485999999999998711e-01
3.930000000000000160e-02
1.924999999999999767e-01
5.786000000000000032e-01
4.179000000000001602e-01
1.788000000000000700e-01
1.117999999999998856e-01
1.382000000000000173e-01
9.570000000000010443e-02
1.030999999999999278e-01
1.128000000000000391e-01
1.493999999999998662e-01
2.378999999999999171e-01
5.549999999999999378e-01
6.681999999999999051e-01
8.529999999999998694e-02
1.155999999999999667e-01
1.229999999999999288e-01
1.543999999999999817e-01
4.110000000000002540e-02
1.556000000000000993e-01
6.755999999999999783e-01
1.132300000000000084e+00
7.331999999999998519e-01
2.088200000000000056e+00
5.606999999999999762e-01
1.352999999999998371e-01
1.515000000000001623e-01
2.520999999999998797e-01
3.420999999999997931e-01
3.119999999999999440e-01
1.498000000000000442e-01
1.424999999999999600e-01
1.544000000000000927e-01
8.119999999999989726e-02
9.140000000000000902e-02
8.689999999999993563e-02
1.170000000000000484e-01
6.369999999999986784e-02
1.255999999999999339e-01
6.489999999999990221e-02
1.992000000000000159e-01
1.059999999999999554e-01
7.289999999999970115e-02
2.579999999999996879e-02
6.860000000000002207e-02
1.514999999999999958e-01
1.007000000000000811e-01
1.083000000000000629e-01
1.370000000000000662e-01
6.289999999999995595e-02
8.900000000000002354e-02
1.340000000000000913e-01
4.269999999999999352e-01
4.183999999999998831e-01
2.512999999999999678e-01
3.125999999999997669e-01
3.693000000000001837e-01
2.074000000000001676e-01
4.284999999999999920e-01
7.523000000000001908e-01
5.123999999999999666e-01
1.620000000000000884e-01
1.306999999999999829e-01
1.248600000000000154e+00
1.438299999999999912e+00
1.249400000000000066e+00
9.578999999999998627e-01
1.693899999999999961e+00
3.992000000000001103e-01
1.069199999999999928e+00
9.196999999999998510e-01
1.141999999999999904e+00
5.012999999999998568e-01
1.103600000000000136e+00
5.748999999999999666e-01
1.398999999999999411e-01
1.469099999999999850e+00
3.135999999999999899e-01
2.743000000000000993e-01
6.316999999999999282e-01
9.082999999999999963e-01
7.903000000000001135e-01
9.597999999999998755e-01
3.345999999999998975e-01
2.656000000000000028e-01
4.571000000000000063e-01
4.576000000000000068e-01
4.670000000000000262e-01
2.295999999999999708e-01
1.940000000000001723e-01
1.106000000000001426e-01
8.330000000000009619e-02
8.999999999999996891e-02
1.341999999999998749e-01
7.509999999999972253e-02
1.899999999999998912e-01
4.489999999999999547e-02
1.838999999999998414e-01
9.409999999999990594e-02
5.344000000000000972e-01
5.974999999999998090e-01
4.466999999999998194e-01
2.205000000000000848e-01
9.520000000000017337e-02
9.620000000000028528e-02
5.047000000000000375e-01
2.679999999999999050e-01
1.938000000000000278e-01
3.085999999999998189e-01
8.593999999999998307e-01
7.503999999999999559e-01
2.438000000000001277e-01
3.502999999999996672e-01
1.656999999999998474e-01
2.011999999999999900e-01
2.668000000000002037e-01
3.062999999999996836e-01
9.799999999999980949e-02
1.018999999999998241e-01
5.636999999999998678e-01
5.225999999999995094e-01
1.939000000000001278e-01
1.167999999999999039e-01
1.486999999999999433e-01
1.159000000000001696e-01
2.337999999999997858e-01
1.677999999999999492e-01
2.904999999999998694e-01
5.749999999999982903e-02
1.466000000000001746e-01
2.178999999999997605e-01
2.946999999999997955e-01
1.153000000000000691e-01
5.940000000000028590e-02
1.319000000000001838e-01
