5.552000000000000268e-01
2.028999999999999693e-01
3.225999999999999979e-01
1.061000000000000137e-01
1.604999999999999760e-01
1.952999999999999459e-01
1.395000000000000129e-01
1.589999999999999747e-01
2.237999999999999434e-01
1.236999999999999905e-01
1.076000000000000151e-01
1.676999999999999880e-01
1.254999999999999727e-01
1.968999999999999917e-01
2.051000000000000323e-01
2.583999999999999631e-01
1.673000000000000043e-01
1.379999999999999560e-01
2.669000000000000261e-01
2.003000000000000336e-01
6.540000000000001368e-02
9.209999999999998743e-02
3.899999999999999301e-02
4.310000000000004106e-02
5.769999999999998741e-02
8.469999999999995588e-02
6.069999999999999007e-02
4.720000000000000584e-02
5.590000000000001218e-02
8.019999999999996576e-02
7.609999999999994547e-02
8.419999999999996931e-02
1.208999999999999797e-01
1.989000000000000212e-01
1.381000000000000005e-01
1.658999999999999642e-01
1.416999999999999926e-01
6.849999999999997757e-02
1.295999999999999652e-01
1.739999999999999880e-01
8.209999999999995079e-02
2.004000000000000503e-01
1.886000000000000454e-01
1.437000000000000499e-01
1.112000000000000349e-01
6.810000000000002163e-02
7.920000000000002038e-02
1.011000000000000232e-01
9.750000000000003109e-02
7.749999999999998557e-02
1.131000000000000338e-01
6.350000000000000089e-02
5.190000000000001557e-02
6.000000000000001860e-02
7.779999999999999416e-02
9.270000000000001850e-02
7.830000000000000848e-02
1.032000000000000139e-01
9.750000000000001721e-02
6.299999999999998657e-02
9.889999999999998792e-02
8.139999999999994462e-02
5.720000000000000084e-02
6.279999999999999472e-02
1.433999999999999997e-01
9.059999999999999998e-02
7.590000000000000913e-02
1.767000000000000515e-01
1.586999999999999800e-01
9.809999999999997888e-02
9.319999999999999118e-02
9.749999999999997558e-02
1.008000000000000007e-01
1.694000000000000228e-01
1.491000000000000103e-01
1.131000000000000338e-01
8.410000000000000808e-02
9.239999999999998215e-02
6.060000000000000803e-02
1.040999999999999703e-01
8.809999999999995612e-02
8.079999999999998295e-02
8.990000000000000768e-02
1.129999999999999616e-01
8.730000000000000260e-02
9.069999999999998896e-02
4.710000000000000298e-02
8.970000000000001583e-02
9.589999999999999913e-02
5.279999999999999971e-02
5.980000000000000593e-02
6.869999999999999718e-02
8.619999999999999885e-02
6.379999999999999560e-02
1.212000000000000022e-01
8.609999999999999598e-02
7.559999999999998666e-02
1.091999999999999915e-01
7.620000000000001772e-02
1.164000000000000035e-01
1.201000000000000123e-01
7.359999999999999876e-02
1.019000000000000045e-01
7.040000000000001812e-02
1.436000000000000054e-01
1.231000000000000011e-01
1.037000000000000144e-01
1.291000000000000203e-01
6.919999999999998375e-02
1.824999999999999956e-01
1.618999999999999884e-01
1.963999999999999913e-01
1.814999999999999947e-01
6.869999999999999718e-02
1.262000000000000344e-01
1.510999999999999843e-01
1.320000000000000062e-01
7.620000000000003160e-02
9.389999999999999736e-02
1.128999999999999865e-01
1.107999999999999818e-01
6.009999999999998677e-02
5.800000000000000988e-02
5.690000000000004082e-02
1.088999999999999968e-01
9.360000000000001652e-02
1.401999999999999913e-01
7.269999999999998685e-02
8.740000000000000546e-02
4.870000000000000717e-02
5.940000000000000835e-02
4.539999999999999591e-02
3.699999999999997735e-02
1.265999999999999903e-01
1.268000000000000238e-01
1.360999999999999988e-01
1.157999999999999863e-01
1.345999999999999974e-01
1.134000000000000286e-01
1.559000000000000108e-01
1.325999999999999956e-01
6.360000000000001763e-02
5.319999999999999035e-02
8.149999999999998912e-02
1.398999999999999966e-01
1.255999999999999894e-01
1.441999999999999948e-01
4.000000000000000777e-02
5.489999999999997660e-02
5.160000000000000697e-02
6.340000000000001190e-02
6.390000000000001235e-02
6.970000000000001195e-02
1.237000000000000183e-01
1.449000000000000288e-01
5.010000000000001952e-02
5.119999999999998164e-02
3.183000000000000274e-01
1.883999999999999564e-01
3.128999999999999559e-01
1.589000000000000135e-01
9.759999999999997844e-02
8.819999999999998674e-02
7.880000000000000893e-02
8.520000000000005347e-02
2.139000000000000068e-01
1.829999999999999960e-01
7.560000000000002829e-02
1.020999999999999963e-01
9.230000000000002092e-02
8.220000000000002305e-02
1.775000000000000189e-01
8.960000000000001297e-02
9.740000000000001434e-02
1.406000000000000583e-01
1.354000000000000203e-01
1.722999999999999809e-01
2.250000000000000333e-01
5.590000000000002606e-02
