3.301000000000000045e-01
1.390000000000000124e-01
7.220000000000000029e-02
7.590000000000000913e-02
9.709999999999999187e-02
1.071000000000000285e-01
1.243000000000000216e-01
7.969999999999999307e-02
1.273000000000000242e-01
6.149999999999999217e-02
6.019999999999996187e-02
1.779000000000000303e-01
1.350999999999999979e-01
1.300000000000000044e-01
1.711999999999999911e-01
4.629999999999999394e-02
6.239999999999998326e-02
3.619999999999998913e-02
2.396999999999999964e-01
1.185999999999999971e-01
1.116000000000000048e-01
7.029999999999997362e-02
9.900000000000000466e-02
1.122999999999999832e-01
1.393999999999999961e-01
1.081999999999999906e-01
4.189999999999999281e-02
4.640000000000000374e-02
1.005999999999999950e-01
1.513000000000000178e-01
1.880000000000000282e-01
4.399999999999999745e-02
9.009999999999999953e-02
7.520000000000000295e-02
9.129999999999999227e-02
1.235999999999999877e-01
1.761999999999999955e-01
9.740000000000001434e-02
7.939999999999999836e-02
7.210000000000002518e-02
1.017000000000000265e-01
5.400000000000002021e-02
4.700000000000000289e-01
2.310999999999999721e-01
8.350000000000001865e-02
9.200000000000001232e-02
5.070000000000000201e-02
1.460000000000000187e-01
1.068999999999999811e-01
2.151000000000000412e-01
2.176000000000000156e-01
2.328999999999999959e-01
2.512000000000000344e-01
8.589999999999992086e-02
4.283999999999998920e-01
2.873000000000000553e-01
1.075000000000000261e-01
1.220000000000000112e-01
9.669999999999999429e-02
6.759999999999999343e-02
1.491999999999999993e-01
7.270000000000000073e-02
2.089999999999999913e-01
1.554999999999999716e-01
1.461999999999999966e-01
4.678000000000001046e-01
1.851000000000000145e-01
2.708999999999999742e-01
1.571999999999999509e-01
1.673000000000000043e-01
5.588999999999999524e-01
3.797000000000000375e-01
3.487000000000000099e-01
1.513000000000000178e-01
1.321999999999999842e-01
1.543000000000000205e-01
1.047000000000000014e-01
2.114999999999999658e-01
2.641999999999999904e-01
8.899999999999999578e-02
8.659999999999999643e-02
1.670999999999999708e-01
1.875000000000000000e-01
2.199999999999999734e-01
3.724000000000000643e-01
2.617000000000000437e-01
3.049999999999999933e-02
8.939999999999995173e-02
2.167000000000000037e-01
2.572999999999999732e-01
9.959999999999999409e-02
1.013000000000000012e-01
2.346999999999999920e-01
2.474999999999999978e-01
9.389999999999998348e-02
1.082999999999999935e-01
1.545999999999999597e-01
8.679999999999997440e-02
7.950000000000000122e-02
1.345999999999999697e-01
1.062999999999999917e-01
3.899999999999999994e-02
8.610000000000000986e-02
3.311000000000000054e-01
3.296000000000000041e-01
2.383000000000000118e-01
5.589999999999999136e-02
1.312000000000000111e-01
8.600000000000002087e-02
8.909999999999998477e-02
1.777999999999999858e-01
1.059999999999999970e-01
1.833000000000000185e-01
1.728000000000000091e-01
2.985999999999999766e-01
1.130000000000000032e-01
6.953000000000000291e-01
7.187000000000001165e-01
8.478999999999998760e-01
4.257999999999999008e-01
4.546000000000000041e-01
8.472999999999999421e-01
4.838000000000000633e-01
7.487999999999999101e-01
1.449899999999999745e+00
5.552999999999999048e-01
3.341999999999999971e-01
1.463000000000000411e-01
1.366000000000000270e-01
2.524000000000000687e-01
4.690999999999999615e-01
5.301000000000000156e-01
3.436000000000000720e-01
1.352999999999999758e-01
8.909999999999998477e-02
8.789999999999999203e-02
2.367000000000000215e-01
8.979999999999996319e-02
1.261000000000000176e-01
1.642000000000000126e-01
1.815000000000000224e-01
2.009000000000000230e-01
1.512000000000000011e-01
2.968000000000000083e-01
3.031999999999999695e-01
8.120000000000000828e-02
9.649999999999998856e-02
8.599999999999999312e-02
9.810000000000000664e-02
8.279999999999999860e-02
1.195000000000000229e-01
3.869999999999997747e-02
1.274000000000000132e-01
5.509999999999999620e-02
7.920000000000002038e-02
6.669999999999996765e-02
3.149999999999999328e-02
1.647000000000000131e-01
1.565999999999999892e-01
1.867000000000000048e-01
1.852000000000000313e-01
9.070000000000003060e-02
5.249999999999997030e-02
8.489999999999998936e-02
8.430000000000001381e-02
9.869999999999998219e-02
1.830999999999999850e-01
1.091000000000000025e-01
9.769999999999996743e-02
7.610000000000000098e-02
1.055999999999999994e-01
6.670000000000003704e-02
6.739999999999998770e-02
8.529999999999998694e-02
1.286999999999999811e-01
1.489000000000000046e-01
9.210000000000002907e-02
2.538000000000000256e-01
1.537999999999999645e-01
