5.582000000000000295e-01
2.184999999999999720e-01
1.064000000000000223e-01
8.669999999999999929e-02
1.426000000000000045e-01
8.720000000000002749e-02
1.510999999999999566e-01
1.185999999999999416e-01
5.459999999999999576e-02
1.564999999999999725e-01
5.805000000000000160e-01
9.834000000000000519e-01
2.390000000000000180e-01
4.429999999999999910e-02
1.905999999999999917e-01
8.029999999999998250e-02
7.930000000000000937e-02
3.830000000000000071e-01
1.319000000000000172e-01
2.439999999999999392e-01
3.188999999999999613e-01
2.193999999999999839e-01
1.461999999999999966e-01
2.553000000000000824e-01
2.330000000000000682e-01
2.885000000000000897e-01
8.113000000000000211e-01
1.411100000000000021e+00
2.100000000000000200e-01
3.126999999999999225e-01
1.791000000000000925e-01
7.010000000000000953e-02
1.440999999999998948e-01
1.845000000000001084e-01
1.895999999999999908e-01
1.697999999999999510e-01
9.020000000000004403e-02
6.950000000000002010e-02
8.740000000000008873e-02
7.960000000000004572e-02
7.429999999999999105e-02
1.770000000000000462e-01
9.770000000000003681e-02
1.191999999999999726e-01
5.649999999999995998e-02
1.561999999999999500e-01
3.639999999999997404e-02
6.690000000000007052e-02
7.689999999999999614e-02
1.357999999999999763e-01
9.539999999999995706e-02
7.189999999999999170e-02
6.040000000000002311e-02
1.016999999999999849e-01
6.560000000000004716e-02
9.279999999999999361e-02
9.120000000000005880e-02
2.680000000000000160e-01
1.028699999999999948e+00
2.060599999999999987e+00
9.821999999999999620e-01
1.102899999999999991e+00
4.917000000000000814e-01
4.460000000000000075e-01
1.472999999999999865e-01
1.778999999999999471e-01
2.578999999999999626e-01
2.388999999999999735e-01
1.604999999999999760e-01
2.302999999999999770e-01
3.413999999999999257e-01
1.344999999999999807e-01
1.590999999999999914e-01
2.284000000000000752e-01
1.560999999999999610e-01
2.101000000000000367e-01
6.000000000000001860e-02
7.399999999999999634e-02
2.016000000000000292e-01
8.320000000000001006e-02
8.199999999999998956e-02
1.176999999999999713e-01
1.312999999999999723e-01
9.449999999999997291e-02
6.210000000000001630e-02
2.444000000000000339e-01
1.091999999999999915e-01
8.189999999999998670e-02
1.452999999999999847e-01
1.169999999999999929e-01
4.350000000000003864e-02
6.810000000000003550e-02
8.719999999999999973e-02
1.459999999999999631e-01
1.338999999999999635e-01
6.889999999999998903e-02
5.489999999999997660e-02
5.990000000000000879e-02
1.329000000000000181e-01
1.188999999999999918e-01
3.349999999999994649e-02
2.273000000000000576e-01
9.180000000000004823e-02
7.109999999999999654e-02
1.590000000000000302e-01
1.640000000000000346e-01
2.022999999999999798e-01
1.905000000000000027e-01
1.650000000000000355e-01
1.981999999999999873e-01
9.790000000000001479e-02
9.640000000000004121e-02
4.339999999999996638e-02
6.629999999999997007e-02
1.912999999999999701e-01
9.379999999999998062e-02
1.665999999999999703e-01
1.600999999999999646e-01
8.740000000000006097e-02
7.130000000000000226e-02
7.329999999999999016e-02
9.589999999999999913e-02
1.159999999999999226e-01
4.581000000000000072e-01
3.137000000000000344e-01
7.620000000000005935e-02
6.239999999999996938e-02
9.949999999999997735e-02
8.959999999999995746e-02
6.599999999999997535e-02
8.689999999999997726e-02
7.230000000000001703e-02
1.613999999999999879e-01
6.670000000000003704e-02
9.080000000000001958e-02
6.860000000000002207e-02
2.124999999999999389e-01
7.199999999999998068e-02
6.759999999999997955e-02
1.729999999999999871e-01
1.155000000000000054e-01
1.043999999999999928e-01
9.929999999999998550e-02
1.155999999999999805e-01
1.260000000000000009e-01
1.352000000000000424e-01
5.569999999999998563e-02
2.144000000000000350e-01
1.254000000000000115e-01
1.700999999999999734e-01
9.579999999999999627e-02
9.370000000000003326e-02
2.341000000000000303e-01
2.242999999999999439e-01
1.206999999999999740e-01
2.021000000000000019e-01
1.690999999999999726e-01
7.809999999999994724e-02
7.619999999999997609e-02
6.389999999999998459e-02
1.952999999999999736e-01
7.309999999999999831e-02
8.630000000000000171e-02
1.779999999999999916e-01
7.109999999999999654e-02
1.899000000000000132e-01
1.255000000000000004e-01
5.022999999999999687e-01
4.871000000000000330e-01
5.608999999999999542e-01
1.012699999999999934e+00
7.096000000000000085e-01
7.227000000000000091e-01
3.983999999999999764e-01
8.259999999999999287e-02
1.242000000000000187e-01
1.107000000000000067e-01
1.597999999999999976e-01
7.169999999999999984e-02
