2.477999999999999647e-01
7.830000000000000848e-02
6.660000000000000642e-02
9.840000000000000135e-02
3.199999999999999373e-02
6.450000000000000178e-02
7.819999999999997786e-02
7.199999999999999456e-02
1.417999999999999816e-01
1.138000000000000123e-01
1.212000000000000299e-01
1.115000000000000019e-01
6.659999999999999254e-02
1.103999999999999981e-01
1.683999999999999941e-01
1.031000000000000111e-01
2.670000000000000151e-02
6.230000000000000815e-02
1.416000000000000036e-01
1.612000000000000099e-01
1.121000000000000191e-01
6.729999999999999871e-02
5.200000000000000455e-02
1.290999999999999925e-01
1.338000000000000023e-01
4.830000000000000959e-02
7.280000000000000360e-02
5.899999999999998995e-02
1.124999999999999889e-01
8.000000000000000167e-02
1.243000000000000077e-01
1.428999999999999992e-01
1.258999999999999841e-01
8.950000000000001010e-02
8.380000000000001337e-02
1.021000000000000102e-01
1.507000000000000006e-01
1.385000000000000120e-01
1.476999999999999980e-01
6.159999999999998810e-02
1.028000000000000164e-01
1.714999999999999858e-01
1.905999999999999917e-01
2.064999999999999891e-01
1.736999999999999655e-01
1.704999999999999849e-01
8.709999999999999687e-02
8.199999999999998956e-02
7.390000000000000735e-02
5.750000000000000944e-02
1.020000000000000073e-01
1.793000000000000149e-01
1.295000000000000040e-01
1.068999999999999811e-01
1.419000000000000261e-01
1.242999999999999938e-01
1.248999999999999833e-01
1.492999999999999883e-01
1.175999999999999823e-01
1.847000000000000031e-01
2.022000000000000464e-01
1.610000000000000042e-01
8.790000000000000591e-02
9.869999999999999607e-02
5.050000000000001016e-02
1.436999999999999944e-01
2.162999999999999923e-01
1.600999999999999646e-01
1.252999999999999947e-01
9.320000000000004670e-02
1.876000000000000167e-01
1.706999999999999629e-01
1.398999999999999688e-01
1.059999999999999970e-01
8.759999999999998344e-02
6.799999999999997713e-02
1.185000000000000081e-01
1.491000000000000658e-01
1.798000000000000154e-01
2.247999999999999998e-01
1.192000000000000143e-01
8.259999999999997899e-02
5.899999999999998301e-02
8.950000000000001010e-02
9.740000000000000047e-02
1.741999999999999937e-01
1.524999999999999967e-01
1.415000000000000147e-01
1.242000000000000048e-01
1.394999999999999574e-01
7.729999999999997984e-02
8.709999999999999687e-02
6.209999999999996079e-02
1.446999999999999953e-01
2.522000000000000353e-01
2.490999999999999881e-01
6.999999999999995115e-02
8.000000000000000167e-02
1.739000000000000545e-01
1.031000000000000250e-01
1.016999999999999849e-01
1.513999999999999790e-01
1.727999999999999814e-01
2.016000000000000292e-01
1.691999999999999893e-01
1.621000000000000218e-01
6.310000000000001719e-02
8.100000000000003031e-02
8.769999999999998630e-02
8.319999999999996843e-02
1.364000000000000212e-01
2.597000000000000419e-01
1.553999999999999548e-01
2.530000000000000027e-01
1.031400000000000095e+00
2.727999999999998759e-01
3.079999999999999405e-01
1.130000000000000032e-01
2.210999999999999632e-01
2.256000000000000505e-01
1.602000000000000091e-01
2.973000000000000087e-01
2.545999999999999930e-01
1.604000000000000148e-01
1.232000000000000872e-01
9.940000000000003000e-02
1.806000000000000938e-01
2.485000000000000542e-01
3.297999999999999821e-01
2.688999999999999169e-01
2.038999999999999702e-01
1.947999999999999732e-01
1.142999999999999017e-01
9.369999999999995000e-02
1.082999999999998963e-01
4.448000000000001397e-01
4.215000000000000413e-01
2.776000000000000689e-01
3.361999999999999988e-01
1.769999999999999352e-01
1.495999999999999275e-01
1.481999999999999984e-01
1.197999999999999621e-01
1.500000000000000222e-01
1.946999999999999842e-01
7.999999999999993228e-02
9.249999999999999889e-02
1.566999999999999782e-01
9.590000000000001301e-02
1.622999999999999998e-01
2.687000000000000499e-01
1.938999999999999890e-01
1.756999999999999951e-01
1.782999999999999863e-01
1.003999999999999754e-01
8.959999999999997133e-02
1.279000000000000137e-01
1.352000000000000979e-01
2.873999999999999888e-01
1.875999999999998780e-01
2.009000000000000785e-01
8.250000000000004552e-02
3.534000000000000474e-01
2.227999999999999148e-01
1.635999999999999954e-01
1.778999999999999471e-01
3.100999999999999868e-01
2.406000000000000361e-01
2.966000000000000858e-01
2.418000000000000149e-01
3.688999999999998947e-01
3.876999999999999336e-01
1.694000000000000505e-01
1.908000000000001084e-01
2.850000000000000311e-01
1.703000000000000069e-01
9.390000000000001124e-02
1.756000000000000616e-01
1.108000000000000512e-01
