3.151000000000000467e-01
1.248999999999999833e-01
1.195999999999999980e-01
1.131000000000000061e-01
8.379999999999998561e-02
5.640000000000000568e-02
6.729999999999997096e-02
6.270000000000000573e-02
8.810000000000001164e-02
6.380000000000000948e-02
7.450000000000001066e-02
1.086000000000000021e-01
9.110000000000001430e-02
2.334000000000000241e-01
9.969999999999998308e-02
7.250000000000003664e-02
1.726000000000000034e-01
1.444000000000000283e-01
1.027000000000000274e-01
1.132999999999999702e-01
1.639000000000000179e-01
6.789999999999997427e-02
2.421999999999999709e-01
1.592000000000001192e-01
1.018000000000000016e-01
1.045999999999999708e-01
9.290000000000003810e-02
9.109999999999994491e-02
8.780000000000007243e-02
2.519999999999999463e-01
1.117999999999999272e-01
8.600000000000010414e-02
6.870000000000003881e-02
1.522000000000000020e-01
8.000000000000004330e-02
7.860000000000003095e-02
1.213000000000000328e-01
1.221999999999999198e-01
1.244999999999999996e-01
2.425999999999998713e-01
2.286999999999998479e-01
1.617000000000000381e-01
1.043000000000000177e-01
1.476000000000000090e-01
1.619999999999999774e-01
7.870000000000001994e-02
1.570000000000001394e-01
1.698000000000001175e-01
1.758000000000000118e-01
1.774000000000000021e-01
1.114999999999999880e-01
5.150000000000003186e-02
5.149999999999999023e-02
1.359999999999998710e-01
8.209999999999986753e-02
3.939999999999997671e-02
7.359999999999998488e-02
8.419999999999994156e-02
9.849999999999999034e-02
6.560000000000006104e-02
6.889999999999994740e-02
1.017999999999999322e-01
8.989999999999992442e-02
8.159999999999990872e-02
5.139999999999995961e-02
7.520000000000007234e-02
6.039999999999998148e-02
1.560999999999999333e-01
6.009999999999994513e-02
7.799999999999993050e-02
4.669999999999993601e-02
7.459999999999998577e-02
4.459999999999993137e-02
3.960000000000009346e-02
8.639999999999996294e-02
6.220000000000001916e-02
7.639999999999999569e-02
5.799999999999996825e-02
4.569999999999997675e-02
4.889999999999994351e-02
4.490000000000002323e-02
4.759999999999994791e-02
4.320000000000007168e-02
2.740000000000002156e-02
5.040000000000006974e-02
2.899999999999988698e-02
4.009999999999998288e-02
5.929999999999986671e-02
5.929999999999993610e-02
5.829999999999996296e-02
5.690000000000003388e-02
3.609999999999995157e-02
4.340000000000000802e-02
7.019999999999997076e-02
5.699999999999992573e-02
5.760000000000001230e-02
5.039999999999991709e-02
8.830000000000001736e-02
4.890000000000002678e-02
7.230000000000004479e-02
5.740000000000000657e-02
2.408999999999999198e-01
1.346999999999999309e-01
5.179999999999994331e-02
6.539999999999999980e-02
2.082999999999999852e-01
1.213000000000000744e-01
5.810000000000001275e-02
9.749999999999993394e-02
2.700000000000003786e-02
8.129999999999998339e-02
1.187999999999999196e-01
7.119999999999997164e-02
1.951999999999999569e-01
1.885999999999999066e-01
8.790000000000003366e-02
6.290000000000003921e-02
7.679999999999986837e-02
6.439999999999995728e-02
1.980000000000006755e-02
7.770000000000004681e-02
5.570000000000013829e-02
8.040000000000002700e-02
4.470000000000001750e-02
7.340000000000002078e-02
5.430000000000001492e-02
5.179999999999998495e-02
3.800000000000003375e-02
4.889999999999997127e-02
2.359999999999992659e-02
5.050000000000007261e-02
3.809999999999991172e-02
6.379999999999996785e-02
3.390000000000002733e-02
2.539999999999999203e-02
6.159999999999991871e-02
1.209999999999999548e-01
1.017000000000000126e-01
1.408999999999999697e-01
1.177999999999999325e-01
5.850000000000010747e-02
1.761999999999999122e-01
1.189000000000000751e-01
1.746000000000000607e-01
1.093999999999999140e-01
1.193000000000001282e-01
1.239999999999998742e-01
5.950000000000002509e-02
5.730000000000003146e-02
6.309999999999992004e-02
9.340000000000002467e-02
1.614999999999999769e-01
1.988000000000000322e-01
4.369999999999989171e-02
4.789999999999999813e-02
7.110000000000002429e-02
5.479999999999998067e-02
5.989999999999995328e-02
5.829999999999992827e-02
4.600000000000005473e-02
2.600000000000003003e-02
6.560000000000006104e-02
4.140000000000002012e-02
7.310000000000002607e-02
4.750000000000003525e-02
3.509999999999987436e-02
4.230000000000005284e-02
4.509999999999996650e-02
1.903999999999999582e-01
4.320999999999999286e-01
4.415999999999999925e-01
3.072999999999999621e-01
8.600000000000002087e-02
4.100000000000009193e-02
5.930000000000007487e-02
6.950000000000011724e-02
5.989999999999992553e-02
6.159999999999993259e-02
9.749999999999998945e-02
