6.208000000000000185e-01
5.899999999999999689e-02
1.937000000000000111e-01
2.203999999999999848e-01
1.075000000000000122e-01
3.031000000000000361e-01
2.580999999999999961e-01
3.815000000000000058e-01
1.923999999999999877e-01
3.345000000000000195e-01
7.650000000000001243e-02
7.819999999999999174e-02
2.305999999999999994e-01
1.809999999999999942e-01
6.269999999999997797e-02
3.670000000000001039e-02
1.981000000000000261e-01
8.230000000000001203e-02
8.589999999999997637e-02
1.350999999999999979e-01
1.204999999999999960e-01
1.707000000000000184e-01
1.439999999999999891e-01
1.230000000000000399e-01
1.673999999999999932e-01
1.546000000000000429e-01
1.769999999999999907e-01
1.605999999999999928e-01
2.770000000000000240e-01
2.723999999999999755e-01
2.840000000000000857e-02
1.710000000000000131e-01
2.373999999999999999e-01
2.148000000000000187e-01
1.401000000000000301e-01
1.428999999999999992e-01
1.238999999999999685e-01
1.546000000000000429e-01
1.400000000000000411e-01
1.471999999999999975e-01
1.835999999999999577e-01
2.108000000000000151e-01
1.862000000000000599e-01
2.195000000000000007e-01
2.214000000000000412e-01
2.608000000000000318e-01
2.961999999999999078e-01
2.947000000000000175e-01
3.437000000000000055e-01
3.132999999999999119e-01
1.084000000000000241e-01
1.061000000000000276e-01
2.997999999999999554e-01
2.227999999999999980e-01
7.309999999999994280e-02
2.295999999999999985e-01
1.934999999999999776e-01
1.224000000000000365e-01
1.856999999999999762e-01
7.830000000000002236e-02
1.050000000000000239e-01
2.883000000000000007e-01
2.305000000000000104e-01
2.349999999999999034e-01
1.683999999999999664e-01
1.095999999999999891e-01
2.514000000000000679e-01
1.866999999999999771e-01
1.216999999999999471e-01
4.669999999999999707e-01
2.857999999999999430e-01
1.746000000000000052e-01
2.888999999999999346e-01
1.411999999999999922e-01
9.760000000000000620e-02
9.489999999999998437e-02
6.019999999999994800e-02
2.345999999999999197e-01
5.490000000000000435e-01
7.450000000000001066e-02
1.514999999999999958e-01
8.660000000000002418e-02
1.105000000000000426e-01
1.161000000000000087e-01
2.690000000000002459e-02
5.300000000000006095e-02
5.629999999999997506e-02
6.620000000000000884e-02
4.650000000000000661e-02
1.265999999999999903e-01
2.127000000000000279e-01
2.781000000000000139e-01
2.435000000000000220e-01
1.960000000000000075e-01
1.445000000000000173e-01
1.991999999999999604e-01
2.241999999999999826e-01
2.153999999999999804e-01
1.080000000000000404e-01
7.810000000000000275e-02
1.220999999999999586e-01
7.390000000000002123e-02
7.680000000000000715e-02
7.559999999999998666e-02
1.456999999999999407e-01
1.419999999999999596e-01
1.049999999999999545e-01
9.990000000000001656e-02
1.062000000000000166e-01
8.099999999999998868e-02
1.224000000000000227e-01
6.309999999999997555e-02
8.169999999999992546e-02
4.739999999999994218e-02
4.759999999999994791e-02
9.850000000000000422e-02
1.084000000000000380e-01
8.080000000000002458e-02
6.520000000000003570e-02
7.080000000000002958e-02
1.738999999999999713e-01
4.001000000000000112e-01
2.650000000000000133e-01
1.471999999999999975e-01
6.179999999999998689e-02
1.961999999999999855e-01
8.460000000000002240e-02
9.470000000000000639e-02
5.869999999999999524e-02
1.614999999999999769e-01
1.429999999999999882e-01
2.559000000000000163e-01
1.474000000000000310e-01
1.483999999999999764e-01
1.862999999999999656e-01
1.356999999999999873e-01
1.300999999999999934e-01
5.950000000000002509e-02
1.001000000000000639e-01
9.440000000000002556e-02
1.511000000000000676e-01
1.023999999999999910e-01
1.202999999999999764e-01
1.039000000000000479e-01
1.321999999999999842e-01
5.629999999999994731e-02
4.859999999999996267e-02
6.499999999999994671e-02
1.257000000000000062e-01
6.479999999999994098e-02
6.140000000000002400e-02
1.392000000000000182e-01
3.120999999999999885e-01
1.932999999999999996e-01
1.995000000000000107e-01
2.215000000000000302e-01
2.989999999999999325e-01
3.647000000000000797e-01
3.679999999999999938e-01
2.222000000000000086e-01
1.989999999999999547e-01
1.410999999999999477e-01
1.059999999999999831e-01
2.245999999999999663e-01
1.334999999999999520e-01
2.302999999999999492e-01
2.137999999999999623e-01
1.738999999999999990e-01
1.461999999999999411e-01
1.317000000000000115e-01
8.029999999999996863e-02
7.490000000000004987e-02
1.294000000000000428e-01
9.400000000000005573e-02
2.279999999999999527e-01
1.491999999999999993e-01
1.980999999999999983e-01
7.699999999999998512e-02
8.579999999999995963e-02
