4.369999999999999996e-01
1.227000000000000035e-01
1.509999999999999676e-01
2.872999999999999998e-01
1.005999999999999950e-01
3.090000000000000385e-02
1.890000000000000013e-01
1.251999999999999780e-01
6.629999999999999782e-02
3.339999999999998526e-02
4.419999999999998930e-02
8.839999999999997859e-02
8.890000000000000679e-02
5.069999999999998813e-02
2.100000000000000824e-02
3.329999999999999627e-02
5.830000000000000460e-02
7.299999999999999545e-02
6.230000000000001509e-02
4.099999999999999478e-02
4.509999999999999426e-02
7.220000000000000029e-02
1.081999999999999768e-01
9.920000000000001039e-02
4.410000000000000031e-02
5.950000000000001121e-02
4.070000000000000007e-02
3.359999999999999098e-02
8.739999999999999158e-02
6.690000000000000113e-02
1.135999999999999927e-01
7.960000000000000409e-02
6.220000000000000528e-02
7.209999999999999742e-02
1.300000000000000044e-01
1.847999999999999921e-01
1.689999999999999558e-01
6.970000000000001195e-02
2.830000000000000571e-02
4.259999999999998510e-02
5.689999999999997837e-02
6.529999999999996918e-02
7.969999999999999307e-02
2.219999999999999751e-02
4.789999999999999813e-02
9.040000000000000813e-02
5.569999999999999951e-02
9.360000000000000264e-02
4.490000000000000935e-02
1.281999999999999806e-01
8.279999999999999860e-02
7.940000000000001223e-02
6.809999999999999387e-02
8.350000000000001865e-02
5.540000000000001867e-02
5.699999999999998818e-02
4.639999999999999680e-02
1.028000000000000025e-01
6.080000000000001376e-02
4.080000000000000987e-02
8.609999999999998210e-02
1.127999999999999975e-01
6.519999999999998019e-02
3.779999999999997251e-02
5.419999999999999124e-02
8.309999999999999332e-02
4.549999999999999878e-02
1.072999999999999926e-01
1.335000000000000075e-01
1.527000000000000024e-01
1.637999999999999734e-01
1.451000000000000068e-01
1.094999999999999862e-01
9.409999999999997533e-02
1.114999999999999741e-01
7.570000000000001728e-02
4.300000000000001044e-02
1.091999999999999915e-01
1.323999999999999899e-01
1.001000000000000084e-01
2.020000000000000129e-01
9.089999999999998082e-02
6.759999999999999343e-02
3.340000000000002689e-02
1.113999999999999851e-01
6.639999999999998681e-02
6.209999999999998160e-02
5.710000000000001186e-02
2.389999999999999070e-02
2.610000000000000514e-02
3.760000000000000842e-02
2.169999999999999013e-02
5.519999999999997131e-02
5.940000000000001529e-02
9.040000000000000813e-02
5.360000000000002263e-02
6.529999999999998306e-02
6.980000000000000093e-02
4.509999999999998732e-02
7.870000000000000606e-02
5.209999999999999354e-02
5.419999999999998430e-02
7.269999999999998685e-02
8.060000000000003273e-02
9.220000000000000417e-02
9.510000000000000397e-02
2.739999999999999380e-02
5.439999999999999697e-02
1.021999999999999853e-01
9.209999999999998743e-02
5.229999999999999927e-02
1.035000000000000087e-01
8.609999999999999598e-02
5.399999999999997857e-02
3.920000000000000567e-02
6.480000000000001037e-02
6.489999999999998548e-02
2.372999999999999832e-01
2.659000000000000252e-01
1.264999999999999736e-01
7.650000000000001243e-02
4.279999999999995614e-02
1.098999999999999561e-01
1.305999999999999939e-01
6.129999999999996563e-02
4.959999999999999826e-02
9.720000000000000862e-02
7.109999999999999654e-02
4.989999999999999297e-02
7.010000000000005116e-02
9.410000000000001696e-02
7.289999999999997871e-02
8.659999999999996867e-02
5.489999999999997660e-02
7.450000000000001066e-02
5.529999999999998805e-02
3.549999999999998296e-02
6.399999999999998745e-02
1.953000000000000291e-01
8.029999999999996863e-02
1.171000000000000096e-01
8.629999999999993232e-02
1.284000000000000141e-01
4.250000000000000305e-02
5.199999999999997680e-02
5.070000000000003670e-02
1.060999999999999999e-01
3.570000000000003726e-02
5.699999999999998124e-02
8.700000000000003564e-02
6.300000000000002820e-02
6.509999999999993570e-02
4.460000000000000075e-02
4.870000000000004187e-02
3.869999999999996360e-02
5.939999999999995284e-02
7.159999999999999698e-02
6.669999999999998153e-02
1.154999999999999916e-01
1.037999999999999479e-01
7.539999999999993929e-02
6.140000000000002400e-02
3.549999999999996908e-02
7.969999999999999307e-02
8.799999999999996714e-02
1.034999999999999531e-01
7.169999999999995821e-02
1.759999999999998371e-02
2.490000000000001240e-02
7.520000000000003071e-02
1.285000000000000031e-01
1.522999999999999909e-01
1.216000000000000275e-01
4.490000000000001629e-02
5.079999999999999793e-02
1.307000000000000384e-01
6.999999999999999278e-02
7.269999999999998685e-02
9.460000000000001741e-02
