3.334000000000000297e-01
1.431999999999999940e-01
5.009999999999999176e-02
8.570000000000001228e-02
8.040000000000001312e-02
6.989999999999998992e-02
9.089999999999998082e-02
3.969999999999998530e-02
1.217000000000000026e-01
6.330000000000002292e-02
8.399999999999999134e-02
3.190000000000000474e-02
5.469999999999999862e-02
5.169999999999999596e-02
1.223999999999999949e-01
1.197000000000000008e-01
3.330000000000002403e-02
8.740000000000000546e-02
8.049999999999998823e-02
2.100000000000001171e-02
7.309999999999998443e-02
1.041999999999999871e-01
2.371999999999999942e-01
2.901000000000000245e-01
1.090999999999999887e-01
7.999999999999998779e-02
1.031000000000000111e-01
8.070000000000002172e-02
2.429999999999997787e-02
1.638999999999999901e-01
1.151999999999999691e-01
6.900000000000000577e-02
4.309999999999999248e-02
5.759999999999998455e-02
6.550000000000001654e-02
9.339999999999998304e-02
4.919999999999997986e-02
3.989999999999999103e-02
3.929999999999999466e-02
5.819999999999998785e-02
7.320000000000001505e-02
5.209999999999995884e-02
6.379999999999999560e-02
5.829999999999997684e-02
6.389999999999998459e-02
3.890000000000000402e-02
4.490000000000001629e-02
4.249999999999997530e-02
5.859999999999999931e-02
7.570000000000001728e-02
1.028999999999999915e-01
2.950000000000003661e-02
5.100000000000001060e-02
5.969999999999999613e-02
3.870000000000000523e-02
8.660000000000002418e-02
2.529999999999999263e-02
6.490000000000001323e-02
2.334200000000000053e+00
7.949000000000001620e-01
4.822000000000000730e-01
7.720000000000001861e-02
7.599999999999990097e-02
7.910000000000007303e-02
8.369999999999994111e-02
7.209999999999999742e-02
6.880000000000002780e-02
3.769999999999992801e-02
4.019999999999993717e-02
1.464999999999999081e-01
1.554999999999999716e-01
1.347999999999999199e-01
1.432000000000000495e-01
8.889999999999997904e-02
6.420000000000004869e-02
6.969999999999995643e-02
1.275999999999999912e-01
1.208999999999999797e-01
4.559999999999990450e-02
9.449999999999994515e-02
1.095999999999999752e-01
4.249999999999997530e-02
7.359999999999999876e-02
4.370000000000007906e-02
1.632000000000000117e-01
8.130000000000008054e-02
1.047000000000000153e-01
6.750000000000003220e-02
4.969999999999999418e-02
1.057000000000000300e-01
8.610000000000000986e-02
7.009999999999991238e-02
2.913999999999999924e-01
1.680000000000000104e-01
8.070000000000002172e-02
1.176000000000000101e-01
2.310000000000000109e-01
1.511000000000000121e-01
6.229999999999998733e-02
6.529999999999996918e-02
4.849999999999995981e-02
1.210000000000000381e-01
7.350000000000002365e-02
7.159999999999999698e-02
6.389999999999998459e-02
1.455000000000000182e-01
1.501000000000000667e-01
8.740000000000000546e-02
8.859999999999999820e-02
7.470000000000004414e-02
4.339999999999998720e-02
1.072999999999999787e-01
8.800000000000000877e-02
5.259999999999995929e-02
1.386999999999999900e-01
8.300000000000001821e-02
5.660000000000002529e-02
8.920000000000001539e-02
1.330999999999999961e-01
9.780000000000002580e-02
1.460999999999999521e-01
1.469999999999999640e-01
1.454999999999999905e-01
5.809999999999997111e-02
7.410000000000001308e-02
1.067000000000000171e-01
8.869999999999998719e-02
5.970000000000005858e-02
5.799999999999996825e-02
9.740000000000000047e-02
7.879999999999999505e-02
7.160000000000003861e-02
8.190000000000000058e-02
1.566000000000000447e-01
6.549999999999996103e-02
1.327999999999999736e-01
7.980000000000003757e-02
6.250000000000001388e-02
7.620000000000001772e-02
5.569999999999998563e-02
2.054999999999999605e-01
1.556999999999999218e-01
8.789999999999995040e-02
8.180000000000001159e-02
9.539999999999998481e-02
2.856000000000000205e-01
1.996999999999999886e-01
9.000000000000002442e-02
5.830000000000001847e-02
9.129999999999999227e-02
5.629999999999998894e-02
4.700000000000001399e-02
1.440999999999999781e-01
1.692000000000000171e-01
1.234000000000000097e-01
8.150000000000001688e-02
5.609999999999998321e-02
7.479999999999997762e-02
4.869999999999999329e-02
1.034000000000000058e-01
9.829999999999999849e-02
5.419999999999998430e-02
2.749999999999994116e-02
4.340000000000002189e-02
7.850000000000005584e-02
5.489999999999996272e-02
1.040000000000000230e-01
5.519999999999998519e-02
4.119999999999994500e-02
6.439999999999999891e-02
5.890000000000000790e-02
7.850000000000002809e-02
1.959999999999996467e-02
5.880000000000000504e-02
5.590000000000001912e-02
6.320000000000004781e-02
4.900000000000000189e-02
4.109999999999999765e-02
4.200000000000000955e-02
