4.987000000000000322e-01
1.552999999999999936e-01
4.219999999999999446e-02
7.719999999999999085e-02
4.990000000000000685e-02
7.680000000000000715e-02
7.710000000000000187e-02
9.299999999999997158e-02
1.026999999999999857e-01
1.225000000000000117e-01
7.720000000000001861e-02
1.711000000000000021e-01
1.183000000000000024e-01
5.260000000000001480e-02
1.247000000000000053e-01
9.430000000000002269e-02
7.169999999999999984e-02
3.780000000000001414e-02
8.519999999999998408e-02
1.406000000000000305e-01
1.439000000000000001e-01
8.149999999999997524e-02
6.579999999999998350e-02
1.207999999999999907e-01
6.600000000000000311e-02
6.510000000000000508e-02
1.717999999999999805e-01
3.590000000000002217e-02
1.506000000000000116e-01
8.790000000000000591e-02
8.969999999999997420e-02
1.226999999999999896e-01
1.096999999999999920e-01
7.189999999999997782e-02
6.440000000000001279e-02
1.280000000000000027e-01
1.437999999999999834e-01
1.052000000000000018e-01
4.049999999999997352e-02
7.489999999999996660e-02
5.140000000000000818e-02
5.260000000000000092e-02
1.042999999999999761e-01
1.003999999999999893e-01
7.480000000000001925e-02
1.047000000000000014e-01
7.360000000000002651e-02
4.340000000000000108e-02
1.093999999999999972e-01
8.879999999999997617e-02
7.390000000000002123e-02
1.250999999999999612e-01
1.796999999999999709e-01
1.473000000000000143e-01
7.950000000000001510e-02
1.838000000000000189e-01
8.429999999999998606e-02
1.678000000000000602e-01
1.520999999999999852e-01
8.960000000000002685e-02
1.721000000000000307e-01
1.522000000000000020e-01
1.259000000000000119e-01
1.232999999999999929e-01
1.018000000000000016e-01
6.510000000000001896e-02
1.311000000000000221e-01
1.525000000000000244e-01
7.899999999999997302e-02
7.169999999999997209e-02
8.580000000000000127e-02
8.510000000000002285e-02
9.480000000000005089e-02
1.213999999999999940e-01
1.357000000000000151e-01
1.052000000000000157e-01
2.089999999999999913e-01
1.176000000000000240e-01
2.451000000000000123e-01
1.287999999999999978e-01
1.662000000000000421e-01
9.370000000000000551e-02
5.029999999999996974e-02
4.960000000000005377e-02
1.132000000000000089e-01
7.419999999999996043e-02
1.189000000000000334e-01
1.416000000000000036e-01
1.388000000000000067e-01
5.109999999999993714e-02
1.027000000000000135e-01
8.920000000000004314e-02
8.129999999999998339e-02
1.194000000000000200e-01
1.065000000000000391e-01
9.680000000000006655e-02
9.800000000000000377e-02
3.460000000000000575e-02
8.300000000000003209e-02
5.090000000000001468e-02
4.520000000000001794e-02
6.419999999999995155e-02
1.077999999999999375e-01
1.250000000000000000e-01
1.057000000000000162e-01
2.631999999999999340e-01
3.406000000000000139e-01
1.795999999999999819e-01
1.347999999999999476e-01
8.489999999999993385e-02
5.169999999999999596e-02
1.157999999999998753e-01
7.249999999999998113e-02
9.390000000000006675e-02
6.630000000000002558e-02
8.940000000000006275e-02
1.257000000000000617e-01
1.121999999999999664e-01
1.638999999999999624e-01
1.393999999999999684e-01
8.620000000000002660e-02
8.509999999999992570e-02
1.228999999999999537e-01
1.141999999999999404e-01
6.379999999999999560e-02
6.520000000000000795e-02
9.770000000000003681e-02
9.409999999999997533e-02
1.130999999999999506e-01
3.389999999999995794e-02
8.119999999999998053e-02
6.690000000000002889e-02
1.025000000000000355e-01
1.828999999999999793e-01
1.039999999999999813e-01
1.148999999999999883e-01
8.009999999999994902e-02
9.129999999999999227e-02
9.060000000000005549e-02
7.359999999999999876e-02
1.165999999999999537e-01
6.969999999999995643e-02
8.730000000000007199e-02
8.920000000000007090e-02
6.150000000000003381e-02
1.221999999999999614e-01
1.388000000000000067e-01
1.142999999999999849e-01
5.880000000000000504e-02
8.760000000000009446e-02
6.800000000000003264e-02
1.662000000000000421e-01
1.606999999999998707e-01
1.294999999999999762e-01
4.269999999999999490e-02
5.570000000000000645e-02
1.398999999999999688e-01
1.131000000000000338e-01
1.130000000000000726e-01
6.680000000000002602e-02
7.379999999999994897e-02
2.414999999999999925e-01
1.877999999999999670e-01
7.179999999999997495e-02
1.240000000000000269e-01
1.257000000000000339e-01
9.229999999999997928e-02
1.025999999999999135e-01
5.119999999999988449e-02
6.760000000000004894e-02
9.189999999999995395e-02
3.889999999999993463e-02
1.157999999999999863e-01
8.030000000000003801e-02
5.139999999999995961e-02
1.108999999999999431e-01
1.336999999999999855e-01
1.152999999999999303e-01
1.091999999999999360e-01
