1.834999999999999964e-01
5.669999999999999346e-02
3.143000000000000238e-01
1.622999999999999998e-01
7.249999999999998113e-02
1.498999999999999777e-01
1.042999999999999899e-01
1.563999999999999835e-01
7.269999999999998685e-02
1.233999999999999819e-01
7.390000000000003511e-02
1.673999999999999932e-01
2.054999999999999882e-01
2.918999999999999928e-01
2.641999999999999904e-01
7.480000000000000537e-02
1.006000000000000089e-01
9.380000000000000837e-02
7.529999999999999194e-02
2.493999999999999828e-01
1.764000000000000012e-01
2.607999999999999208e-01
3.244000000000000217e-01
1.532000000000000584e-01
1.244999999999999857e-01
1.650999999999999690e-01
1.280999999999999917e-01
6.459999999999994913e-02
9.080000000000001958e-02
3.243000000000000882e-01
6.990000000000001767e-02
4.729999999999996013e-02
1.433000000000000662e-01
1.511999999999999733e-01
3.361000000000000099e-01
3.308999999999999719e-01
4.828999999999999959e-01
2.397199999999999775e+00
1.014300000000000201e+00
3.552000000000000712e-01
1.368999999999999939e-01
9.559999999999996279e-02
3.845999999999999419e-01
5.557000000000000828e-01
1.746000000000000330e-01
1.176000000000000378e-01
3.532000000000000695e-01
1.423999999999999988e-01
2.555999999999999384e-01
1.528999999999999804e-01
2.807000000000000606e-01
1.075999999999999873e-01
1.990999999999999437e-01
1.498000000000000165e-01
7.730000000000006311e-02
9.299999999999995770e-02
2.065999999999999781e-01
9.109999999999998654e-02
5.510000000000005171e-02
2.261999999999999844e-01
6.655999999999999694e-01
1.010200000000000209e+00
3.833000000000000296e-01
1.119899999999999896e+00
7.176999999999998936e-01
1.192000000000000143e-01
6.003999999999998227e-01
5.164999999999999591e-01
1.786000000000000365e-01
1.890000000000001401e-01
7.250000000000009215e-02
9.609999999999989384e-02
1.067999999999999367e-01
1.953999999999999904e-01
3.666000000000000369e-01
5.216000000000000636e-01
4.999000000000001220e-01
7.559999999999994502e-02
2.068999999999998618e-01
1.067000000000000309e-01
1.733999999999999431e-01
8.780000000000007243e-02
1.309000000000000163e-01
1.000000000000001027e-01
8.550000000000008982e-02
2.172999999999999654e-01
7.890000000000005342e-02
2.065999999999998948e-01
1.716999999999999360e-01
1.567000000000000615e-01
1.000000000000000472e-01
1.124999999999999334e-01
1.003000000000000835e-01
1.762999999999999845e-01
1.815000000000000779e-01
1.523800000000000265e+00
9.723000000000000531e-01
4.585000000000000187e-01
6.805999999999998717e-01
3.571999999999999065e-01
1.111000000000000459e-01
2.728999999999999204e-01
1.339000000000000190e-01
4.145999999999999686e-01
1.853000000000000480e-01
1.872000000000001996e-01
2.025000000000000688e-01
2.099999999999999922e-01
2.669000000000000261e-01
1.257000000000000617e-01
1.791999999999999149e-01
6.450000000000005729e-02
9.150000000000009515e-02
7.189999999999993618e-02
1.103000000000001063e-01
1.307000000000000384e-01
1.759999999999998788e-01
1.045999999999999708e-01
1.773000000000000409e-01
6.999999999999989564e-02
2.404999999999998250e-01
3.754999999999999449e-01
1.784000000000000308e-01
1.723000000000001197e-01
4.405000000000000582e-01
3.425000000000000266e-01
4.317000000000000837e-01
4.485999999999998877e-01
4.541999999999999371e-01
9.789999999999997315e-02
2.938999999999999946e-01
5.057000000000001494e-01
3.837000000000000410e-01
4.231000000000001426e-01
2.139000000000001178e-01
3.811000000000002164e-01
1.714999999999999580e-01
2.798999999999999821e-01
6.899999999999989475e-02
9.059999999999993059e-02
6.090000000000002356e-02
5.349999999999998507e-02
2.289999999999990654e-02
7.819999999999995011e-02
8.600000000000002087e-02
1.931000000000001604e-01
1.388000000000000345e-01
2.692000000000001059e-01
1.841000000000000136e-01
8.630000000000004334e-02
5.479999999999983495e-02
5.099999999999982325e-02
7.549999999999995604e-02
5.330000000000008342e-02
6.409999999999996256e-02
4.890000000000008229e-02
3.159999999999993370e-02
1.358999999999999653e-01
1.986000000000001098e-01
3.408000000000000473e-01
1.604999999999998928e-01
1.876999999999999780e-01
7.959999999999980980e-02
8.670000000000013807e-02
1.139000000000001539e-01
4.400000000000009459e-02
2.046000000000000596e-01
6.800000000000001876e-02
1.172000000000000958e-01
7.269999999999995910e-02
9.240000000000003766e-02
1.619999999999999774e-01
4.872999999999998999e-01
5.413999999999998813e-01
2.941000000000000836e-01
5.680000000000003796e-02
1.348000000000001419e-01
1.381000000000000005e-01
8.859999999999991493e-02
