7.716999999999999416e-01
1.582999999999999408e-01
2.210000000000000298e-01
2.079999999999999905e-01
2.247000000000000386e-01
3.923999999999999710e-01
2.695999999999999508e-01
1.727899999999999991e+00
2.207000000000000073e-01
6.299999999999998657e-02
6.770000000000001017e-02
1.104999999999999455e-01
5.170000000000003759e-02
1.111000000000000043e-01
5.553000000000000158e-01
4.408000000000000806e-01
5.405999999999999694e-01
6.636999999999999567e-01
4.656000000000000139e-01
2.789000000000000368e-01
3.666999999999999149e-01
9.160000000000000087e-02
5.044999999999999485e-01
3.427999999999999936e-01
3.652000000000000246e-01
2.164999999999999980e-01
2.081000000000000072e-01
9.359999999999994713e-02
1.159000000000000169e-01
5.510000000000002396e-02
7.579999999999996463e-02
7.080000000000000182e-02
1.759000000000000008e-01
5.839999999999997277e-02
1.572000000000000619e-01
3.203999999999999626e-01
1.043000000000000455e-01
5.697999999999998622e-01
6.115000000000000435e-01
5.527000000000000801e-01
5.569999999999993012e-02
1.301999999999999547e-01
7.988000000000000655e-01
6.875000000000000000e-01
3.513999999999999901e-01
1.162600000000000078e+00
8.338999999999999746e-01
6.740999999999999215e-01
1.340000000000000913e-01
3.488999999999999324e-01
1.282999999999999974e-01
6.682999999999998941e-01
1.086300000000000043e+00
1.092299999999999827e+00
5.532999999999999030e-01
2.302999999999999770e-01
5.951999999999999513e-01
7.008000000000000895e-01
1.767000000000000515e-01
3.496000000000000218e-01
1.900000000000000022e-01
1.059000000000000496e-01
1.088999999999999274e-01
2.156000000000000139e-01
2.372000000000000774e-01
2.518000000000000238e-01
1.409999999999999865e-01
2.872000000000000108e-01
1.285000000000000031e-01
3.588999999999999968e-01
2.094000000000000306e-01
2.595000000000000639e-01
1.002000000000000945e-01
4.831000000000000849e-01
8.389999999999999680e-01
1.343999999999999639e-01
2.085999999999999799e-01
3.171999999999999265e-01
3.498999999999998778e-01
1.073000000000000620e-01
9.840000000000001523e-02
6.499999999999994671e-02
1.275999999999999635e-01
4.919999999999997986e-02
3.600000000000005973e-02
8.719999999999999973e-02
7.779999999999992477e-02
6.100000000000001948e-02
2.367999999999998995e-01
7.140000000000004676e-02
2.135999999999999566e-01
1.126000000000001028e-01
7.780000000000004967e-02
3.570000000000009277e-02
4.019999999999997187e-02
5.100000000000011469e-02
4.160000000000012299e-02
3.160000000000010717e-02
2.509999999999988629e-02
8.940000000000003499e-02
3.379999999999986487e-02
9.019999999999987750e-02
7.120000000000013818e-02
5.290000000000000951e-02
1.004000000000001003e-01
7.540000000000007807e-02
6.010000000000001452e-02
1.455000000000000460e-01
5.549999999999998684e-02
5.369999999999996998e-02
4.869999999999994472e-02
3.379999999999997590e-02
1.658000000000001695e-01
5.619999999999999996e-02
1.318000000000000282e-01
4.452000000000000401e-01
9.453999999999999071e-01
1.334000000000000075e+00
5.548999999999998378e-01
6.349000000000000199e-01
1.508999999999999508e-01
1.761000000000000065e-01
7.939999999999998448e-02
1.184999999999999803e-01
4.989999999999999991e-02
2.363000000000000378e-01
1.146999999999999686e-01
9.670000000000002205e-02
1.447999999999999843e-01
2.021999999999999909e-01
1.240000000000001101e-01
1.275999999999999635e-01
1.268999999999999850e-01
7.070000000000001283e-02
1.360999999999999988e-01
2.596999999999999864e-01
1.052999999999999770e-01
1.053000000000000880e-01
1.823999999999998678e-01
1.715999999999999470e-01
3.261000000000001120e-01
2.091999999999999693e-01
9.029999999999993587e-02
1.004999999999999921e-01
8.240000000000011204e-02
7.969999999999992368e-02
4.849999999999993899e-02
1.120999999999999358e-01
8.279999999999999860e-02
3.599999999999994871e-02
6.620000000000003659e-02
4.520000000000005957e-02
7.380000000000000449e-02
2.319999999999996718e-02
1.461000000000000076e-01
5.600000000000005668e-02
5.010000000000001952e-02
7.780000000000002192e-02
6.219999999999999141e-02
5.379999999999995203e-02
5.699999999999993960e-02
5.879999999999994259e-02
6.810000000000004938e-02
4.249999999999998224e-02
5.130000000000009552e-02
9.040000000000000813e-02
9.830000000000008176e-02
1.082999999999999657e-01
7.779999999999993865e-02
7.169999999999991658e-02
9.490000000000020641e-02
8.929999999999996274e-02
6.169999999999997015e-02
6.090000000000009989e-02
3.790000000000001701e-02
5.090000000000000774e-02
8.430000000000015259e-02
2.690000000000003846e-02
5.300000000000003320e-02
