2.728999999999999759e-01
1.202999999999999903e-01
2.456000000000000127e-01
3.054999999999999938e-01
3.267999999999999794e-01
2.599000000000000199e-01
1.197000000000000008e-01
2.857000000000000095e-01
2.076000000000000345e-01
2.909000000000000474e-01
3.710999999999999854e-01
1.313000000000000278e-01
2.197000000000000342e-01
1.205000000000000099e-01
1.492000000000000270e-01
2.204000000000000126e-01
8.032999999999999030e-01
7.877000000000000668e-01
2.360000000000000431e-01
2.204999999999999738e-01
3.930000000000000160e-01
1.711999999999999633e-01
1.331000000000000516e-01
1.681400000000000006e+00
1.283599999999999852e+00
2.495999999999999608e-01
6.404000000000000803e-01
8.157999999999999696e-01
3.205000000000000071e-01
2.822000000000000064e-01
1.029799999999999827e+00
7.672999999999998710e-01
6.346000000000000529e-01
1.331999999999999851e-01
5.059999999999995751e-02
3.856999999999999318e-01
1.792599999999999749e+00
1.231100000000000083e+00
1.779999999999999916e-01
2.680000000000000715e-01
9.609999999999996323e-02
3.753000000000000780e-01
3.480000000000000315e-01
5.388999999999999346e-01
2.602999999999999758e-01
3.651999999999999691e-01
2.310999999999999999e-01
4.329000000000000625e-01
9.249000000000000554e-01
1.095999999999999863e+00
3.240000000000000102e-01
1.223000000000000614e-01
1.189599999999999991e+00
6.290000000000000036e-01
1.852999999999999925e-01
3.370000000000000218e-01
2.366999999999999937e-01
1.543000000000000205e-01
5.000000000000007910e-02
1.520000000000000240e-01
1.710999999999999466e-01
7.879999999999996729e-02
1.749000000000000554e-01
3.130999999999999894e-01
4.781999999999999584e-01
2.437999999999999612e-01
1.124999999999999889e-01
9.600000000000005751e-02
1.410000000000000420e-01
3.626000000000000334e-01
2.752999999999999337e-01
1.288000000000000256e-01
9.869999999999998219e-02
9.659999999999993592e-02
2.888000000000000567e-01
3.162000000000000366e-01
1.239999999999999991e-01
6.140000000000006564e-02
1.117999999999999550e-01
2.819000000000000394e-01
8.810000000000000053e-01
1.149900000000000144e+00
4.512999999999999790e-01
3.202999999999999736e-01
5.601999999999999202e-01
3.005999999999999228e-01
2.385999999999999510e-01
4.343000000000000194e-01
3.021000000000000907e-01
1.782999999999999030e-01
1.422999999999999821e+00
3.143000000000000238e-01
1.392000000000000459e-01
1.127000000000000363e-01
1.122999999999998860e-01
1.203000000000000042e-01
2.673999999999999710e-01
3.029000000000000026e-01
2.438999999999998947e-01
3.471000000000001307e-01
1.057000000000001272e-01
8.900000000000002354e-02
9.850000000000000422e-02
9.370000000000003326e-02
1.762000000000000510e-01
1.794999999999999929e-01
7.348000000000000087e-01
8.306999999999999940e-01
1.388000000000000067e-01
1.333999999999999631e-01
6.638999999999999346e-01
5.550999999999999268e-01
4.374000000000000665e-01
3.701999999999999735e-01
4.618000000000000438e-01
3.132999999999999674e-01
1.625999999999999668e-01
3.527000000000000690e-01
3.972000000000000530e-01
6.929999999999998384e-01
3.847999999999999199e-01
1.115999999999999492e-01
1.595000000000000306e-01
4.098000000000000531e-01
3.179000000000000159e-01
3.079999999999999960e-01
6.164000000000000590e-01
9.258000000000001783e-01
5.175999999999999490e-01
1.698099999999999721e+00
2.231000000000000316e+00
2.125599999999999934e+00
2.490999999999997938e-01
5.430000000000012594e-02
1.164999999999999369e-01
6.273999999999998467e-01
7.115000000000000213e-01
3.144000000000001238e-01
1.769000000000000017e-01
1.985999999999999710e-01
1.533999999999998698e-01
1.889999999999999736e-01
2.887999999999997791e-01
2.569999999999998952e-01
1.025000000000000355e-01
1.221999999999998920e-01
7.690000000000002389e-02
1.034000000000001029e-01
8.449999999999993627e-02
1.074999999999999845e-01
1.457999999999999297e-01
1.130999999999999506e-01
8.770000000000008344e-02
1.204999999999998850e-01
1.274999999999998912e-01
1.188000000000000722e-01
9.559999999999999054e-02
3.105999999999999872e-01
2.185000000000000553e-01
1.439999999999999947e+00
5.378999999999999337e-01
2.737999999999999323e-01
2.011999999999998789e-01
2.166999999999998927e-01
8.323000000000000398e-01
1.683999999999999941e-01
2.408000000000001528e-01
1.645999999999999686e-01
1.453999999999999737e-01
1.899799999999999933e+00
1.638000000000000123e+00
4.696000000000000729e-01
1.462000000000000521e-01
6.430000000000005156e-02
6.350000000000013967e-02
9.979999999999991656e-02
1.708000000000000351e-01
2.704999999999999072e-01
9.374000000000000110e-01
