5.456999999999999629e-01
2.571999999999999842e-01
6.880000000000000004e-02
6.430000000000000993e-02
1.192000000000000282e-01
1.433000000000000385e-01
3.383000000000000451e-01
3.537999999999999479e-01
1.445999999999999508e-01
1.086000000000000160e-01
6.469999999999995199e-02
4.959999999999999826e-02
4.330000000000005372e-02
1.004000000000000031e-01
8.539999999999996205e-02
8.720000000000002749e-02
3.299999999999995298e-02
5.909999999999999282e-02
3.739999999999994718e-02
6.460000000000001852e-02
8.710000000000006626e-02
9.490000000000001212e-02
5.489999999999998354e-02
5.380000000000004223e-02
3.229999999999993987e-02
5.709999999999996328e-02
5.929999999999996385e-02
4.790000000000000507e-02
4.399999999999994194e-02
5.340000000000002384e-02
9.060000000000001386e-02
8.909999999999998477e-02
4.870000000000000717e-02
4.460000000000000769e-02
5.870000000000004381e-02
7.589999999999999525e-02
8.909999999999988762e-02
8.280000000000001248e-02
7.309999999999998443e-02
1.028000000000000025e-01
6.319999999999997842e-02
1.326999999999999846e-01
9.719999999999998086e-02
1.043000000000000038e-01
1.961999999999999855e-01
1.294000000000000150e-01
7.229999999999994764e-02
1.281999999999999806e-01
1.566000000000000170e-01
1.405999999999999195e-01
1.577999999999999958e-01
1.649999999999999800e-01
9.810000000000002052e-02
7.730000000000000759e-02
4.680000000000000826e-02
1.147999999999999715e-01
9.080000000000001958e-02
7.320000000000001505e-02
7.140000000000000513e-02
3.860000000000004400e-02
5.950000000000005285e-02
5.440000000000000391e-02
1.152999999999999997e-01
6.179999999999998689e-02
4.630000000000000088e-02
8.819999999999995899e-02
1.190000000000000085e-01
6.160000000000000198e-02
5.690000000000005470e-02
7.090000000000001856e-02
7.519999999999998908e-02
1.321999999999999287e-01
1.504000000000000337e-01
1.813000000000000167e-01
2.400000000000000189e-01
1.713000000000000633e-01
1.336000000000000243e-01
1.084999999999999715e-01
7.510000000000000009e-02
3.300000000000001543e-02
5.619999999999996526e-02
3.680000000000002713e-02
4.959999999999997744e-02
3.789999999999998925e-02
6.410000000000001807e-02
5.900000000000002465e-02
8.620000000000005436e-02
6.219999999999996365e-02
1.809999999999998069e-02
7.589999999999998137e-02
7.969999999999999307e-02
6.869999999999999718e-02
5.580000000000001625e-02
5.609999999999995546e-02
6.829999999999997184e-02
7.029999999999991811e-02
7.969999999999999307e-02
7.870000000000004770e-02
9.370000000000004714e-02
7.469999999999996088e-02
5.020000000000003626e-02
3.810000000000000192e-02
4.810000000000004550e-02
1.026000000000000106e-01
1.269999999999999740e-01
1.834000000000000075e-01
1.100000000000000283e-01
6.530000000000002469e-02
7.440000000000004943e-02
6.410000000000001807e-02
7.779999999999992477e-02
6.669999999999999540e-02
7.360000000000002651e-02
9.929999999999998550e-02
7.159999999999999698e-02
7.349999999999998201e-02
8.459999999999998077e-02
6.060000000000004966e-02
5.720000000000002860e-02
6.219999999999998447e-02
4.779999999999996751e-02
4.109999999999995601e-02
8.109999999999994991e-02
6.869999999999996942e-02
9.409999999999998921e-02
6.120000000000005991e-02
3.620000000000005158e-02
9.429999999999996718e-02
1.139999999999999902e-01
9.620000000000006324e-02
3.289999999999995706e-02
8.610000000000000986e-02
3.889999999999996239e-02
9.409999999999998921e-02
4.819999999999998591e-02
7.599999999999995648e-02
7.630000000000004834e-02
5.020000000000002932e-02
7.169999999999998597e-02
9.290000000000002423e-02
6.099999999999999867e-02
4.429999999999999216e-02
4.289999999999998676e-02
7.740000000000002434e-02
4.360000000000002762e-02
6.399999999999995970e-02
1.238999999999999824e-01
1.031999999999999862e-01
6.830000000000004123e-02
2.221000000000000196e-01
1.923000000000000265e-01
7.149999999999996636e-02
8.679999999999997440e-02
4.060000000000005965e-02
7.399999999999999634e-02
3.950000000000003508e-02
7.400000000000002409e-02
4.749999999999997280e-02
6.600000000000003086e-02
3.089999999999996222e-02
3.770000000000006679e-02
8.249999999999999001e-02
4.629999999999999394e-02
5.130000000000004001e-02
2.959999999999999090e-02
4.179999999999997606e-02
5.129999999999997062e-02
1.486999999999999433e-01
2.938000000000000056e-01
1.564000000000000112e-01
1.263999999999999846e-01
3.465000000000000302e-01
1.644999999999999796e-01
1.558999999999999830e-01
1.682000000000000162e-01
1.335000000000000075e-01
1.164999999999999925e-01
3.490000000000000047e-02
1.310999999999999943e-01
