6.240000000000000407e-02
9.639999999999999958e-02
1.461999999999999966e-01
1.628000000000000003e-01
1.706000000000000016e-01
9.099999999999999756e-02
8.750000000000000833e-02
2.470000000000000667e-02
5.629999999999999588e-02
1.572999999999999954e-01
3.478999999999999870e-01
2.522999999999999687e-01
1.888000000000000234e-01
7.939999999999999836e-02
2.870000000000000329e-02
1.340000000000001433e-02
1.588999999999999857e-01
6.029999999999999249e-02
5.630000000000000282e-02
4.379999999999995702e-02
5.549999999999999378e-02
1.489000000000000323e-01
1.681000000000000272e-01
3.540999999999999703e-01
8.228999999999999648e-01
1.130290000000000106e+01
4.556800000000000850e+00
4.174500000000000988e+00
8.439999999999998614e-01
4.667999999999999372e-01
2.396299999999999653e+00
1.007900000000000018e+00
8.205999999999999961e-01
1.361200000000000188e+00
1.302699999999999747e+00
6.088999999999999968e-01
1.388600000000000056e+00
1.639900000000000135e+00
8.131999999999999229e-01
4.406800000000000495e+00
4.999200000000000088e+00
5.922600000000000087e+00
8.048999999999998378e-01
1.588200000000000056e+00
2.055299999999999905e+00
1.189200000000000035e+00
8.002000000000000224e-01
2.253200000000000092e+00
9.678000000000001046e-01
3.336000000000000076e-01
3.347999999999999310e-01
1.783000000000000140e-01
2.320000000000000395e-01
8.109999999999999154e-02
1.132000000000000645e-01
1.231999999999999484e-01
1.356999999999999873e-01
6.890000000000001679e-02
9.779999999999997029e-02
5.080000000000002569e-02
1.239000000000000101e-01
1.818000000000000171e-01
1.297000000000000375e-01
5.669999999999995877e-02
6.560000000000003328e-02
4.439999999999999503e-02
4.310000000000004106e-02
3.309999999999996279e-02
5.240000000000002295e-02
3.820000000000002560e-02
3.409999999999994980e-02
6.139999999999997543e-02
7.400000000000006573e-02
5.040000000000004199e-02
4.719999999999996421e-02
1.225000000000000949e-01
1.108000000000000235e-01
6.559999999999997777e-02
7.079999999999997407e-02
3.428999999999999826e-01
1.775000000000000466e-01
2.501000000000000445e-01
2.190999999999999337e-01
3.409999999999990816e-02
1.830999999999999017e-01
5.174999999999999600e-01
2.777000000000000024e-01
9.675999999999997936e-01
3.970999999999999530e-01
2.389999999999999902e-01
2.680000000000000160e-01
8.269999999999992635e-02
8.870000000000000107e-02
5.100000000000003142e-02
6.450000000000012668e-02
1.093999999999999556e-01
2.799999999999999711e-01
1.305000000000000604e-01
2.146000000000000130e-01
1.530100000000000238e+00
2.101299999999999724e+00
1.260600000000000165e+00
1.864999999999999991e+00
5.927999999999999936e-01
1.063999999999999835e+00
1.724000000000000199e+00
4.763000000000000567e-01
3.239000000000000212e-01
3.118000000000000771e-01
4.791999999999999038e-01
1.780999999999999528e-01
1.234999999999999987e-01
1.706999999999999629e-01
1.032400000000000206e+00
1.447000000000000508e-01
3.447000000000000619e-01
