9.790000000000000091e-02
8.659999999999999643e-02
1.331999999999999851e-01
4.949999999999999539e-02
4.200000000000000261e-02
2.650000000000000272e-02
6.650000000000000355e-02
4.539999999999999591e-02
7.709999999999998799e-02
3.130000000000000143e-02
3.980000000000000204e-02
1.004000000000000170e-01
4.004000000000000337e-01
4.064999999999999725e-01
2.645000000000000129e-01
3.273000000000000353e-01
1.423999999999999710e-01
1.804999999999999660e-01
1.026000000000000245e-01
1.674999999999999545e-01
8.440000000000003055e-02
4.939999999999999947e-02
8.909999999999998477e-02
6.180000000000001464e-02
4.489999999999998853e-02
1.186000000000000110e-01
3.115999999999999881e-01
1.191999999999999726e-01
1.300000000000000044e-01
1.108999999999999847e-01
1.050999999999999990e-01
5.559999999999999665e-02
9.130000000000002003e-02
2.041000000000000036e-01
4.512999999999999790e-01
2.449000000000000066e-01
1.180999999999999828e-01
7.110000000000001041e-02
7.819999999999999174e-02
4.070000000000003476e-02
6.670000000000000928e-02
2.650000000000000133e-01
7.640000000000002345e-02
1.739999999999999880e-01
4.587999999999999856e-01
3.062000000000000277e-01
2.448000000000000176e-01
1.721000000000000307e-01
4.909999999999994924e-02
6.050000000000002598e-02
5.290000000000000258e-02
4.301999999999999713e-01
2.467999999999999639e-01
1.349000000000000199e-01
9.409999999999998921e-02
9.269999999999994911e-02
1.531000000000000139e-01
2.164999999999999702e-01
4.419999999999999624e-02
3.370000000000002854e-02
9.009999999999999953e-02
5.790000000000002089e-02
4.089999999999995722e-02
3.437000000000000055e-01
2.116000000000000103e-01
1.718000000000000083e-01
4.170000000000002871e-02
6.519999999999998019e-02
1.352000000000000146e-01
5.560000000000000359e-02
6.689999999999998725e-02
9.889999999999998792e-02
7.349999999999999589e-02
3.079999999999999405e-02
4.249999999999996836e-02
7.929999999999996774e-02
3.813000000000000278e-01
2.600000000000000089e-01
2.757999999999999896e-01
7.680000000000000715e-02
3.634999999999999343e-01
1.579000000000000403e-01
1.998999999999999944e-01
1.812000000000000277e-01
1.941000000000000225e-01
4.369999999999998885e-02
3.739999999999996105e-02
8.029999999999998250e-02
4.737000000000000099e-01
1.101000000000000034e-01
2.917000000000000703e-01
1.417000000000000204e-01
1.020999999999999963e-01
7.550000000000005318e-02
7.089999999999996305e-02
1.157000000000000250e-01
5.989999999999998104e-02
1.205999999999999989e-01
1.068999999999999950e-01
1.121000000000000468e-01
5.080000000000003263e-02
1.131000000000000061e-01
1.400000000000000133e-01
1.551000000000000156e-01
9.779999999999999805e-02
1.297000000000000652e-01
1.151000000000000356e-01
1.742999999999999827e-01
1.778999999999999471e-01
2.530999999999998806e-01
1.181000000000000522e-01
1.359000000000000208e-01
1.051999999999999880e-01
9.119999999999997553e-02
1.643999999999999906e-01
1.343999999999999917e-01
