7.009999999999999565e-02
1.556000000000000161e-01
1.421999999999999931e-01
1.801000000000000101e-01
2.078000000000000125e-01
2.074000000000000288e-01
1.816999999999999726e-01
1.446000000000000063e-01
7.769999999999999130e-02
1.092000000000000193e-01
1.267000000000000071e-01
4.090000000000001967e-02
5.430000000000000798e-02
7.440000000000000779e-02
8.060000000000000497e-02
5.600000000000000117e-02
1.272999999999999965e-01
1.213000000000000050e-01
7.480000000000000537e-02
1.183000000000000024e-01
5.770000000000000129e-02
3.229999999999999538e-02
2.970000000000001111e-02
3.789999999999999619e-02
1.247000000000000053e-01
1.169000000000000178e-01
1.737999999999999823e-01
7.989999999999998492e-02
1.411999999999999922e-01
1.464999999999999913e-01
9.479999999999996763e-02
1.432999999999999829e-01
1.256999999999999784e-01
6.990000000000000380e-02
8.360000000000000764e-02
1.125000000000000167e-01
1.294000000000000150e-01
1.851999999999999758e-01
2.001999999999999336e-01
1.548000000000000487e-01
1.507000000000000284e-01
1.018999999999999351e-01
9.550000000000002931e-02
1.606000000000000205e-01
1.227999999999999647e-01
1.801999999999999158e-01
1.281999999999999806e-01
2.211000000000000187e-01
2.019000000000000239e-01
2.308000000000000329e-01
6.879999999999997229e-02
4.319999999999999535e-02
3.660000000000000753e-02
9.359999999999994713e-02
2.011999999999999345e-01
1.055999999999998745e-01
5.739999999999990943e-02
1.098000000000000920e-01
2.167000000000000592e-01
1.354999999999999538e-01
1.797999999999999599e-01
1.157999999999999863e-01
9.849999999999994871e-02
9.810000000000000664e-02
1.318000000000000005e-01
8.050000000000004374e-02
8.409999999999991094e-02
4.550000000000005429e-02
3.810000000000010600e-02
4.570000000000008084e-02
1.230999999999998901e-01
9.349999999999988876e-02
1.278999999999999582e-01
7.439999999999999392e-02
1.047999999999999488e-01
6.690000000000001501e-02
4.070000000000000701e-02
1.238000000000000628e-01
1.130000000000000449e-01
9.720000000000007800e-02
9.650999999999998469e-01
5.793000000000000371e-01
2.533700000000000063e+00
3.791000000000000481e-01
1.464999999999999636e-01
1.423999999999999988e-01
1.163999999999999757e-01
1.270999999999999908e-01
4.039999999999999841e-02
5.249999999999996336e-02
1.190999999999999698e-01
6.500000000000002998e-02
7.439999999999999392e-02
1.529999999999999694e-01
1.275000000000000022e-01
1.566999999999999504e-01
1.157000000000000112e-01
3.629999999999998506e-02
1.029999999999999805e-01
6.959999999999999520e-02
3.809999999999998804e-02
6.300000000000000044e-02
2.490000000000002628e-02
6.019999999999997575e-02
5.119999999999998164e-02
6.259999999999998899e-02
4.460000000000000075e-02
4.140000000000001318e-02
1.363999999999999657e-01
7.709999999999997411e-02
9.980000000000006921e-02
5.799999999999996825e-02
2.689999999999996907e-02
5.879999999999997728e-02
9.509999999999996234e-02
7.229999999999998928e-02
