9.750000000000000333e-02
1.309000000000000163e-01
4.970000000000000112e-02
5.229999999999999927e-02
1.004999999999999921e-01
1.665999999999999981e-01
7.820000000000001950e-02
1.944000000000000172e-01
7.939999999999999836e-02
8.219999999999999529e-02
6.819999999999998286e-02
3.363500000000000156e+00
1.380200000000000093e+00
3.822000000000000397e-01
2.551000000000000489e-01
3.029000000000000581e-01
2.985999999999999766e-01
1.895999999999999630e-01
2.378000000000000391e-01
2.893999999999999351e-01
2.121000000000000107e-01
2.061000000000000054e-01
1.929000000000000159e-01
1.889000000000000123e-01
7.260000000000001175e-02
2.923999999999999932e-01
2.048000000000000098e-01
2.049999999999999878e-01
1.554999999999999716e-01
7.200000000000003619e-02
1.189999999999999808e-01
4.800000000000003569e-02
6.070000000000001783e-02
7.109999999999996878e-02
1.192000000000000143e-01
1.048999999999999932e-01
7.440000000000004943e-02
1.323000000000000287e-01
2.150999999999999579e-01
5.226999999999999424e-01
2.500000000000000000e-01
8.586000000000000298e-01
3.086699999999999999e+00
1.563699999999999868e+00
1.005800000000000027e+00
1.006999999999999701e-01
4.322000000000001396e-01
9.294999999999999929e-01
6.008999999999999897e-01
1.383700000000000152e+00
8.731999999999999762e-01
3.553000000000001157e-01
2.460000000000000520e-01
3.630999999999999783e-01
1.369600000000000151e+00
1.107399999999999940e+00
4.110999999999999099e-01
3.689000000000001722e-01
6.191000000000002057e-01
9.031999999999998918e-01
7.567000000000001503e-01
2.823000000000000509e-01
2.571000000000001062e-01
6.029999999999999805e-01
2.501999999999999780e-01
1.957999999999999741e-01
2.456000000000000405e-01
1.872999999999999388e-01
1.834000000000000352e-01
3.942999999999999838e-01
1.851000000000000423e-01
6.438999999999999169e-01
1.109499999999999931e+00
4.739999999999999769e-01
5.161999999999999922e-01
4.476999999999999869e-01
6.972999999999999199e-01
2.893000000000000016e-01
2.646999999999999353e-01
4.165999999999999703e-01
1.843000000000000471e-01
4.346999999999999753e-01
2.018000000000000349e-01
1.157999999999999308e-01
1.491000000000001213e-01
4.768000000000000016e-01
6.754999999999999893e-01
3.506000000000000782e-01
3.522999999999999465e-01
1.811999999999999444e-01
3.662000000000000810e-01
2.817999999999999949e-01
2.499999999999999445e-01
2.474999999999999423e-01
1.220999999999999031e-01
1.278000000000000247e-01
5.897000000000001130e-01
5.080999999999999961e-01
2.043000000000000094e-01
5.624000000000001220e-01
2.047299999999999898e+00
1.803900000000000059e+00
2.285000000000002029e-01
8.619999999999991558e-02
7.690000000000001001e-02
2.202000000000000901e-01
1.850999999999999035e-01
2.295999999999999430e-01
2.018999999999998574e-01
1.297999999999998322e-01
1.793000000000000704e-01
1.097999999999999671e-01
3.220999999999999419e-01
1.021999999999999575e-01
1.178999999999999493e-01
1.688000000000001721e-01
