6.561999999999998945e-01
7.495000000000000551e-01
3.186999999999999278e-01
3.583000000000000629e-01
2.590000000000000635e-01
3.558600000000000207e+00
1.003500000000000059e+00
7.511999999999998678e-01
6.469999999999996865e-01
1.209199999999999831e+00
5.893000000000000460e-01
1.003899999999999793e+00
3.399999999999998024e-01
5.584999999999998854e-01
3.719999999999998308e-01
2.489000000000001767e-01
2.627000000000001556e-01
1.044399999999999551e+00
1.327599999999999891e+00
1.411799999999999944e+00
1.087499999999999911e+00
3.300000000000001266e-01
2.200999999999997958e-01
4.890999999999999237e-01
4.755000000000000893e-01
3.761999999999999234e-01
5.236999999999999433e-01
4.102000000000000646e-01
6.689999999999990399e-02
2.353000000000002312e-01
2.623899999999999899e+00
7.791000000000001258e-01
1.739899999999999558e+00
1.803800000000000070e+00
1.065299999999999914e+00
5.767000000000001014e-01
8.700999999999998735e-01
6.794000000000002260e-01
1.535200000000000120e+00
1.168600000000000083e+00
1.362600000000000033e+00
1.518799999999999928e+00
1.332899999999999752e+00
4.246599999999999930e+00
1.696399999999999908e+00
5.298000000000000487e-01
1.272999999999999687e-01
1.116999999999999243e-01
8.550000000000011757e-02
5.230999999999998984e-01
3.722000000000001418e-01
1.290000000000003089e-01
2.632000000000000450e-01
7.389999999999988245e-02
1.877000000000002000e-01
1.368000000000001437e-01
7.296000000000000263e-01
3.427200000000000024e+00
1.943200000000000260e+00
3.549999999999999822e-01
4.754000000000001003e-01
8.492999999999998328e-01
2.702999999999998737e-01
5.763000000000000345e-01
4.433999999999996833e-01
1.591100000000000403e+00
3.630999999999998118e-01
2.279000000000001580e-01
2.292000000000000703e-01
2.728000000000000980e-01
2.459999999999997189e-01
6.665999999999998593e-01
3.959000000000000852e-01
6.923000000000000265e-01
1.819999999999999396e-01
1.677999999999998382e-01
2.435000000000001052e-01
1.902000000000002577e-01
2.131000000000000671e-01
4.727999999999999425e-01
4.325999999999998735e-01
2.684999999999999609e-01
3.031000000000001471e-01
3.593999999999999417e-01
5.065000000000000613e-01
2.600000000000001199e-01
4.505999999999997785e-01
2.107999999999998764e-01
1.660999999999996923e-01
2.727999999999998204e-01
5.067000000000000393e-01
4.360999999999999321e-01
6.949999999999978417e-02
1.165000000000000480e-01
6.970000000000020624e-02
2.474999999999998312e-01
2.078999999999998627e-01
1.110999999999998655e-01
1.485999999999999543e-01
7.580999999999998851e-01
3.787000000000001476e-01
1.565899999999999848e+00
8.702000000000000846e-01
3.532000000000000139e-01
5.804000000000000270e-01
6.146999999999998021e-01
3.790000000000000036e-01
1.070999999999998620e-01
1.568000000000001615e-01
9.443999999999999062e-01
4.165999999999997483e-01
8.770999999999999908e-01
6.791999999999998039e-01
1.873000000000002441e-01
1.116000000000003656e-01
7.589999999999980096e-02
