4.576000000000000068e-01
1.823999999999999844e+00
5.101999999999998758e-01
4.216999999999999638e-01
2.223000000000000254e-01
9.179999999999993721e-02
1.398000000000000909e-01
1.247999999999999388e-01
4.400000000000004602e-02
5.289999999999998870e-02
3.140000000000001124e-02
5.930000000000001936e-02
7.729999999999997984e-02
4.410000000000006970e-02
2.111999999999999433e-01
3.999999999999995226e-02
6.849999999999997757e-02
7.909999999999998976e-02
3.089999999999995528e-02
4.070000000000004864e-02
4.400000000000005990e-02
4.339999999999993863e-02
3.820000000000001172e-02
6.850000000000003308e-02
2.051000000000000600e-01
1.098500000000000032e+00
1.179999999999999383e-01
3.564999999999999836e-01
1.335000000000001186e-01
5.479999999999986965e-02
1.026000000000000106e-01
3.389999999999994407e-02
6.889999999999994740e-02
3.260000000000004561e-02
5.290000000000003033e-02
3.999999999999999389e-02
5.549999999999997990e-02
4.700000000000005562e-02
8.490000000000001712e-02
3.044999999999999374e-01
2.389999999999999625e-01
1.073999999999999400e-01
1.131999999999999673e-01
8.629999999999997395e-02
4.440000000000005054e-02
6.790000000000001590e-02
8.269999999999999574e-02
1.187000000000000277e-01
1.311000000000000776e-01
6.919999999999998375e-02
6.550000000000003042e-02
5.149999999999999023e-02
8.489999999999994773e-02
7.940000000000008162e-02
5.259999999999996623e-02
6.060000000000007048e-02
6.880000000000004168e-02
9.250000000000002665e-02
5.299999999999994299e-02
6.369999999999997886e-02
9.000000000000002442e-02
6.269999999999992246e-02
4.269999999999996715e-02
8.279999999999995697e-02
6.210000000000001630e-02
3.800000000000005457e-02
4.499999999999996364e-02
8.120000000000004992e-02
7.220000000000000029e-02
6.620000000000003659e-02
2.003999999999999393e-01
2.000999999999999446e-01
1.180000000000000770e-01
8.949999999999994071e-02
6.020000000000001045e-02
3.610000000000000014e-02
4.419999999999997542e-02
1.494000000000001438e-01
8.269999999999999574e-02
7.009999999999991238e-02
9.019999999999994689e-02
1.094000000000000250e-01
1.346500000000000030e+00
6.892000000000000348e-01
6.650000000000000355e-02
1.638999999999999901e-01
7.049999999999984057e-02
2.750000000000015626e-02
9.410000000000014186e-02
5.790000000000002089e-02
4.220000000000007079e-02
7.429999999999992166e-02
2.350000000000011108e-02
3.769999999999994883e-02
4.140000000000008257e-02
5.129999999999981797e-02
3.189999999999990066e-02
9.359999999999993325e-02
4.559999999999986287e-02
2.476999999999998092e-01
1.108000000000001761e-01
7.330000000000018445e-02
5.239999999999996050e-02
7.740000000000003821e-02
9.729999999999988658e-02
2.712999999999999856e-01
4.019999999999977064e-02
8.730000000000007199e-02
4.489999999999998159e-02
4.670000000000001233e-02
2.610000000000008147e-02
3.149999999999986838e-02
9.929999999999992999e-02
1.425999999999999490e-01
6.779999999999988813e-02
1.345000000000001195e-01
