7.630000000000000671e-02
1.266999999999999793e-01
4.607999999999999874e-01
4.041000000000000147e-01
2.306000000000000272e-01
2.797000000000000597e-01
9.859999999999999321e-02
9.440000000000001168e-02
9.139999999999999514e-02
1.102999999999999953e-01
7.570000000000001728e-02
1.051999999999999741e-01
1.401000000000000023e-01
6.839999999999998859e-02
7.240000000000001990e-02
1.043999999999999651e-01
1.009000000000000036e-01
4.060000000000000414e-02
1.138999999999999874e-01
1.821000000000000119e-01
7.099999999999997979e-02
1.062999999999999778e-01
7.499999999999999722e-02
7.269999999999998685e-02
8.100000000000007194e-02
1.230000000000000260e-01
1.754000000000000004e-01
1.203999999999999654e-01
2.833999999999999853e-01
1.954000000000000181e-01
1.185999999999999832e-01
6.690000000000000113e-02
1.451000000000000623e-01
9.690000000000006941e-02
1.329000000000000181e-01
2.026000000000000301e-01
1.421999999999999376e-01
7.399999999999995470e-02
1.090000000000000413e-01
1.550999999999999324e-01
9.430000000000002269e-02
2.265000000000000069e-01
1.813000000000000167e-01
1.374999999999999556e-01
1.168999999999999900e-01
4.179999999999992749e-02
7.799999999999993050e-02
1.153999999999999054e-01
1.182999999999999885e-01
8.429999999999999993e-02
8.399999999999999134e-02
9.610000000000004650e-02
4.048999999999999266e-01
7.603000000000000869e-01
7.480999999999999872e-01
6.139000000000002233e-01
1.081000000000001404e-01
6.880000000000013882e-02
1.273000000000001353e-01
1.304000000000001269e-01
1.289000000000001533e-01
1.477999999999999314e-01
8.889999999999989577e-02
8.589999999999993474e-02
6.009999999999984799e-02
7.639999999999988467e-02
3.730000000000004146e-02
2.689999999999991703e-02
5.660000000000003917e-02
4.590000000000012820e-02
5.109999999999990938e-02
2.015999999999999459e-01
1.478999999999999482e-01
9.320000000000000506e-02
9.620000000000011875e-02
6.930000000000006988e-02
1.112000000000000488e-01
1.402000000000001023e-01
6.639999999999997293e-02
1.967000000000001525e-01
9.080000000000000571e-02
5.930000000000000548e-02
1.085000000000000825e-01
6.139999999999991992e-02
1.071999999999997399e-01
9.559999999999983789e-02
1.195999999999999008e-01
1.420000000000001539e-01
6.919999999999996987e-02
1.207999999999999075e-01
1.575999999999998236e-01
1.616000000000000769e-01
3.424999999999999711e-01
3.413000000000000478e-01
3.435000000000000275e-01
8.239999999999994551e-02
8.880000000000003169e-02
1.434000000000000552e-01
1.183000000000000301e-01
5.639999999999995017e-02
7.660000000000008469e-02
8.180000000000009486e-02
1.965999999999999970e-01
1.732000000000001316e-01
1.702999999999998126e-01
1.441000000000001446e-01
7.979999999999996818e-02
7.619999999999994833e-02
7.870000000000000606e-02
5.040000000000002117e-02
8.109999999999985276e-02
1.045999999999998320e-01
2.446999999999999453e-01
1.504000000000000337e-01
1.336999999999996525e-01
8.339999999999972435e-02
