2.036999999999999922e-01
7.109999999999999654e-02
5.949999999999999734e-02
1.151999999999999830e-01
1.716999999999999638e-01
2.492999999999999661e-01
2.586999999999999855e-01
2.428000000000000158e-01
2.842000000000000082e-01
3.237999999999999767e-01
6.069999999999993456e-02
1.449999999999999345e-01
9.239999999999998215e-02
5.349999999999999201e-02
9.960000000000000797e-02
4.589999999999998248e-02
1.179000000000000048e-01
1.124999999999999750e-01
1.073000000000000342e-01
1.510999999999999843e-01
4.060000000000007353e-02
9.290000000000001035e-02
4.850000000000001532e-02
6.050000000000003986e-02
8.589999999999997637e-02
7.719999999999996310e-02
6.090000000000002356e-02
5.070000000000000895e-02
4.240000000000006264e-02
4.729999999999993932e-02
3.869999999999994278e-02
4.419999999999997542e-02
6.789999999999998814e-02
1.483000000000000707e-01
8.070000000000004947e-02
5.539999999999999092e-02
9.499999999999993172e-02
1.630999999999999672e-01
9.529999999999999583e-02
1.424000000000000266e-01
1.357000000000000983e-01
1.558000000000000773e-01
1.650999999999999412e-01
1.195999999999999702e-01
7.379999999999996285e-02
9.210000000000009845e-02
4.856000000000000316e-01
3.156000000000001027e-01
1.731999999999999929e-01
8.150000000000004463e-02
4.330000000000003985e-02
3.118000000000000216e-01
8.950000000000003786e-02
1.175999999999999268e-01
7.419999999999998819e-02
1.237999999999999517e-01
7.449999999999999678e-02
8.950000000000001010e-02
4.489999999999995384e-02
7.840000000000009461e-02
6.140000000000007258e-02
7.280000000000001747e-02
8.089999999999995806e-02
1.288999999999999591e-01
2.261000000000000232e-01
2.250000000000002692e-02
1.747000000000000219e-01
1.649000000000000188e-01
7.269999999999993134e-02
3.605000000000000981e-01
1.121000000000000330e-01
1.462999999999999856e-01
1.107999999999999263e-01
2.606999999999999873e-01
3.634999999999999343e-01
4.112000000000000099e-01
2.580999999999999961e-01
2.677999999999999825e-01
2.602999999999999758e-01
1.834000000000000352e-01
1.035999999999999838e-01
1.434999999999999609e-01
2.092999999999999305e-01
9.329999999999999405e-02
3.797000000000000930e-01
1.704999999999999849e-01
7.169999999999998597e-02
5.884999999999999121e-01
2.318000000000000060e-01
3.399999999999999689e-01
6.139999999999997543e-02
5.589999999999993585e-02
1.900999999999999912e-01
2.241000000000000214e-01
1.173999999999999905e-01
1.017999999999999461e-01
8.460000000000000853e-02
8.245000000000000107e-01
1.285299999999999665e+00
6.238999999999998991e-01
2.103999999999999482e-01
1.565999999999999892e-01
1.803000000000000158e-01
1.270999999999999630e-01
1.148000000000000131e-01
1.900000000000000577e-01
4.080000000000000293e-02
3.554999999999999272e-01
6.019999999999991330e-02
9.359999999999998876e-02
5.939999999999996672e-02
6.270000000000010287e-02
1.589999999999999747e-01
2.728000000000000980e-01
4.043999999999999817e-01
1.552999999999999658e-01
8.187999999999999723e-01
4.430999999999999384e-01
2.268000000000000016e-01
