1.542000000000000037e-01
1.333000000000000018e-01
2.217999999999999972e-01
1.087999999999999939e-01
1.444000000000000006e-01
8.780000000000000304e-02
7.590000000000000913e-02
1.215999999999999720e-01
5.090000000000000080e-02
3.880000000000000809e-02
9.639999999999998570e-02
6.240000000000001795e-02
6.960000000000003684e-02
1.456000000000000072e-01
7.369999999999995999e-02
1.168999999999999900e-01
5.219999999999996171e-02
6.359999999999998987e-02
1.278999999999999859e-01
8.449999999999999178e-02
1.218000000000000194e-01
5.649999999999997385e-02
1.008000000000000423e-01
1.267000000000000348e-01
6.789999999999997427e-02
7.320000000000001505e-02
8.430000000000001381e-02
1.640000000000000346e-01
1.214999999999999830e-01
6.959999999999993969e-02
1.045000000000000512e-01
6.930000000000000049e-02
1.657000000000000139e-01
2.451000000000000401e-01
7.010000000000005116e-02
1.178999999999999215e-01
9.180000000000007598e-02
7.790000000000012192e-02
7.519999999999996132e-02
8.259999999999993736e-02
1.517000000000000293e-01
9.060000000000008324e-02
1.823000000000000731e-01
6.590000000000002800e-02
1.530999999999999306e-01
2.345999999999998920e-01
2.095000000000000751e-01
1.504999999999999394e-01
1.857000000000001150e-01
1.155999999999998418e-01
7.530000000000011684e-02
9.350000000000016631e-02
1.209999999999999271e-01
1.025999999999998302e-01
4.600000000000014494e-02
9.919999999999999651e-02
6.750000000000000444e-02
1.688999999999998280e-01
1.385999999999997789e-01
3.592999999999998417e-01
2.864000000000000989e-01
1.159000000000000169e-01
8.070000000000004947e-02
4.300000000000005207e-02
1.574000000000000399e-01
8.510000000000018938e-02
5.120000000000018286e-02
1.317000000000000393e-01
1.265000000000000291e-01
8.220000000000021734e-02
1.239000000000001767e-01
8.500000000000013101e-02
7.120000000000006879e-02
3.720999999999999863e-01
2.591000000000002190e-01
1.425999999999997270e-01
1.200000000000001621e-01
2.134000000000000341e-01
8.389999999999953051e-02
6.820000000000028817e-02
9.639999999999993019e-02
1.376000000000001389e-01
1.368000000000000049e-01
9.509999999999962927e-02
9.609999999999982445e-02
1.572000000000002007e-01
1.207000000000000017e-01
8.880000000000007332e-02
1.420000000000001261e-01
8.989999999999995217e-02
8.909999999999997089e-02
1.093000000000001887e-01
9.029999999999976934e-02
1.695999999999996954e-01
2.143999999999999240e-01
3.605999999999998096e-01
1.333000000000001406e-01
1.547000000000002817e-01
1.852000000000003088e-01
1.512000000000001676e-01
4.874999999999998224e-01
3.713999999999997303e-01
9.249999999999997113e-02
2.157000000000001416e-01
1.556999999999997830e-01
1.573999999999998178e-01
8.370000000000003826e-02
7.540000000000032787e-02
1.214000000000000079e-01
3.221000000000003305e-01
3.094000000000000083e-01
2.669999999999997375e-01
6.909999999999986986e-02
5.999999999999982431e-02
9.040000000000021629e-02
1.684999999999997611e-01
1.166999999999997484e-01
4.390000000000021663e-02
8.610000000000000986e-02
