1.088999999999999968e-01
1.506000000000000116e-01
1.505000000000000226e-01
5.779999999999999027e-02
1.368999999999999939e-01
8.910000000000001252e-02
5.440000000000000391e-02
1.375000000000000111e-01
1.711000000000000021e-01
1.252000000000000057e-01
5.009999999999999176e-02
8.879999999999999005e-02
5.449999999999998596e-02
9.040000000000000813e-02
4.249999999999999611e-02
9.080000000000000571e-02
8.560000000000000941e-02
5.300000000000000544e-02
4.199999999999998873e-02
6.679999999999999827e-02
7.130000000000000226e-02
7.960000000000000409e-02
1.165000000000000202e-01
6.370000000000000662e-02
1.270000000000000018e-01
9.959999999999999409e-02
6.749999999999999056e-02
6.110000000000000153e-02
9.929999999999999938e-02
7.559999999999998666e-02
9.290000000000002423e-02
1.182999999999999885e-01
1.139000000000000012e-01
4.849999999999998757e-02
5.349999999999999895e-02
7.490000000000002212e-02
5.449999999999997208e-02
5.889999999999999403e-02
7.939999999999997060e-02
1.207999999999999907e-01
8.720000000000002749e-02
9.680000000000002491e-02
1.095000000000000417e-01
4.440000000000003666e-02
1.345999999999999974e-01
6.489999999999995772e-02
6.489999999999999936e-02
6.409999999999999032e-02
7.470000000000001639e-02
7.080000000000000182e-02
5.620000000000001383e-02
1.170000000000000068e-01
1.011000000000000093e-01
5.860000000000002707e-02
9.080000000000006122e-02
6.359999999999996212e-02
3.159999999999998921e-02
8.940000000000002112e-02
8.700000000000002176e-02
4.529999999999998611e-02
6.390000000000004010e-02
5.079999999999999793e-02
1.094000000000000111e-01
8.779999999999998916e-02
7.670000000000001816e-02
8.850000000000002309e-02
6.110000000000000847e-02
5.999999999999997002e-02
6.050000000000002598e-02
8.970000000000000195e-02
1.197000000000000286e-01
5.469999999999997781e-02
5.049999999999994771e-02
7.599999999999999811e-02
3.590000000000002217e-02
3.290000000000000563e-02
3.419999999999998735e-02
3.370000000000004936e-02
6.589999999999998637e-02
7.920000000000004814e-02
1.959999999999996467e-02
6.559999999999999165e-02
1.150999999999999107e-01
8.500000000000007550e-02
9.919999999999987161e-02
1.174999999999998962e-01
8.209999999999992304e-02
5.160000000000004861e-02
8.629999999999993232e-02
8.840000000000006186e-02
6.350000000000000089e-02
4.710000000000009318e-02
1.256000000000000449e-01
8.360000000000002152e-02
8.739999999999997771e-02
2.759999999999998566e-02
6.529999999999991367e-02
8.440000000000000280e-02
8.869999999999995943e-02
3.319999999999996565e-02
4.080000000000007232e-02
5.329999999999999322e-02
8.439999999999991953e-02
8.330000000000001292e-02
2.469999999999996504e-02
5.689999999999995062e-02
1.094999999999999862e-01
7.889999999999999791e-02
1.048999999999999932e-01
1.522000000000000297e-01
1.573999999999999844e-01
4.130000000000000338e-02
5.409999999999998838e-02
1.303999999999999881e-01
1.544999999999999707e-01
1.574000000000000954e-01
3.400000000000000938e-02
4.999999999999995420e-02
5.239999999999996050e-02
