1.262300000000000200e+00
1.717999999999999250e-01
2.713000000000000411e-01
4.768999999999999906e-01
3.075999999999999290e-01
4.565000000000000169e-01
5.201999999999999957e-01
4.601299999999999280e+00
1.176299999999999901e+00
5.642000000000000348e-01
4.747999999999997778e-01
3.484000000000000430e-01
1.423000000000000043e+00
6.460999999999998966e-01
3.212999999999999745e-01
1.975999999999999701e-01
1.956000000000000238e-01
1.254000000000000115e-01
1.334000000000000186e-01
6.130000000000000726e-02
2.600999999999999979e-01
2.434999999999999665e-01
8.268000000000000904e-01
1.486200000000000188e+00
8.355000000000001315e-01
1.744499999999999718e+00
2.861999999999999544e-01
1.862999999999999934e-01
1.363999999999999657e-01
8.069999999999998008e-02
7.580000000000000626e-02
1.978999999999999926e-01
2.296999999999999875e-01
2.428000000000000158e-01
5.040999999999999925e-01
2.407999999999999585e-01
3.200999999999999401e-01
2.128999999999999782e-01
1.632000000000000117e-01
8.349999999999996314e-02
4.121000000000000218e-01
5.737999999999998657e-01
1.600000000000000089e+00
1.800000000000000488e-01
3.409999999999999698e-01
2.013999999999998847e-01
2.710000000000000742e-01
1.491000000000000381e-01
3.148000000000000798e-01
1.766999999999998017e-01
1.026000000000001355e-01
1.455999999999998684e-01
2.360000000000000431e-01
2.661999999999999367e-01
7.150999999999999579e-01
6.121000000000001995e-01
3.890999999999999459e-01
1.931000000000001049e-01
2.413799999999999724e+00
6.960999999999999410e-01
1.560699999999999976e+00
6.718999999999998307e-01
1.330000000000000071e-01
3.508999999999997677e-01
2.381999999999999673e-01
9.860000000000000708e-02
1.879999999999999172e-01
1.519000000000000905e-01
1.254000000000000947e-01
4.595000000000000195e-01
4.073000000000000509e-01
4.196000000000000840e-01
6.421000000000000041e-01
1.818999999999999728e+00
3.061999999999999722e-01
7.575000000000000622e-01
9.862000000000001876e-01
7.278999999999999915e-01
4.145999999999998575e-01
1.835299999999999931e+00
6.266000000000000458e-01
1.129800000000000360e+00
8.171999999999999265e-01
1.250199999999999978e+00
3.083999999999997299e-01
1.571400000000000130e+00
4.147799999999999265e+00
4.661999999999999478e-01
9.002000000000001112e-01
7.137000000000001121e-01
2.328999999999999404e-01
5.449000000000000510e-01
1.407999999999998975e-01
1.476999999999999702e-01
1.489000000000001156e-01
2.150000000000000244e-01
2.462999999999999357e-01
1.265700000000000047e+00
7.724000000000000865e-01
6.279000000000000137e-01
7.512000000000000899e-01
3.194000000000001283e-01
1.004499999999999948e+00
2.129000000000001447e-01
9.940000000000005775e-02
3.406000000000000139e-01
3.787000000000000366e-01
6.852999999999999092e-01
3.541999999999999593e-01
2.076000000000000623e-01
6.263999999999998458e-01
3.444199999999999928e+00
1.029199999999999893e+00
2.257000000000000117e-01
1.449999999999999900e-01
1.225999999999999590e-01
1.222999999999999643e-01
4.773999999999999910e-01
2.373300000000000409e+00
3.374999999999998557e-01
2.094000000000000583e-01
2.544000000000000150e-01
1.847399999999999931e+00
6.619000000000001549e-01
8.907000000000000473e-01
2.732000000000000539e-01
2.773000000000000465e-01
8.121000000000000441e-01
1.587000000000000355e-01
6.369999999999986784e-02
1.277000000000001467e-01
6.791000000000001480e-01
5.264000000000000901e-01
1.869099999999999984e+00
4.810000000000000941e-01
2.537200000000000344e+00
2.296099999999999586e+00
5.504000000000004444e-01
5.831100000000000172e+00
4.470100000000000406e+00
1.667300000000000226e+00
9.528999999999998582e-01
2.018300000000000427e+00
8.344999999999995755e-01
1.613000000000003042e-01
3.933999999999999719e-01
4.298000000000000154e-01
3.342999999999994865e-01
2.489000000000001211e-01
2.187000000000005051e-01
1.883999999999999286e-01
1.139000000000001123e-01
4.928999999999998938e-01
3.125000000000002220e-01
4.321999999999995845e-01
1.113999999999999990e-01
2.884499999999999620e+00
2.082200000000000273e+00
3.418899999999999828e+00
1.238100000000000200e+00
1.025500000000000078e+00
1.239300000000000068e+00
7.188999999999999835e-01
1.233099999999999863e+00
8.397999999999998799e-01
5.419000000000002704e-01
7.406000000000003691e-01
1.236300000000000399e+00
2.354999999999999039e-01
2.094999999999998530e-01
1.316000000000002168e-01
2.200000000000001399e-01
1.241999999999998383e-01
4.845999999999998087e-01
4.033999999999997033e-01
1.193000000000006416e-01
1.184999999999997722e-01
8.160000000000044995e-02
3.535000000000001474e-01
2.831999999999998963e-01
2.335000000000000409e-01
1.784999999999996312e-01
1.273999999999999300e-01
5.889999999999991076e-02
1.889000000000003177e-01
2.661999999999995481e-01
2.040999999999997261e-01
2.996000000000001995e-01
1.807000000000004714e-01
1.514999999999996350e-01
2.671999999999998820e-01
2.501999999999998670e-01
1.171000000000001623e-01
1.193999999999999506e-01
8.767000000000003679e-01
1.813299999999999912e+00
2.795299999999999674e+00
1.321400000000000574e+00
2.891999999999995685e-01
