6.038999999999999924e-01
2.818000000000001060e-01
8.849999999999999534e-02
5.950000000000001121e-02
1.547999999999999932e-01
9.930000000000001326e-02
1.367999999999999772e-01
1.703999999999999959e-01
1.521000000000000130e-01
4.742999999999999994e-01
7.763999999999998680e-01
1.143800000000000150e+00
1.020000000000000018e+00
5.691000000000000503e-01
1.941999999999999560e-01
3.117999999999999661e-01
1.964999999999999802e-01
2.309999999999999831e-01
4.536000000000000032e-01
2.209000000000000408e-01
9.030000000000001914e-02
1.599999999999999756e-01
1.150999999999999940e-01
6.829999999999999960e-02
1.625000000000000333e-01
1.332999999999999741e-01
1.208999999999999797e-01
1.255999999999999617e-01
1.114199999999999857e+00
4.502999999999999226e-01
2.514000000000000123e-01
1.873000000000000220e-01
3.582000000000000184e-01
3.231000000000000538e-01
5.277999999999999359e-01
1.886999999999999789e-01
1.157999999999999863e-01
1.589000000000000412e-01
2.443999999999999506e-01
9.839999999999997360e-02
1.683000000000000052e-01
3.413999999999999813e-01
2.524999999999999467e-01
2.754999999999999671e-01
5.759999999999999565e-01
3.492000000000000659e-01
2.428999999999999770e-01
2.600999999999999979e-01
2.640000000000000124e-01
1.977999999999999758e-01
1.578999999999999293e-01
1.677999999999999492e-01
2.597999999999999754e-01
2.945999999999999730e-01
4.760999999999998566e-01
2.454000000000000070e-01
5.047999999999999154e-01
2.839000000000000412e-01
2.173999999999999266e-01
9.275999999999999801e-01
2.304599999999999760e+00
1.493399999999999839e+00
2.239299999999999624e+00
2.947200000000000042e+00
2.617299999999999738e+00
3.335999999999998966e-01
7.232999999999998320e-01
2.085999999999997301e-01
9.509999999999996234e-02
3.608999999999999431e-01
2.327999999999996461e-01
3.892999999999999794e-01
5.830000000000001847e-02
3.098000000000001863e-01
1.458800000000000319e+00
6.525500000000000078e+00
3.447699999999999321e+00
6.641000000000002457e-01
2.316399999999999793e+00
4.079000000000001513e-01
2.109100000000000197e+00
1.570599999999999774e+00
1.101399999999999935e+00
5.584000000000001185e-01
1.614000000000000434e-01
1.152599999999999847e+00
3.819999999999999507e-01
1.389999999999999902e+00
3.736000000000001542e-01
2.480000000000002758e-01
7.316000000000000281e-01
4.238000000000002321e-01
1.044899999999999940e+00
1.467799999999999994e+00
7.698000000000000398e-01
4.526999999999998803e-01
4.142000000000002347e-01
7.124999999999999112e-01
2.222900000000000098e+00
5.760899999999999466e+00
3.806700000000000195e+00
8.719999999999998863e-01
2.233999999999999986e+00
2.992900000000000116e+00
1.980399999999999716e+00
1.889399999999999746e+00
5.688000000000000833e-01
5.096999999999999309e-01
3.113999999999998991e-01
5.109999999999996767e-01
2.638999999999996904e-01
2.389999999999998792e-01
1.678000000000003100e-01
2.538000000000001921e-01
2.769000000000000350e-01
2.740000000000001878e-01
5.234999999999997433e-01
3.263000000000000345e-01
1.335999999999997745e-01
5.759999999999987352e-02
8.099999999999987765e-02
1.435000000000000997e-01
1.282999999999999141e-01
1.462999999999998191e-01
9.809999999999999276e-02
8.760000000000020548e-02
1.614000000000000989e-01
7.734999999999999654e-01
5.644000000000000128e-01
2.082999999999997631e-01
2.400000000000001854e-01
1.388999999999999402e-01
1.333000000000001128e-01
1.028999999999999915e-01
1.808999999999996999e-01
2.146000000000001795e-01
3.747999999999999665e-01
4.899000000000000021e-01
4.742000000000000659e-01
1.429700000000000415e+00
7.615000000000000657e-01
4.830000000000000404e-01
4.467000000000000970e-01
5.090999999999998860e-01
1.474800000000000111e+00
3.111100000000000421e+00
1.422700000000000076e+00
8.344000000000000306e-01
5.796999999999997710e-01
1.086000000000000576e-01
3.573999999999998844e-01
3.449000000000000399e-01
5.573999999999996735e-01
3.836000000000001631e-01
5.719999999999996199e-01
4.515000000000003455e-01
7.757999999999998231e-01
3.973999999999996979e-01
1.709000000000001629e-01
4.554999999999999050e-01
3.277999999999999803e-01
6.344999999999996199e-01
2.423999999999996713e-01
2.906999999999998474e-01
2.466999999999998916e-01
1.064200000000000035e+00
5.231999999999998874e-01
2.710799999999999876e+00
1.823399999999999910e+00
7.737000000000000544e-01
1.299199999999999688e+00
1.287499999999999867e+00
1.227400000000000269e+00
1.734200000000000186e+00
1.457800000000000207e+00
2.830899999999999750e+00
4.580199999999999605e+00
3.147200000000000220e+00
1.744100000000000428e+00
8.265000000000000124e-01
2.331000000000000405e+00
3.220200000000000173e+00
7.734999999999996323e-01
1.581899999999999862e+00
7.531999999999998696e-01
7.001999999999999336e-01
1.290299999999999780e+00
7.115000000000000213e-01
5.619999999999998330e-01
3.746999999999999775e-01
3.387999999999999901e-01
1.870999999999999885e-01
2.560000000000000608e-01
1.968999999999998529e-01
6.056999999999999051e-01
4.190999999999995840e-01
2.422999999999999321e-01
2.972999999999997867e-01
5.522000000000000242e-01
