1.084999999999999992e-01
3.069999999999999118e-02
3.519999999999999518e-02
6.829999999999999960e-02
6.909999999999999476e-02
5.599999999999999423e-02
4.180000000000000382e-02
4.220000000000000140e-02
4.730000000000000177e-02
6.400000000000000133e-02
7.050000000000000711e-02
6.590000000000001412e-02
6.930000000000000049e-02
6.420000000000000706e-02
3.969999999999999918e-02
4.439999999999998809e-02
3.809999999999999498e-02
3.260000000000001091e-02
5.390000000000000346e-02
2.970000000000000070e-02
5.350000000000001282e-02
8.400000000000000522e-02
6.329999999999999516e-02
6.719999999999998197e-02
4.880000000000000310e-02
3.889999999999999708e-02
2.739999999999999727e-02
4.150000000000000910e-02
5.090000000000000080e-02
7.530000000000000582e-02
9.959999999999999409e-02
3.919999999999999180e-02
3.339999999999999913e-02
5.790000000000001396e-02
4.739999999999999075e-02
5.409999999999998144e-02
2.210000000000000159e-02
4.020000000000001350e-02
3.449999999999998207e-02
3.149999999999999328e-02
4.090000000000000580e-02
2.299999999999997186e-02
4.420000000000001705e-02
1.779999999999998597e-02
2.130000000000000296e-02
4.669999999999999152e-02
3.459999999999998493e-02
8.119999999999998053e-02
6.849999999999999145e-02
2.969999999999999724e-02
7.869999999999999218e-02
2.640000000000000679e-02
3.790000000000002395e-02
4.950000000000001621e-02
3.869999999999999135e-02
7.440000000000002167e-02
9.870000000000000995e-02
5.540000000000001174e-02
1.160000000000000267e-02
3.990000000000001185e-02
5.130000000000001226e-02
5.129999999999998450e-02
7.520000000000000295e-02
5.129999999999999838e-02
5.639999999999997099e-02
7.899999999999998690e-02
3.649999999999999772e-02
7.769999999999997742e-02
4.899999999999999495e-02
5.269999999999998991e-02
6.810000000000002163e-02
4.900000000000000883e-02
1.170000000000000553e-02
2.540000000000001631e-02
4.719999999999999196e-02
2.380000000000001559e-02
8.219999999999999529e-02
5.069999999999999507e-02
4.200000000000000955e-02
8.429999999999999993e-02
6.979999999999995930e-02
2.630000000000002822e-02
3.879999999999998728e-02
5.130000000000001920e-02
5.720000000000001472e-02
3.870000000000001217e-02
3.339999999999997832e-02
3.899999999999999301e-02
3.380000000000001059e-02
6.210000000000000242e-02
2.700000000000003439e-02
4.029999999999996085e-02
3.019999999999998380e-02
4.039999999999999147e-02
3.979999999999997429e-02
2.850000000000001144e-02
6.080000000000001376e-02
4.529999999999999305e-02
4.689999999999997643e-02
5.530000000000000193e-02
1.057999999999999774e-01
5.970000000000003082e-02
7.829999999999999460e-02
5.099999999999996897e-02
6.719999999999998197e-02
2.379999999999999477e-02
2.720000000000001583e-02
4.440000000000003666e-02
3.489999999999998659e-02
4.499999999999999833e-02
1.539999999999999356e-02
4.150000000000004380e-02
5.160000000000002779e-02
3.159999999999998227e-02
3.150000000000001410e-02
4.090000000000001967e-02
4.730000000000006422e-02
2.189999999999995423e-02
3.089999999999996222e-02
