1.348000000000000032e-01
9.879999999999999893e-02
9.420000000000000595e-02
1.564000000000000112e-01
9.790000000000001479e-02
4.519999999999999019e-02
9.429999999999999494e-02
9.769999999999999518e-02
7.339999999999999303e-02
9.660000000000000531e-02
9.480000000000002314e-02
7.660000000000000142e-02
7.209999999999999742e-02
6.870000000000001106e-02
8.970000000000000195e-02
9.159999999999998699e-02
3.320000000000000034e-02
5.040000000000000036e-02
1.917000000000000093e-01
5.509999999999998233e-02
1.853000000000000203e-01
9.059999999999999998e-02
6.820000000000001061e-02
5.419999999999998430e-02
5.700000000000002287e-02
5.979999999999999205e-02
5.269999999999999685e-02
1.444000000000000283e-01
1.358000000000000318e-01
1.499999999999999667e-01
6.790000000000001590e-02
7.680000000000000715e-02
1.238999999999999824e-01
1.057000000000000162e-01
3.510000000000000620e-02
1.047999999999999765e-01
5.930000000000006793e-02
8.030000000000001026e-02
7.429999999999999105e-02
4.179999999999996912e-02
8.220000000000002305e-02
2.859999999999996573e-02
7.610000000000000098e-02
2.105000000000000204e-01
1.399999999999999023e-01
9.750000000000000333e-02
6.079999999999999988e-02
2.838000000000000522e-01
3.608999999999999431e-01
5.284999999999999698e-01
2.165000000000000258e-01
1.471999999999999975e-01
3.660000000000002834e-02
3.820000000000001172e-02
4.659999999999989151e-02
1.038000000000000034e-01
5.879999999999997728e-02
1.264999999999999736e-01
1.169000000000000039e-01
1.486999999999999988e-01
1.295000000000000595e-01
1.020000000000000073e-02
4.989999999999994440e-02
4.870000000000009044e-02
4.679999999999994581e-02
1.056999999999999607e-01
1.385999999999999455e-01
1.153000000000000275e-01
7.939999999999992897e-02
3.400000000000002326e-02
6.770000000000006568e-02
6.239999999999992081e-02
5.319999999999996954e-02
4.980000000000005950e-02
8.999999999999999667e-02
4.720000000000001972e-02
2.779999999999999832e-02
2.849999999999996633e-02
4.220000000000003609e-02
2.620000000000012597e-02
1.014999999999999791e-01
5.600000000000011913e-02
4.859999999999990716e-02
5.059999999999988812e-02
1.862000000000000322e-01
1.174000000000000044e-01
6.550000000000005818e-02
1.560999999999999888e-01
2.094999999999999918e-01
2.409999999999999365e-01
3.267999999999999794e-01
2.591999999999999860e-01
2.046999999999999376e-01
8.487999999999999989e-01
3.692999999999999616e-01
2.782000000000000584e-01
1.285000000000000309e-01
2.301999999999998769e-01
1.663000000000000034e-01
2.212000000000000355e-01
6.309999999999989229e-02
1.354000000000000481e-01
6.700000000000008726e-02
7.830000000000013338e-02
1.933000000000001106e-01
1.519999999999999407e-01
1.506999999999998896e-01
3.750000000000004718e-02
6.990000000000003155e-02
8.679999999999989113e-02
1.171000000000001207e-01
1.283000000000001362e-01
9.529999999999981541e-02
2.939999999999978741e-02
5.580000000000007176e-02
1.104999999999999039e-01
9.310000000000000220e-02
1.531999999999999473e-01
5.800000000000013478e-02
