1.345000000000000084e-01
2.530999999999999917e-01
2.310999999999999999e-01
9.809999999999999276e-02
1.063000000000000056e-01
1.393999999999999961e-01
1.476999999999999980e-01
3.403000000000000469e-01
3.256000000000000005e-01
1.778000000000000136e-01
2.959999999999999853e-01
3.206999999999999851e-01
3.011999999999999678e-01
3.832000000000000961e-01
4.414000000000000146e-01
2.928000000000000602e-01
2.983999999999999986e-01
5.344999999999999751e-01
3.739999999999999991e-01
2.892000000000000126e-01
6.240999999999999881e-01
5.014999999999999458e-01
2.698999999999999733e-01
1.472999999999999865e-01
2.135999999999999843e-01
1.630999999999999672e-01
2.765000000000000235e-01
5.521000000000000352e-01
2.517000000000000348e-01
3.768000000000000238e-01
3.238999999999999657e-01
2.258999999999999897e-01
2.454999999999999960e-01
2.301000000000000267e-01
1.380000000000000115e-01
1.715999999999999748e-01
1.845999999999999863e-01
4.810999999999999721e-01
4.830999999999999739e-01
4.257999999999999563e-01
2.414999999999999925e-01
1.280000000000000027e-01
2.283000000000000307e-01
2.888000000000000012e-01
2.636999999999999900e-01
1.996999999999999886e-01
9.819999999999999563e-02
3.363999999999999768e-01
6.804000000000000048e-01
3.312999999999999834e-01
6.179999999999999383e-02
2.545999999999999930e-01
1.148999999999999883e-01
1.660000000000000087e-01
2.565999999999999392e-01
2.626000000000000001e-01
2.450999999999999845e-01
4.110999999999999654e-01
3.338999999999999746e-01
1.096000000000000030e-01
3.210999999999999410e-01
3.513999999999999901e-01
1.162999999999999867e-01
1.834999999999999964e-01
2.595999999999999974e-01
5.844000000000000306e-01
3.560999999999999721e-01
1.119000000000000133e-01
2.232999999999999985e-01
1.424999999999999878e-01
1.196000000000000119e-01
3.044999999999999929e-01
6.366000000000000547e-01
2.697000000000000508e-01
9.939999999999997449e-02
7.230000000000003091e-02
3.301999999999999380e-01
6.282999999999999696e-01
3.513999999999999901e-01
3.593999999999999417e-01
3.940999999999999504e-01
1.722999999999999809e-01
3.861999999999999877e-01
4.101000000000000201e-01
5.579999999999999405e-01
4.088999999999999857e-01
1.457999999999999852e-01
2.187000000000000055e-01
1.564000000000000390e-01
1.548000000000000209e-01
3.618000000000000105e-01
4.131999999999999562e-01
3.376999999999999447e-01
1.843000000000000194e-01
1.101999999999999924e-01
4.088000000000000522e-01
6.465000000000000746e-01
1.266999999999999515e-01
3.646999999999999686e-01
3.753000000000000225e-01
6.942000000000000393e-01
8.354000000000000314e-01
4.087000000000000077e-01
2.056999999999999940e-01
1.161999999999999561e-01
1.379000000000000226e-01
3.085999999999999854e-01
1.850000000000000533e-01
5.204999999999999627e-01
1.772999999999999576e-01
2.763999999999999790e-01
1.688000000000000056e-01
1.362000000000000433e-01
2.184000000000000108e-01
2.532999999999999696e-01
3.077999999999999625e-01
5.424999999999999822e-01
2.146999999999999464e-01
3.896000000000000019e-01
