1.596999999999999809e-01
1.465999999999999803e-01
5.410000000000000919e-02
1.949999999999999650e-02
2.160000000000000808e-02
6.359999999999998987e-02
3.389999999999999958e-02
4.679999999999998744e-02
7.630000000000000671e-02
1.938999999999999613e-01
5.229999999999999927e-02
1.118999999999999856e-01
4.649999999999999273e-02
2.220000000000001139e-02
4.979999999999999011e-02
4.309999999999996473e-02
8.329999999999998517e-02
2.340000000000000413e-02
9.229999999999999316e-02
3.770000000000000434e-02
2.139999999999997807e-02
3.870000000000001911e-02
3.749999999999999861e-02
6.219999999999999141e-02
5.099999999999999672e-02
3.089999999999999691e-02
3.000000000000000236e-02
4.739999999999999075e-02
7.320000000000001505e-02
4.380000000000001947e-02
4.590000000000001024e-02
2.069999999999997883e-02
4.890000000000000596e-02
4.919999999999999374e-02
5.449999999999999289e-02
3.010000000000000869e-02
4.180000000000000382e-02
4.189999999999997893e-02
3.709999999999999409e-02
6.800000000000001876e-02
7.049999999999999323e-02
3.169999999999997820e-02
6.369999999999999274e-02
7.870000000000001994e-02
4.039999999999999147e-02
3.329999999999999627e-02
4.689999999999997643e-02
3.879999999999995952e-02
2.760000000000001688e-02
6.299999999999998657e-02
2.829999999999999877e-02
1.950000000000000691e-02
3.999999999999998002e-02
3.729999999999998594e-02
4.719999999999999196e-02
3.679999999999998550e-02
1.204999999999999821e-01
6.889999999999996128e-02
3.440000000000000696e-02
2.910000000000000434e-02
4.519999999999999019e-02
1.360000000000001312e-02
3.499999999999998945e-02
5.759999999999999148e-02
7.390000000000000735e-02
4.049999999999999434e-02
4.429999999999999216e-02
4.549999999999997796e-02
7.889999999999995628e-02
7.969999999999999307e-02
1.486000000000000099e-01
1.212000000000000577e-01
8.749999999999999445e-02
6.409999999999997644e-02
9.859999999999996545e-02
1.393999999999999961e-01
1.691000000000000281e-01
5.710000000000001186e-02
7.639999999999995406e-02
4.219999999999998752e-02
7.019999999999997076e-02
5.850000000000001033e-02
3.380000000000003835e-02
6.110000000000004317e-02
1.208000000000000185e-01
1.060999999999999999e-01
5.799999999999999600e-02
1.545999999999999874e-01
4.139999999999999236e-02
6.419999999999999318e-02
5.700000000000000899e-02
8.810000000000001164e-02
6.880000000000000004e-02
4.740000000000001157e-02
5.820000000000000867e-02
5.900000000000001077e-02
3.759999999999999454e-02
4.140000000000002012e-02
8.450000000000006117e-02
2.300000000000004818e-02
3.040000000000001035e-02
3.969999999999996448e-02
8.640000000000000457e-02
7.700000000000002676e-02
9.919999999999995488e-02
4.329999999999999821e-02
6.580000000000002514e-02
1.011000000000000232e-01
1.091999999999999915e-01
1.337999999999999745e-01
1.032999999999999891e-01
5.600000000000004974e-02
2.796000000000000152e-01
9.859999999999990994e-02
4.640000000000005231e-02
9.399999999999998634e-02
7.420000000000002982e-02
6.620000000000002272e-02
1.476999999999999702e-01
8.079999999999999682e-02
6.419999999999997931e-02
1.269999999999999740e-01
9.919999999999999651e-02
2.285000000000000364e-01
1.353999999999999648e-01
6.870000000000003881e-02
7.130000000000005778e-02
4.900000000000004352e-02
4.959999999999997744e-02
6.039999999999996760e-02
3.020000000000004625e-02
3.730000000000001370e-02
3.419999999999998042e-02
1.969999999999999529e-02
4.480000000000003424e-02
4.379999999999999172e-02
8.130000000000003890e-02
1.384999999999999842e-01
1.039000000000000062e-01
6.570000000000000839e-02
4.130000000000007970e-02
1.088999999999999829e-01
1.318999999999999617e-01
6.790000000000001590e-02
1.025999999999999829e-01
4.009999999999996900e-02
3.369999999999999385e-02
5.659999999999999754e-02
6.109999999999998072e-02
2.820000000000001325e-02
4.789999999999994956e-02
2.039999999999996330e-02
5.830000000000001847e-02
8.969999999999997420e-02
7.840000000000001135e-02
1.188999999999999641e-01
6.480000000000002425e-02
1.116999999999999937e-01
6.849999999999992206e-02
3.560000000000000664e-02
4.409999999999988929e-02
5.039999999999988933e-02
8.080000000000002458e-02
5.190000000000000169e-02
4.549999999999997102e-02
2.759999999999998566e-02
1.323000000000000009e-01
9.560000000000000442e-02
1.136999999999998984e-01
7.109999999999992715e-02
3.119999999999993612e-02
7.440000000000003555e-02
7.209999999999996967e-02
5.260000000000004949e-02
9.010000000000006892e-02
1.350000000000000921e-01
8.089999999999997193e-02
3.540000000000004254e-02
6.679999999999997051e-02
2.800000000000001099e-02
1.422500000000000098e+00
3.488999999999999879e-01
6.979999999999988991e-02
4.270000000000002960e-02
4.419999999999987828e-02
3.729999999999995819e-02
3.159999999999998921e-02
1.174999999999999656e-01
6.959999999999980091e-02
3.849999999999981215e-02
7.839999999999996971e-02
8.510000000000005060e-02
1.198000000000000870e-01
6.069999999999997620e-02
5.620000000000002771e-02
7.440000000000007718e-02
5.260000000000003562e-02
1.087999999999999384e-01
6.530000000000003857e-02
