5.590000000000000524e-02
1.465000000000000191e-01
1.971999999999999864e-01
1.358000000000000040e-01
1.244999999999999857e-01
1.111000000000000043e-01
1.158999999999999891e-01
1.637000000000000122e-01
2.843999999999999861e-01
2.642999999999999794e-01
4.512999999999999790e-01
3.189999999999999503e-01
6.360999999999999988e-01
5.574000000000000066e-01
1.305000000000000049e-01
1.982999999999999763e-01
1.131999999999999951e-01
1.474999999999999922e-01
4.133999999999999897e-01
3.404999999999999694e-01
5.186999999999999389e-01
7.340000000000000968e-01
4.897999999999999021e-01
3.287999999999999257e-01
1.442000000000000504e-01
1.789999999999999647e-01
9.899999999999994915e-02
2.775999999999999579e-01
1.276000000000000190e-01
2.983999999999999986e-01
2.908000000000000029e-01
2.023999999999999966e-01
2.525999999999999912e-01
2.743000000000000438e-01
6.550000000000000266e-01
4.989999999999999436e-01
3.045999999999999819e-01
1.636000000000000509e-01
1.370999999999999996e-01
2.018000000000000627e-01
2.694999999999999618e-01
3.109000000000000652e-01
8.050000000000009925e-02
5.664000000000000146e-01
1.065900000000000070e+00
5.528000000000000691e-01
3.457999999999999408e-01
2.351000000000000867e-01
2.522999999999998577e-01
1.568000000000000227e-01
1.764999999999999347e-01
3.389999999999999680e-01
2.988000000000000655e-01
2.176999999999998381e-01
2.923000000000001153e-01
2.169999999999999152e-01
2.307000000000001827e-01
2.279000000000001025e-01
1.763999999999998902e-01
2.768000000000000460e-01
4.721000000000000751e-01
8.155999999999998806e-01
2.199999999999999734e-01
4.334000000000000075e-01
2.074000000000000288e-01
1.185000000000000220e-01
1.566999999999999782e-01
2.811000000000000165e-01
3.084000000000000630e-01
3.510999999999999677e-01
2.358999999999999431e-01
2.431999999999999718e-01
2.485999999999999877e-01
1.243400000000000061e+00
6.628000000000000558e-01
7.897000000000000686e-01
6.755999999999999783e-01
1.427000000000000268e+00
4.751000000000000778e-01
1.158999999999999753e-01
1.323999999999999622e-01
1.052999999999999214e-01
9.159999999999997311e-02
2.396999999999999131e-01
1.150099999999999900e+00
7.762999999999999901e-01
1.104899999999999993e+00
5.120999999999999996e-01
3.591999999999999638e-01
1.087000000000000466e-01
2.871000000000000218e-01
7.179999999999994720e-02
1.881000000000000727e-01
2.167000000000001148e-01
2.459999999999999409e-01
1.037900000000000045e+00
3.005999999999999783e-01
4.269000000000000572e-01
5.958999999999999853e-01
5.009000000000000119e-01
1.727999999999999814e-01
2.079999999999999627e-01
1.863000000000000766e-01
1.707999999999997853e-01
2.111000000000000099e-01
2.691999999999999948e-01
3.098000000000000198e-01
2.375999999999999224e-01
1.485000000000000486e-01
1.247000000000000053e-01
3.194000000000000172e-01
4.923999999999999488e-01
5.832000000000000517e-01
4.931000000000000383e-01
1.012900000000000134e+00
7.229000000000000981e-01
6.429999999999994054e-02
1.830999999999999850e-01
3.351000000000000645e-01
