1.204999999999999960e-01
1.239000000000000101e-01
8.889999999999997904e-02
2.659999999999998130e-02
8.920000000000000151e-02
9.190000000000000946e-02
8.290000000000000147e-02
1.330999999999999961e-01
1.367000000000000159e-01
8.219999999999999529e-02
1.043999999999999928e-01
9.210000000000001519e-02
1.294000000000000150e-01
1.219999999999999973e-01
1.282999999999999974e-01
1.121000000000000052e-01
1.161999999999999977e-01
1.030999999999999972e-01
1.481000000000000094e-01
1.910000000000000031e-01
2.167000000000000037e-01
1.093500000000000139e+00
6.181000000000000938e-01
2.308999999999999941e-01
1.262000000000000066e-01
1.365999999999999714e-01
1.077000000000000041e-01
1.089999999999999997e-01
2.045999999999999763e-01
9.530000000000002358e-02
2.038999999999999979e-01
1.130000000000000032e-01
4.499999999999999140e-02
1.593999999999999861e-01
5.049999999999997546e-02
2.890999999999999681e-01
3.497999999999999998e-01
1.215999999999999998e-01
8.260000000000000675e-02
8.699999999999998013e-02
1.004000000000000031e-01
1.443000000000000393e-01
8.950000000000001010e-02
5.339999999999998220e-02
8.600000000000000699e-02
8.009999999999999065e-02
4.989999999999999991e-02
1.096999999999999920e-01
8.170000000000002260e-02
4.549999999999999878e-02
7.470000000000000251e-02
7.740000000000001046e-02
1.179999999999999938e-01
1.014999999999999930e-01
1.077999999999999653e-01
1.167000000000000537e-01
8.049999999999998823e-02
1.039999999999999952e-01
9.000000000000001055e-02
4.379999999999999866e-02
9.690000000000004166e-02
6.369999999999999274e-02
9.649999999999998856e-02
3.370000000000000079e-02
7.339999999999999303e-02
6.659999999999999254e-02
8.140000000000002789e-02
1.221000000000000280e-01
7.639999999999996794e-02
2.293000000000000038e-01
1.445000000000000173e-01
4.780000000000002303e-02
1.224000000000000088e-01
1.064999999999999697e-01
1.222999999999999921e-01
9.000000000000002442e-02
6.049999999999999128e-02
1.054000000000000214e-01
2.731999999999999984e-01
1.480000000000000204e-01
8.049999999999997435e-02
8.560000000000000941e-02
6.330000000000002292e-02
5.380000000000002142e-02
8.140000000000000013e-02
1.255999999999999894e-01
1.120999999999999636e-01
1.169999999999999790e-01
1.029999999999999943e-01
1.339000000000000190e-01
5.060000000000000608e-02
1.219000000000000083e-01
7.109999999999999654e-02
1.799999999999999933e-01
1.137000000000000233e-01
1.037000000000000005e-01
1.173000000000000154e-01
4.220000000000002915e-02
6.299999999999997269e-02
1.314000000000000168e-01
6.630000000000001170e-02
1.309999999999999776e-01
5.239999999999998825e-02
7.230000000000004479e-02
4.180000000000001770e-02
1.262000000000000344e-01
1.424999999999999878e-01
6.339999999999998415e-02
1.000999999999999668e-01
8.619999999999999885e-02
6.500000000000000222e-02
7.840000000000001135e-02
1.375000000000000111e-01
8.849999999999999534e-02
4.830000000000001653e-02
4.639999999999993435e-02
1.931000000000000494e-01
9.880000000000001281e-02
1.420999999999999763e-01
