1.187000000000000000e-01
1.600000000000000033e-01
1.820999999999999841e-01
1.087999999999999939e-01
2.749000000000000332e-01
1.344000000000000195e-01
2.036000000000000032e-01
2.925999999999999712e-01
1.055999999999999994e-01
1.808000000000000163e-01
7.610000000000000098e-02
4.628999999999999782e-01
7.815999999999999615e-01
2.435999999999999832e-01
1.875000000000000000e-01
1.541000000000000147e-01
8.390000000000000235e-02
1.041999999999999871e-01
1.023999999999999633e-01
1.568999999999999562e-01
1.357999999999999763e-01
1.216000000000000136e-01
1.153000000000000275e-01
7.069999999999998508e-02
6.690000000000001501e-02
1.139999999999999764e-01
1.294999999999999762e-01
1.084999999999999853e-01
8.459999999999999465e-02
3.740000000000001656e-02
6.890000000000004454e-02
5.610000000000001097e-02
1.147999999999999854e-01
7.299999999999999545e-02
8.920000000000004314e-02
1.052000000000000435e-01
8.710000000000002462e-02
8.940000000000003499e-02
8.939999999999997948e-02
1.779000000000000026e-01
1.684000000000000219e-01
1.117000000000000215e-01
2.739999999999998687e-02
7.090000000000001856e-02
2.111000000000000099e-01
1.602999999999999980e-01
9.969999999999998308e-02
5.949999999999994876e-02
4.599999999999992290e-02
1.144000000000000294e-01
5.490000000000005292e-02
9.599999999999997424e-02
9.319999999999997731e-02
6.109999999999997378e-02
5.270000000000014256e-02
1.093000000000000221e-01
1.036999999999999450e-01
1.616000000000000214e-01
2.577999999999999736e-01
2.270000000000000073e-01
1.138000000000000123e-01
6.529999999999998306e-02
3.210000000000000353e-02
3.530000000000000498e-02
5.619999999999994444e-02
9.439999999999994229e-02
9.549999999999997380e-02
1.526000000000000134e-01
7.670000000000001816e-02
1.104000000000000536e-01
9.450000000000001454e-02
1.644999999999999796e-01
3.034999999999999920e-01
3.197000000000000397e-01
1.191000000000000392e-01
1.220999999999999586e-01
8.910000000000002640e-02
7.019999999999997076e-02
7.600000000000008138e-02
7.089999999999994917e-02
3.579999999999992910e-02
2.279999999999998694e-02
3.030000000000000748e-02
4.419000000000000705e-01
2.008000000000000340e-01
2.217999999999999972e-01
8.050000000000000211e-02
7.299999999999995381e-02
3.369999999999997997e-02
3.240000000000001212e-02
7.470000000000005802e-02
8.209999999999995079e-02
1.866999999999999493e-01
2.360000000000000153e-01
6.130000000000002114e-02
5.240000000000000213e-02
7.979999999999996818e-02
8.880000000000003169e-02
8.839999999999999247e-02
1.990999999999999714e-01
2.781000000000000139e-01
1.259000000000000119e-01
9.220000000000008744e-02
6.000000000000006717e-02
1.348999999999999366e-01
1.829000000000000070e-01
4.970000000000003582e-02
6.710000000000004849e-02
1.970000000000006468e-02
1.309000000000000163e-01
5.919999999999999568e-02
5.450000000000008310e-02
2.313000000000000611e-01
4.780000000000000221e-02
1.209999999999999687e-01
9.149999999999999800e-02
9.050000000000005262e-02
1.029999999999999666e-01
5.010000000000005421e-02
