1.350999999999999979e-01
1.473999999999999755e-01
1.769999999999999907e-01
3.215999999999999970e-01
3.493999999999999884e-01
2.011000000000000010e-01
9.829999999999999849e-02
1.073999999999999955e-01
1.895000000000000018e-01
1.509999999999999676e-01
2.167000000000000037e-01
1.431999999999999940e-01
6.099999999999998479e-02
5.510000000000002396e-02
5.650000000000000161e-02
5.729999999999998983e-02
9.940000000000003000e-02
1.242000000000000048e-01
3.529999999999997029e-02
9.880000000000001281e-02
1.244999999999999718e-01
9.610000000000004650e-02
6.219999999999998447e-02
5.949999999999999734e-02
8.420000000000001095e-02
1.925999999999999934e-01
1.387999999999999234e-01
6.719999999999998197e-02
5.859999999999999931e-02
1.159000000000000030e-01
1.054999999999999827e-01
6.619999999999999496e-02
9.310000000000001608e-02
1.301000000000000489e-01
1.200000000000000511e-01
1.420000000000000151e-01
1.328999999999999626e-01
8.439999999999997504e-02
7.389999999999999347e-02
1.040999999999999703e-01
1.187999999999999334e-01
5.949999999999996958e-02
8.829999999999998961e-02
8.939999999999997948e-02
5.294999999999999707e-01
4.900999999999999801e-01
2.874000000000000998e-01
3.770999999999999908e-01
3.125000000000000000e-01
5.576999999999999735e-01
4.821000000000000285e-01
1.255000000000000282e-01
1.097999999999999809e-01
2.520999999999999908e-01
2.429000000000000048e-01
1.723999999999999699e-01
4.819999999999999979e-02
1.126000000000000056e-01
1.198999999999999649e-01
2.248999999999999611e-01
2.089000000000000301e-01
7.619999999999997609e-02
7.150000000000000799e-02
7.630000000000002058e-02
6.679999999999999827e-02
3.429999999999998328e-02
1.504000000000000614e-01
1.578000000000000236e-01
6.770000000000001017e-02
3.299999999999998768e-02
1.057000000000000439e-01
1.163000000000000145e-01
1.612000000000000377e-01
1.703000000000000069e-01
1.396000000000000019e-01
1.406000000000000028e-01
1.301000000000000212e-01
1.499000000000000332e-01
2.195000000000000284e-01
2.563999999999999613e-01
2.721000000000000085e-01
2.626000000000000001e-01
3.105999999999999872e-01
3.867000000000000437e-01
2.681999999999999940e-01
2.348999999999999422e-01
1.576999999999999513e-01
9.520000000000000684e-02
9.299999999999997158e-02
7.080000000000001570e-02
8.290000000000002922e-02
1.325000000000000067e-01
1.269000000000000128e-01
9.599999999999997424e-02
9.640000000000001346e-02
1.422000000000000208e-01
9.420000000000003371e-02
6.550000000000005818e-02
1.546000000000000429e-01
2.620000000000000662e-01
1.606000000000000205e-01
1.721000000000000030e-01
1.076999999999999763e-01
8.169999999999999485e-02
1.140000000000000180e-01
1.069999999999999424e-01
4.469999999999997586e-02
5.619999999999995832e-02
5.280000000000004828e-02
3.179999999999999494e-02
9.320000000000000506e-02
1.098000000000000226e-01
1.147999999999999576e-01
9.760000000000002007e-02
9.039999999999999425e-02
9.230000000000004867e-02
1.109000000000000541e-01
4.390000000000006397e-02
5.340000000000004465e-02
