9.779999999999999805e-02
5.659999999999999754e-02
4.340000000000000108e-02
5.340000000000000302e-02
2.911000000000000254e-01
1.282999999999999696e-01
1.142999999999999849e-01
7.349999999999996814e-02
6.650000000000000355e-02
6.210000000000000242e-02
4.909999999999999087e-02
8.776000000000000467e-01
2.958000000000000074e-01
1.832999999999999630e-01
1.196000000000000396e-01
3.889999999999998320e-02
8.559999999999998166e-02
1.920000000000000040e-01
1.768000000000000127e-01
1.116000000000000186e-01
5.339999999999997526e-02
2.013999999999999957e-01
8.130000000000001115e-02
8.830000000000001736e-02
1.046999999999999736e-01
6.829999999999999960e-02
8.300000000000000433e-02
5.450000000000000677e-02
3.673999999999999488e-01
2.364000000000000268e-01
9.670000000000002205e-02
7.150000000000003575e-02
2.790000000000002547e-02
8.660000000000001030e-02
1.142000000000000098e-01
2.989999999999998215e-02
9.410000000000001696e-02
2.226000000000000201e-01
1.199000000000000205e-01
5.979999999999999899e-02
4.259999999999998510e-02
5.319999999999999729e-02
3.390000000000003427e-02
6.479999999999999649e-02
8.209999999999995079e-02
4.850000000000000144e-02
5.380000000000002836e-02
8.390000000000000235e-02
1.396000000000000019e-01
2.390000000000000804e-02
3.646000000000000352e-01
3.339999999999999636e-01
1.416999999999999649e-01
6.200000000000003425e-02
6.030000000000002719e-02
8.920000000000004314e-02
9.340000000000001079e-02
8.719999999999998586e-02
6.700000000000005951e-02
1.298000000000000542e-01
1.286000000000000476e-01
4.909999999999998394e-02
4.890000000000004066e-02
5.019999999999997381e-02
6.999999999999997891e-02
1.023999999999999772e-01
2.022999999999999798e-01
1.592999999999999972e-01
8.299999999999994882e-02
6.390000000000001235e-02
3.780000000000004884e-02
7.340000000000003466e-02
1.143000000000000127e-01
7.999999999999998779e-02
1.252999999999999947e-01
7.679999999999997939e-02
7.970000000000000695e-02
9.159999999999998699e-02
2.830000000000001265e-02
6.679999999999999827e-02
9.400000000000002798e-02
5.559999999999995501e-02
5.160000000000001391e-02
4.100000000000002948e-02
3.770000000000002516e-02
2.890000000000002636e-02
9.429999999999995330e-02
8.090000000000001357e-02
7.389999999999999347e-02
6.009999999999997289e-02
6.559999999999999165e-02
6.569999999999998064e-02
1.020000000000000073e-01
1.426999999999999935e-01
1.176000000000000101e-01
4.580000000000002125e-02
8.180000000000001159e-02
6.919999999999998375e-02
1.300000000000000322e-01
4.032000000000000584e-01
2.744000000000000328e-01
8.329999999999994353e-02
1.216000000000000136e-01
6.489999999999998548e-02
8.259999999999995124e-02
1.134999999999998788e-01
6.769999999999998241e-02
4.630000000000001475e-02
5.850000000000009359e-02
1.969999999999992937e-02
8.110000000000000542e-02
2.869999999999998941e-02
4.150000000000003686e-02
9.520000000000003459e-02
1.127999999999999697e-01
5.750000000000005801e-02
4.385000000000000564e-01
4.303000000000000713e-01
2.473999999999999533e-01
