2.696000000000000063e-01
1.683999999999999941e-01
2.564999999999999503e-01
2.596999999999999864e-01
1.595999999999999919e-01
1.348000000000000032e-01
2.680000000000000160e-01
1.078200000000000047e+00
7.637000000000000455e-01
7.985000000000000986e-01
4.584999999999999076e-01
2.341000000000000303e-01
3.851000000000001089e-01
2.107999999999999319e-01
1.188000000000001138e-01
1.466999999999999416e-01
3.225999999999998313e-01
1.929000000000001269e-01
1.557000000000000606e-01
1.178000000000000158e-01
6.669999999999998153e-02
9.430000000000002269e-02
8.869999999999991780e-02
1.233999999999998987e-01
1.775999999999998691e-01
8.988000000000000433e-01
6.684999999999999831e-01
2.788000000000002143e-01
3.036800000000000832e+00
8.486000000000000210e-01
3.724000000000001198e-01
2.304999999999999272e-01
9.359999999999996101e-02
1.561000000000001553e-01
1.518999999999998962e-01
5.740000000000002045e-02
1.079000000000000237e-01
5.509999999999994069e-02
6.199999999999998568e-02
5.370000000000005325e-02
7.080000000000001570e-02
7.969999999999996532e-02
2.809000000000000385e-01
1.229999999999999843e-01
7.510000000000006948e-02
1.117999999999999966e-01
1.265999999999999348e-01
1.066999999999999893e-01
1.035000000000000919e-01
6.619999999999995333e-02
5.859999999999997156e-02
8.690000000000000502e-02
9.840000000000000135e-02
1.040000000000001479e-01
9.899999999999987976e-02
1.191999999999999726e-01
1.542999999999997984e-01
9.010000000000004117e-02
1.540999999999999870e-01
7.439999999999991065e-02
1.241999999999999493e-01
5.139999999999987634e-02
4.200000000000032180e-02
1.138999999999997514e-01
6.089999999999969743e-02
6.860000000000007758e-02
8.780000000000001692e-02
4.199999999999999567e-02
4.120000000000016704e-02
7.469999999999986373e-02
7.179999999999987781e-02
1.106000000000000039e-01
4.019999999999993023e-02
5.280000000000008298e-02
5.580000000000014809e-02
6.690000000000001501e-02
3.080000000000009119e-02
5.790000000000013192e-02
9.449999999999979250e-02
9.900000000000008793e-02
8.961000000000001187e-01
9.334000000000000075e-01
6.441999999999998838e-01
2.994999999999999329e-01
1.750000000000001277e-01
1.862000000000001987e-01
4.379999999999999172e-02
2.663000000000001477e-01
1.002199999999999758e+00
1.512800000000000145e+00
8.545000000000000373e-01
5.897100000000000009e+00
8.306000000000002270e-01
1.008199999999999985e+00
4.509999999999999565e-01
2.831800000000000317e+00
1.595600000000000129e+00
7.659999999999999032e-01
2.243000000000000271e-01
3.009999999999999343e-01
1.697999999999999787e-01
8.456000000000000183e-01
1.228800000000000114e+00
1.660999999999999810e+00
3.814300000000000246e+00
2.402599999999999625e+00
9.549000000000000821e-01
7.282000000000000695e-01
2.383000000000002061e-01
1.469000000000000861e-01
4.949999999999987743e-02
1.069999999999999007e-01
1.359999999999999543e-01
5.400000000000000633e-02
8.950000000000009337e-02
1.128000000000000530e-01
3.820000000000023377e-02
1.574999999999999456e-01
1.217000000000000859e-01
