5.870000000000000218e-02
1.567000000000000060e-01
4.525000000000000133e-01
5.115000000000000657e-01
2.208999999999999853e-01
2.141000000000000125e-01
1.238999999999999962e-01
1.395000000000000129e-01
1.280000000000000027e-01
1.359999999999999820e-01
1.363999999999999935e-01
1.932999999999999996e-01
1.259999999999999731e-01
1.276999999999999802e-01
1.802000000000000268e-01
2.096000000000000085e-01
3.839999999999999664e-02
6.529999999999999694e-02
2.926999999999999602e-01
2.893000000000000016e-01
1.357000000000000151e-01
1.303999999999999881e-01
1.646000000000000241e-01
9.279999999999999361e-02
8.129999999999999727e-02
1.616000000000000214e-01
3.886999999999999900e-01
3.244999999999999551e-01
1.005999999999999950e-01
1.537999999999999923e-01
3.398999999999999799e-01
5.319999999999999035e-02
8.592999999999999527e-01
6.570000000000000284e-01
3.956999999999999407e-01
2.970999999999999752e-01
1.165999999999999814e-01
1.107999999999999818e-01
2.253999999999999893e-01
1.504999999999999394e-01
2.279000000000000192e-01
2.221000000000000474e-01
1.178000000000000436e-01
6.810000000000004938e-02
1.870000000000000551e-01
6.340999999999999970e-01
3.867000000000000992e-01
1.463000000000000134e-01
2.241000000000000214e-01
4.115000000000000324e-01
4.540999999999999481e-01
3.659999999999999920e-01
3.452999999999999958e-01
5.759999999999998455e-02
2.613000000000000322e-01
3.475000000000000311e-01
1.431999999999999662e-01
9.329999999999998017e-02
2.849999999999999756e-01
1.761000000000000620e-01
2.650000000000000133e-01
1.082999999999999519e-01
2.744999999999999662e-01
9.149999999999999800e-02
4.426999999999999824e-01
9.004999999999999671e-01
2.728000000000000425e-01
2.445999999999999841e-01
2.503000000000000225e-01
1.197999999999999066e-01
3.976000000000000090e-01
8.414000000000001478e-01
1.559000000000001218e-01
1.167999999999998761e-01
5.821000000000000618e-01
1.685000000000000664e-01
2.399000000000000576e-01
1.406999999999999917e-01
4.090000000000000302e-01
3.040000000000001035e-01
2.835000000000000853e-01
4.984000000000000652e-01
3.239999999999999547e-01
1.790000000000000480e-01
4.001000000000000112e-01
1.387000000000001010e-01
5.560999999999999277e-01
3.831999999999999296e-01
1.591999999999998971e-01
1.863999999999998991e-01
1.075000000000000538e-01
6.328999999999999071e-01
2.370000000000000440e-01
1.252000000000000057e-01
1.135999999999999233e-01
7.294999999999999263e-01
2.886000000000001342e-01
1.662999999999999479e-01
3.708000000000000740e-01
2.139999999999999403e-01
2.333000000000000074e-01
3.300000000000000711e-01
3.234000000000000208e-01
4.257000000000000228e-01
3.635999999999998678e-01
2.629000000000000226e-01
3.567999999999999505e-01
6.070000000000008028e-02
1.751999999999999946e-01
1.186999999999999722e-01
7.419999999999998819e-02
1.140999999999999931e-01
1.172999999999999599e-01
7.960000000000000409e-02
2.296000000000000540e-01
1.123000000000000109e-01
1.033000000000001001e-01
4.534000000000000252e-01
1.418000000000000926e-01
4.438999999999999613e-01
3.261000000000000565e-01
1.798000000000000986e-01
8.789999999999996427e-02
9.690000000000009717e-02
1.031000000000000666e-01
1.721999999999999087e-01
1.986000000000000820e-01
9.159999999999997311e-02
8.830000000000001736e-02
2.237999999999999989e-01
1.099999999999999312e-01
1.526000000000000134e-01
2.121999999999999997e-01
2.674000000000000821e-01
3.820999999999999952e-01
2.964999999999998193e-01
5.517000000000000792e-01
2.598000000000001419e-01
9.222000000000000197e-01
6.255000000000001670e-01
3.130999999999998784e-01
3.089999999999999414e-01
2.281000000000001360e-01
2.352000000000000202e-01
1.417999999999999816e-01
1.296000000000000485e-01
1.482000000000001094e-01
2.046000000000001151e-01
1.589999999999997804e-01
3.573000000000000065e-01
1.918999999999999873e-01
1.873999999999998722e-01
1.485999999999999821e-01
4.149999999999999245e-01
2.246000000000000496e-01
4.306000000000000383e-01
2.168000000000001870e-01
2.586999999999999855e-01
1.527999999999999914e-01
2.148999999999998689e-01
2.017000000000000182e-01
7.579000000000002402e-01
5.339000000000000412e-01
2.888000000000001677e-01
2.135999999999999843e-01
1.073000000000000342e-01
3.894000000000001349e-01
3.441000000000001835e-01
4.766000000000001902e-01
3.269999999999999574e-01
1.576000000000000456e-01
1.700000000000000955e-01
1.190999999999999698e-01
6.810000000000002163e-02
1.015999999999999959e-01
3.342999999999998750e-01
6.940000000000003111e-02
2.109999999999999098e-01
2.406000000000000361e-01
1.602999999999999980e-01
1.035999999999999560e-01
7.100000000000016021e-02
8.429999999999993054e-02
1.905999999999998529e-01
1.410000000000000420e-01
5.749999999999995393e-02
1.201999999999998486e-01
6.400000000000011235e-02
8.970000000000000195e-02
2.027999999999999803e-01
1.320999999999999397e-01
2.918000000000000593e-01
2.307000000000000717e-01
1.235599999999999810e+00
7.200999999999997403e-01
3.051000000000000933e-01
1.568999999999998451e-01
6.420000000000000706e-02
9.140000000000014779e-02
