2.091000000000000081e-01
1.001000000000000084e-01
1.743000000000000105e-01
8.839999999999997859e-02
1.947000000000000119e-01
1.343999999999999639e-01
2.220999999999999919e-01
2.457000000000000017e-01
2.154999999999999971e-01
2.198999999999999844e-01
1.194999999999999812e-01
3.229999999999999538e-01
4.570000000000000173e-01
1.374000000000000221e-01
1.789999999999999925e-01
1.751999999999999946e-01
3.252999999999999781e-01
3.573400000000000354e+00
2.093900000000000095e+00
4.992000000000000326e-01
6.160000000000004361e-02
2.474999999999999978e-01
1.211000000000000132e-01
1.351999999999999036e-01
7.670000000000004592e-02
8.900000000000007905e-02
5.870000000000002993e-02
1.772999999999999854e-01
1.608000000000000540e-01
6.069999999999994844e-02
1.708000000000000629e-01
1.945000000000000617e-01
1.313000000000000556e-01
5.790000000000009028e-02
3.049999999999999933e-01
1.009999999999999232e-01
6.430000000000002380e-02
2.396000000000000629e-01
3.491000000000000214e-01
6.849000000000000643e-01
4.206000000000000294e-01
4.305000000000000493e-01
3.035499999999999865e+00
3.119299999999999962e+00
6.090999999999999748e-01
5.161000000000000032e-01
4.374000000000000110e-01
6.366999999999999327e-01
2.621999999999999331e-01
1.479999999999999094e-01
2.787999999999999368e-01
1.066000000000000003e-01
3.173999999999999599e-01
3.906999999999999917e-01
9.928000000000001268e-01
5.024999999999999467e-01
1.209899999999999753e+00
1.986600000000000144e+00
3.196000000000000174e+00
8.338000000000000966e-01
2.581300000000000150e+00
3.397000000000000575e-01
2.832000000000000073e-01
3.003000000000000114e-01
1.372999999999999776e-01
1.520999999999999852e-01
1.343000000000000305e-01
7.270000000000000906e-01
3.930999999999999495e-01
4.320999999999999286e-01
7.042000000000000481e-01
5.309000000000000385e-01
3.140000000000000568e-01
4.713999999999999302e-01
1.974999999999999811e-01
9.689999999999997227e-02
5.132000000000001005e-01
4.599000000000000865e-01
7.048999999999999710e-01
3.316999999999999948e-01
2.526000000000000467e-01
1.146999999999999825e-01
9.506999999999999895e-01
4.722999999999999976e-01
3.507999999999999452e-01
3.538000000000000034e-01
3.652999999999999581e-01
3.148999999999999577e-01
2.570999999999999952e-01
4.581999999999999962e-01
5.036000000000000476e-01
5.048000000000000265e-01
1.020000000000000490e-01
1.859999999999999432e-01
2.331999999999999629e-01
1.220000000000000390e-01
1.237999999999999934e-01
1.172299999999999898e+00
1.257599999999999829e+00
1.377299999999999969e+00
1.812300000000000022e+00
5.022000000000000908e-01
2.491999999999999771e-01
2.086000000000001187e-01
1.329000000000000181e-01
1.970000000000000639e-01
1.183999999999999914e-01
1.633000000000000562e-01
1.503999999999999226e-01
1.151000000000000495e-01
1.237000000000000183e-01
5.980000000000000593e-02
9.219999999999999030e-02
7.710000000000002962e-02
1.703999999999999959e-01
1.110000000000000014e-01
4.890000000000001984e-02
1.077000000000000457e-01
6.579999999999999738e-02
4.809999999999997611e-02
3.809999999999998110e-02
1.988999999999999380e-01
8.030000000000003801e-02
7.409999999999999920e-02
1.174999999999999656e-01
3.154000000000000137e-01
1.758999999999999730e-01
1.144000000000000294e-01
8.079999999999995519e-02
6.000000000000004635e-02
8.109999999999994991e-02
1.966999999999999582e-01
1.056999999999999329e-01
1.739000000000000545e-01
8.739999999999994995e-02
6.169999999999998402e-02
8.160000000000001974e-02
8.120000000000000828e-02
7.280000000000000360e-02
6.879999999999998617e-02
1.861000000000000432e-01
2.125000000000000500e-01
1.496299999999999741e+00
1.456599999999999895e+00
3.469999999999999751e-01
3.238000000000000878e-01
2.366999999999999937e-01
1.370999999999999996e-01
1.194999999999999396e-01
1.862000000000000044e-01
8.280000000000006799e-02
1.228000000000000203e-01
1.456999999999999407e-01
1.088999999999999968e-01
1.397999999999999798e-01
6.899999999999999190e-02
4.019999999999995799e-02
6.040000000000000924e-02
1.749000000000000554e-01
2.254999999999999782e-01
2.195999999999999064e-01
6.740000000000002933e-02
8.449999999999997791e-02
9.419999999999999207e-02
1.105999999999999761e-01
7.810000000000003051e-02
5.459999999999996800e-02
2.335000000000000131e-01
2.104999999999999927e-01
6.699999999999996236e-02
1.297000000000000652e-01
5.748999999999999666e-01
3.700999999999999290e-01
2.906000000000000805e-01
5.099999999999998979e-02
1.620000000000000329e-01
7.080000000000000182e-02
2.835999999999999632e-01
1.593999999999999306e-01
2.380999999999999783e-01
1.446999999999999675e-01
2.712999999999999856e-01
1.041800000000000059e+00
5.105999999999999428e-01
4.301000000000000933e-01
2.606999999999999762e+00
1.140300000000000091e+00
6.127000000000000224e-01
9.556000000000001160e-01
3.155000000000000582e-01
3.202999999999999736e-01
5.819999999999999618e-01
3.019000000000000017e-01
2.626000000000000556e-01
1.909200000000000230e+00
2.098199999999999399e+00
1.162999999999999590e+00
2.101700000000000124e+00
1.334499999999999797e+00
