1.162999999999999867e-01
1.736999999999999933e-01
1.185000000000000081e-01
1.040000000000000091e-01
1.431000000000000050e-01
9.120000000000000329e-02
5.870000000000000218e-02
7.730000000000000759e-02
9.270000000000000462e-02
1.406000000000000028e-01
7.169999999999999984e-02
9.510000000000001785e-02
6.700000000000000400e-02
1.889000000000000123e-01
4.560000000000000858e-02
1.182999999999999885e-01
6.350000000000000089e-02
1.025999999999999968e-01
5.579999999999999544e-02
8.780000000000000304e-02
5.610000000000000403e-02
5.579999999999998850e-02
4.649999999999999273e-02
5.899999999999999689e-02
7.799999999999999989e-02
7.860000000000001708e-02
6.170000000000000484e-02
7.599999999999999811e-02
1.103999999999999981e-01
6.460000000000001852e-02
1.259000000000000119e-01
1.180999999999999828e-01
5.649999999999998773e-02
8.899999999999999578e-02
1.054000000000000076e-01
7.869999999999999218e-02
1.214999999999999969e-01
7.289999999999999258e-02
3.530000000000001192e-02
5.140000000000000124e-02
3.960000000000001019e-02
1.593999999999999861e-01
1.502999999999999892e-01
4.559999999999998777e-02
4.240000000000000713e-02
7.750000000000001332e-02
6.790000000000000202e-02
1.355999999999999983e-01
1.112000000000000072e-01
1.105999999999999900e-01
1.206999999999999879e-01
7.080000000000000182e-02
2.920000000000000373e-02
5.030000000000000443e-02
5.100000000000000366e-02
6.860000000000000819e-02
7.770000000000001905e-02
4.739999999999999769e-02
4.710000000000001685e-02
4.019999999999999268e-02
8.140000000000001401e-02
6.169999999999999096e-02
1.050999999999999851e-01
1.038000000000000173e-01
5.099999999999998979e-02
7.859999999999998932e-02
4.129999999999998950e-02
8.989999999999997993e-02
5.849999999999998951e-02
1.144999999999999907e-01
8.109999999999999154e-02
7.339999999999999303e-02
2.760000000000003076e-02
4.970000000000000112e-02
4.920000000000000068e-02
8.400000000000001910e-02
8.500000000000001998e-02
5.070000000000000201e-02
1.059000000000000080e-01
1.118000000000000105e-01
1.265000000000000013e-01
9.650000000000000244e-02
6.570000000000000839e-02
5.259999999999998704e-02
6.949999999999997846e-02
5.390000000000001040e-02
1.082999999999999935e-01
8.480000000000000038e-02
5.360000000000002263e-02
6.970000000000003970e-02
5.080000000000002569e-02
4.950000000000002315e-02
9.550000000000000155e-02
5.160000000000000697e-02
4.389999999999999458e-02
4.510000000000000120e-02
8.030000000000001026e-02
5.890000000000002178e-02
4.969999999999999418e-02
4.370000000000001661e-02
7.109999999999998266e-02
3.370000000000000079e-02
1.084000000000000102e-01
1.078999999999999959e-01
3.979999999999998817e-02
7.349999999999999589e-02
5.339999999999999608e-02
4.700000000000002093e-02
7.449999999999999678e-02
4.660000000000000253e-02
1.076000000000000290e-01
5.240000000000001601e-02
6.039999999999999536e-02
2.969999999999996948e-02
2.659999999999998130e-02
6.109999999999999459e-02
3.930000000000000160e-02
6.079999999999999988e-02
8.450000000000000566e-02
