7.919999999999999263e-02
9.609999999999999098e-02
1.433999999999999997e-01
1.392999999999999794e-01
1.541000000000000147e-01
1.975000000000000089e-01
1.804000000000000048e-01
5.680000000000000326e-02
1.302999999999999992e-01
1.749999999999999889e-01
7.470000000000000251e-02
8.240000000000000102e-02
1.323000000000000009e-01
1.276000000000000190e-01
1.501000000000000112e-01
1.807000000000000273e-01
1.643999999999999906e-01
1.633999999999999897e-01
1.046999999999999875e-01
5.090000000000000774e-02
9.960000000000000797e-02
1.424000000000000266e-01
1.483000000000000151e-01
1.121000000000000052e-01
2.949999999999999151e-02
9.950000000000000511e-02
1.117000000000000076e-01
4.829999999999998878e-02
9.570000000000002116e-02
1.054999999999999827e-01
5.809999999999997111e-02
1.769999999999999352e-02
7.160000000000001086e-02
7.139999999999999125e-02
9.140000000000000902e-02
3.620000000000000995e-02
6.010000000000000064e-02
7.580000000000002014e-02
7.250000000000000888e-02
8.130000000000001115e-02
1.160999999999999671e-01
5.430000000000000798e-02
5.250000000000000500e-02
8.439999999999998892e-02
9.319999999999997731e-02
7.230000000000000315e-02
4.220000000000001528e-02
9.719999999999999474e-02
9.579999999999999627e-02
4.650000000000000661e-02
3.989999999999999103e-02
5.900000000000001077e-02
1.043000000000000038e-01
7.209999999999998355e-02
8.419999999999999707e-02
1.115000000000000019e-01
4.880000000000001004e-02
1.255999999999999894e-01
1.607999999999999707e-01
4.389999999999999458e-02
9.859999999999996545e-02
9.919999999999995488e-02
4.409999999999997256e-02
6.379999999999999560e-02
6.729999999999998483e-02
5.050000000000001710e-02
6.510000000000001896e-02
3.500000000000003803e-02
1.071999999999999620e-01
5.149999999999997635e-02
7.270000000000000073e-02
6.510000000000001896e-02
5.090000000000001468e-02
5.970000000000001694e-02
5.529999999999998112e-02
2.870000000000003104e-02
7.789999999999999702e-02
9.779999999999997029e-02
4.429999999999997135e-02
8.250000000000005940e-02
1.052000000000000018e-01
5.390000000000001734e-02
2.847000000000000086e-01
6.742000000000000215e-01
6.263000000000000789e-01
8.959999999999999909e-02
1.439999999999999336e-01
1.337999999999999745e-01
4.540000000000003061e-02
7.000000000000002054e-02
9.750000000000004496e-02
4.700000000000004868e-02
6.289999999999998370e-02
6.500000000000004385e-02
9.969999999999998308e-02
7.829999999999999460e-02
8.359999999999997988e-02
1.419000000000000261e-01
1.698999999999999677e-01
1.715999999999999193e-01
7.740000000000003821e-02
1.311000000000000221e-01
1.310999999999999943e-01
8.039999999999999925e-02
9.319999999999999118e-02
1.594000000000000139e-01
5.479999999999997373e-02
7.200000000000002232e-02
4.829999999999996796e-02
7.370000000000001550e-02
9.730000000000002536e-02
5.319999999999998341e-02
1.020000000000000212e-01
1.078999999999999959e-01
1.185999999999999832e-01
9.230000000000006255e-02
6.169999999999996321e-02
1.167999999999999455e-01
6.220000000000001916e-02
