1.079999999999999988e-01
7.380000000000000449e-02
3.069999999999998772e-02
3.190000000000000474e-02
4.879999999999999616e-02
5.369999999999999774e-02
4.709999999999998910e-02
7.430000000000000493e-02
7.369999999999998774e-02
5.290000000000000258e-02
6.089999999999999580e-02
7.150000000000000799e-02
5.310000000000000830e-02
3.637000000000000233e-01
2.719999999999999640e-01
1.008000000000000007e-01
1.078000000000000069e-01
3.130000000000000143e-02
2.439999999999998767e-02
4.700000000000000011e-02
3.629999999999999200e-02
4.599999999999999922e-02
2.910000000000000087e-02
3.429999999999999716e-02
5.010000000000001952e-02
4.330000000000000515e-02
9.770000000000000906e-02
8.909999999999998477e-02
3.720000000000001084e-02
4.919999999999999374e-02
5.240000000000000213e-02
4.259999999999999898e-02
4.739999999999999075e-02
3.100000000000000672e-02
1.058000000000000052e-01
5.679999999999998939e-02
6.070000000000000395e-02
1.217000000000000026e-01
8.237999999999999767e-01
8.533999999999999364e-01
9.040000000000000813e-02
7.630000000000000671e-02
6.289999999999999758e-02
1.960000000000000284e-02
8.129999999999999727e-02
5.949999999999999734e-02
9.490999999999999437e-01
7.202999999999999403e-01
2.273999999999999910e-01
1.527999999999999914e-01
1.357999999999999763e-01
1.254000000000000115e-01
8.519999999999999796e-02
6.089999999999998886e-02
2.060000000000000026e-02
6.540000000000001368e-02
4.870000000000000717e-02
2.930000000000001353e-02
3.219999999999999252e-02
4.950000000000000233e-02
4.940000000000000641e-02
1.108000000000000235e-01
5.829999999999999766e-02
4.979999999999998317e-02
2.539999999999997815e-02
1.324000000000000177e-01
1.803999999999999770e-01
2.883999999999999342e-01
5.060000000000000608e-02
3.520000000000000906e-02
3.429999999999999716e-02
3.049999999999999239e-02
8.440000000000000280e-02
2.249999999999999223e-02
3.710000000000000103e-02
3.189999999999999780e-02
4.699999999999999317e-02
6.060000000000000803e-02
2.179999999999999299e-02
2.489999999999997077e-02
4.969999999999998724e-02
4.200000000000000955e-02
3.778999999999999582e-01
1.250199999999999978e+00
5.114999999999999547e-01
1.491999999999999993e-01
1.140999999999999792e-01
8.290000000000002922e-02
7.669999999999990714e-02
5.620000000000004159e-02
6.050000000000003986e-02
4.160000000000006748e-02
6.300000000000002820e-02
6.260000000000011389e-02
8.769999999999993079e-02
5.670000000000001428e-02
1.147999999999998327e-01
3.869999999999988727e-02
4.970000000000010520e-02
7.129999999999986349e-02
6.049999999999997741e-02
1.407000000000001028e-01
5.741000000000000547e-01
4.294000000000000594e-01
5.920000000000002344e-02
7.240999999999999659e-01
5.243999999999997552e-01
5.140000000000006369e-02
4.219999999999998058e-02
6.899999999999989475e-02
1.147999999999999160e-01
7.140000000000013003e-02
6.173000000000000709e-01
5.369999999999999218e-01
1.167000000000001370e-01
7.620000000000012874e-02
7.920000000000015916e-02
4.699999999999990297e-02
5.540000000000000480e-02
1.084000000000000241e-01
6.299999999999977840e-02
7.579999999999990912e-02
3.649999999999975486e-02
4.409999999999992398e-02
6.270000000000001961e-02
6.199999999999990241e-02
5.879999999999999116e-02
1.476999999999998869e-01
5.000999999999997669e-01
3.577000000000000179e-01
3.493999999999999329e-01
1.482000000000001094e-01
2.073000000000001508e-01
1.517000000000000848e-01
3.970000000000007551e-02
7.640000000000002345e-02
9.240000000000002378e-02
1.724000000000000810e-01
6.830000000000008287e-02
9.800000000000011480e-02
5.200000000000000455e-02
5.239999999999983560e-02
8.589999999999997637e-02
1.078000000000000624e-01
1.298000000000000542e-01
4.449999999999994238e-02
6.939999999999997560e-02
4.280000000000012267e-02
9.129999999999985349e-02
3.179999999999991167e-02
4.569999999999994900e-02
7.750000000000006883e-02
2.429999999999993623e-02
3.670000000000011448e-02
4.119999999999997276e-02
3.420000000000009144e-02
7.079999999999998794e-02
6.310000000000016984e-02
6.669999999999995377e-02
4.471999999999999309e-01
3.782999999999998586e-01
1.059000000000000635e-01
8.560000000000000941e-02
8.869999999999986229e-02
3.259999999999999010e-02
6.539999999999993041e-02
2.640000000000009700e-02
2.680000000000012927e-02
1.014000000000000318e-01
7.630000000000000671e-02
8.779999999999989202e-02
3.179999999999998800e-02
6.829999999999994409e-02
7.880000000000002280e-02
1.364000000000000767e-01
3.184000000000000163e-01
7.781999999999998918e-01
8.234000000000001318e-01
1.613999999999999047e-01
1.246000000000000579e-01
8.489999999999996161e-02
5.530000000000000887e-02
1.273999999999999300e-01
3.930000000000003629e-02
3.780000000000010435e-02
3.349999999999997424e-02
4.639999999999992741e-02
2.969999999999997989e-02
3.429999999999991389e-02
2.389999999999999417e-02
7.280000000000005911e-02
4.609999999999989106e-02
7.109999999999991327e-02
5.379999999999983407e-02
5.483000000000000096e-01
5.569000000000000616e-01
1.772999999999998744e-01
4.460000000000004239e-02
5.829999999999989357e-02
