2.930000000000000659e-02
4.179999999999999688e-02
4.289999999999999369e-02
5.939999999999999447e-02
2.199999999999999872e-02
3.590000000000000135e-02
1.579999999999999460e-02
4.000000000000000083e-02
4.159999999999999809e-02
4.179999999999999688e-02
3.720000000000000390e-02
6.679999999999999827e-02
4.530000000000000693e-02
3.719999999999999696e-02
3.049999999999999933e-02
2.400000000000000050e-02
5.040000000000000036e-02
2.630000000000000393e-02
3.100000000000001019e-02
2.660000000000001252e-02
8.440000000000000280e-02
7.580000000000000626e-02
1.489000000000000046e-01
5.230000000000000621e-02
7.159999999999999698e-02
3.369999999999999385e-02
6.119999999999999746e-02
4.460000000000000075e-02
3.599999999999999728e-02
2.500000000000000833e-02
2.860000000000000042e-02
1.689999999999999836e-02
2.550000000000000183e-02
8.740000000000000546e-02
4.290000000000000757e-02
3.570000000000000950e-02
2.260000000000000203e-02
4.149999999999999523e-02
3.000000000000000583e-02
4.300000000000000350e-02
7.740000000000002434e-02
4.580000000000000737e-02
2.960000000000000825e-02
4.509999999999997344e-02
4.459999999999999382e-02
2.929999999999998925e-02
1.929999999999999424e-02
4.189999999999999281e-02
3.459999999999999187e-02
2.060000000000000372e-02
4.830000000000000959e-02
3.650000000000000466e-02
7.989999999999999880e-02
4.309999999999999942e-02
7.160000000000001086e-02
9.109999999999998654e-02
4.090000000000001967e-02
1.830000000000002458e-02
6.860000000000000819e-02
5.139999999999999430e-02
4.049999999999998046e-02
7.669999999999999041e-02
2.300000000000000308e-02
3.580000000000001237e-02
2.630000000000001434e-02
1.509999999999997455e-02
4.939999999999999947e-01
2.847000000000000641e-01
1.164000000000000035e-01
6.679999999999995663e-02
1.385000000000000120e-01
1.008000000000000146e-01
2.609999999999998779e-02
3.869999999999999135e-02
2.710000000000001297e-02
6.929999999999997273e-02
5.060000000000001302e-02
3.999999999999998002e-02
2.769999999999997811e-02
7.969999999999999307e-02
1.126000000000000334e-01
2.333999999999999686e-01
1.248000000000000220e-01
8.389999999999998848e-02
2.975999999999999757e-01
7.620000000000001772e-02
3.259999999999999010e-02
5.409999999999997450e-02
3.199999999999997291e-02
3.860000000000000930e-02
3.650000000000002548e-02
3.260000000000003173e-02
1.099999999999994732e-02
4.009999999999998288e-02
2.550000000000001571e-02
4.089999999999999886e-02
3.770000000000002516e-02
3.680000000000002713e-02
6.350000000000000089e-02
4.870000000000000717e-02
3.709999999999995940e-02
5.069999999999999507e-02
3.549999999999999684e-02
5.180000000000004046e-02
6.129999999999996563e-02
2.339999999999995556e-02
3.179999999999996024e-02
3.449999999999998901e-02
4.369999999999998191e-02
3.630000000000001281e-02
3.350000000000000200e-02
3.790000000000001007e-02
2.440000000000001890e-02
2.500000000000000833e-02
5.170000000000003065e-02
3.520000000000001600e-02
5.070000000000000895e-02
5.260000000000000092e-02
2.699999999999999623e-02
8.069999999999999396e-02
6.850000000000001921e-02
5.879999999999999116e-02
5.830000000000001847e-02
1.037000000000000144e-01
5.809999999999998499e-02
4.569999999999996981e-02
4.519999999999999019e-02
2.460000000000002462e-02
3.889999999999997626e-02
6.430000000000002380e-02
6.229999999999995264e-02
3.884000000000000785e-01
2.442000000000000004e-01
5.231999999999999984e-01
1.532999999999999641e-01
1.144999999999999907e-01
9.719999999999998086e-02
3.470000000000003637e-02
3.679999999999997162e-02
8.530000000000001470e-02
5.389999999999998959e-02
1.680000000000000382e-01
1.021999999999999992e-01
7.819999999999999174e-02
6.399999999999995970e-02
3.219999999999997170e-02
3.179999999999997412e-02
3.340000000000000607e-02
3.839999999999997582e-02
3.030000000000003524e-02
2.299999999999997879e-02
4.780000000000001609e-02
2.409999999999998949e-02
2.740000000000001462e-02
3.159999999999997533e-02
6.589999999999998637e-02
9.900000000000000466e-02
8.720000000000008300e-02
1.197999999999999621e-01
5.199999999999999761e-02
7.110000000000001041e-02
3.519999999999998130e-02
2.659999999999998477e-02
5.610000000000000403e-02
3.289999999999999869e-02
3.699999999999999817e-02
4.150000000000002298e-02
2.980000000000004867e-02
2.279999999999999388e-02
6.199999999999969424e-03
3.199999999999998679e-02
2.989999999999994745e-02
5.090000000000002162e-02
5.810000000000004744e-02
4.010000000000002451e-02
2.429999999999993276e-02
5.460000000000001658e-02
7.719999999999999085e-02
1.148000000000000131e-01
