4.135999999999999677e-01
2.090000000000000191e-01
1.666000000000000258e-01
1.231999999999999901e-01
1.149000000000000021e-01
1.202000000000000013e-01
2.137000000000000288e-01
1.310999999999999943e-01
7.820000000000001950e-02
1.697000000000000175e-01
1.429999999999999882e-01
1.775999999999999801e-01
2.082999999999999852e-01
1.120000000000000023e-01
1.628999999999999893e-01
1.486000000000000099e-01
7.769999999999997742e-02
1.232000000000000040e-01
2.802000000000000046e-01
1.046000000000000124e-01
9.099999999999998368e-02
1.204999999999999960e-01
1.219999999999999835e-01
6.529999999999999694e-02
1.393000000000000349e-01
6.590000000000001412e-02
1.475999999999999812e-01
4.479999999999999954e-02
7.339999999999999303e-02
2.929999999999999966e-02
7.050000000000000711e-02
1.181999999999999995e-01
7.949999999999998734e-02
9.700000000000000289e-02
1.010000000000000064e-01
1.188999999999999918e-01
1.134000000000000008e-01
1.086000000000000021e-01
1.424000000000000266e-01
6.180000000000001464e-02
1.789000000000000035e-01
1.353000000000000036e-01
7.330000000000000404e-02
9.820000000000000950e-02
6.649999999999998967e-02
1.148999999999999883e-01
7.309999999999999831e-02
7.930000000000000937e-02
1.502000000000000002e-01
8.609999999999998210e-02
8.480000000000000038e-02
1.183000000000000024e-01
1.441999999999999948e-01
1.081999999999999906e-01
1.728000000000000091e-01
2.365000000000000158e-01
1.381999999999999618e-01
1.855999999999999872e-01
1.779999999999999916e-01
1.957000000000000128e-01
3.080999999999999850e-01
1.876999999999999780e-01
1.954000000000000181e-01
3.301000000000000045e-01
4.889999999999999208e-02
2.566999999999999837e-01
1.068999999999999950e-01
6.520000000000000795e-02
2.275000000000000355e-01
6.279999999999999472e-02
6.969999999999998419e-02
6.240000000000000407e-02
1.092999999999999944e-01
1.393999999999999961e-01
7.150000000000000799e-02
8.169999999999998097e-02
1.324000000000000177e-01
1.232999999999999929e-01
1.307000000000000106e-01
7.619999999999998996e-02
1.024000000000000465e-01
1.206999999999999879e-01
1.298999999999999877e-01
5.539999999999995622e-02
1.530999999999999861e-01
8.750000000000002220e-02
6.469999999999997975e-02
1.080000000000000543e-01
7.339999999999993752e-02
1.065999999999999726e-01
7.549999999999999767e-02
9.369999999999993612e-02
1.160000000000000336e-01
7.190000000000003333e-02
9.359999999999998876e-02
9.540000000000001257e-02
1.542000000000000037e-01
2.043000000000000094e-01
1.383999999999999675e-01
1.064999999999999558e-01
2.145999999999999019e-01
1.978999999999999926e-01
8.910000000000004028e-02
5.719999999999998697e-02
7.229999999999994764e-02
1.152999999999999303e-01
1.108000000000000096e-01
5.480000000000000149e-02
7.660000000000000142e-02
3.081000000000000405e-01
7.849999999999990319e-02
8.790000000000007530e-02
9.110000000000002818e-02
3.689999999999991898e-02
1.322999999999999732e-01
7.819999999999997786e-02
4.768999999999999906e-01
1.843999999999998973e-01
1.151999999999999968e-01
1.012000000000000816e-01
5.809999999999995723e-02
9.570000000000002116e-02
7.899999999999984812e-02
1.005999999999998978e-01
1.195999999999999286e-01
7.710000000000005738e-02
7.270000000000004237e-02
6.250000000000018041e-02
1.751000000000001722e-01
1.765000000000001568e-01
5.609999999999995546e-02
7.940000000000005387e-02
3.309999999999993503e-02
6.260000000000001674e-02
9.499999999999997335e-02
9.349999999999991651e-02
1.190999999999999281e-01
1.272999999999999410e-01
1.920000000000000873e-01
1.197000000000000841e-01
2.015999999999998626e-01
6.180000000000013261e-02
4.549999999999997796e-02
8.340000000000008518e-02
1.292999999999999150e-01
2.289999999999999536e-01
1.174000000000001431e-01
1.911999999999999811e-01
6.590000000000002800e-02
1.603000000000000813e-01
1.028000000000001135e-01
1.268999999999999295e-01
1.381999999999999618e-01
4.669999999999988050e-02
1.036999999999999034e-01
7.089999999999987979e-02
5.900000000000001077e-02
8.200000000000012834e-02
8.639999999999994906e-02
1.159999999999999781e-01
3.169000000000001260e-01
1.917999999999999705e-01
2.092000000000000248e-01
2.429999999999999383e-01
2.003999999999999670e-01
2.338999999999999135e-01
5.403999999999999915e-01
2.717000000000000526e-01
4.611999999999999433e-01
1.642000000000000959e-01
2.876000000000000778e-01
9.210000000000016784e-02
1.728999999999998594e-01
1.029000000000000747e-01
1.606000000000000483e-01
6.519999999999992468e-02
1.020000000000001461e-01
1.117000000000001048e-01
1.036999999999999450e-01
