8.530000000000000082e-02
1.010999999999999954e-01
9.370000000000000551e-02
5.969999999999999613e-02
1.216999999999999749e-01
1.171000000000000096e-01
1.490000000000000213e-01
1.325999999999999956e-01
6.460000000000001852e-02
5.529999999999996724e-02
5.940000000000000835e-02
5.480000000000000843e-02
3.420000000000001511e-02
7.380000000000000449e-02
2.536999999999999811e-01
3.133000000000000229e-01
4.429999999999993665e-02
4.519999999999991386e-02
1.262000000000000066e-01
1.550000000000000544e-01
1.777999999999999026e-01
1.032000000000001250e-01
8.300000000000003209e-02
2.821000000000000174e-01
2.431000000000000105e-01
1.905000000000000304e-01
1.884000000000000674e-01
1.362000000000000433e-01
2.286000000000000532e-01
2.285999999999999976e-01
2.608000000000000318e-01
2.297000000000000708e-01
2.333999999999999964e-01
9.219999999999993479e-02
1.911000000000001309e-01
1.323000000000000287e-01
9.859999999999993769e-02
1.731000000000000039e-01
8.240000000000011204e-02
7.240000000000014480e-02
5.689999999999984653e-02
3.780000000000000721e-02
6.679999999999995663e-02
6.579999999999991411e-02
1.159999999999999226e-01
1.154000000000001414e-01
9.999999999999999167e-02
8.140000000000015279e-02
1.214999999999999830e-01
8.160000000000004750e-02
1.159999999999997977e-01
4.489999999999993996e-02
1.159000000000000585e-01
5.100000000000008693e-02
6.499999999999986344e-02
7.480000000000003313e-02
1.481999999999998319e-01
1.762000000000000233e-01
2.706999999999999407e-01
6.800000000000003264e-02
7.089999999999990754e-02
8.510000000000007836e-02
1.405000000000000970e-01
7.740000000000007985e-02
7.470000000000004414e-02
1.381999999999998785e-01
2.044999999999999596e-01
1.878000000000001057e-01
1.147999999999999854e-01
5.250000000000001193e-02
9.189999999999994007e-02
7.269999999999979257e-02
2.039999999999991820e-02
3.059999999999996750e-02
2.310000000000010309e-02
8.100000000000008582e-02
9.370000000000003326e-02
3.100000000000024264e-02
3.850000000000017991e-02
1.097999999999997311e-01
7.900000000000001465e-02
4.920000000000014639e-02
1.340999999999999415e-01
1.039999999999999397e-01
1.024999999999997163e-01
5.009999999999980441e-02
1.027000000000002078e-01
4.460000000000009790e-02
6.650000000000003131e-02
6.500000000000002998e-02
3.509999999999990905e-02
1.501000000000000389e-01
1.943999999999999340e-01
1.133999999999999453e-01
9.780000000000013682e-02
8.920000000000001539e-02
2.659999999999987028e-02
3.199999999999979944e-02
6.339999999999994251e-02
4.440000000000021013e-02
6.629999999999992844e-02
6.499999999999997446e-02
2.175999999999999601e-01
1.670000000000001206e-01
1.215999999999999304e-01
7.399999999999987144e-02
1.247999999999999804e-01
5.360000000000009202e-02
1.301000000000000489e-01
8.950000000000005174e-02
1.074000000000001342e-01
7.019999999999985973e-02
7.109999999999994102e-02
1.291999999999999815e-01
1.343000000000000860e-01
1.526000000000000967e-01
7.869999999999996443e-02
7.640000000000005120e-02
7.320000000000015383e-02
9.639999999999999958e-02
1.347000000000000697e-01
2.661999999999999922e-01
2.091999999999999971e-01
1.207999999999999630e-01
9.609999999999987996e-02
6.289999999999998370e-02
4.440000000000021707e-02
8.279999999999992921e-02
1.131999999999999951e-01
5.310000000000013320e-02
9.239999999999998215e-02
5.450000000000009698e-02
6.639999999999990354e-02
6.590000000000005576e-02
1.142000000000000376e-01
5.090000000000002162e-02
8.260000000000009002e-02
1.058000000000001578e-01
1.615999999999999659e-01
8.260000000000015941e-02
1.477999999999998759e-01
7.919999999999985385e-02
6.769999999999995466e-02
1.643999999999998796e-01
1.621000000000001329e-01
1.623999999999998223e-01
1.000999999999999807e-01
6.419999999999996543e-02
1.300000000000000600e-01
1.008000000000001395e-01
1.270000000000000295e-01
1.807000000000001660e-01
1.700000000000000677e-01
2.043999999999999428e-01
6.759999999999988241e-02
9.810000000000004827e-02
1.234999999999999709e-01
1.597999999999998588e-01
1.147000000000000242e-01
1.323999999999998234e-01
1.105000000000001537e-01
1.765000000000000457e-01
2.264000000000000457e-01
1.721000000000000307e-01
8.930000000000010152e-02
1.808999999999998665e-01
1.857000000000000040e-01
1.092000000000000748e-01
2.447000000000000286e-01
2.513999999999999013e-01
1.251000000000000445e-01
1.817000000000000559e-01
2.339000000000001633e-01
3.581000000000000849e-01
2.351999999999997426e-01
2.598999999999997979e-01
1.454000000000002790e-01
2.378999999999998893e-01
1.048000000000000598e-01
