9.329000000000000625e-01
4.954999999999999960e-01
2.899999999999999800e-01
4.750000000000004913e-02
1.246000000000000024e-01
9.479999999999998150e-02
6.167000000000000259e-01
4.728999999999999870e-01
3.258999999999999675e-01
2.043000000000000649e-01
2.706000000000000627e-01
1.470999999999999530e-01
8.920000000000005702e-02
1.068000000000000199e-01
4.780000000000007854e-02
9.080000000000001958e-02
1.675000000000000655e-01
6.339999999999999802e-02
1.338000000000000023e-01
4.800000000000001488e-02
2.056999999999999940e-01
1.694999999999999563e-01
3.384999999999999676e-01
1.603999999999999870e-01
1.491000000000000103e-01
2.441999999999999449e-01
7.529999999999992255e-02
2.675500000000000433e+00
1.750999999999999890e+00
2.195499999999999563e+00
3.244999999999998441e-01
1.795700000000000074e+00
4.453999999999999071e-01
1.100999999999999895e-01
1.893000000000000238e-01
1.514000000000000012e+00
1.295599999999999863e+00
2.126200000000000312e+00
1.503300000000000303e+00
1.453300000000000036e+00
1.784999999999999087e-01
1.613000000000000211e+00
1.367299999999999960e+00
5.420000000000000373e-01
3.000000000000000444e-01
2.823999999999999844e-01
1.515099999999999891e+00
2.264199999999999768e+00
2.426000000000000378e-01
7.540000000000002256e-02
3.030999999999999805e-01
1.336500000000000021e+00
5.435000000000000941e-01
1.391299999999999981e+00
1.219300000000000050e+00
1.070299999999999807e+00
8.696000000000001506e-01
7.520999999999998797e-01
3.899800000000000377e+00
2.740899999999999892e+00
3.094000000000000639e-01
2.226499999999999702e+00
2.419699999999999740e+00
6.485899999999999999e+00
3.429499999999999993e+00
6.898999999999998467e-01
1.421000000000000041e-01
1.878999999999998172e-01
1.175000000000001460e-01
1.516000000000000403e-01
1.516000000000002068e-01
4.109999999999999210e-01
5.982999999999998320e-01
7.556000000000000494e-01
5.297000000000000597e-01
8.609999999999994047e-02
1.758000000000000396e-01
8.579999999999989024e-02
8.919999999999982110e-02
9.666999999999998927e-01
5.051800000000000068e+00
3.520200000000000440e+00
9.872999999999998444e-01
7.782000000000000028e-01
3.862999999999999767e-01
2.778000000000000469e-01
9.060000000000006937e-02
4.931000000000000938e-01
7.868000000000000549e-01
1.290199999999999791e+00
2.099000000000000032e-01
6.565000000000000835e-01
4.335000000000000520e-01
6.219999999999997059e-02
9.549999999999991829e-02
1.129999999999999893e-01
6.740000000000008484e-02
1.216000000000000830e-01
3.627999999999997893e-01
2.960999999999998633e-01
1.412000000000000199e-01
1.613000000000001100e-01
7.579999999999989524e-02
1.003000000000001390e-01
2.894999999999999796e-01
2.925999999999999712e-01
7.406000000000000361e-01
4.182000000000001272e-01
3.951000000000000623e-01
9.727000000000000313e+00
4.621100000000000207e+00
2.966200000000000614e+00
1.863799999999999901e+00
8.370000000000000773e-01
6.213700000000001111e+00
1.646000000000000352e+00
1.907300000000000217e+00
3.410499999999999865e+00
1.336999999999999966e+00
2.245499999999999829e+00
2.090899999999999981e+00
8.589999999999997637e-01
4.302999999999999936e+00
2.075099999999999500e+00
4.090999999999999637e-01
5.073999999999999844e+00
7.843799999999999883e+00
2.624700000000000255e+00
2.062199999999999811e+00
1.800899999999999723e+00
1.892400000000000304e+00
5.209000000000000297e-01
4.440999999999999392e-01
2.295999999999999153e-01
1.606999999999999762e+00
1.373599999999999710e+00
3.034000000000002251e-01
1.809000000000000052e-01
1.638999999999999624e-01
4.587999999999999301e-01
2.933999999999999386e-01
7.170000000000006923e-02
2.347000000000001030e-01
7.085999999999998966e-01
5.050000000000001155e-01
3.723000000000000198e-01
1.327700000000000102e+00
5.369000000000000439e-01
1.306000000000000216e-01
1.083400000000000141e+00
6.734999999999999876e-01
4.036000000000000143e-01
2.951999999999999624e-01
2.929000000000001047e-01
4.587999999999999856e-01
7.347999999999998977e-01
1.437199999999999811e+00
2.724800000000000111e+00
1.632600000000000051e+00
1.069300000000000139e+00
4.501999999999999891e-01
2.240000000000000324e-01
1.902000000000000357e-01
3.803999999999999604e-01
2.260200000000000209e+00
4.841500000000000803e+00
3.413300000000000445e+00
3.100499999999999812e+00
7.618000000000000327e-01
1.354700000000000237e+00
3.671900000000000386e+00
2.665799999999999947e+00
8.972999999999999865e-01
6.785999999999998700e-01
2.568999999999999062e-01
1.028800000000000159e+00
2.481000000000000427e-01
2.792999999999999927e-01
3.548999999999999932e-01
