6.100000000000000561e-02
2.756000000000000116e-01
1.439000000000000001e-01
8.059999999999997722e-02
1.293000000000000260e-01
7.950000000000002898e-02
1.150000000000000466e-01
1.236000000000000154e-01
3.219999999999998974e-01
1.142999999999999711e-01
1.729999999999999316e-01
2.832999999999999963e-01
5.959999999999998632e-02
2.462000000000000577e-01
1.644000000000000739e-01
1.744000000000000550e-01
1.089999999999999164e-01
9.690000000000001390e-02
9.550000000000000155e-02
1.235000000000000264e-01
4.520000000000007345e-02
9.089999999999992530e-02
9.580000000000002403e-02
9.699999999999996125e-02
4.459999999999993137e-02
1.147999999999999993e-01
1.058999999999999247e-01
9.929999999999994387e-02
7.519999999999997520e-02
8.930000000000004601e-02
6.960000000000000908e-02
1.152000000000000524e-01
1.019000000000000183e-01
1.168000000000000427e-01
8.759999999999998344e-02
7.329999999999997629e-02
1.454999999999999627e-01
8.979999999999989380e-02
9.490000000000003988e-02
1.054000000000000214e-01
1.204000000000000070e-01
7.760000000000008558e-02
9.770000000000000906e-02
5.909999999999999976e-02
1.757000000000000228e-01
2.033999999999999142e-01
9.140000000000002289e-02
2.434999999999999942e-01
5.799999999999997519e-02
3.852000000000000424e-01
1.930000000000000326e-01
9.081000000000000183e-01
7.925999999999999712e-01
1.344999999999999807e-01
2.568000000000000282e-01
8.009999999999999065e-02
5.179999999999994331e-02
1.372000000000000719e-01
1.505000000000001059e-01
5.480000000000005006e-02
7.629999999999997895e-02
5.919999999999996793e-02
8.849999999999996758e-02
1.178999999999999909e-01
1.071999999999999342e-01
7.609999999999998710e-02
1.054999999999999688e-01
8.280000000000005411e-02
1.415999999999999481e-01
1.089999999999999997e-01
7.199999999999999456e-02
1.085999999999999743e-01
1.003000000000000558e-01
1.560000000000000830e-01
5.200000000000004619e-02
9.630000000000009386e-02
1.113000000000000378e-01
1.199999999999999956e-01
8.690000000000000502e-02
4.179999999999996912e-02
1.765000000000000457e-01
6.050000000000000516e-02
1.268999999999999018e-01
1.089999999999999164e-01
2.353000000000000924e-01
1.100000000000000838e-01
3.297999999999999821e-01
1.278999999999999582e-01
8.249999999999999001e-02
1.475999999999999257e-01
3.377000000000001112e-01
3.676000000000001489e-01
1.518999999999999517e-01
8.829999999999996185e-02
1.207000000000000017e-01
8.300000000000001821e-02
1.612999999999999989e-01
6.529999999999994142e-02
1.165000000000000341e-01
1.281000000000000472e-01
1.111000000000000043e-01
1.341999999999998749e-01
7.470000000000007190e-02
1.305000000000000326e-01
1.204000000000000209e-01
1.381999999999999895e-01
1.178999999999999493e-01
1.944999999999999230e-01
1.557000000000000051e-01
8.930000000000010152e-02
1.459000000000000574e-01
1.180000000000000493e-01
7.460000000000002740e-02
9.240000000000003766e-02
1.453000000000000957e-01
4.390000000000003622e-02
9.529999999999996807e-02
2.409999999999999643e-02
1.619000000000000161e-01
7.320000000000005669e-02
7.060000000000009324e-02
6.680000000000010929e-02
1.179000000000000881e-01
1.251000000000000167e-01
1.417999999999999539e-01
9.309999999999996056e-02
4.810000000000005937e-02
8.509999999999998122e-02
7.630000000000000671e-02
1.307999999999999996e-01
1.002999999999999448e-01
7.189999999999999170e-02
1.237999999999999656e-01
1.293000000000000538e-01
5.739999999999994412e-02
1.628000000000000280e-01
1.106000000000000733e-01
9.489999999999998437e-02
1.524000000000000354e-01
1.202000000000000429e-01
1.210000000000000797e-01
9.240000000000000990e-02
1.034000000000000752e-01
1.038000000000000450e-01
6.650000000000003131e-02
1.571999999999999786e-01
1.457999999999999019e-01
1.203999999999998682e-01
1.148000000000000964e-01
1.103000000000001063e-01
7.240000000000004765e-02
6.680000000000003990e-02
1.383000000000000063e-01
1.860999999999999877e-01
1.318999999999999895e-01
6.090000000000003744e-02
1.122999999999999554e-01
1.368999999999999662e-01
9.360000000000004428e-02
1.532000000000000028e-01
1.095999999999999752e-01
6.540000000000002756e-02
1.284999999999999754e-01
5.459999999999999576e-02
1.652000000000000135e-01
1.199000000000000066e-01
2.146000000000000962e-01
1.643000000000000571e-01
9.979999999999994431e-02
7.439999999999999392e-02
1.081999999999999906e-01
1.072999999999999787e-01
1.082000000000000045e-01
1.126000000000000889e-01
8.039999999999997149e-02
1.294000000000000150e-01
5.210000000000002129e-02
1.212999999999999495e-01
1.680999999999999717e-01
