3.550000000000000377e-02
5.880000000000000504e-02
1.875999999999999890e-01
2.759999999999999606e-02
6.579999999999998350e-02
2.399999999999999703e-02
5.939999999999999447e-02
9.779999999999999805e-02
7.739999999999999658e-02
4.939999999999999253e-02
5.479999999999998761e-02
4.410000000000000725e-02
5.899999999999998995e-02
5.430000000000000104e-02
6.240000000000001795e-02
1.668999999999999928e-01
3.356000000000000094e-01
2.015000000000000124e-01
1.181000000000000383e-01
6.140000000000005176e-02
1.277000000000000357e-01
1.186999999999999722e-01
2.038000000000000367e-01
5.179999999999993637e-02
4.419999999999998930e-02
2.560000000000003245e-02
2.950000000000002620e-02
4.870000000000004187e-02
5.360000000000002263e-02
7.760000000000003006e-02
1.409999999999999587e-01
1.412000000000000477e-01
4.191999999999999060e-01
3.907999999999999807e-01
2.675999999999999490e-01
1.934999999999999498e-01
5.466999999999999638e-01
5.119000000000000217e-01
1.034999999999999948e-01
2.043999999999999151e-01
1.707000000000000739e-01
9.689999999999994451e-02
1.311000000000000221e-01
9.960000000000006348e-02
1.717999999999999250e-01
2.240999999999999104e-01
2.582999999999999741e-01
8.969999999999997420e-02
8.649999999999996581e-02
1.254999999999998894e-01
7.429999999999997717e-02
5.605999999999999872e-01
3.298999999999999710e-01
7.929999999999998161e-02
2.139999999999999958e-01
1.467000000000000526e-01
5.350000000000007527e-02
1.117000000000000492e-01
1.865000000000000824e-01
8.669999999999988827e-02
6.089999999999998886e-02
4.170000000000016055e-02
5.039999999999998648e-02
3.080000000000002180e-02
2.629999999999976107e-02
3.659999999999993814e-02
4.349999999999995537e-02
6.730000000000013749e-02
1.100000000000001255e-01
1.150000000000001021e-01
1.372999999999999776e-01
5.020000000000005014e-02
7.649999999999995692e-02
8.580000000000009841e-02
6.029999999999974269e-02
3.800000000000016559e-02
6.979999999999988991e-02
1.404000000000000803e-01
1.597000000000000919e-01
4.259999999999995735e-02
7.839999999999994196e-02
1.733999999999999431e-01
1.709999999999999853e-01
2.455999999999999295e-01
1.453999999999999182e-01
2.718999999999999195e-01
9.099999999999992817e-02
1.164999999999999786e-01
9.900000000000006017e-02
4.739999999999987279e-02
8.030000000000023230e-02
1.875999999999998780e-01
2.440999999999999281e-01
6.450000000000005729e-02
1.041000000000001924e-01
5.929999999999993610e-02
3.209999999999980924e-02
2.306999999999999884e-01
2.459000000000000630e-01
9.347000000000000863e-01
6.537999999999999368e-01
2.038000000000003142e-01
1.166500000000000092e+00
2.721000000000000640e-01
2.367000000000000770e-01
5.047000000000001485e-01
1.171999999999999431e-01
3.069999999999983853e-02
9.370000000000019980e-02
1.692000000000000726e-01
1.031999999999999029e-01
7.770000000000024110e-02
5.849999999999982991e-02
5.980000000000013083e-02
3.930000000000025140e-02
9.480000000000010640e-02
9.180000000000010374e-02
9.809999999999988174e-02
1.062200000000000033e+00
5.366000000000000769e-01
4.400000000000001132e-02
6.879999999999975024e-02
9.650000000000011346e-02
1.176999999999999991e-01
1.106999999999998541e-01
9.359999999999968345e-02
8.839999999999997859e-02
9.820000000000025930e-02
7.219999999999962559e-02
7.239999999999988112e-02
2.089999999999999358e-01
2.215000000000001690e-01
6.680000000000033133e-02
1.005999999999998007e-01
1.106000000000002259e-01
7.379999999999950488e-02
1.011699999999999600e+00
2.274900000000000144e+00
2.394000000000001682e-01
1.023299999999999876e+00
5.588000000000001855e-01
8.559999999999978737e-02
7.640000000000013447e-02
9.269999999999989360e-02
4.109999999999974785e-02
3.890000000000032321e-02
4.690000000000038582e-02
1.215000000000003855e-01
7.208999999999998742e-01
2.444000000000000616e-01
2.018499999999999961e+00
1.119200000000000195e+00
4.964999999999997748e-01
6.996000000000002217e-01
8.127000000000000890e-01
7.889999999999999236e-01
2.288999999999999924e-01
3.492000000000000659e-01
1.623999999999999333e-01
6.170000000000025464e-02
8.110000000000028297e-02
2.557000000000000384e-01
2.141999999999996129e-01
2.134999999999997455e-01
8.920000000000011253e-02
3.490000000000015312e-02
2.586000000000002186e-01
9.589999999999987423e-02
3.842999999999998639e-01
1.962000000000000410e-01
1.142999999999997907e-01
5.930000000000013038e-02
1.560000000000000830e-01
4.990000000000016644e-02
2.568999999999996287e-01
2.911999999999999589e-01
3.990000000000001323e-01
2.257999999999997232e-01
9.780000000000038662e-02
