9.909999999999999365e-02
9.629999999999999671e-02
1.506000000000000116e-01
5.799999999999999600e-02
1.218000000000000055e-01
6.060000000000001497e-02
9.030000000000001914e-02
8.920000000000000151e-02
1.013000000000000150e-01
1.286000000000000199e-01
1.451999999999999957e-01
2.050000000000000155e-01
1.297999999999999987e-01
1.423000000000000098e-01
2.101000000000000090e-01
1.383999999999999675e-01
9.010000000000001341e-02
1.705999999999999739e-01
9.389999999999999736e-02
1.243999999999999689e-01
1.500999999999999834e-01
2.104999999999999649e-01
1.216000000000000136e-01
2.222000000000000086e-01
1.228999999999999954e-01
6.029999999999999249e-02
2.542999999999999705e-01
2.373999999999999722e-01
4.800000000000000100e-02
3.910000000000001669e-02
1.279000000000000137e-01
8.940000000000000724e-02
1.581000000000000183e-01
1.379000000000000226e-01
1.607999999999999985e-01
1.276000000000000190e-01
2.443000000000000171e-01
1.909999999999999476e-01
7.649999999999997080e-02
1.269999999999999740e-01
1.190999999999999837e-01
1.435999999999999777e-01
1.451000000000000068e-01
1.373999999999999944e-01
7.760000000000000231e-02
2.430000000000000909e-02
8.730000000000000260e-02
1.331000000000000238e-01
1.652000000000000413e-01
1.741999999999999937e-01
1.583999999999999853e-01
1.763000000000000123e-01
1.910000000000000031e-01
3.392999999999999905e-01
2.912000000000000144e-01
1.970000000000000084e-01
1.973000000000000032e-01
3.488000000000000544e-01
2.862000000000000099e-01
2.258000000000000007e-01
2.557000000000000384e-01
1.612000000000000099e-01
1.722000000000000197e-01
3.492000000000000659e-01
1.937999999999999445e-01
1.366999999999999882e-01
3.994999999999999662e-01
5.444999999999999840e-01
3.251999999999999891e-01
1.919999999999999485e-01
1.829999999999999682e-01
2.133999999999999786e-01
1.131000000000001171e-01
1.637000000000000677e-01
2.637999999999999234e-01
4.114000000000000434e-01
9.710000000000004738e-02
1.928999999999999604e-01
1.763999999999999735e-01
2.130000000000000226e-01
3.709000000000002295e-01
1.316000000000001058e-01
1.409000000000000807e-01
1.692000000000001003e-01
2.282999999999999197e-01
1.917999999999998040e-01
2.090000000000000746e-01
1.731999999999999373e-01
1.156999999999999557e-01
7.479999999999989435e-02
1.401999999999999358e-01
1.107000000000000067e-01
1.400999999999998635e-01
1.766999999999999960e-01
9.470000000000004803e-02
8.760000000000003895e-02
1.139000000000000151e-01
1.114000000000000962e-01
9.079999999999985305e-02
1.106999999999997986e-01
2.669000000000000261e-01
2.197000000000000342e-01
1.352000000000000701e-01
1.469000000000000861e-01
1.630999999999999395e-01
1.301000000000000212e-01
9.720000000000014739e-02
9.060000000000013876e-02
1.991000000000000547e-01
2.367999999999998995e-01
1.326999999999997903e-01
1.114999999999998631e-01
1.807000000000000273e-01
8.360000000000003539e-02
7.760000000000012721e-02
5.790000000000003477e-02
8.919999999999995988e-02
1.646999999999999575e-01
4.735999999999999654e-01
3.601999999999998536e-01
1.362000000000000433e-01
1.512999999999998790e-01
3.471999999999999531e-01
1.996999999999999886e-01
3.029999999999998250e-01
2.175999999999999879e-01
2.024000000000001076e-01
2.233000000000001373e-01
1.093000000000000638e-01
8.189999999999995894e-02
9.249999999999995726e-02
1.276000000000000467e-01
1.179999999999999521e-01
1.066000000000000281e-01
7.750000000000017986e-02
6.210000000000001630e-02
4.310000000000011044e-02
1.371999999999999609e-01
1.151000000000000079e-01
6.620000000000005047e-02
1.048999999999999100e-01
1.010999999999998428e-01
1.140999999999999237e-01
9.810000000000003439e-02
8.270000000000005125e-02
5.129999999999994287e-02
3.099999999999995468e-02
8.119999999999982787e-02
1.612999999999997491e-01
1.768999999999999739e-01
1.318999999999999617e-01
1.735999999999997268e-01
1.621999999999998443e-01
1.897999999999999965e-01
4.948999999999999511e-01
4.901999999999999136e-01
2.537999999999999701e-01
2.655000000000000138e-01
2.564999999999997837e-01
1.881999999999998952e-01
1.111999999999998545e-01
1.896000000000000185e-01
1.377000000000000168e-01
5.789999999999995151e-02
7.140000000000008840e-02
1.111999999999999517e-01
9.649999999999989142e-02
6.980000000000002869e-02
8.489999999999979508e-02
1.392999999999998129e-01
9.419999999999986717e-02
2.265999999999998571e-01
4.682000000000000051e-01
2.502000000000002000e-01
3.166000000000002701e-01
2.727000000000000535e-01
1.793999999999998651e-01
1.253000000000000225e-01
8.810000000000008102e-02
