7.670000000000000429e-02
9.220000000000000417e-02
3.909999999999999587e-02
1.082000000000000045e-01
8.930000000000000437e-02
1.396000000000000019e-01
5.210000000000000742e-02
1.141999999999999960e-01
8.010000000000001841e-02
1.690000000000000113e-01
1.971999999999999864e-01
1.080000000000000127e-01
7.770000000000000517e-02
1.278999999999999859e-01
1.049999999999999961e-01
5.159999999999999309e-02
1.057000000000000023e-01
8.619999999999998497e-02
8.630000000000001559e-02
8.229999999999999816e-02
8.209999999999999243e-02
8.970000000000000195e-02
6.619999999999998108e-02
7.569999999999998952e-02
8.579999999999998739e-02
6.929999999999998661e-02
7.080000000000000182e-02
8.980000000000001870e-02
6.160000000000000892e-02
7.320000000000000118e-02
8.909999999999999865e-02
6.819999999999999674e-02
1.112000000000000210e-01
6.250000000000000000e-02
8.310000000000000719e-02
8.820000000000001450e-02
1.552999999999999936e-01
5.269999999999999685e-02
8.599999999999999312e-02
4.700000000000000011e-02
1.143999999999999878e-01
5.860000000000000625e-02
9.809999999999999276e-02
1.476999999999999424e-01
9.699999999999998901e-02
1.762999999999999845e-01
5.709999999999997716e-02
1.028000000000000302e-01
7.469999999999998863e-02
7.419999999999998819e-02
7.680000000000000715e-02
4.629999999999999394e-02
1.003999999999999754e-01
1.064999999999999697e-01
9.109999999999998654e-02
6.859999999999999432e-02
8.169999999999999485e-02
1.043000000000000177e-01
7.239999999999997826e-02
7.580000000000000626e-02
6.339999999999998415e-02
1.159000000000000030e-01
1.551999999999999769e-01
1.156999999999999418e-01
7.810000000000003051e-02
5.409999999999998144e-02
5.329999999999996546e-02
1.055999999999999578e-01
3.110999999999999877e-01
1.992000000000000437e-01
1.038999999999999924e-01
1.641999999999999849e-01
8.700000000000002176e-02
5.650000000000002243e-02
9.469999999999999252e-02
1.083999999999999686e-01
1.374999999999999833e-01
8.050000000000001599e-02
1.022000000000000131e-01
1.221999999999999614e-01
1.079999999999999849e-01
6.520000000000003570e-02
4.950000000000000233e-02
7.790000000000001090e-02
8.520000000000002571e-02
7.340000000000004854e-02
1.340999999999999692e-01
8.450000000000001954e-02
4.779999999999998833e-02
5.639999999999995711e-02
1.589999999999998706e-02
8.519999999999999796e-02
7.169999999999998597e-02
1.490000000000000213e-01
7.820000000000000562e-02
1.141999999999999682e-01
1.478000000000000147e-01
5.529999999999997418e-02
5.369999999999997692e-02
1.495999999999999552e-01
5.409999999999994674e-02
1.096999999999999781e-01
4.919999999999999374e-02
9.649999999999997469e-02
9.349999999999997202e-02
9.250000000000002665e-02
7.139999999999999125e-02
1.164999999999999647e-01
9.190000000000003721e-02
6.009999999999998677e-02
8.270000000000003737e-02
1.435999999999999777e-01
9.149999999999999800e-02
8.279999999999997085e-02
4.719999999999999196e-02
9.539999999999999869e-02
9.619999999999997997e-02
7.999999999999997391e-02
4.040000000000001923e-02
6.529999999999998306e-02
3.850000000000001338e-02
3.940000000000000446e-02
4.910000000000000475e-02
8.199999999999997569e-02
6.969999999999994256e-02
7.959999999999997633e-02
8.709999999999999687e-02
6.259999999999998899e-02
6.509999999999996345e-02
1.263999999999999568e-01
8.729999999999998872e-02
1.053999999999999798e-01
8.519999999999999796e-02
9.820000000000005114e-02
7.449999999999996902e-02
3.429999999999996940e-02
1.038000000000000311e-01
6.960000000000000908e-02
7.459999999999999964e-02
7.079999999999996019e-02
6.679999999999998439e-02
1.019000000000000183e-01
1.889999999999999666e-02
8.280000000000001248e-02
4.320000000000003698e-02
8.470000000000002527e-02
8.029999999999992699e-02
1.479999999999999927e-01
7.790000000000002478e-02
6.589999999999998637e-02
2.014999999999999569e-01
8.010000000000006004e-02
9.330000000000002180e-02
7.179999999999997495e-02
8.320000000000001006e-02
1.026000000000000523e-01
1.396000000000000574e-01
1.556000000000000161e-01
2.237999999999999434e-01
1.112999999999999684e-01
1.669000000000000206e-01
4.910000000000001863e-02
6.290000000000002534e-02
6.649999999999998967e-02
1.550000000000000266e-01
5.419999999999995655e-02
6.569999999999992513e-02
3.940000000000001834e-02
4.940000000000006886e-02
6.579999999999999738e-02
7.309999999999995668e-02
1.237000000000000599e-01
1.169999999999999513e-01
1.524000000000000354e-01
1.055999999999999855e-01
8.230000000000006755e-02
4.530000000000007632e-02
7.420000000000001594e-02
9.520000000000000684e-02
