5.351000000000000201e-01
1.428999999999999992e-01
4.453000000000000291e-01
2.483999999999999819e-01
3.640999999999999792e-01
1.061000000000000137e-01
9.850000000000000422e-02
1.233999999999999819e-01
7.189999999999997782e-02
3.912000000000000477e-01
3.731999999999999762e-01
5.285000000000000808e-01
2.625000000000000111e-01
3.278999999999999693e-01
1.668000000000000038e-01
1.082000000000000184e-01
1.428000000000000103e-01
1.174000000000000321e-01
1.431000000000000050e-01
1.083000000000000490e-01
3.490999999999999659e-01
2.380000000000000726e-01
7.599999999999995648e-02
9.590000000000004077e-02
2.187999999999999945e-01
1.357999999999999763e-01
1.831000000000000127e-01
7.630000000000003446e-02
8.049999999999994660e-02
1.551000000000000156e-01
5.330000000000004873e-02
1.116999999999999799e-01
1.241000000000000575e-01
4.780000000000003690e-02
8.160000000000000586e-02
9.700000000000001676e-02
6.010000000000000758e-02
1.017000000000000126e-01
1.471000000000000085e-01
7.289999999999999258e-02
1.351999999999999869e-01
1.266999999999999238e-01
1.330000000000000071e-01
1.461999999999998856e-01
1.887000000000001454e-01
9.960000000000003573e-02
2.144000000000000072e-01
2.490999999999998771e-01
8.999999999999996891e-02
1.637000000000001232e-01
1.033000000000000723e-01
1.037999999999999201e-01
1.228999999999999954e-01
1.659000000000000474e-01
2.405999999999999528e-01
9.300000000000009648e-02
1.284000000000001251e-01
1.085999999999999188e-01
9.269999999999993523e-02
6.960000000000010623e-02
5.280000000000001359e-02
3.300000000000001543e-02
5.429999999999989696e-02
6.000000000000008799e-02
1.171000000000000096e-01
1.221999999999999198e-01
5.520000000000008233e-02
1.407000000000000195e-01
6.080000000000007621e-02
9.099999999999992817e-02
1.148000000000000131e-01
1.857999999999999652e-01
1.051000000000000545e-01
4.763000000000001122e-01
4.251999999999999669e-01
3.095999999999999308e-01
9.319999999999992180e-02
7.800000000000008316e-02
1.741000000000000325e-01
9.999999999999990841e-02
1.296999999999999265e-01
1.473000000000000420e-01
1.321000000000000507e-01
2.093999999999999195e-01
1.345000000000000362e-01
3.145999999999999908e-01
1.426000000000000323e-01
1.392999999999999516e-01
1.832000000000000295e-01
6.030000000000012433e-02
9.390000000000008062e-02
2.501999999999999780e-01
9.789999999999994540e-02
2.460000000000000520e-01
3.292999999999999816e-01
2.045999999999999486e-01
1.117999999999999550e-01
6.410000000000005971e-02
7.539999999999999480e-02
1.033000000000001278e-01
7.850000000000002809e-02
5.170000000000000984e-02
1.021999999999999437e-01
8.429999999999994442e-02
3.451999999999999513e-01
2.998000000000000109e-01
1.408000000000001473e-01
1.060000000000000941e-01
1.467999999999999305e-01
4.850000000000006389e-02
7.349999999999995426e-02
9.379999999999989735e-02
1.033000000000000584e-01
1.201000000000000262e-01
8.609999999999992659e-02
1.084999999999999853e-01
7.509999999999990294e-02
5.029999999999996974e-02
5.809999999999997111e-02
1.091000000000000025e-01
9.400000000000008349e-02
1.155999999999999667e-01
1.509999999999999676e-01
1.799999999999999656e-01
2.200000000000000011e-01
1.867000000000000326e-01
1.415999999999999481e-01
1.173000000000000709e-01
7.250000000000007827e-02
1.850999999999998757e-01
1.323999999999999899e-01
1.593000000000000249e-01
1.073000000000000481e-01
1.387999999999999234e-01
1.344999999999999529e-01
7.580000000000003402e-02
1.354999999999999816e-01
4.730000000000005728e-02
4.610000000000009923e-02
6.710000000000000686e-02
4.430000000000011706e-02
5.509999999999995457e-02
6.680000000000008153e-02
7.069999999999995732e-02
9.480000000000002314e-02
1.302000000000000934e-01
5.759999999999990822e-02
2.777999999999999914e-01
4.597999999999999310e-01
1.827500000000000124e+00
1.582100000000000062e+00
7.250999999999999668e-01
1.838999999999999801e-01
9.070000000000011386e-02
7.239999999999988112e-02
1.814000000000000057e-01
3.750999999999999890e-01
3.021999999999999131e-01
4.211000000000000298e-01
1.536699999999999955e+00
2.004299999999999748e+00
7.895999999999998575e-01
1.656299999999999883e+00
6.679999999999998161e-01
2.429999999999998828e-01
3.865000000000000102e-01
1.899999999999998079e-01
2.541000000000001591e-01
3.151000000000000467e-01
1.021000000000000241e-01
1.420000000000000706e-01
1.394000000000000794e-01
6.350000000000000089e-02
1.170000000000000484e-01
1.139999999999999070e-01
8.959999999999988807e-02
7.710000000000008513e-02
9.210000000000002907e-02
9.019999999999994689e-02
