2.614000000000000212e-01
6.550000000000000266e-02
1.949999999999999789e-01
1.908999999999999864e-01
1.299000000000000155e-01
3.519999999999998824e-02
2.399999999999999634e-01
1.280999999999999917e-01
1.719999999999999862e-01
1.271999999999999797e-01
1.008000000000000007e-01
9.479999999999999538e-02
5.080000000000000487e-02
1.223000000000000059e-01
1.073000000000000065e-01
8.130000000000001115e-02
5.900000000000001077e-02
1.704000000000000514e-01
8.530000000000001470e-02
6.139999999999996155e-02
1.722000000000000197e-01
1.564999999999999725e-01
1.697000000000000730e-01
1.641999999999999849e-01
1.596000000000000196e-01
4.601999999999999980e-01
4.110999999999999099e-01
2.680000000000000160e-01
3.740999999999999881e-01
1.727999999999999536e-01
2.240999999999998549e-01
1.706999999999999351e-01
1.638999999999999624e-01
2.007999999999999785e-01
6.215000000000001634e-01
3.050000000000000488e-01
5.457000000000000739e-01
1.650000000000000078e-01
2.253000000000000558e-01
2.765000000000000235e-01
9.799999999999998990e-02
1.050000000000000377e-01
6.869999999999998330e-02
9.279999999999993809e-02
1.736000000000000321e-01
9.779999999999999805e-02
9.310000000000001608e-02
5.050000000000001710e-02
1.161999999999999700e-01
3.567999999999999505e-01
1.060000000000000109e-01
2.360000000000000431e-01
1.328000000000000014e-01
6.549999999999998879e-02
9.019999999999998852e-02
9.440000000000002556e-02
1.285000000000000031e-01
7.250000000000000888e-02
6.190000000000000363e-02
1.345000000000000084e-01
1.078000000000000069e-01
1.017000000000000126e-01
1.178000000000000019e-01
1.413999999999999979e-01
7.017000000000001014e-01
8.280000000000000693e-01
1.548999999999999821e-01
5.439999999999996921e-02
9.969999999999995532e-02
1.240999999999999881e-01
5.319999999999999035e-02
6.119999999999999746e-02
1.549999999999999989e-01
1.710000000000000131e-01
8.700000000000002176e-02
6.069999999999999701e-02
1.265999999999999903e-01
3.959999999999998244e-02
1.121000000000000052e-01
6.990000000000004543e-02
1.765999999999999792e-01
9.559999999999999054e-02
6.200000000000001343e-02
1.044000000000000206e-01
1.539000000000000368e-01
5.930000000000001936e-02
3.199999999999995903e-02
5.550000000000001460e-02
6.149999999999998523e-02
3.429999999999999716e-01
2.331000000000000294e-01
3.714999999999999969e-01
1.378999999999999948e-01
1.023999999999999633e-01
3.171999999999999820e-01
1.673000000000000043e-01
1.629999999999999505e-01
1.135999999999999649e-01
9.210000000000001519e-02
5.910000000000002057e-02
7.140000000000001901e-02
8.259999999999995124e-02
5.290000000000002339e-02
1.301000000000000212e-01
3.950000000000001427e-02
6.480000000000002425e-02
9.430000000000000882e-02
6.599999999999998923e-02
5.040000000000001423e-02
8.639999999999994906e-02
8.869999999999993168e-02
7.649999999999997080e-02
9.349999999999999978e-02
4.719999999999998502e-02
9.160000000000000087e-02
5.860000000000004095e-02
3.769999999999999740e-02
4.940000000000001334e-02
9.470000000000000639e-02
8.339999999999998803e-02
9.590000000000001301e-02
7.240000000000004765e-02
1.003999999999999893e-01
1.923000000000000820e-01
8.459999999999995302e-02
7.200000000000007783e-02
7.249999999999998113e-02
3.340000000000005465e-02
5.179999999999998495e-02
3.750000000000000555e-02
4.510000000000000120e-02
7.880000000000006444e-02
6.820000000000003837e-02
1.308999999999999331e-01
9.360000000000004428e-02
7.529999999999999194e-02
4.239999999999994468e-02
2.360000000000005843e-02
6.819999999999995510e-02
1.066999999999999199e-01
1.322000000000000397e-01
3.005000000000000449e-01
4.197000000000000730e-01
3.803999999999999604e-01
2.108999999999998931e-01
3.921000000000000041e-01
1.532999999999999918e-01
1.850999999999999590e-01
7.979999999999998206e-02
1.186000000000000248e-01
2.710000000000003031e-02
9.540000000000005420e-02
3.090000000000004549e-02
4.709999999999998910e-02
3.759999999999999454e-02
4.329999999999999821e-02
1.071000000000000146e-01
1.287000000000000366e-01
3.699999999999995653e-02
8.190000000000002833e-02
9.040000000000000813e-02
6.160000000000003667e-02
4.930000000000003824e-02
8.650000000000000744e-02
3.490000000000004210e-02
3.549999999999996214e-02
7.480000000000004701e-02
1.736999999999999100e-01
2.842000000000001192e-01
9.870000000000006546e-02
1.521999999999999187e-01
5.240000000000007846e-02
1.008999999999999342e-01
1.023000000000000298e-01
7.930000000000000937e-02
1.222999999999999088e-01
9.240000000000000990e-02
5.590000000000010238e-02
5.530000000000005050e-02
