4.510000000000000120e-02
5.000000000000000971e-02
4.050000000000000822e-02
2.629999999999999352e-02
3.629999999999999893e-02
2.049999999999999739e-02
8.450000000000000566e-02
8.560000000000000941e-02
4.899999999999999495e-02
3.719999999999999696e-02
4.359999999999999293e-02
5.120000000000000939e-02
3.619999999999998219e-02
4.130000000000000338e-02
3.219999999999999252e-02
3.789999999999999619e-02
6.879999999999998617e-02
3.070000000000001200e-02
2.150000000000000522e-02
1.649999999999999731e-02
4.429999999999998522e-02
2.390000000000000457e-02
1.840000000000000663e-02
6.979999999999997318e-02
2.129999999999999602e-02
1.240000000000001518e-02
2.199999999999999525e-02
4.139999999999998542e-02
1.840000000000001010e-02
4.230000000000001814e-02
2.149999999999998440e-02
4.990000000000001379e-02
3.010000000000000869e-02
2.670000000000000498e-02
3.120000000000000898e-02
2.069999999999999618e-02
4.339999999999997332e-02
3.340000000000001301e-02
3.159999999999998921e-02
3.589999999999998054e-02
8.900000000000000966e-02
3.800000000000001293e-02
2.020000000000001655e-02
4.290000000000000063e-02
2.250000000000000611e-02
3.500000000000000333e-02
2.559999999999997694e-02
2.990000000000002725e-02
3.179999999999999494e-02
2.939999999999998517e-02
3.710000000000000103e-02
4.825000000000000400e-01
6.383999999999999675e-01
4.189000000000000501e-01
1.790999999999999814e-01
1.272000000000000353e-01
8.540000000000000369e-02
1.228999999999999537e-01
5.300000000000001238e-02
4.109999999999998377e-02
3.370000000000002854e-02
3.739999999999998881e-02
2.669999999999999804e-02
5.869999999999999524e-02
4.069999999999997231e-02
1.649999999999999384e-02
1.940000000000000405e-02
2.630000000000002475e-02
3.459999999999999187e-02
5.760000000000001924e-02
4.079999999999997518e-02
2.259999999999998468e-02
1.609999999999998238e-02
4.330000000000000515e-02
4.470000000000001056e-02
1.709999999999999715e-02
4.240000000000002101e-02
4.329999999999998433e-02
1.279999999999995725e-02
7.029999999999998750e-02
3.830000000000002847e-02
5.680000000000005184e-02
4.930000000000001742e-02
5.419999999999999124e-02
1.084000000000000241e-01
1.071999999999999759e-01
6.819999999999999674e-02
5.680000000000001020e-02
5.439999999999998309e-02
7.599999999999999811e-02
2.719999999999998808e-02
3.599999999999998340e-02
3.950000000000001427e-02
1.890000000000004871e-02
2.780000000000003996e-02
3.699999999999999123e-02
2.670000000000002233e-02
4.060000000000003884e-02
2.299999999999999267e-02
4.459999999999997300e-02
4.580000000000002125e-02
3.890000000000000402e-02
2.629999999999996230e-02
2.510000000000008058e-02
3.030000000000000748e-02
4.059999999999997639e-02
4.119999999999998663e-02
5.070000000000000895e-02
3.909999999999996118e-02
4.730000000000000177e-02
3.540000000000000785e-02
2.629999999999996924e-02
3.180000000000002963e-02
3.080000000000001487e-02
1.970000000000002999e-02
3.080000000000000793e-02
4.310000000000001330e-02
2.989999999999992664e-02
3.859999999999997461e-02
3.990000000000000491e-02
3.180000000000000188e-02
1.690000000000002611e-02
2.160000000000001502e-02
3.609999999999993769e-02
4.300000000000002431e-02
2.609999999999999126e-02
4.010000000000001064e-02
3.729999999999998594e-02
9.409999999999997533e-02
5.556000000000000938e-01
9.210000000000001519e-02
6.820000000000001061e-02
9.450000000000001454e-02
3.909999999999999587e-02
4.190000000000001362e-02
3.170000000000001983e-02
4.029999999999999555e-02
4.479999999999997873e-02
4.910000000000001863e-02
8.629999999999998783e-02
6.259999999999996123e-02
6.559999999999997777e-02
2.830000000000000571e-02
2.669999999999998069e-02
1.879999999999998339e-02
3.060000000000004383e-02
3.949999999999998651e-02
4.010000000000003145e-02
3.959999999999998244e-02
4.500000000000000527e-02
3.269999999999999990e-02
2.690000000000000724e-02
3.920000000000004037e-02
3.269999999999999296e-02
2.719999999999996032e-02
3.460000000000004045e-02
6.830000000000002736e-02
4.820000000000000673e-02
3.880000000000004279e-02
4.079999999999999599e-02
3.760000000000003617e-02
2.110000000000002152e-02
3.250000000000000805e-02
8.340000000000002967e-02
2.169999999999996931e-02
2.410000000000003806e-02
4.829999999999998878e-02
2.700000000000001704e-02
2.349999999999999312e-02
4.760000000000005893e-02
4.169999999999995932e-02
2.469999999999995116e-02
6.690000000000000113e-02
3.650000000000000466e-02
7.449999999999998290e-02
5.190000000000005720e-02
2.959999999999999437e-02
5.689999999999999919e-02
6.010000000000002840e-02
