1.703999999999999959e-01
1.237999999999999934e-01
1.287999999999999978e-01
1.126000000000000056e-01
1.986999999999999877e-01
9.439999999999999780e-02
1.178999999999999909e-01
8.910000000000001252e-02
1.295999999999999930e-01
7.940000000000001223e-02
5.810000000000001968e-02
1.052999999999999908e-01
1.519000000000000072e-01
7.420000000000000207e-02
1.103999999999999981e-01
1.764999999999999902e-01
1.193000000000000171e-01
7.749999999999999944e-02
1.170999999999999958e-01
2.021000000000000019e-01
1.584999999999999742e-01
7.370000000000001550e-02
1.347000000000000142e-01
1.245999999999999747e-01
1.167999999999999872e-01
1.325000000000000067e-01
1.496999999999999997e-01
1.306999999999999829e-01
1.481999999999999984e-01
1.454999999999999905e-01
2.186000000000000165e-01
3.546000000000000263e-01
5.276999999999999469e-01
3.172999999999999710e-01
2.521999999999999797e-01
1.331000000000000238e-01
1.088999999999999829e-01
1.695999999999999730e-01
7.779999999999996640e-02
3.374000000000000332e-01
1.935000000000000608e-01
2.292000000000000148e-01
8.919999999999995988e-02
2.254000000000000170e-01
7.319999999999995954e-02
2.629999999999999005e-02
7.410000000000001308e-02
2.339999999999999858e-01
1.607999999999999985e-01
2.028999999999999693e-01
1.878000000000000502e-01
1.934000000000000163e-01
1.194999999999999812e-01
2.244999999999999774e-01
1.633999999999999897e-01
1.421999999999999931e-01
1.486000000000000099e-01
1.486000000000000099e-01
1.827000000000000290e-01
1.023999999999999772e-01
3.050000000000004791e-02
9.709999999999993636e-02
1.018999999999999906e-01
8.649999999999999356e-02
1.544999999999999707e-01
1.670999999999999708e-01
2.006999999999999895e-01
1.247999999999999388e-01
2.277000000000000135e-01
2.815000000000000280e-01
1.304999999999999494e-01
1.539999999999999425e-01
1.008000000000000285e-01
4.646000000000000685e-01
2.036999999999999922e-01
1.599999999999999756e-01
5.800999999999999490e-01
1.508999999999999786e-01
4.136999999999999567e-01
2.510000000000000009e-01
6.970000000000003970e-02
1.710000000000000409e-01
6.500000000000002998e-02
7.060000000000000997e-02
1.261999999999999789e-01
7.050000000000002098e-02
1.558999999999999830e-01
1.174999999999999795e-01
1.110000000000000431e-01
3.130000000000000560e-01
2.213999999999999857e-01
2.474999999999999978e-01
2.957999999999999519e-01
2.007999999999999508e-01
1.850000000000000533e-01
1.224000000000000365e-01
6.050000000000006067e-02
1.103000000000000091e-01
1.629999999999999505e-01
1.901000000000000467e-01
1.566000000000000170e-01
5.538999999999999480e-01
6.123999999999999444e-01
8.239000000000000767e-01
2.635999999999999455e-01
1.829000000000000070e-01
7.769999999999999130e-02
9.023000000000001020e-01
9.130999999999999117e-01
1.226499999999999924e+00
4.127999999999999448e-01
7.369999999999998774e-02
9.729999999999999760e-02
1.518999999999999795e-01
7.860000000000000320e-02
3.085999999999999854e-01
1.318999999999999617e-01
1.157999999999999724e-01
1.504999999999999671e-01
1.020000000000000073e-01
1.292999999999999983e-01
1.085999999999999605e-01
2.084999999999999909e-01
1.509000000000000341e-01
8.020000000000002127e-02
2.842999999999999972e-01
2.487000000000000044e-01
9.133000000000000007e-01
1.889900000000000135e+00
2.671999999999999709e+00
2.164300000000000335e+00
2.593900000000000539e+00
7.857999999999997209e-01
2.791000000000000147e-01
1.746000000000000052e-01
2.411000000000000365e-01
2.678999999999999160e-01
3.908000000000000362e-01
2.284999999999999698e+00
1.203999999999999737e+00
4.305000000000001603e-01
5.636999999999998678e-01
5.023999999999999577e-01
1.848000000000000476e-01
5.030000000000001137e-01
2.868999999999999884e-01
2.652999999999999248e-01
1.394000000000000239e-01
2.510000000000000009e-01
1.135999999999999371e-01
2.054999999999999605e-01
4.828000000000000069e-01
1.480000000000000482e-01
6.002999999999999448e-01
2.738000000000000433e-01
5.908000000000001029e-01
8.695999999999999286e-01
1.893900000000000139e+00
1.592900000000000205e+00
1.294800000000000173e+00
1.007700000000000262e+00
3.820000000000000617e-01
6.987999999999999767e-01
3.989000000000000323e-01
4.282000000000000250e-01
5.994999999999999218e-01
4.956000000000000405e-01
4.252000000000000779e-01
2.745000000000000218e-01
6.310000000000000053e-01
6.744000000000001105e-01
3.091600000000000126e+00
1.444799999999999862e+00
7.878999999999998227e-01
3.575199999999999712e+00
1.752200000000000424e+00
1.808199999999999807e+00
2.995000000000000107e+00
1.000900000000000123e+00
