8.490000000000000324e-02
5.949999999999999734e-02
1.461000000000000076e-01
7.080000000000000182e-02
1.257999999999999952e-01
9.959999999999999409e-02
1.423999999999999988e-01
4.828999999999999959e-01
2.782999999999999363e-01
1.003000000000000003e-01
1.364000000000000212e-01
9.079999999999999183e-02
6.009999999999997983e-02
8.700000000000000788e-02
9.989999999999998881e-02
5.000000000000001665e-02
3.116999999999999771e-01
2.167000000000000592e-01
2.065999999999999781e-01
1.727999999999999536e-01
8.719999999999998586e-02
1.605999999999999650e-01
2.550100000000000033e+00
6.402999999999999803e-01
4.413000000000000256e-01
4.638999999999999790e-01
1.078000000000001180e-01
2.841999999999999527e-01
7.130000000000001614e-02
5.750000000000000944e-02
8.349999999999993539e-02
1.418999999999999706e-01
6.569999999999998064e-02
1.257999999999999119e-01
1.281999999999999251e-01
1.631999999999999840e-01
6.699999999999983746e-02
6.019999999999990636e-02
6.019999999999996187e-02
1.152999999999999720e-01
2.679999999999999605e-01
1.123000000000000803e-01
1.381999999999999618e-01
4.029999999999986371e-02
6.949999999999997846e-02
1.410000000000000975e-01
6.789999999999997427e-02
1.258999999999999564e-01
1.327000000000000401e-01
2.851000000000000201e-01
1.462999999999999579e-01
2.983999999999998876e-01
3.569999999999999563e-02
9.349999999999999978e-02
9.039999999999999425e-02
1.544000000000000095e-01
9.889999999999998792e-02
6.069999999999982354e-02
1.637000000000000399e-01
1.496000000000000663e-01
1.128999999999999448e-01
6.580000000000005289e-02
1.199000000000000760e-01
1.296000000000000485e-01
1.428999999999998882e-01
1.131999999999999951e-01
1.000000000000000333e-01
7.550000000000001155e-02
7.659999999999997367e-02
1.401000000000000856e-01
1.452000000000001068e-01
1.821999999999999731e-01
1.240999999999999881e-01
1.594999999999998919e-01
1.730000000000001259e-01
1.854999999999999150e-01
1.660000000000000642e-01
1.337000000000001521e-01
8.959999999999994358e-02
6.834000000000000075e-01
2.882999999999999452e-01
1.666000000000000814e-01
1.625999999999999113e-01
3.764000000000000679e+00
2.027499999999999858e+00
6.279999999999988369e-02
6.949000000000000732e-01
8.605000000000000426e-01
2.367000000000000770e-01
1.989000000000000212e-01
7.790000000000001090e-02
1.461999999999999134e-01
1.400999999999999468e-01
9.090000000000000857e-02
1.341000000000000525e-01
8.410000000000003584e-02
1.383999999999999120e-01
1.774000000000000021e-01
3.649000000000000021e-01
1.550000000000000822e-01
1.205999999999999850e-01
2.025000000000001799e-01
2.186000000000000720e-01
9.488000000000000878e-01
4.028000000000001579e-01
2.849999999999998090e-01
1.747000000000001330e-01
2.711999999999999966e-01
1.770999999999998964e-01
8.469999999999999751e-02
9.730000000000005311e-02
1.259000000000000952e-01
1.110000000000000847e-01
9.960000000000013287e-02
6.029999999999993698e-02
9.980000000000005533e-02
7.200000000000002232e-02
1.651000000000000523e-01
1.250000000000000555e-01
2.393000000000000682e-01
1.898000000000000798e-01
1.185000000000001469e-01
1.722999999999999532e-01
1.457000000000000239e-01
1.854000000000000370e-01
1.642000000000000959e-01
7.329999999999986526e-02
8.220000000000018958e-02
1.307999999999999996e-01
1.257999999999999119e-01
9.157000000000002915e-01
2.564000000000000168e-01
1.875000000000000000e-01
1.124000000000001664e-01
1.270000000000001128e-01
1.301000000000002710e-01
2.144000000000000350e-01
8.730000000000012750e-02
1.352999999999998093e-01
1.706999999999999351e-01
4.167999999999998373e-01
2.749999999999997446e-01
1.843000000000000749e-01
1.289000000000000423e-01
1.137000000000002314e-01
1.165999999999999537e-01
2.259999999999998677e-01
8.740000000000015812e-02
4.172000000000000153e-01
1.733999999999999986e-01
1.894999999999997797e-01
1.945000000000000062e-01
5.020000000000004320e-02
6.310999999999999943e-01
3.095999999999998198e-01
1.011999999999997069e-01
9.969999999999996920e-02
3.753999999999998449e-01
2.685000000000000719e-01
1.588999999999998192e-01
1.940000000000000335e-01
1.240000000000002628e-01
9.549999999999993217e-02
1.646999999999998188e-01
2.422999999999997933e-01
2.072000000000001618e-01
2.444000000000000061e-01
1.439999999999999336e-01
4.080999999999997963e-01
3.909999999999999032e-01
2.972999999999998977e-01
1.851999999999999202e-01
2.456999999999999185e-01
1.026000000000001078e-01
8.209999999999999243e-02
7.699999999999990186e-02
7.780000000000024396e-02
1.031999999999998890e-01
1.361000000000000543e-01
