2.955999999999999739e-01
1.864000000000000101e-01
1.873000000000000220e-01
2.164999999999999980e-01
1.760000000000000453e-01
1.572999999999999954e-01
1.589000000000000135e-01
1.580999999999999905e-01
1.022999999999999882e-01
9.859999999999999321e-02
2.176999999999999769e-01
3.433000000000000496e-01
1.794999999999999929e-01
3.889999999999999708e-02
1.360999999999999988e-01
1.205000000000000238e-01
1.083999999999999825e-01
1.396999999999999909e-01
1.828000000000000180e-01
1.175000000000000072e-01
1.205999999999999989e-01
1.338999999999999913e-01
1.131000000000000061e-01
1.308999999999999886e-01
1.990999999999999992e-01
1.539999999999999980e-01
1.041000000000000120e-01
8.159999999999999198e-02
1.428999999999999992e-01
2.030000000000000138e-01
1.561000000000000165e-01
1.293999999999999873e-01
1.334000000000000186e-01
1.190000000000000085e-01
2.437000000000000000e-01
2.446999999999999731e-01
2.784999999999999698e-01
2.414999999999999647e-01
1.340999999999999970e-01
1.371999999999999609e-01
1.225999999999999868e-01
1.305000000000000049e-01
1.035999999999999699e-01
2.922999999999999488e-01
2.535999999999999921e-01
1.841000000000000136e-01
7.330000000000001792e-02
1.735000000000000153e-01
2.346000000000000307e-01
1.763000000000000123e-01
1.618999999999999884e-01
1.568000000000000227e-01
1.671000000000000263e-01
2.018000000000000071e-01
2.535000000000000031e-01
1.804999999999999938e-01
1.117999999999999966e-01
1.924000000000000155e-01
1.883999999999999564e-01
1.329000000000000181e-01
1.557000000000000051e-01
2.112000000000000544e-01
2.193000000000000227e-01
1.138999999999999735e-01
1.727999999999999536e-01
1.995000000000000107e-01
8.420000000000002482e-02
1.961999999999999855e-01
2.436000000000000387e-01
2.212000000000000077e-01
2.182000000000000606e-01
1.635000000000000064e-01
1.426000000000000045e-01
1.359999999999999820e-01
1.479999999999999927e-01
1.148000000000000270e-01
1.153000000000000413e-01
1.891000000000000458e-01
2.323999999999999677e-01
2.110000000000000209e-01
2.530999999999999917e-01
2.746999999999999442e-01
1.231000000000000150e-01
1.504000000000000337e-01
9.360000000000001652e-02
1.099999999999999867e-01
2.631999999999999895e-01
2.681000000000000050e-01
2.275000000000000078e-01
1.421000000000000596e-01
1.479000000000000314e-01
1.032000000000000278e-01
1.838000000000000189e-01
1.743000000000000382e-01
1.471999999999999975e-01
2.808000000000000496e-01
2.919999999999999818e-01
2.004999999999999838e-01
1.694999999999999840e-01
1.597000000000000086e-01
2.247000000000000108e-01
2.220000000000000584e-01
1.527999999999999914e-01
1.388999999999999679e-01
1.836999999999999744e-01
1.939000000000000168e-01
2.014000000000000512e-01
2.328000000000000347e-01
2.447999999999999621e-01
2.401999999999999413e-01
3.553999999999999937e-01
5.980999999999999650e-01
2.111000000000000376e-01
9.919999999999992712e-02
2.334999999999999576e-01
3.022000000000000242e-01
1.968000000000000305e-01
1.046000000000000818e-01
1.681999999999999329e-01
1.868999999999999828e-01
2.864999999999999769e-01
1.301000000000000489e-01
1.567999999999999949e-01
1.405999999999998917e-01
1.441999999999999393e-01
2.051999999999999658e-01
1.256999999999999229e-01
1.708999999999998853e-01
3.015999999999999792e-01
2.107999999999999874e-01
1.985000000000000098e-01
2.230999999999999928e-01
1.130999999999999783e-01
1.915000000000000591e-01
2.135999999999999566e-01
2.672999999999999821e-01
1.710999999999999466e-01
9.239999999999989888e-02
2.343000000000001470e-01
3.248000000000000886e-01
1.773999999999999744e-01
2.067000000000000504e-01
1.210000000000000936e-01
1.334999999999999798e-01
2.083000000000000407e-01
2.684000000000000830e-01
2.936999999999999056e-01
2.085000000000000464e-01
1.299000000000000432e-01
1.414999999999999036e-01
1.847000000000000308e-01
2.525000000000000577e-01
2.921000000000000263e-01
2.726999999999999980e-01
1.903000000000000247e-01
1.649999999999999800e-01
1.772999999999999299e-01
1.202999999999999625e-01
1.722999999999999809e-01
1.319999999999999507e-01
2.616000000000000547e-01
2.950999999999999179e-01
1.559999999999997777e-01
1.657999999999998642e-01
1.589000000000001522e-01
1.319999999999999507e-01
1.932999999999998608e-01
2.040999999999999759e-01
1.781000000000000361e-01
2.561000000000002164e-01
3.399000000000000354e-01
3.373000000000000442e-01
3.956000000000000627e-01
2.970999999999998087e-01
3.160999999999998256e-01
2.978000000000000091e-01
2.319000000000001338e-01
2.484000000000001207e-01
5.950000000000013611e-02
