4.730000000000000177e-02
4.909999999999999781e-02
6.020000000000000351e-02
6.210000000000000242e-02
1.693999999999999950e-01
3.117999999999999661e-01
3.734999999999999432e-01
9.300000000000001321e-02
4.860000000000000431e-02
3.460000000000001269e-02
5.519999999999999907e-02
6.300000000000000044e-02
9.170000000000001761e-02
6.770000000000001017e-02
1.790000000000000618e-02
6.319999999999999230e-02
5.010000000000000564e-02
1.102000000000000063e-01
1.107000000000000067e-01
8.119999999999998053e-02
8.789999999999999203e-02
5.400000000000000633e-02
1.153000000000000136e-01
7.779999999999999416e-02
3.181999999999999829e-01
1.577000000000000068e-01
7.259999999999997011e-02
1.136000000000000204e-01
3.320000000000000728e-02
9.080000000000000571e-02
9.160000000000000087e-02
1.084999999999999992e-01
7.299999999999999545e-02
9.439999999999999780e-02
1.307000000000000384e-01
1.983000000000000040e-01
1.313999999999999613e-01
3.869999999999998441e-02
7.649999999999999856e-02
1.736999999999999655e-01
2.787000000000000033e-01
1.848999999999999810e-01
1.608000000000000262e-01
1.542999999999999927e-01
1.588999999999999579e-01
6.749999999999999056e-02
1.080999999999999878e-01
2.995999999999999774e-01
1.900999999999999635e-01
1.688000000000000611e-01
2.015000000000000402e-01
1.161999999999999422e-01
1.430000000000000160e-01
1.364000000000000212e-01
1.366000000000000547e-01
5.470000000000005413e-02
1.681999999999999607e-01
5.179999999999999882e-02
1.086999999999999772e-01
1.491999999999999993e-01
5.490000000000001823e-02
1.721000000000000307e-01
8.910000000000004028e-02
2.460999999999999854e-01
5.600000000000002892e-02
1.164000000000000035e-01
1.066999999999999893e-01
1.107000000000000345e-01
1.486999999999999988e-01
1.936999999999999833e-01
1.155999999999999805e-01
1.203999999999999931e-01
8.279999999999998472e-02
1.535000000000000253e-01
1.167999999999999733e-01
1.253999999999999837e-01
1.686000000000000554e-01
1.513999999999999790e-01
4.610000000000000903e-02
1.726999999999999647e-01
3.849999999999994399e-02
6.090000000000000968e-02
5.480000000000003618e-02
5.760000000000008863e-02
2.189000000000000390e-01
1.346000000000000529e-01
1.579999999999999183e-01
1.300999999999999934e-01
6.559999999999989451e-02
1.090999999999998638e-01
5.319999999999994872e-02
4.920000000000001456e-02
1.225999999999998896e-01
7.609999999999995934e-02
1.046000000000000263e-01
7.700000000000002676e-02
1.181999999999999301e-01
1.489999999999999936e-01
4.870000000000013207e-02
7.760000000000011333e-02
3.230000000000005783e-02
8.509999999999996734e-02
8.750000000000004996e-02
2.639999999999997557e-02
5.410000000000006470e-02
4.750000000000000056e-02
4.020000000000006901e-02
6.569999999999992513e-02
9.429999999999993943e-02
1.160000000000000475e-01
6.700000000000004563e-02
3.240000000000003988e-02
2.970000000000003193e-02
7.570000000000003115e-02
6.920000000000001150e-02
5.680000000000007959e-02
4.229999999999989324e-02
5.080000000000001181e-02
6.339999999999995639e-02
1.427999999999999270e-01
1.376999999999999058e-01
1.891000000000000458e-01
1.400000000000009397e-02
3.229999999999993987e-02
8.859999999999994269e-02
7.809999999999996112e-02
6.150000000000004075e-02
5.340000000000000996e-02
1.582000000000000628e-01
1.312999999999998613e-01
7.580000000000010341e-02
3.660000000000002834e-02
6.160000000000009912e-02
8.610000000000012088e-02
5.059999999999996445e-02
1.702000000000000457e-01
8.809999999999999776e-02
6.419999999999990992e-02
7.920000000000004814e-02
3.810000000000007825e-02
1.442000000000001336e-01
1.624000000000000998e-01
1.261000000000000731e-01
2.258000000000000007e-01
1.905999999999999917e-01
8.280000000000006799e-02
2.079999999999999905e-02
1.520999999999999575e-01
3.050000000000004097e-02
1.293999999999999595e-01
1.710000000000001796e-02
4.269999999999995327e-02
4.370000000000002355e-02
6.659999999999988152e-02
6.509999999999996345e-02
6.750000000000001832e-02
3.650000000000000466e-02
2.689999999999987887e-02
4.479999999999993016e-02
4.389999999999996683e-02
1.052999999999999908e-01
2.008999999999999675e-01
1.598999999999999311e-01
9.540000000000009583e-02
1.952000000000000679e-01
2.230999999999999373e-01
1.922999999999998877e-01
7.969999999999985429e-02
8.209999999999995079e-02
3.740999999999999881e-01
4.510999999999999455e-01
3.477999999999998870e-01
7.810000000000000275e-02
2.596999999999998754e-01
2.071999999999999675e-01
1.894000000000000128e-01
1.456000000000000349e-01
7.309999999999999831e-02
8.010000000000003229e-02
