3.266000000000000014e-01
4.425000000000000044e-01
3.943999999999999728e-01
1.878999999999999837e-01
7.253999999999999337e-01
4.031000000000000139e-01
2.480999999999999872e-01
3.337000000000000521e-01
7.590999999999999970e-01
6.267000000000000348e-01
8.064000000000000057e-01
8.625000000000000444e-01
6.560000000000000553e-02
1.052000000000000157e-01
2.994999999999999885e-01
4.491999999999999327e-01
4.515999999999999459e-01
2.498999999999999555e-01
2.573000000000000287e-01
1.634000000000000175e-01
1.731000000000000316e-01
4.786999999999999589e-01
2.846000000000000196e-01
1.612000000000000099e-01
4.672000000000000042e-01
1.856999999999999762e-01
1.916999999999999538e-01
3.276000000000000023e-01
9.519999999999997908e-02
2.080999999999999517e-01
2.457999999999999630e-01
2.291000000000000258e-01
2.192000000000000060e-01
3.113000000000000211e-01
4.231000000000000316e-01
6.175000000000000488e-01
6.751000000000001444e-01
5.455999999999999739e-01
1.290999999999999370e-01
2.920000000000000373e-01
1.133000000000000118e-01
1.522000000000000020e-01
1.082000000000000045e-01
3.981000000000000649e-01
2.171000000000000429e-01
3.385000000000000231e-01
8.182000000000000384e-01
4.875000000000000444e-01
1.507000000000000006e-01
1.480000000000000204e-01
9.450000000000000067e-02
2.693000000000000393e-01
2.421999999999999709e-01
1.421999999999999931e-01
2.266999999999999016e-01
9.159999999999994535e-02
3.777000000000000357e-01
3.251000000000000001e-01
1.459000000000000574e-01
1.119000000000001105e-01
2.222999999999999421e-01
5.453000000000000069e-01
5.470999999999999197e-01
2.798999999999999266e-01
1.335000000000000075e-01
2.815999999999999615e-01
6.824999999999998845e-01
5.927000000000000046e-01
3.802000000000000934e-01
2.733000000000000429e-01
9.062000000000000055e-01
4.704999999999999183e-01
3.142000000000000903e-01
1.313000000000000278e-01
2.900999999999999690e-01
2.020000000000000406e-01
3.521000000000000241e-01
1.189000000000000057e-01
1.035000000000000087e-01
1.420000000000000151e-01
4.622999999999999887e-01
4.492000000000000437e-01
2.047999999999999821e-01
4.104999999999999205e-01
2.305999999999998606e-01
7.595999999999998309e-01
3.447000000000002284e-01
5.843000000000000416e-01
1.374999999999999556e-01
8.980000000000000482e-02
6.129999999999995175e-02
1.022000000000000269e-01
1.652000000000000135e-01
4.313000000000001277e-01
2.145999999999999019e-01
2.100000000000000477e-01
2.953000000000000069e-01
1.225999999999999868e-01
2.052000000000000768e-01
3.008999999999999453e-01
3.795999999999999930e-01
5.785000000000000142e-01
4.215000000000000968e-01
2.338000000000000911e-01
4.289000000000001145e-01
5.635000000000000009e-01
2.449000000000000621e-01
5.331000000000000183e-01
2.146000000000000130e-01
1.909999999999999198e-01
8.487000000000000099e-01
2.470000000000000806e-01
4.343000000000000194e-01
1.091000000000000442e-01
1.870000000000001383e-01
2.011000000000000287e-01
3.962000000000000521e-01
2.990999999999998660e-01
3.477000000000000091e-01
1.829000000000001180e-01
2.379000000000000559e-01
4.699999999999999734e-01
2.863999999999999879e-01
3.626999999999999114e-01
4.852999999999999536e-01
2.154000000000000081e-01
3.216000000000001635e-01
1.062000000000000444e-01
1.817999999999999061e-01
1.104000000000002202e-01
1.120000000000001966e-01
1.536999999999999755e-01
5.197999999999998177e-01
2.359999999999999321e-01
8.271000000000000574e-01
5.560000000000000497e-01
3.031000000000001471e-01
2.205999999999999905e-01
1.097000000000000058e-01
3.741999999999998106e-01
2.981999999999997986e-01
1.837999999999998246e-01
1.441000000000001446e-01
6.540000000000008307e-02
5.839999999999993807e-02
1.016999999999999710e-01
1.241000000000000714e-01
3.625999999999998114e-01
2.737999999999999323e-01
4.231999999999999651e-01
4.042999999999999927e-01
1.696000000000001118e-01
1.016999999999999293e-01
2.371999999999999664e-01
2.805000000000001381e-01
1.594999999999999474e-01
1.671999999999999598e-01
6.820000000000001061e-02
1.258999999999999841e-01
3.139999999999999458e-01
1.885999999999999344e-01
3.508000000000000007e-01
4.245999999999999219e-01
4.133999999999999342e-01
2.767000000000000570e-01
1.803000000000000436e-01
2.686999999999999944e-01
1.087999999999998552e-01
7.850000000000009748e-02
1.021999999999999853e-01
7.700000000000005451e-02
1.548999999999999821e-01
1.150000000000001021e-01
8.480000000000006977e-02
1.308999999999999608e-01
4.019000000000000350e-01
3.347000000000000530e-01
2.300999999999999712e-01
3.165999999999999925e-01
