9.199999999999999845e-02
8.849999999999999534e-02
7.030000000000000138e-02
4.540000000000000285e-02
6.969999999999999807e-02
1.081999999999999906e-01
4.909999999999999087e-02
1.078000000000000069e-01
1.204000000000000070e-01
1.260000000000000009e-01
7.190000000000000557e-02
9.389999999999999736e-02
6.450000000000000178e-02
5.539999999999999786e-02
7.650000000000001243e-02
1.142000000000000098e-01
3.950000000000000733e-02
9.869999999999999607e-02
5.889999999999999403e-02
1.113999999999999990e-01
3.519999999999999518e-02
8.729999999999998872e-02
5.820000000000000173e-02
7.439999999999999392e-02
3.930000000000001548e-02
6.339999999999999802e-02
5.929999999999999161e-02
6.209999999999999548e-02
6.190000000000000363e-02
1.133000000000000118e-01
1.158000000000000002e-01
7.039999999999999036e-02
4.460000000000001463e-02
7.640000000000000957e-02
3.200000000000000067e-02
5.050000000000001016e-02
8.949999999999999623e-02
5.309999999999998749e-02
5.560000000000001052e-02
1.539000000000000090e-01
1.105000000000000149e-01
1.039999999999999952e-01
4.689999999999999725e-02
7.709999999999998799e-02
6.589999999999998637e-02
5.229999999999999233e-02
4.750000000000002831e-02
6.720000000000000973e-02
6.039999999999999536e-02
9.879999999999999893e-02
9.139999999999999514e-02
7.159999999999999698e-02
8.630000000000000171e-02
1.300000000000000044e-01
1.282000000000000084e-01
6.779999999999998528e-02
6.930000000000000049e-02
5.649999999999999467e-02
7.760000000000000231e-02
4.879999999999998228e-02
1.108999999999999847e-01
1.084000000000000102e-01
1.197000000000000008e-01
5.339999999999999608e-02
9.070000000000000284e-02
5.069999999999998813e-02
8.469999999999999751e-02
5.550000000000002154e-02
9.499999999999998723e-02
5.609999999999999709e-02
9.570000000000000728e-02
1.084999999999999992e-01
3.790000000000000313e-02
9.200000000000001232e-02
8.850000000000002309e-02
3.380000000000001059e-02
6.629999999999999782e-02
9.760000000000000620e-02
8.150000000000001688e-02
9.180000000000003435e-02
7.749999999999995781e-02
7.110000000000002429e-02
9.360000000000000264e-02
5.370000000000001161e-02
7.149999999999996636e-02
4.019999999999999962e-02
6.420000000000000706e-02
7.200000000000000844e-02
8.630000000000000171e-02
3.329999999999998933e-02
8.020000000000000739e-02
3.649999999999999911e-01
2.200000000000000011e-01
2.230999999999999650e-01
1.423999999999999710e-01
5.439999999999999697e-02
8.399999999999999134e-02
7.430000000000000493e-02
1.773000000000000131e-01
9.439999999999998392e-02
9.149999999999999800e-02
1.292999999999999983e-01
1.646000000000000241e-01
1.175999999999999823e-01
6.500000000000000222e-02
8.890000000000000679e-02
9.849999999999999034e-02
4.900000000000000883e-02
7.730000000000000759e-02
6.920000000000001150e-02
1.035000000000000087e-01
8.710000000000001075e-02
8.669999999999998541e-02
1.116000000000000048e-01
7.489999999999999436e-02
8.110000000000000542e-02
4.519999999999999712e-02
6.940000000000000335e-02
6.590000000000000024e-02
6.099999999999999867e-02
5.069999999999999507e-02
7.090000000000001856e-02
5.549999999999999378e-02
7.839999999999998359e-02
1.218000000000000055e-01
8.459999999999999465e-02
6.870000000000001106e-02
9.740000000000001434e-02
8.669999999999999929e-02
1.522999999999999909e-01
1.126999999999999946e-01
5.889999999999999403e-02
8.499999999999999223e-02
4.449999999999999789e-02
6.160000000000000892e-02
1.005999999999999950e-01
9.919999999999999651e-02
9.149999999999999800e-02
6.179999999999998689e-02
7.050000000000000711e-02
8.230000000000001203e-02
6.810000000000002163e-02
1.048000000000000043e-01
4.450000000000001871e-02
6.980000000000000093e-02
4.930000000000000354e-02
3.969999999999999918e-02
6.470000000000000751e-02
9.600000000000000200e-02
5.960000000000000714e-02
8.989999999999999380e-02
7.349999999999998201e-02
6.540000000000001368e-02
6.899999999999999190e-02
1.042000000000000010e-01
1.223000000000000059e-01
9.090000000000002245e-02
1.023999999999999910e-01
7.059999999999999609e-02
8.290000000000000147e-02
6.129999999999999338e-02
6.320000000000000617e-02
9.469999999999999252e-02
7.960000000000000409e-02
8.650000000000002132e-02
9.210000000000001519e-02
1.727000000000000202e-01
3.616999999999999660e-01
3.203000000000000291e-01
1.250999999999999890e-01
1.312000000000000111e-01
9.389999999999998348e-02
7.230000000000000315e-02
5.809999999999999887e-02
7.069999999999999896e-02
1.291000000000000203e-01
1.311000000000000221e-01
1.144000000000000017e-01
5.119999999999998858e-02
