5.599999999999999423e-02
8.260000000000000675e-02
1.588999999999999857e-01
9.329999999999999405e-02
4.870000000000000717e-02
1.246000000000000024e-01
1.228999999999999815e-01
1.091000000000000025e-01
5.769999999999999435e-02
1.405000000000000138e-01
4.949999999999998845e-02
1.353000000000000036e-01
7.449999999999998290e-02
9.429999999999996718e-02
1.822000000000000286e-01
5.800000000000000294e-02
1.136999999999999678e-01
1.362000000000000155e-01
5.449999999999999289e-02
8.840000000000000635e-02
1.213999999999999801e-01
7.899999999999998690e-02
6.699999999999997624e-02
9.710000000000001963e-02
8.050000000000000211e-02
6.360000000000004539e-02
5.510000000000000314e-02
4.650000000000001354e-02
7.360000000000001263e-02
7.139999999999997737e-02
6.439999999999998503e-02
9.890000000000001568e-02
1.016000000000000375e-01
4.670000000000001233e-02
9.389999999999998348e-02
6.259999999999998899e-02
1.093000000000000083e-01
2.006999999999999895e-01
9.509999999999999010e-02
1.212000000000000299e-01
8.349999999999999090e-02
1.422000000000000486e-01
3.420000000000002205e-02
4.139999999999993685e-02
5.720000000000004248e-02
6.300000000000009759e-02
8.080000000000002458e-02
6.000000000000001166e-02
1.455000000000000460e-01
1.300999999999999379e-01
3.709999999999998715e-02
1.447999999999999843e-01
8.039999999999999925e-02
8.279999999999990146e-02
4.780000000000003690e-02
1.540999999999999592e-01
3.095000000000001084e-01
1.854000000000001203e-01
9.309999999999987730e-02
4.029999999999994698e-02
2.870000000000002410e-02
1.214999999999999553e-01
3.569999999999994705e-02
3.709999999999994552e-02
9.419999999999999207e-02
8.570000000000009555e-02
8.800000000000000877e-02
4.959999999999996356e-02
2.070000000000000451e-01
1.482999999999998486e-01
1.393999999999999961e-01
7.259999999999994236e-02
6.860000000000007758e-02
9.470000000000006191e-02
1.684999999999999831e-01
6.410000000000010134e-02
4.979999999999991378e-02
5.659999999999980325e-02
5.570000000000005502e-02
8.420000000000006646e-02
3.229999999999987048e-02
7.400000000000003797e-02
5.239999999999994662e-02
4.910000000000014353e-02
4.670000000000019275e-02
4.549999999999994327e-02
1.236999999999998656e-01
8.430000000000013871e-02
1.044000000000000206e-01
7.969999999999993756e-02
1.545999999999999597e-01
1.093000000000000360e-01
1.093000000000002164e-01
5.430000000000014676e-02
6.159999999999984238e-02
4.410000000000006970e-02
4.929999999999991334e-02
1.264000000000002344e-01
5.870000000000011320e-02
6.400000000000000133e-02
6.299999999999986167e-02
8.049999999999996048e-02
6.629999999999990068e-02
9.110000000000009757e-02
1.345999999999998309e-01
9.129999999999993676e-02
1.013999999999999901e-01
6.020000000000012841e-02
1.126999999999999530e-01
6.400000000000004297e-02
9.010000000000008280e-02
6.019999999999995494e-02
7.660000000000011244e-02
4.250000000000002387e-02
1.331000000000001071e-01
9.610000000000014364e-02
