6.260000000000000286e-02
1.170000000000000068e-01
6.270000000000000573e-02
1.383000000000000063e-01
7.530000000000000582e-02
4.420000000000000318e-02
7.850000000000000033e-02
7.710000000000000187e-02
1.055000000000000104e-01
3.636000000000000343e-01
9.290000000000001035e-02
1.504999999999999671e-01
4.240000000000002101e-02
9.139999999999998126e-02
1.417000000000000204e-01
2.336999999999999633e-01
7.539999999999999480e-02
2.283000000000000029e-01
1.714999999999999858e-01
2.003999999999999670e-01
8.450000000000001954e-02
5.689999999999998531e-02
1.611999999999999822e-01
3.061000000000000387e-01
1.397999999999999521e-01
9.469999999999999252e-02
1.636000000000000232e-01
1.098000000000000087e-01
3.765999999999999348e-01
6.979999999999998705e-02
9.279999999999997973e-02
1.039000000000000479e-01
1.190000000000000224e-01
7.120000000000002716e-02
3.472000000000000086e-01
2.576999999999999846e-01
1.165000000000000063e-01
1.190000000000000085e-01
9.470000000000003415e-02
3.472999999999999976e-01
2.271000000000000241e-01
1.489999999999999936e-01
6.190000000000002445e-02
1.393000000000000071e-01
1.587999999999999690e-01
1.220000000000000390e-01
7.599999999999999811e-02
5.600000000000000810e-02
9.450000000000002842e-02
7.629999999999995119e-02
1.454999999999999905e-01
4.131000000000000227e-01
1.795999999999999541e-01
1.301999999999999824e-01
6.660000000000002029e-02
1.188999999999999779e-01
1.088000000000000633e-01
7.749999999999987454e-02
6.349999999999994538e-02
5.190000000000002250e-02
1.042000000000000148e-01
8.439999999999996116e-02
9.920000000000006590e-02
1.327999999999999181e-01
5.380000000000006999e-02
1.210999999999999993e-01
4.189999999999996505e-02
7.300000000000009259e-02
3.583000000000000629e-01
2.860000000000001430e-02
4.770000000000000628e-02
9.210000000000001519e-02
6.889999999999996128e-02
7.549999999999996991e-02
6.460000000000001852e-02
2.061999999999999666e-01
1.046999999999999875e-01
5.800000000000001682e-02
4.679999999999996663e-02
1.381000000000000283e-01
7.729999999999997984e-02
5.890000000000002178e-02
1.087000000000000466e-01
3.563999999999999946e-01
2.838999999999999857e-01
1.066000000000000003e-01
2.970000000000000417e-02
6.889999999999998903e-02
7.060000000000006548e-02
5.129999999999997062e-02
5.220000000000001028e-02
7.250000000000003664e-02
7.439999999999998004e-02
7.679999999999989613e-02
5.639999999999996405e-02
4.359999999999990272e-02
5.674000000000001265e-01
5.806999999999999940e-01
2.669999999999999596e-01
3.028000000000000136e-01
1.707000000000000184e-01
1.864999999999999991e-01
8.980000000000001870e-02
8.349999999999994926e-02
1.718000000000000915e-01
7.010999999999999455e-01
4.267999999999999572e-01
9.560000000000005993e-02
1.552999999999999936e-01
7.420000000000009921e-02
8.690000000000000502e-02
1.265000000000000291e-01
1.606999999999999540e-01
9.170000000000008700e-02
1.013999999999999901e-01
2.005999999999999450e-01
