1.204000000000000070e-01
6.010000000000000758e-02
7.159999999999999698e-02
1.160000000000000059e-01
1.053999999999999937e-01
7.109999999999999654e-02
4.640000000000000374e-02
7.839999999999999747e-02
5.239999999999998825e-02
8.960000000000001297e-02
1.582000000000000073e-01
1.550999999999999879e-01
7.949999999999998734e-02
1.171000000000000096e-01
7.269999999999998685e-02
1.488000000000000156e-01
7.340000000000000691e-02
3.369999999999999385e-02
1.064999999999999974e-01
6.679999999999999827e-02
6.769999999999999629e-02
2.750000000000001402e-02
3.960000000000000325e-02
4.369999999999997498e-02
4.160000000000000503e-02
3.660000000000001447e-02
6.179999999999999383e-02
1.933999999999999608e-01
3.700000000000000511e-02
6.410000000000001807e-02
9.160000000000000087e-02
1.340000000000000080e-01
6.490000000000002711e-02
7.749999999999998557e-02
6.190000000000002445e-02
5.040000000000001423e-02
7.379999999999999061e-02
6.090000000000001662e-02
6.830000000000001348e-02
6.330000000000000904e-02
4.110000000000001846e-02
3.840000000000003133e-02
5.869999999999998830e-02
3.279999999999998195e-02
9.140000000000000902e-02
1.296999999999999820e-01
3.008000000000000118e-01
5.299000000000000377e-01
1.581000000000000461e-01
1.361000000000000265e-01
1.001999999999999974e-01
9.140000000000002289e-02
2.320999999999999452e-01
1.669000000000000206e-01
9.460000000000003129e-02
2.631999999999999895e-01
9.170000000000000373e-02
4.599999999999999228e-02
1.501000000000000112e-01
7.629999999999999283e-02
1.212999999999999773e-01
6.730000000000005422e-02
1.800999999999999823e-01
3.190000000000002556e-02
1.186000000000000248e-01
1.048000000000000043e-01
1.360999999999999988e-01
8.869999999999998719e-02
4.930000000000001048e-02
1.329999999999999793e-01
6.900000000000001965e-02
5.880000000000000504e-02
6.450000000000002953e-02
1.662000000000000144e-01
9.099999999999999756e-02
1.168000000000000427e-01
2.683999999999999719e-01
4.791000000000000814e-01
2.504000000000000670e-01
2.011999999999999900e-01
2.525999999999999357e-01
3.440000000000000280e-01
1.636999999999999567e-01
6.639999999999998681e-02
7.670000000000003204e-02
1.765999999999999792e-01
2.367000000000000215e-01
9.110000000000000042e-02
1.798999999999999488e-01
1.231999999999999901e-01
1.279000000000000414e-01
8.969999999999997420e-02
1.764999999999999902e-01
1.579000000000000126e-01
1.335999999999999965e-01
1.158999999999999891e-01
5.909999999999999976e-02
8.039999999999998537e-02
9.909999999999999365e-02
1.388999999999999957e-01
6.479999999999995486e-02
1.148000000000000131e-01
1.094000000000000250e-01
3.280000000000001664e-02
6.610000000000001985e-02
1.332000000000000406e-01
1.437999999999999279e-01
1.010000000000000342e-01
1.749000000000000554e-01
1.060999999999999444e-01
5.939999999999997365e-02
8.820000000000001450e-02
1.006000000000000366e-01
8.069999999999999396e-02
3.150000000000000716e-02
4.519999999999999712e-02
