1.187999999999999889e-01
2.835999999999999632e-01
3.524999999999999800e-01
3.219999999999999529e-01
1.741000000000000048e-01
7.410000000000001308e-02
4.489999999999998853e-02
1.204999999999999960e-01
8.690000000000000502e-02
7.219999999999997253e-02
3.270000000000003459e-02
1.699000000000000232e-01
1.643999999999999906e-01
2.203999999999999848e-01
7.160000000000001086e-02
8.290000000000000147e-02
7.200000000000000844e-02
8.790000000000000591e-02
2.800000000000000058e-02
9.249999999999998501e-02
3.880000000000001503e-02
5.370000000000001161e-02
7.110000000000002429e-02
5.230000000000001315e-02
4.979999999999999705e-02
5.589999999999999830e-02
1.376000000000000001e-01
4.669999999999999846e-02
1.319000000000000172e-01
3.010000000000000453e-01
2.751000000000000112e-01
4.849000000000000532e-01
4.064999999999999725e-01
2.622999999999999776e-01
5.290000000000000258e-02
2.446999999999999731e-01
1.056999999999999884e-01
1.502999999999999892e-01
3.195000000000000062e-01
2.324999999999999845e-01
1.501000000000000389e-01
1.212000000000000022e-01
1.318000000000000005e-01
9.479999999999998150e-02
8.409999999999999420e-02
4.859999999999999043e-02
1.850000000000001643e-02
1.940000000000001446e-02
5.430000000000002880e-02
8.370000000000002438e-02
6.569999999999999452e-02
4.949999999999998845e-02
6.690000000000001501e-02
6.239999999999998326e-02
2.023999999999999688e-01
5.649999999999999467e-02
7.429999999999997717e-02
1.064000000000000223e-01
1.123000000000000248e-01
3.650000000000001854e-02
5.040000000000001423e-02
7.779999999999995253e-02
1.379000000000000226e-01
1.423999999999999710e-01
5.400000000000004796e-02
1.051999999999999602e-01
7.320000000000002893e-02
1.582999999999999408e-01
1.168000000000000010e-01
1.140999999999999931e-01
4.479999999999997873e-02
5.330000000000002791e-02
1.196000000000000257e-01
6.560000000000001941e-02
3.839999999999998970e-02
9.159999999999994535e-02
8.419999999999995544e-02
5.089999999999998692e-02
5.249999999999997724e-02
7.159999999999996922e-02
4.770000000000000628e-02
5.210000000000003517e-02
6.239999999999998326e-02
2.789000000000000368e-01
1.694000000000000228e-01
6.320000000000003393e-02
1.090000000000000274e-01
8.460000000000000853e-02
9.049999999999998324e-02
4.599999999999998535e-02
3.840000000000003827e-02
1.569000000000000117e-01
2.081999999999999962e-01
7.800000000000001377e-02
4.780000000000002996e-02
1.006000000000000366e-01
7.360000000000001263e-02
1.665000000000000369e-01
3.634000000000000008e-01
1.163599999999999968e+00
2.147699999999999942e+00
9.912999999999998479e-01
2.532999999999999696e-01
2.170000000000000262e-01
6.150000000000001299e-02
8.519999999999999796e-02
1.226000000000000284e-01
3.224999999999999534e-01
1.796000000000000096e-01
6.589999999999997249e-02
5.849999999999999645e-02
2.701000000000000068e-01
1.998999999999999666e-01
7.039999999999996261e-02
6.489999999999999936e-02
1.472999999999999865e-01
