2.356999999999999929e-01
3.560999999999999721e-01
3.079000000000000625e-01
2.189999999999999725e-01
1.219000000000000083e-01
1.924000000000000155e-01
1.104000000000000120e-01
1.493999999999999773e-01
9.060000000000001386e-02
1.390000000000000402e-01
1.042000000000000148e-01
7.139999999999999125e-02
2.984999999999999876e-01
3.729000000000000092e-01
9.230000000000000704e-02
2.497000000000000608e-01
2.014000000000000512e-01
1.366999999999999882e-01
1.041000000000000258e-01
1.691999999999999893e-01
1.968000000000000027e-01
3.239999999999999547e-01
1.710999999999999743e-01
1.727000000000000202e-01
1.343999999999999639e-01
1.000000000000000056e-01
7.529000000000000137e-01
7.632000000000001005e-01
2.032999999999999807e-01
2.550999999999999934e-01
1.416000000000000036e-01
1.712999999999999801e-01
8.999999999999999667e-02
1.019999999999999379e-01
6.209999999999998160e-02
6.529999999999999694e-02
1.086999999999999772e-01
1.773000000000000131e-01
1.123999999999999860e-01
1.062000000000000027e-01
1.193000000000000171e-01
8.349999999999996314e-02
1.784000000000000030e-01
1.037999999999999895e-01
6.979999999999998705e-02
1.019999999999999796e-01
1.364000000000000212e-01
2.691000000000000059e-01
5.208999999999999186e-01
3.471000000000000196e-01
1.565000000000000280e-01
1.825999999999999845e-01
1.943000000000000282e-01
1.676000000000000267e-01
2.849000000000000421e-01
3.446000000000000174e-01
3.323999999999999733e-01
1.242000000000000048e-01
1.320000000000000617e-01
4.876000000000000889e-01
3.182000000000000384e-01
4.130000000000000338e-01
4.993000000000000771e-01
3.124000000000000110e-01
7.540000000000002256e-02
6.610000000000001985e-02
9.090000000000000857e-02
1.853999999999999815e-01
1.262999999999999956e-01
4.389999999999996683e-02
5.900000000000002465e-02
7.449999999999998290e-02
7.260000000000003950e-02
9.809999999999999276e-02
2.668000000000000371e-01
1.429699999999999971e+00
1.233999999999999986e+00
7.193999999999999284e-01
6.274000000000000687e-01
2.782000000000000028e-01
9.302999999999999048e-01
6.354999999999999538e-01
2.371999999999999942e-01
5.110000000000000098e-01
3.157999999999999696e-01
8.044000000000000039e-01
3.510999999999999677e-01
1.533000000000000751e-01
2.759000000000000341e-01
1.824999999999999956e-01
1.095999999999999475e-01
2.688999999999999724e-01
2.238000000000000267e-01
1.850999999999999868e-01
2.455999999999999850e-01
2.023000000000000353e-01
1.015000000000001040e-01
4.149999999999999245e-01
4.113000000000001655e-01
2.508000000000000784e-01
1.277000000000000635e-01
1.052999999999999770e-01
1.125999999999999501e-01
4.219999999999998752e-02
7.469999999999996088e-02
6.500000000000005773e-02
1.100000000000000422e-01
9.630000000000005222e-02
5.499999999999993783e-02
1.350999999999999979e-01
9.460000000000004516e-02
8.390000000000005786e-02
2.649000000000000243e-01
1.415000000000000424e-01
6.848999999999998423e-01
8.586000000000000298e-01
