7.080000000000000182e-02
1.132999999999999841e-01
6.320000000000000617e-02
7.970000000000000695e-02
8.379999999999999949e-02
1.100000000000000144e-01
8.130000000000001115e-02
1.378000000000000058e-01
2.149999999999999689e-01
1.501000000000000112e-01
3.429999999999999716e-01
4.492999999999999772e-01
5.477000000000000757e-01
2.368000000000000105e-01
1.585000000000000020e-01
9.719999999999998086e-02
1.502999999999999614e-01
2.722999999999999865e-01
6.487000000000000544e-01
7.363000000000000655e-01
1.973999999999999921e-01
1.487000000000000266e-01
1.719999999999999862e-01
4.532999999999999252e-01
2.831999999999999518e-01
1.750100000000000211e+00
2.008599999999999941e+00
3.162399999999999878e+00
6.762800000000000367e+00
1.417000000000000037e+00
1.252000000000000335e-01
3.815999999999998837e-01
5.859000000000000874e-01
8.414000000000000368e-01
1.337099999999999955e+00
2.424900000000000055e+00
4.505000000000000115e-01
2.472000000000000031e-01
2.431900000000000173e+00
7.411999999999998590e-01
2.418499999999999872e+00
3.461300000000000043e+00
8.942000000000002169e-01
3.588700000000000223e+00
1.857899999999999885e+00
8.629000000000000004e-01
3.043899999999999828e+00
1.608400000000000052e+00
4.576699999999999768e+00
8.471099999999999852e+00
1.911000000000000254e+00
1.076159999999999961e+01
9.617000000000005544e-01
4.001999999999996671e-01
2.057999999999997887e-01
1.414099999999999913e+00
1.547000000000000153e+00
1.679899999999999949e+00
8.318999999999998618e-01
2.935400000000000009e+00
8.134000000000001229e-01
2.047499999999999432e+00
2.722999999999999865e+00
2.710199999999999942e+00
1.975200000000000067e+00
8.401999999999996138e-01
1.918800000000000061e+00
1.204199999999999715e+00
1.225899999999999768e+00
8.880000000000000115e-01
2.120000000000000773e-01
2.673999999999999710e-01
4.952000000000000290e-01
2.850000000000000866e-01
6.164999999999998259e-01
5.976599999999999469e+00
1.298830000000000062e+01
5.010000000000000675e+00
3.076799999999999091e+00
1.564900000000000402e+00
3.856999999999998208e-01
2.976000000000003642e-01
2.411999999999997479e-01
2.895000000000000351e-01
1.304000000000001269e-01
2.799999999999996381e-01
7.679000000000004711e-01
1.753599999999999826e+00
8.197999999999998622e-01
2.174900000000000500e+00
2.349299999999999944e+00
2.738499999999999712e+00
1.152300000000000102e+00
4.948399999999999466e+00
2.976600000000000357e+00
4.179000000000001602e-01
3.538999999999996593e-01
3.373000000000000442e-01
1.418000000000002592e-01
1.403000000000001468e-01
9.969999999999973328e-02
1.465999999999999526e-01
9.650000000000008571e-02
4.799999999999998712e-02
3.509999999999968701e-02
9.989999999999976676e-02
2.480999999999996264e-01
2.514999999999997238e-01
8.950000000000024603e-02
6.829999999999986082e-02
6.189999999999973301e-02
1.060000000000000386e-01
5.361000000000003540e-01
1.554700000000000415e+00
1.139299999999999979e+00
2.579499999999999460e+00
