3.960000000000000325e-02
3.740000000000000269e-02
2.440000000000000502e-02
3.000000000000000236e-02
3.990000000000000491e-02
4.070000000000000007e-02
2.780000000000000526e-02
2.090000000000000191e-01
2.381000000000000061e-01
7.010000000000000953e-02
5.160000000000000003e-02
3.470000000000000168e-02
4.129999999999999644e-02
1.760000000000000106e-02
1.960000000000000075e-01
5.132999999999999785e-01
3.533999999999999919e-01
1.371999999999999886e-01
7.280000000000000360e-02
3.720000000000000390e-02
9.639999999999999958e-02
5.659999999999999754e-02
1.192999999999999894e-01
1.759999999999999898e-01
2.419999999999999929e-01
1.527000000000000024e-01
2.759999999999999606e-02
3.280000000000000276e-02
4.240000000000000019e-02
2.028000000000000080e-01
1.214000000000000079e-01
1.513000000000000178e-01
3.507000000000000117e-01
3.669999999999999929e-01
9.629999999999999671e-02
5.880000000000001892e-02
8.479999999999997262e-02
1.662000000000000144e-01
6.310000000000000331e-02
5.430000000000002186e-02
1.118999999999999856e-01
1.750999999999999779e-01
2.822000000000000619e-01
4.864999999999999880e-01
3.486000000000000210e-01
2.859999999999999765e-01
1.394000000000000239e-01
1.218000000000000471e-01
9.769999999999998130e-02
8.729999999999996096e-02
1.455999999999999794e-01
1.932999999999999996e-01
8.909999999999994313e-02
2.811000000000000165e-01
5.541000000000000369e-01
1.017000000000000820e-01
1.045000000000001067e-01
1.418999999999998873e-01
3.696000000000000396e-01
4.823000000000000065e-01
3.771999999999999797e-01
3.519999999999999796e-01
1.919000000000000150e-01
6.919999999999999762e-02
9.249999999999997113e-02
4.639999999999999680e-02
2.822999999999999954e-01
1.522999999999999632e-01
1.815000000000000224e-01
6.860999999999999321e-01
3.172000000000000375e-01
8.336999999999998856e-01
1.449000000000000010e-01
3.805000000000000049e-01
3.044999999999999929e-01
6.370999999999999996e-01
2.726999999999999980e-01
6.150999999999999801e-01
1.581999999999999795e-01
8.710000000000001075e-02
1.502999999999999337e-01
2.280000000000000360e-01
2.906099999999999461e+00
1.081100000000000172e+00
1.175300000000000011e+00
4.016000000000000125e-01
4.750999999999999668e-01
4.536999999999999922e-01
2.936000000000000276e-01
8.625000000000000444e-01
5.191000000000000059e-01
4.780999999999999694e-01
1.720999999999999752e-01
3.854000000000000203e-01
6.379999999999999560e-02
1.870999999999999885e-01
1.396000000000000296e-01
9.099999999999994205e-02
9.669999999999995266e-02
1.343000000000000305e-01
1.306999999999999829e-01
5.009999999999999176e-02
4.469999999999994811e-02
6.700000000000000400e-02
6.330000000000002292e-02
4.180000000000000382e-02
4.380000000000002641e-02
4.000000000000003553e-02
3.509999999999998538e-02
7.199999999999998068e-03
2.530000000000001692e-02
4.179999999999998300e-02
4.149999999999993278e-02
1.440000000000001001e-02
3.250000000000004274e-02
1.869999999999998053e-02
