8.870000000000000107e-02
1.280000000000000027e-01
9.160000000000001474e-02
1.160000000000000059e-01
1.092999999999999944e-01
5.319999999999999729e-02
1.371999999999999886e-01
3.470000000000000168e-02
9.739999999999998659e-02
5.360000000000000875e-02
3.200000000000000067e-02
6.719999999999999585e-02
5.200000000000001149e-02
3.459999999999999881e-02
9.410000000000000309e-02
4.670000000000000540e-02
4.199999999999998873e-02
4.409999999999999337e-02
3.150000000000001410e-02
1.133000000000000118e-01
4.709999999999998910e-02
6.869999999999999718e-02
7.560000000000000053e-02
2.287999999999999756e-01
5.310000000000000137e-02
2.383000000000000118e-01
1.373000000000000054e-01
8.830000000000000349e-02
7.589999999999998137e-02
3.533000000000000029e-01
2.461999999999999744e-01
1.137999999999999984e-01
1.352000000000000424e-01
7.799999999999998601e-02
1.261999999999999789e-01
5.365999999999999659e-01
2.360000000000000431e-01
1.575000000000000011e-01
8.860000000000001208e-02
7.910000000000000364e-02
7.539999999999999480e-02
1.115999999999999909e-01
1.194999999999999951e-01
1.799999999999999933e-01
1.179999999999999938e-01
6.079999999999999294e-02
4.979999999999999705e-02
7.550000000000001155e-02
1.304000000000000159e-01
5.139999999999998737e-02
5.859999999999998543e-02
4.650000000000000661e-02
7.180000000000000271e-02
4.530000000000000693e-02
6.849999999999999145e-02
7.199999999999999456e-02
8.160000000000000586e-02
7.280000000000000360e-02
5.020000000000000850e-02
4.109999999999998377e-02
3.090000000000001079e-02
6.589999999999998637e-02
4.549999999999999184e-02
5.760000000000002618e-02
4.880000000000002391e-02
4.100000000000000866e-02
3.830000000000001459e-02
4.780000000000000221e-02
3.030000000000001095e-02
2.870000000000000676e-02
7.640000000000000957e-02
6.980000000000001481e-02
5.570000000000000645e-02
5.689999999999999225e-02
1.509999999999998670e-02
2.260000000000000897e-02
3.830000000000002153e-02
3.389999999999999958e-02
3.650000000000000466e-02
4.939999999999999947e-02
4.279999999999999777e-02
3.560000000000001358e-02
6.630000000000001170e-02
1.847000000000000031e-01
6.210000000000000242e-02
5.850000000000003114e-02
4.570000000000002532e-02
3.849999999999996481e-02
4.069999999999997925e-02
1.184999999999999803e-01
3.099999999999995814e-02
4.689999999999997643e-02
2.869999999999998941e-02
1.380000000000000497e-02
4.500000000000001221e-02
1.356000000000000538e-01
7.049999999999999323e-02
9.790000000000001479e-02
3.020000000000000462e-02
6.370000000000000662e-02
6.300000000000000044e-02
1.062000000000000166e-01
9.639999999999999958e-02
2.719999999999999502e-02
7.800000000000004152e-02
3.469999999999994617e-02
7.719999999999999085e-02
1.318000000000000005e-01
1.330000000000000071e-01
9.120000000000000329e-02
4.140000000000004093e-02
4.659999999999997478e-02
6.749999999999999056e-02
5.180000000000001964e-02
3.140000000000002511e-02
5.930000000000003324e-02
