2.094000000000000028e-01
2.117999999999999605e-01
3.735999999999999877e-01
1.755999999999999783e-01
1.260999999999999899e-01
5.509999999999999620e-02
2.330000000000000404e-01
1.265000000000000013e-01
2.407999999999999863e-01
1.270000000000000295e-01
2.232000000000000095e-01
3.703999999999999515e-01
6.314999999999999503e-01
5.282000000000000028e-01
5.486999999999999655e-01
4.299999999999999933e-01
4.725000000000000311e-01
1.769000000000000017e-01
8.650000000000000744e-02
1.239999999999999991e-01
2.273000000000000298e-01
8.506000000000001338e-01
1.117900000000000116e+00
7.167999999999998817e-01
6.000999999999999668e-01
1.814000000000000334e-01
2.402999999999999581e-01
3.822400000000000020e+00
1.284100000000000019e+00
4.475000000000000089e-01
3.032999999999999030e-01
2.375000000000000722e-01
2.165000000000000258e-01
2.182000000000000606e-01
1.415000000000000147e-01
1.523999999999999244e-01
3.599999999999999312e-01
1.103999999999999843e-01
2.596999999999998754e-01
3.209999999999999520e-01
3.365000000000000213e-01
3.388999999999999790e-01
3.517000000000000126e-01
2.200000000000000566e-01
1.836000000000000965e-01
4.778000000000000025e-01
7.815000000000000835e-01
1.122300000000000075e+00
3.586999999999998523e-01
2.708999999999999186e-01
1.809000000000000052e-01
3.026999999999999691e-01
7.958000000000000629e-01
9.650999999999999579e-01
5.318000000000000504e-01
5.845999999999998975e-01
3.470000000000000306e-01
2.789000000000000368e-01
6.022000000000000686e-01
9.359999999999998876e-02
1.725000000000000422e-01
1.007100000000000106e+00
7.441999999999999726e-01
4.687999999999999945e-01
5.016000000000000458e-01
4.563000000000000389e-01
6.555999999999999606e-01
6.604999999999998650e-01
4.134999999999999787e-01
9.062999999999998835e-01
2.600999999999999979e-01
4.117000000000000659e-01
3.011999999999999678e-01
3.687999999999999612e-01
3.100000000000000533e-01
2.363999999999999990e-01
3.316000000000000059e-01
1.822999999999999621e-01
4.346999999999999198e-01
4.206999999999999629e-01
2.149999999999999412e-01
1.255999999999999894e-01
3.266000000000000014e-01
3.974999999999999645e-01
4.938999999999999502e-01
3.358000000000000429e-01
1.010799999999999921e+00
4.989999999999999991e-01
4.356000000000000427e-01
2.343000000000000360e-01
5.147000000000000464e-01
4.533000000000000362e-01
5.282000000000000028e-01
5.049999999999998934e-01
2.882000000000000117e-01
4.444000000000000172e-01
2.626000000000000001e-01
2.762999999999998790e-01
3.568999999999999950e-01
2.730999999999998984e-01
5.056000000000000494e-01
2.509000000000000674e-01
2.917399999999999771e+00
1.377399999999999736e+00
1.574099999999999611e+00
4.232000000000002427e-01
5.080000000000000071e-01
1.548000000000001875e-01
5.516999999999999682e-01
4.052999999999999936e-01
5.457000000000000739e-01
3.023500000000000298e+00
3.105800000000000338e+00
1.887799999999999923e+00
5.973999999999999311e-01
3.880000000000000115e-01
