2.059000000000000274e-01
2.877000000000000113e-01
3.740999999999999881e-01
2.949000000000000510e-01
8.319999999999999618e-02
1.892000000000000348e-01
1.355000000000000093e-01
1.819000000000000061e-01
2.479000000000000092e-01
2.548999999999999599e-01
2.473999999999999810e-01
2.068000000000000116e-01
6.500000000000000222e-02
1.059000000000000080e-01
8.129999999999999727e-02
4.495999999999999996e-01
2.192000000000000060e-01
5.428999999999999382e-01
8.285000000000000142e-01
8.300999999999999490e-01
2.731999999999999984e-01
2.712999999999999856e-01
1.666000000000000258e-01
2.737999999999999878e-01
1.331999999999999851e-01
1.370000000000000107e-01
1.556000000000000161e-01
1.467000000000000248e-01
1.326999999999999846e-01
6.213999999999999524e-01
1.413699999999999957e+00
1.162199999999999900e+00
1.068799999999999972e+00
5.583000000000000185e-01
1.191300000000000026e+00
1.550400000000000000e+00
1.217200000000000060e+00
8.739000000000001211e-01
3.522000000000000131e-01
3.235000000000000653e-01
1.407999999999999807e-01
2.168999999999999262e-01
5.437999999999999501e-01
1.324000000000000177e-01
1.350000000000000089e-01
2.232000000000000650e-01
1.118000000000000660e-01
1.137999999999999984e-01
5.289999999999998870e-02
2.486999999999999211e-01
7.946000000000001950e-01
2.053100000000000147e+00
3.952400000000000357e+00
2.560200000000000031e+00
1.814999999999999669e-01
7.376999999999999114e-01
3.962999999999999856e-01
4.837000000000000188e-01
1.657999999999999474e-01
1.751000000000000334e-01
2.495000000000000273e-01
1.357000000000000151e-01
1.300000000000000600e-01
1.935999999999999110e-01
1.353000000000000036e-01
1.935000000000000331e-01
1.292000000000000093e-01
9.170000000000003149e-02
5.000000000000003053e-02
1.099999999999999867e-01
4.047000000000000042e-01
6.101000000000000867e-01
2.698000000000000398e-01
2.486999999999999766e-01
6.523000000000001020e-01
5.193999999999998618e-01
2.932000000000001272e-01
1.648000000000000298e-01
3.610000000000000986e-01
1.853999999999999537e-01
1.713999999999999968e-01
4.427999999999999714e-01
1.388000000000000900e-01
2.030999999999999750e-01
2.033999999999999142e-01
1.456000000000000349e-01
1.603999999999999870e-01
1.352999999999999758e-01
1.540000000000000258e-01
3.065999999999999837e-01
2.266000000000000236e-01
1.459999999999999631e-01
3.782999999999999696e-01
2.568000000000000282e-01
2.208999999999999853e-01
2.793999999999999817e-01
9.580000000000003790e-02
2.536999999999999256e-01
1.728000000000000369e-01
1.749999999999999334e-01
1.776999999999999968e-01
3.981000000000001204e-01
8.300000000000004596e-02
9.209999999999998743e-02
7.830000000000000848e-02
1.780999999999999805e-01
1.827999999999999903e-01
7.899999999999998690e-02
8.379999999999998561e-02
4.459999999999989667e-02
1.547000000000000042e-01
8.419999999999996931e-02
1.903999999999999859e-01
1.693999999999999395e-01
1.042999999999999067e-01
1.066999999999999199e-01
