5.770000000000000129e-02
1.977000000000000146e-01
1.011999999999999983e-01
1.623999999999999888e-01
1.428000000000000103e-01
7.899999999999997302e-02
1.166999999999999843e-01
5.679999999999998245e-02
7.689999999999999614e-02
9.529999999999999583e-02
3.859999999999999543e-02
1.222999999999999921e-01
1.003000000000000280e-01
9.959999999999999409e-02
1.060000000000000525e-01
2.959999999999996315e-02
7.849999999999997258e-02
1.203000000000000042e-01
9.580000000000001015e-02
7.439999999999998004e-02
9.369999999999997775e-02
4.429999999999997135e-02
1.604000000000000148e-01
1.182999999999999885e-01
6.560000000000000553e-02
1.159000000000001002e-01
1.382000000000000450e-01
1.042000000000000148e-01
1.693000000000000060e-01
2.379999999999999893e-01
8.980000000000001870e-02
8.509999999999996734e-02
1.510000000000000231e-02
8.969999999999997420e-02
7.919999999999996487e-02
7.949999999999998734e-02
8.660000000000003806e-02
9.349999999999994427e-02
6.460000000000000464e-02
4.630000000000007720e-02
8.460000000000000853e-02
1.339000000000000190e-01
2.630000000000005944e-02
8.920000000000004314e-02
1.315999999999999948e-01
1.044999999999999957e-01
6.930000000000001437e-02
3.299999999999998768e-02
1.023000000000000576e-01
1.689000000000000778e-01
1.115999999999999770e-01
8.460000000000002240e-02
5.729999999999993432e-02
6.800000000000006040e-02
1.093999999999998862e-01
1.365999999999999437e-01
5.359999999999995324e-02
1.566000000000000447e-01
8.329999999999997129e-02
6.620000000000000884e-02
4.460000000000000075e-02
9.059999999999997222e-02
7.919999999999996487e-02
8.469999999999998364e-02
9.189999999999996783e-02
1.321999999999999842e-01
9.160000000000001474e-02
6.510000000000000508e-02
1.509000000000000064e-01
1.047000000000000430e-01
7.350000000000003753e-02
4.600000000000004086e-02
6.820000000000003837e-02
2.970000000000000417e-02
9.860000000000006259e-02
1.331999999999999851e-01
7.499999999999995559e-02
3.149999999999990308e-02
5.290000000000005809e-02
2.240000000000001712e-02
6.370000000000002049e-02
7.770000000000000517e-02
3.399999999999991918e-02
3.250000000000007050e-02
5.230000000000002702e-02
1.341000000000001080e-01
2.065000000000000724e-01
9.649999999999991918e-02
4.049999999999991107e-02
5.399999999999989531e-02
7.809999999999991949e-02
1.108000000000000373e-01
2.680999999999999495e-01
2.325000000000000955e-01
5.940000000000009162e-02
1.242000000000001297e-01
7.729999999999986882e-02
2.909999999999995923e-02
4.619999999999999107e-02
1.296999999999999820e-01
8.820000000000008389e-02
5.140000000000005675e-02
1.028000000000000025e-01
1.581000000000000183e-01
5.061999999999998723e-01
2.576999999999998181e-01
1.164000000000000867e-01
1.366999999999999327e-01
5.899999999999999689e-02
1.076000000000000012e-01
7.010000000000005116e-02
3.609999999999999321e-02
3.550000000000008704e-02
4.720000000000015850e-02
1.226000000000002088e-01
1.154000000000000303e-01
1.408000000000000362e-01
1.079000000000001347e-01
1.070000000000000950e-01
1.061000000000000831e-01
6.799999999999994937e-02
1.182999999999999885e-01
1.445999999999999786e-01
9.670000000000000817e-02
7.770000000000004681e-02
7.480000000000000537e-02
1.321999999999999564e-01
1.286999999999999256e-01
5.900000000000002465e-02
1.009999999999999232e-01
7.409999999999999920e-02
7.629999999999984017e-02
1.233000000000000485e-01
1.266000000000002679e-01
1.444000000000001116e-01
1.377999999999998948e-01
3.489999999999995883e-02
6.059999999999990394e-02
1.245000000000000828e-01
1.362000000000000155e-01
1.112999999999998990e-01
1.169999999999999651e-01
3.570000000000000950e-02
4.909999999999989373e-02
5.129999999999981797e-02
1.641000000000001346e-01
1.736000000000001153e-01
1.054000000000001325e-01
3.210000000000010068e-02
3.080000000000002180e-02
5.210000000000011844e-02
1.078000000000000347e-01
1.145000000000000739e-01
1.067000000000000448e-01
1.332000000000000128e-01
3.312000000000000499e-01
1.065999999999998893e-01
7.059999999999996834e-02
3.026000000000000356e-01
1.345000000000002305e-01
9.559999999999975462e-02
1.339999999999999525e-01
2.518000000000000793e-01
1.854999999999999982e-01
6.019999999999994800e-02
9.499999999999997335e-02
1.612000000000000377e-01
1.124999999999998779e-01
2.074999999999999345e-01
6.000000000000016431e-02
1.094999999999999030e-01
4.400000000000012235e-02
1.158000000000001251e-01
1.044000000000001038e-01
9.720000000000003637e-02
6.689999999999987623e-02
9.079999999999996407e-02
4.860000000000008757e-02
9.720000000000003637e-02
1.074000000000001620e-01
7.829999999999995297e-02
1.411999999999999644e-01
8.339999999999994640e-02
9.009999999999987463e-02
1.033000000000000307e-01
7.560000000000000053e-02
3.440000000000018043e-02
1.102000000000000202e-01
9.239999999999976010e-02
1.289999999999999480e-01
8.640000000000019886e-02
8.360000000000000764e-02
6.800000000000003264e-02
8.779999999999998916e-02
1.005000000000000615e-01
7.550000000000006706e-02
8.369999999999996887e-02
7.860000000000000320e-02
1.302000000000000102e-01
1.068000000000000338e-01
9.440000000000001168e-02
7.220000000000006968e-02
1.095999999999999197e-01
1.483999999999999486e-01
1.386999999999999067e-01
1.167000000000000259e-01
4.479999999999992322e-02
1.204000000000000625e-01
6.659999999999993703e-02
1.545000000000000262e-01
9.250000000000002665e-02
5.460000000000012066e-02
9.879999999999991567e-02
1.143000000000000405e-01
1.016000000000000236e-01
1.277999999999999137e-01
1.535999999999999033e-01
9.069999999999994733e-02
6.880000000000008331e-02
1.108999999999999153e-01
8.330000000000004068e-02
1.293999999999999595e-01
1.309999999999998943e-01
6.109999999999998765e-02
2.388000000000000955e-01
2.974999999999999312e-01
3.185000000000001719e-01
1.546000000000002095e-01
1.950000000000000067e-01
1.306000000000000494e-01
1.018999999999997963e-01
1.112999999999998990e-01
1.028000000000003356e-01
2.142999999999999905e-01
1.068999999999996620e-01
1.030999999999998307e-01
1.705000000000000127e-01
1.431000000000000050e-01
1.771999999999999409e-01
1.524999999999998024e-01
1.324000000000000454e-01
4.590000000000021840e-02
9.859999999999990994e-02
1.178000000000002656e-01
1.193000000000000171e-01
7.149999999999984146e-02
6.390000000000026215e-02
7.410000000000013798e-02
1.222999999999999088e-01
3.639999999999987690e-02
3.620000000000028750e-02
3.819999999999992846e-02
3.760000000000027209e-02
6.460000000000021281e-02
1.632000000000003725e-01
6.920000000000012252e-02
6.449999999999989075e-02
4.050000000000011924e-02
9.430000000000002269e-02
8.369999999999999662e-02
8.099999999999982214e-02
5.089999999999980651e-02
4.920000000000032681e-02
7.220000000000040274e-02
1.113000000000001488e-01
7.940000000000013713e-02
3.630000000000022098e-02
7.210000000000010845e-02
8.779999999999998916e-02
1.374999999999999001e-01
8.599999999999993761e-02
1.021000000000002184e-01
6.470000000000047935e-02
2.269999999999985918e-02
4.060000000000019149e-02
8.740000000000003322e-02
1.056999999999998774e-01
1.080999999999997241e-01
1.433999999999997499e-01
7.129999999999994675e-02
1.470000000000010187e-02
8.519999999999980367e-02
1.523000000000000187e-01
5.236999999999999433e-01
1.772999999999997911e-01
5.574999999999999956e-01
2.171999999999998376e-01
9.380000000000007776e-02
5.297999999999998266e-01
4.547999999999999821e-01
1.297000000000002040e-01
8.080000000000006621e-02
9.210000000000000131e-02
1.653000000000001135e-01
