2.580000000000000349e-02
2.690000000000000030e-02
7.669999999999999041e-02
4.699999999999999317e-02
3.300000000000000155e-02
7.710000000000000187e-02
1.554000000000000103e-01
1.733000000000000096e-01
2.381999999999999951e-01
1.730000000000000149e-01
8.560000000000000941e-02
5.979999999999999205e-02
3.266999999999999904e-01
1.951000000000000234e-01
1.852999999999999925e-01
1.176000000000000101e-01
2.810000000000000275e-01
3.487000000000000099e-01
2.472000000000000308e-01
5.490000000000002517e-02
6.819999999999999674e-02
1.509999999999999953e-01
3.650000000000000466e-02
3.221999999999999864e-01
4.620000000000000773e-01
1.537000000000000310e-01
1.868999999999999828e-01
4.719999999999998502e-02
3.899999999999999578e-01
1.922000000000000097e-01
9.370000000000000551e-02
8.210000000000004794e-02
2.403000000000000136e-01
1.033999999999999780e-01
1.434000000000000274e-01
7.989999999999999880e-02
6.610000000000000597e-02
2.720000000000000542e-02
1.209999999999998924e-02
3.829999999999998683e-02
5.479999999999998761e-02
3.140000000000002511e-02
3.469999999999996004e-02
4.019999999999999962e-02
5.260000000000000786e-02
1.484000000000000319e-01
1.321000000000000230e-01
2.406000000000000083e-01
3.900000000000004158e-02
2.096000000000000363e-01
1.614000000000000157e-01
9.939999999999997449e-02
9.670000000000003593e-02
7.330000000000001792e-02
6.959999999999999520e-02
5.610000000000001791e-02
5.539999999999998398e-02
5.330000000000001403e-02
9.879999999999999893e-02
8.859999999999998432e-02
8.949999999999999623e-02
7.750000000000001332e-02
2.620000000000000107e-01
9.179999999999999272e-02
1.883000000000000229e-01
9.059999999999997222e-02
6.130000000000000726e-02
4.660000000000003029e-02
3.989999999999999103e-02
2.029000000000000248e-01
2.094000000000000306e-01
1.335999999999999965e-01
1.542999999999999927e-01
3.440000000000001390e-02
1.173999999999999627e-01
1.428000000000000103e-01
5.000000000000000278e-02
6.549999999999998879e-02
6.029999999999999249e-02
5.299999999999996381e-02
5.969999999999997531e-02
6.209999999999998854e-02
3.679999999999997162e-02
1.194999999999999396e-01
4.660000000000004416e-02
9.900000000000000466e-02
4.259999999999997122e-02
3.499999999999994782e-02
4.419999999999998236e-02
2.569999999999995899e-02
8.669999999999997153e-02
8.919999999999998763e-02
1.175999999999999962e-01
6.010000000000001452e-02
9.969999999999999696e-02
5.480000000000002230e-02
3.529999999999998417e-02
9.630000000000005222e-02
9.020000000000000240e-02
3.540000000000004254e-02
1.091000000000000025e-01
1.022999999999999882e-01
1.068999999999999950e-01
2.929999999999998578e-02
3.460000000000002657e-02
9.590000000000004077e-02
1.237999999999999934e-01
2.143999999999999795e-01
2.309999999999999554e-01
3.428000000000000491e-01
2.274000000000000188e-01
4.470000000000003137e-02
6.959999999999998133e-02
8.969999999999998808e-02
3.249999999999996642e-02
9.940000000000004388e-02
1.183000000000000440e-01
8.130000000000002502e-02
2.579999999999996185e-02
5.540000000000000480e-02
8.229999999999998428e-02
1.068000000000000060e-01
1.289999999999999758e-01
1.200999999999999984e-01
5.505999999999999783e-01
3.863999999999999657e-01
2.450000000000000233e-01
6.609999999999999210e-02
2.441000000000000392e-01
1.600000000000000033e-01
1.065000000000000113e-01
1.137999999999999845e-01
9.939999999999994673e-02
6.299999999999998657e-02
4.599999999999999922e-02
5.999999999999998390e-02
1.067999999999999922e-01
8.229999999999998428e-02
3.579999999999997073e-02
5.890000000000002872e-02
9.740000000000004210e-02
8.450000000000000566e-02
8.979999999999997706e-02
6.919999999999999762e-02
4.410000000000002113e-02
5.340000000000001690e-02
4.110000000000001152e-02
1.006999999999999978e-01
2.029000000000000248e-01
6.464999999999999636e-01
7.419999999999999929e-01
6.989999999999992053e-02
5.340000000000003078e-02
6.290000000000002534e-02
6.970000000000001195e-02
2.180000000000001381e-02
4.880000000000005861e-02
4.014999999999999680e-01
7.940000000000001223e-02
5.870000000000002299e-02
3.359999999999999098e-02
6.630000000000002558e-02
1.738999999999999990e-01
5.380000000000002142e-02
4.302000000000000268e-01
2.674999999999999600e-01
9.569999999999999341e-02
1.586000000000000187e-01
8.480000000000004201e-02
1.975999999999999979e-01
4.589999999999998248e-02
5.440000000000002472e-02
5.039999999999993097e-02
9.759999999999996456e-02
3.670000000000006590e-02
8.690000000000004665e-02
7.559999999999998666e-02
3.599999999999996259e-02
3.500000000000010741e-02
9.600000000000004363e-02
5.380000000000001448e-02
3.609999999999999321e-02
6.379999999999999560e-02
3.909999999999994036e-02
8.929999999999996274e-02
1.026000000000000106e-01
5.520000000000002682e-02
1.145000000000000739e-01
2.470000000000002055e-02
9.369999999999990836e-02
1.203999999999998682e-01
8.329999999999998517e-02
3.160000000000008635e-02
2.373999999999999999e-01
2.689000000000000834e-01
1.911000000000000476e-01
6.989999999999996216e-02
9.150000000000008127e-02
1.418000000000000094e-01
1.533999999999999808e-01
1.529999999999999805e+00
1.333200000000000163e+00
1.134900000000000020e+00
2.517999999999999683e-01
3.130000000000000004e-01
3.046999999999999709e-01
1.026999999999999857e-01
1.577999999999999403e-01
6.909999999999998088e-02
2.096000000000000085e-01
1.685999999999999999e-01
2.555000000000000049e-01
5.290000000000000258e-02
8.010000000000003229e-02
7.980000000000002369e-02
9.880000000000002669e-02
5.410000000000000919e-02
1.589999999999996624e-02
1.166000000000000092e-01
5.089999999999997304e-02
2.560000000000000470e-02
2.104999999999999649e-01
6.329999999999999516e-02
1.682000000000000162e-01
8.819999999999995899e-02
7.190000000000003333e-02
3.439999999999995839e-02
3.620000000000002383e-02
4.740000000000000463e-02
7.089999999999999081e-02
4.990000000000002767e-02
2.469999999999997892e-02
1.432999999999999829e-01
2.720000000000002277e-02
5.210000000000000048e-02
4.210000000000001241e-02
5.529999999999998112e-02
3.269999999999999296e-02
8.190000000000002833e-02
1.186000000000000526e-01
7.560000000000002829e-02
4.860000000000003206e-02
5.389999999999999653e-02
9.549999999999997380e-02
1.097999999999999671e-01
3.860000000000005788e-02
9.390000000000006675e-02
3.729999999999993043e-02
1.030999999999999556e-01
2.500000000000002567e-02
3.059999999999994669e-02
3.449999999999994044e-02
4.860000000000004594e-02
3.690000000000007163e-02
5.100000000000007305e-02
3.210000000000001741e-02
1.057999999999999913e-01
9.229999999999999316e-02
1.672000000000000153e-01
2.020000000000005472e-02
6.010000000000007697e-02
1.139999999999992582e-02
4.790000000000001201e-02
3.809999999999995335e-02
3.139999999999998348e-02
4.040000000000001229e-02
2.830000000000007856e-02
6.590000000000000024e-02
1.075999999999999734e-01
3.599999999999991401e-02
7.010000000000002340e-02
2.400000000000000744e-02
1.490000000000002434e-02
4.998000000000000220e-01
1.486000000000000654e-01
2.253000000000000558e-01
5.220000000000001722e-02
5.540000000000004643e-02
5.430000000000004962e-02
5.149999999999995554e-02
1.001000000000000362e-01
2.670000000000007090e-02
6.919999999999998375e-02
1.461999999999999411e-01
1.930999999999999384e-01
3.869999999999995666e-02
6.179999999999999383e-02
8.309999999999996556e-02
7.989999999999998492e-02
6.369999999999993723e-02
3.889999999999994851e-02
4.079999999999994742e-02
3.740000000000007208e-02
5.029999999999991422e-02
