8.879999999999999005e-02
5.136000000000000565e-01
1.813999999999999779e-01
4.350999999999999868e-01
6.415999999999999481e-01
2.004000000000000781e-01
6.166000000000001480e-01
4.712000000000000632e-01
1.907000000000000361e-01
2.637000000000001010e-01
4.273999999999999466e-01
7.410999999999998700e-01
4.997999999999998000e-01
2.929999999999999827e-01
5.820000000000000728e-01
4.614999999999998548e-01
7.217000000000000082e-01
1.481300000000000283e+00
4.586000000000000631e-01
7.292999999999999483e-01
1.450900000000000079e+00
1.377000000000000168e-01
3.558999999999999941e-01
1.907999999999999974e-01
2.175999999999999879e-01
1.218399999999999928e+00
1.412299999999999889e+00
8.514999999999999236e-01
1.127599999999999936e+00
1.058300000000000018e+00
3.138599999999999834e+00
2.167200000000000237e+00
9.966999999999999194e-01
1.572499999999999787e+00
1.879299999999999748e+00
2.861699999999999910e+00
4.750000000000000333e-01
2.581699999999999662e+00
3.923100000000000254e+00
2.385900000000000354e+00
5.815999999999997838e-01
4.516000000000000569e-01
2.766000000000000125e-01
5.544999999999999929e-01
1.023500000000000298e+00
9.885999999999999233e-01
4.190999999999999170e-01
5.883000000000000451e-01
3.937100000000000044e+00
1.506000000000000005e+00
6.346000000000000085e+00
6.020000000000000906e-01
2.232000000000000095e-01
5.075999999999999401e-01
4.994999999999999440e-01
2.040000000000001257e-01
1.106999999999999235e-01
2.928000000000000602e-01
4.272000000000000242e-01
7.671999999999998820e-01
1.362999999999999767e-01
4.568999999999998618e-01
1.131599999999999939e+00
1.451799999999999979e+00
2.170000000000000540e-01
2.046000000000000596e-01
1.665999999999999703e-01
1.083000000000000629e-01
1.360999999999999988e-01
1.429999999999999882e-01
5.462000000000000188e-01
3.153999999999999582e-01
3.659999999999999365e-02
1.693999999999999950e-01
3.244999999999999551e-01
1.893000000000000793e-01
1.200700000000000101e+00
8.089000000000000634e-01
6.852000000000001423e-01
2.170999999999999597e-01
1.585000000000000020e-01
2.007999999999999785e-01
1.034999999999999809e-01
3.113000000000000766e-01
2.013999999999999402e-01
1.199000000000000066e-01
1.503000000000000169e-01
2.420999999999999819e-01
2.951999999999999069e-01
9.879999999999999893e-01
4.913000000000000700e-01
3.795000000000000595e-01
3.593000000000000638e-01
2.777000000000000579e-01
7.239999999999999214e-02
2.134999999999999676e-01
1.338999999999999635e-01
1.530999999999999861e-01
4.214999999999999858e-01
3.951000000000000068e-01
3.032000000000000806e-01
7.055000000000000160e-01
6.280000000000000027e-01
5.421000000000000263e-01
4.018999999999999795e-01
1.788999999999999480e-01
1.101000000000000728e-01
1.184000000000000163e+00
1.406100000000000128e+00
8.407000000000000028e-01
3.869000000000000217e-01
8.543999999999999373e-01
5.249000000000000332e-01
8.639000000000000012e-01
2.639000000000000790e-01
1.513999999999999513e-01
2.348999999999999977e-01
1.682000000000000439e-01
7.189999999999999170e-02
2.716000000000000081e-01
4.680000000000000826e-01
4.959999999999999964e-01
3.056000000000000938e-01
3.815000000000000613e-01
2.037000000000000199e-01
8.764000000000000679e-01
3.623000000000000664e-01
7.517000000000000348e-01
3.462999999999999967e-01
2.522999999999999687e-01
1.917000000000000093e-01
3.172000000000000375e-01
1.120800000000000018e+00
1.172400000000000109e+00
1.778800000000000159e+00
1.535599999999999854e+00
1.833000000000000185e+00
9.798999999999998822e-01
7.488999999999998991e-01
7.222000000000000641e-01
3.820000000000000062e-01
3.179999999999999494e-01
2.026999999999999913e-01
2.266499999999999737e+00
2.445300000000000029e+00
9.004000000000000892e-01
1.796000000000000041e+00
9.766000000000000236e-01
2.099999999999999645e-01
1.329099999999999948e+00
3.109999999999999432e-01
1.725999999999999757e-01
5.483000000000000096e-01
4.584000000000000297e-01
3.172999999999999710e-01
3.284000000000000252e-01
7.361999999999999655e-01
2.069999999999999618e-01
1.477000000000000257e-01
1.699999999999999289e-01
1.151999999999998719e-01
1.439000000000000279e-01
1.473999999999999200e-01
2.401000000000000634e-01
1.488999999999999768e-01
1.486000000000000654e-01
3.175999999999999934e-01
5.830000000000004623e-02
1.678999999999999659e-01
7.741999999999998883e-01
3.623999999999999999e-01
1.856000000000000150e-01
1.521999999999999742e-01
1.016999999999999987e-01
1.234999999999999848e-01
2.001999999999999891e-01
1.105999999999999761e-01
1.303000000000000269e-01
2.377000000000000224e-01
1.021999999999999853e-01
1.909000000000000141e-01
1.348999999999999366e-01
1.101000000000000867e-01
1.009000000000000036e-01
5.403999999999999915e-01
1.935000000000000053e-01
4.131000000000000227e-01
3.076999999999999735e-01
1.487999999999999878e-01
1.992999999999999772e-01
1.411000000000000032e-01
4.822000000000000730e-01
1.093999999999999972e-01
1.156999999999999834e-01
2.077999999999999847e-01
5.214000000000000856e-01
1.746000000000000052e-01
1.425999999999999490e-01
4.773000000000000576e-01
1.141699999999999937e+00
1.643499999999999961e+00
1.816400000000000015e+00
8.176999999999999824e-01
4.701000000000000734e-01
2.390999999999999237e-01
1.553000000000000491e-01
2.827000000000000068e-01
2.159000000000000363e-01
7.880000000000000893e-02
1.443999999999999728e-01
2.552000000000000934e-01
2.740999999999999548e-01
3.160000000000000031e-01
2.326000000000000845e-01
1.448999999999998622e-01
1.166000000000002312e-01
1.409999999999999032e-01
1.236000000000000432e-01
5.689000000000000723e-01
4.731999999999999540e-01
2.384000000000000008e-01
1.654999999999998417e-01
8.440000000000005831e-02
5.099999999999996203e-02
2.455000000000001070e-01
8.509999999999980080e-02
5.109999999999983999e-02
1.322000000000000675e-01
1.876000000000001555e-01
1.268999999999999018e-01
8.179999999999992832e-02
6.520000000000002183e-02
6.949999999999999234e-02
6.860000000000010534e-02
2.330000000000002902e-02
5.719999999999987594e-02
9.280000000000017402e-02
1.167999999999998068e-01
9.560000000000007381e-02
1.400999999999999190e-01
4.919999999999991047e-02
4.770000000000010343e-02
1.110000000000000153e-01
8.499999999999968692e-02
4.830000000000009286e-02
5.630000000000008609e-02
2.960000000000015397e-02
2.932000000000002937e-01
7.078999999999999737e-01
1.258999999999999841e-01
2.020000000000001517e-01
3.935000000000000719e-01
1.819399999999999906e+00
1.907399999999999762e+00
1.347000000000000974e-01
1.330000000000001459e-01
1.499999999999999112e-01
7.069999999999987406e-02
8.840000000000011737e-02
7.839999999999991420e-02
5.529999999999990479e-02
6.079000000000001069e-01
3.703000000000000180e-01
6.245999999999998220e-01
3.969000000000000861e-01
9.059999999999999165e-01
9.532000000000000473e-01
5.660000000000000586e-01
4.605999999999998984e-01
5.459999999999999298e-01
4.374000000000000110e-01
2.076699999999999768e+00
6.053000000000000602e-01
2.822000000000000064e-01
1.102099999999999858e+00
3.835000000000000075e-01
3.929999999999999605e-01
2.580999999999997740e-01
2.565999999999998837e-01
1.256000000000000449e-01
2.336000000000001409e-01
8.099999999999994704e-02
4.349999999999999978e-01
1.601800000000000113e+00
7.003500000000000725e+00
1.849799999999999889e+00
1.928100000000000147e+00
1.062300000000000022e+00
2.287999999999998924e-01
9.950000000000003286e-02
2.168999999999999262e-01
6.480000000000009364e-02
9.990000000000000269e-02
2.021999999999999909e-01
