7.270000000000000073e-02
7.240000000000001990e-02
4.819999999999999979e-02
7.799999999999999989e-02
1.396999999999999909e-01
1.015999999999999959e-01
1.321999999999999842e-01
1.146999999999999964e-01
6.019999999999999657e-02
2.041999999999999926e-01
8.150000000000000300e-02
9.600000000000000200e-02
1.629000000000000170e-01
1.605999999999999928e-01
1.395000000000000129e-01
1.271999999999999797e-01
1.208000000000000046e-01
7.759999999999996068e-02
1.204999999999999960e-01
7.850000000000002809e-02
7.250000000000000888e-02
1.862000000000000322e-01
1.767000000000000237e-01
6.390000000000001235e-02
8.219999999999999529e-02
8.679999999999998828e-02
3.311999999999999944e-01
1.924999999999999767e-01
2.765999999999999570e-01
4.149999999999998135e-02
8.720000000000004137e-02
9.140000000000000902e-02
1.368000000000000327e-01
1.973999999999999644e-01
1.886999999999999789e-01
8.356999999999999984e-01
4.359999999999999432e-01
5.247999999999999332e-01
4.038999999999999813e-01
9.429999999999996718e-02
1.833000000000000185e-01
1.775999999999999801e-01
8.672999999999999599e-01
1.602800000000000002e+00
1.037500000000000089e+00
2.088200000000000056e+00
3.590999999999999193e-01
5.698999999999999622e-01
4.170000000000000373e-01
8.137000000000000899e-01
2.917999999999998928e-01
2.026999999999999635e-01
1.232000000000001427e-01
1.637999999999999179e-01
7.349999999999998201e-02
9.080000000000010285e-02
1.366999999999999327e-01
1.268999999999999850e-01
6.099999999999988765e-02
4.150000000000012013e-02
8.460000000000000853e-02
7.189999999999999170e-02
9.580000000000005178e-02
2.964999999999999303e-01
2.387999999999997625e-01
1.086999999999997968e-01
1.598999999999999311e-01
3.931999999999997719e-01
2.491600000000000037e+00
1.906800000000000050e+00
1.674800000000000066e+00
9.423000000000000265e-01
1.873000000000000220e-01
1.958199999999999719e+00
6.619000000000001549e-01
1.376000000000000278e-01
1.611000000000000487e-01
2.507000000000001450e-01
1.663999999999999369e-01
2.055000000000000993e-01
1.785999999999999532e-01
1.235000000000001097e-01
7.319999999999993179e-02
7.490000000000003599e-02
1.480999999999999539e-01
9.000000000000005218e-02
1.059999999999999554e-01
1.810999999999999277e-01
7.390000000000013225e-02
1.814999999999999669e-01
1.809999999999999110e-01
3.752000000000000335e-01
1.480999999999999817e-01
1.121000000000000330e-01
5.990000000000011982e-02
4.230000000000007365e-02
8.689999999999989400e-02
1.399999999999999023e-01
1.962999999999998912e-01
9.659999999999974163e-02
9.519999999999990969e-02
2.614000000000000767e-01
2.153999999999999804e-01
2.697000000000000508e-01
1.673999999999999655e-01
1.036000000000002197e-01
1.000000000000001166e-01
9.920000000000006590e-02
2.765999999999999015e-01
1.996999999999999609e-01
6.490000000000017977e-02
1.748999999999998889e-01
1.140999999999998959e-01
5.210000000000016701e-02
1.256999999999999229e-01
1.215000000000000524e-01
7.030000000000005689e-02
4.719999999999999751e-01
4.961999999999999744e-01
1.674999999999998435e-01
1.141000000000002568e-01
1.904400000000000315e+00
9.237499999999998934e+00
4.865800000000000125e+00
1.693899999999999739e+00
8.057999999999991836e-01
7.516000000000003789e-01
1.197499999999999787e+00
1.136999999999999567e+00
1.299500000000000322e+00
1.899900000000000144e+00
1.361699999999999688e+00
2.801000000000000711e-01
1.075999999999999734e-01
4.138999999999998236e-01
1.842000000000001136e-01
3.553000000000000047e-01
1.848000000000002419e-01
6.540000000000008307e-02
8.169999999999998097e-02
7.229999999999991989e-02
1.016999999999999016e-01
1.205999999999999711e-01
1.317999999999997229e-01
1.146000000000000629e-01
2.242000000000001492e-01
9.099000000000001531e-01
8.866999999999999327e-01
1.168499999999999872e+00
6.141999999999998572e-01
2.842000000000002302e-01
2.523299999999999432e+00
7.446000000000000396e-01
9.189000000000000501e-01
8.886999999999999345e-01
7.582999999999999741e-01
7.888999999999999346e-01
2.296000000000001096e-01
2.701000000000000068e-01
2.172999999999999932e-01
1.013999999999997681e-01
1.614999999999998659e-01
9.255999999999999783e-01
1.209000000000000075e+00
4.887000000000000788e-01
4.962999999999998524e-01
6.880999999999997119e-01
8.650999999999997581e-01
3.406999999999999473e-01
4.426000000000001600e-01
2.263000000000000567e-01
4.266999999999999127e-01
5.987999999999999989e-01
2.179000000000001491e-01
7.320000000000002061e-01
7.195999999999997954e-01
4.573999999999998067e-01
4.463999999999999635e-01
2.396999999999998576e-01
1.602999999999999425e-01
4.429999999999997273e-01
1.310999999999998555e-01
1.526999999999999191e-01
3.389999999999996350e-01
3.152999999999994141e-01
2.032000000000001028e-01
1.315999999999998005e-01
1.609000000000000430e-01
7.639999999999966263e-02
1.047000000000001263e-01
4.279999999999958837e-02
1.023000000000003074e-01
9.520000000000011786e-02
7.310000000000006770e-02
5.130000000000002613e-02
6.980000000000013971e-02
1.639000000000004897e-01
2.240000000000025304e-02
9.010000000000004117e-02
3.440000000000043023e-02
3.210000000000010068e-02
9.959999999999982756e-02
8.940000000000022928e-02
1.484999999999997711e-01
1.091000000000001552e-01
1.451000000000001733e-01
3.859999999999988440e-02
6.350000000000011191e-02
2.515000000000001679e-01
1.842999999999995475e-01
3.130000000000001115e-01
2.407999999999997920e-01
1.315999999999997727e-01
2.780000000000002469e-01
2.634999999999997344e-01
1.773899999999999810e+00
4.385999999999998233e-01
4.488000000000000878e-01
7.877999999999999448e-01
1.470899999999999874e+00
3.064999999999997726e-01
3.552999999999999492e-01
6.028999999999995474e-01
1.944000000000002948e-01
1.441000000000002279e-01
1.681000000000002492e-01
2.174999999999994715e-01
2.898000000000000576e-01
1.127999999999999003e-01
1.700000000000000955e-01
6.208999999999995634e-01
1.989000000000001878e-01
3.041000000000000369e-01
6.429000000000000270e-01
4.769999999999999574e+00
4.950499999999999901e+00
7.565799999999998526e+00
6.586000000000000743e-01
3.417999999999999372e-01
1.120999999999996444e-01
1.188000000000004053e-01
7.089999999999968550e-02
7.730000000000025739e-02
6.890000000000001679e-02
1.183000000000005714e-01
7.400000000000012124e-02
7.420000000000037677e-02
3.259999999999997899e-01
2.453999999999998960e-01
2.515000000000000013e-01
3.221000000000002195e-01
2.231999999999999540e-01
4.029999999999989146e-02
5.779999999999985150e-02
8.509999999999995346e-02
5.389999999999950386e-02
9.189999999999975966e-02
3.020000000000006013e-02
1.179999999999997717e-01
8.730000000000015525e-02
3.740000000000004432e-02
7.660000000000000142e-02
2.807999999999999385e-01
8.630000000000015437e-02
8.169999999999960627e-02
3.154999999999999472e-01
1.114999999999994329e-01
3.880000000000016769e-02
1.259999999999997233e-01
1.078999999999999959e-01
5.100000000000021183e-02
6.709999999999982645e-02
6.729999999999997096e-02
5.070000000000007834e-02
1.553000000000001601e-01
1.009999999999999232e-01
1.343999999999997974e-01
1.011999999999996236e-01
5.300000000000015810e-02
9.789999999999937641e-02
1.442000000000002169e-01
1.103000000000000647e-01
8.639999999999981029e-02
1.202000000000003066e-01
1.079000000000001624e-01
1.551000000000002377e-01
1.283000000000000251e-01
1.293000000000000260e-01
8.479999999999993099e-02
1.614999999999998659e-01
2.079999999999959659e-02
1.363000000000000322e-01
6.209999999999993303e-02
6.390000000000023439e-02
