1.440199999999999925e+00
9.270000000000000462e-01
4.072999999999998844e-01
3.263000000000000345e-01
3.345000000000000195e-01
1.506999999999999451e-01
1.145000000000001017e-01
1.529000000000000359e-01
1.017999999999999183e-01
1.486000000000000931e-01
2.686000000000002830e-01
2.950999999999999179e-01
2.430000000000001326e-01
1.879000000000000670e-01
2.110000000000000209e-01
7.379999999999994897e-02
7.700000000000017941e-02
7.789999999999988600e-02
2.846999999999999531e-01
4.578000000000001513e-01
5.969999999999997531e-02
3.975999999999999535e-01
1.866999999999997273e-01
4.488000000000001988e-01
1.321000000000001895e-01
1.160999999999999810e-01
2.008999999999999952e-01
3.582000000000000739e-01
2.506000000000001005e-01
3.044999999999999929e-01
3.275000000000002354e-01
2.980999999999999761e-01
3.844000000000001305e-01
4.262999999999999567e-01
3.264000000000000234e-01
6.163000000000000700e-01
8.585999999999999188e-01
6.980000000000013971e-02
4.989999999999990277e-02
1.861999999999999211e-01
6.779999999999997140e-01
2.220000000000000306e-01
1.101999999999999647e+00
1.109099999999999975e+00
5.313999999999998725e-01
5.683000000000000274e-01
4.762999999999998346e-01
3.845999999999996088e-01
4.778000000000003356e-01
5.408999999999997144e-01
6.054999999999999272e-01
3.944000000000001949e-01
2.342000000000002413e-01
4.662999999999999368e-01
6.011999999999999567e-01
1.828599999999999781e+00
1.529300000000000548e+00
1.295800000000000507e+00
1.220800000000000107e+00
7.078000000000003178e-01
2.920999999999999153e-01
3.289999999999996261e-01
2.226000000000000201e-01
2.324999999999998457e-01
1.401399999999999757e+00
5.060999999999999943e-01
3.562000000000000721e-01
1.867000000000001159e-01
1.830999999999997629e-01
1.706999999999997408e-01
2.058000000000001495e-01
1.375999999999996115e-01
1.579000000000005122e-01
1.362000000000003208e-01
9.028999999999999249e-01
9.557999999999998719e-01
7.810000000000005826e-02
2.131999999999999451e-01
4.149999999999989808e-02
1.325000000000000622e-01
2.976999999999998536e-01
2.845000000000000862e-01
2.401999999999997748e-01
3.062000000000001942e-01
1.581000000000002403e-01
4.541000000000001147e-01
1.792000000000003035e-01
4.256000000000000894e-01
7.643000000000003125e-01
8.421000000000001817e-01
5.148999999999996913e-01
4.976000000000002088e-01
1.172000000000002345e-01
9.400000000000002798e-02
1.105000000000000704e-01
7.140000000000047697e-02
1.727999999999999259e-01
5.870000000000000911e-02
2.870000000000011431e-02
1.331999999999999851e-01
4.290999999999999814e-01
3.618000000000004546e-01
3.870000000000002327e-01
3.931999999999997719e-01
4.669999999999997764e-02
6.335999999999994969e-01
7.744999999999999662e-01
5.305999999999999606e-01
6.537999999999994927e-01
2.191000000000002668e-01
1.387599999999999945e+00
5.353999999999998760e-01
2.085799999999999876e+00
1.413600000000000190e+00
8.342000000000001636e-01
2.090100000000000069e+00
3.324300000000000477e+00
3.641199999999999992e+00
6.042000000000005144e-01
1.563499999999999446e+00
6.639999999999999680e+00
1.099899999999999878e+01
1.852400000000000047e+00
1.997000000000000330e+00
3.202000000000001512e-01
2.100999999999995926e-01
1.137299999999999978e+00
1.830999999999997074e-01
4.488999999999998547e-01
2.937999999999996725e-01
1.585000000000000575e-01
2.923999999999997157e-01
1.387999999999999790e-01
4.119000000000001549e-01
2.286999999999998756e-01
2.154000000000005077e-01
1.560999999999999888e-01
5.236000000000005095e-01
1.858999999999995101e-01
9.179999999999993721e-02
3.482999999999996099e-01
4.959000000000000075e-01
2.172999999999998821e-01
2.739999999999999658e-01
6.110999999999999766e-01
1.124400000000000288e+00
1.340999999999999970e+00
1.131000000000000227e+00
1.431300000000000017e+00
1.698599999999999666e+00
2.409999999999999254e+00
1.151399999999999313e+00
5.077999999999998071e-01
3.835999999999993859e-01
1.203999999999999515e+00
2.778999999999997028e-01
6.832999999999990193e-01
6.134999999999996012e-01
3.246999999999997666e-01
1.741999999999999105e-01
6.199999999999997180e-02
3.124000000000001775e-01
1.644000000000003237e-01
1.428000000000000380e-01
6.709999999999990972e-02
4.460999999999994969e-01
4.405999999999997696e-01
2.937999999999995615e-01
1.682000000000007101e-01
5.076999999999998181e-01
2.106999999999991657e-01
4.560000000000005715e-02
2.018000000000007288e-01
3.222999999999994203e-01
4.052000000000001156e-01
5.984999999999996989e-01
4.511000000000006116e-01
1.154500000000000082e+00
6.781000000000003691e-01
2.105000000000002425e-01
3.327999999999995406e-01
6.010000000000034759e-02
2.256999999999998729e-01
1.743999999999998329e-01
4.379999999999986682e-02
2.190000000000000835e-01
4.199999999999998179e-01
4.267999999999998462e-01
3.189000000000000723e-01
7.062000000000003830e-01
4.867000000000000215e-01
1.737999999999997880e-01
1.515499999999999403e+00
2.445600000000000218e+00
7.112000000000000544e-01
1.979899999999999771e+00
2.895399999999999530e+00
1.815900000000000292e+00
3.428100000000000591e+00
4.563000000000000611e+00
7.045700000000000074e+00
1.110300000000000287e+00
9.242000000000003546e-01
4.477700000000000458e+00
3.518799999999999262e+00
1.532100000000001128e+00
7.587300000000000821e+00
9.390700000000000713e+00
5.644699999999998496e+00
2.540499999999999758e+00
4.074000000000003174e-01
2.287999999999998924e-01
6.360999999999999988e-01
1.455000000000000737e-01
1.338999999999997415e-01
2.911000000000002474e-01
1.165000000000002145e-01
1.936999999999997613e-01
1.618999999999995998e-01
8.200000000000068345e-02
1.061999999999998501e-01
1.010999999999995791e-01
1.375999999999995560e-01
1.614000000000002655e-01
1.375000000000001776e-01
1.274000000000002908e-01
4.532000000000003248e-01
3.252000000000001001e-01
1.640000000000000346e-01
6.243999999999998440e-01
1.566000000000002945e-01
2.737000000000001099e-01
3.182999999999999718e-01
2.948999999999999400e-01
2.534999999999996145e-01
1.839000000000002299e-01
4.651000000000001244e-01
2.486000000000000432e-01
1.842999999999999639e-01
1.112000000000003541e-01
2.394000000000000017e-01
7.779999999999992477e-02
1.227999999999998537e-01
4.511000000000004451e-01
5.655000000000001137e-01
2.612000000000003763e-01
3.387000000000002231e-01
2.246999999999997888e-01
1.029300000000000104e+00
3.818200000000000038e+00
1.079499999999999904e+00
4.340799999999998882e+00
6.293300000000000338e+00
9.311000000000001497e-01
5.808499999999999552e+00
9.510999999999999455e-01
1.219000000000000083e+00
1.866899999999999782e+00
2.784799999999999720e+00
6.597000000000000419e+00
6.024000000000007127e-01
1.330499999999999794e+00
4.959000000000005626e-01
1.292100000000000248e+00
2.498300000000000409e+00
8.648999999999994470e-01
5.221000000000000085e-01
9.613000000000000433e-01
1.534100000000000241e+00
3.989999999999999658e-01
1.332999999999999741e-01
5.421000000000006924e-01
6.145000000000002682e-01
1.382999999999999785e-01
4.930000000000006599e-02
3.469999999999998086e-01
1.455999999999995631e-01
2.261999999999994015e-01
5.149999999999960165e-02
1.184999999999997167e-01
3.499000000000005994e-01
7.057000000000000384e+00
4.456999999999998185e-01
7.468999999999998973e-01
7.243999999999998218e-01
7.425000000000001599e-01
3.477000000000001201e-01
5.234999999999999654e-01
1.782999999999997365e-01
3.327000000000000512e-01
2.211999999999999522e-01
3.094999999999997198e-01
1.075499999999999901e+00
1.548899999999999944e+00
