8.000000000000001554e-02
5.899999999999998995e-02
2.697999999999999843e-01
8.709999999999998299e-02
1.556000000000000161e-01
7.019999999999998463e-02
5.810000000000001968e-02
8.409999999999998033e-02
5.480000000000000843e-02
1.654000000000000470e-01
6.569999999999998064e-02
1.428000000000000103e-01
1.191999999999999865e-01
1.009999999999999371e-01
7.960000000000000409e-02
3.427000000000001156e-01
1.464000000000000301e-01
7.510000000000006948e-02
6.659999999999999254e-02
1.476999999999999980e-01
2.516999999999999793e-01
8.040000000000002700e-02
1.149999999999999911e-01
1.766000000000000625e-01
6.130000000000008359e-02
1.213000000000000050e-01
2.010999999999999177e-01
1.217000000000000720e-01
4.240000000000006958e-02
4.250000000000003775e-02
1.757999999999999563e-01
1.452999999999999292e-01
3.084000000000001185e-01
1.719000000000000528e-01
1.007000000000000395e-01
3.166999999999999815e-01
2.151000000000002355e-01
2.855999999999999095e-01
7.839999999999991420e-02
3.709999999999999409e-01
6.920000000000010865e-02
1.095000000000000279e-01
4.410000000000001419e-02
1.046000000000000402e-01
6.619999999999999496e-02
7.549999999999998379e-02
1.571000000000000174e-01
2.152999999999999914e-01
1.003999999999998921e-01
7.180000000000000271e-02
1.834999999999999964e-01
9.150000000000003963e-02
1.485000000000000764e-01
1.569000000000000394e-01
2.710999999999999521e-01
1.658999999999999642e-01
6.799999999999994937e-02
1.721999999999999642e-01
1.137000000000001065e-01
6.280000000000003635e-02
4.709999999999983644e-02
1.231000000000000844e-01
8.089999999999998581e-02
7.040000000000004587e-02
1.357999999999999763e-01
7.530000000000028337e-02
6.410000000000018461e-02
2.179999999999998883e-01
9.730000000000002536e-02
9.890000000000001568e-02
7.910000000000007303e-02
1.233999999999998709e-01
1.286000000000000476e-01
3.730000000000002758e-02
1.233999999999999819e-01
1.206000000000000127e-01
8.060000000000019926e-02
6.500000000000002998e-02
1.252000000000001168e-01
2.586000000000000520e-01
3.600999999999997536e-01
3.709999999999999409e-02
1.543999999999998707e-01
3.753999999999999559e-01
1.156000000000000361e-01
1.950000000000001732e-01
7.689999999999999614e-02
3.578999999999999404e-01
2.495999999999999330e-01
1.014999999999999791e-01
9.299999999999991607e-02
1.778000000000000691e-01
8.280000000000020677e-02
7.629999999999981242e-02
6.720000000000009299e-02
7.239999999999979785e-02
7.929999999999998161e-02
9.180000000000004823e-02
4.999999999999996114e-02
6.840000000000009961e-02
6.749999999999994893e-02
1.269999999999999185e-01
5.359999999999998099e-02
1.001999999999999003e-01
9.390000000000009450e-02
1.818999999999998396e-01
1.129000000000000559e-01
2.779999999999993587e-02
1.670000000000000095e-01
2.148000000000000465e-01
1.978999999999999093e-01
6.189999999999998281e-02
1.063000000000001444e-01
4.169999999999990381e-02
7.740000000000016311e-02
1.657000000000000695e-01
6.109999999999995990e-02
4.590000000000005187e-02
6.130000000000015992e-02
1.076000000000001122e-01
4.639999999999994129e-02
9.919999999999989937e-02
1.339999999999999525e-01
7.059999999999989895e-02
2.169999999999992768e-02
4.579999999999996574e-02
2.430000000000000215e-02
6.149999999999992972e-02
1.152999999999999720e-01
1.232999999999998819e-01
1.447000000000001618e-01
1.774999999999999079e-01
2.539999999999997815e-01
1.342999999999998917e-01
5.210000000000003517e-02
5.390000000000003122e-02
7.269999999999998685e-02
1.714000000000001633e-01
9.009999999999993014e-02
1.164999999999999647e-01
1.270000000000000850e-01
2.141999999999999460e-01
5.710000000000020615e-02
1.446000000000001173e-01
1.316999999999999560e-01
6.569999999999992513e-02
8.230000000000023408e-02
4.839999999999980429e-02
1.229999999999999427e-01
2.235999999999999654e-01
7.680000000000025695e-02
5.129999999999992899e-02
1.038000000000001422e-01
1.060999999999998333e-01
9.690000000000012492e-02
9.749999999999997558e-02
3.172000000000000375e-01
1.228000000000002145e-01
1.467999999999999583e-01
5.440000000000000391e-02
6.745000000000003215e-01
1.897000000000001740e-01
1.607999999999998597e-01
1.252000000000000335e-01
1.336999999999997635e-01
1.478999999999999759e-01
6.089999999999984315e-02
6.230000000000002203e-02
3.030000000000010463e-02
1.693999999999997175e-01
1.063000000000002832e-01
6.179999999999996607e-02
7.040000000000012914e-02
1.559999999999999720e-01
1.900999999999996581e-01
6.359999999999976783e-02
7.770000000000021334e-02
5.690000000000011715e-02
3.329999999999999627e-02
4.379999999999983906e-02
4.770000000000024221e-02
4.220000000000023732e-02
7.129999999999997451e-02
2.349999999999996536e-02
6.410000000000032339e-02
3.441000000000001835e-01
9.659999999999996367e-02
1.048999999999999932e-01
2.670000000000027907e-02
6.859999999999960574e-02
7.610000000000016751e-02
1.347000000000000142e-01
4.520000000000029550e-02
4.440000000000024483e-02
5.830000000000024052e-02
4.230000000000036509e-02
3.989999999999999103e-02
6.320000000000000617e-02
3.920000000000040119e-02
2.859999999999979226e-02
6.789999999999979385e-02
6.979999999999997318e-02
8.249999999999990674e-02
6.400000000000011235e-02
5.370000000000002549e-02
9.570000000000022933e-02
4.119999999999968132e-02
5.019999999999980034e-02
6.439999999999990177e-02
6.639999999999990354e-02
5.780000000000018456e-02
4.960000000000014397e-02
1.133999999999997788e-01
7.629999999999986793e-02
1.222999999999997978e-01
6.179999999999991056e-02
4.080000000000039151e-02
5.589999999999994973e-02
2.330000000000001514e-01
1.629000000000001003e-01
3.670000000000006590e-02
1.589999999999999192e-01
9.350000000000019407e-02
4.297999999999999599e-01
1.870999999999999330e-01
3.337000000000000521e-01
2.084000000000001684e-01
1.888000000000001621e-01
2.477999999999998537e-01
4.576000000000001178e-01
2.869000000000003769e-01
1.311999999999999278e-01
4.065000000000000835e-01
6.534999999999999698e-01
2.020999999999998353e-01
1.322999999999999177e-01
2.332000000000002127e-01
3.830000000000008398e-02
8.459999999999992526e-02
7.269999999999965379e-02
1.019000000000001016e-01
3.929999999999977955e-02
6.469999999999984097e-02
8.260000000000036757e-02
7.550000000000040012e-02
2.709999999999990195e-02
9.650000000000019673e-02
5.339999999999994751e-02
2.769999999999997464e-02
5.630000000000034976e-02
2.145999999999997077e-01
2.147000000000001407e-01
2.426999999999999991e-01
7.240000000000024194e-02
1.209999999999999132e-01
1.448999999999997790e-01
1.535000000000001918e-01
3.389999999999962488e-02
5.570000000000002727e-02
5.419999999999985940e-02
6.550000000000025246e-02
8.280000000000023452e-02
7.170000000000031903e-02
5.550000000000007705e-02
7.059999999999957976e-02
1.604999999999998650e-01
4.100000000000039724e-02
1.041000000000002479e-01
6.380000000000016214e-02
2.624000000000001886e-01
4.620000000000015761e-02
6.041999999999999593e-01
2.072000000000001063e-01
4.080000000000030824e-02
5.160000000000017351e-02
5.899999999999971934e-02
6.670000000000042562e-02
4.599999999999979106e-02
8.980000000000026850e-02
1.413999999999999424e-01
2.300999999999996104e-01
2.953000000000002290e-01
4.116000000000001879e-01
2.402000000000001356e-01
1.674999999999999822e-01
8.760000000000012221e-02
1.732000000000000761e-01
2.372999999999997334e-01
2.690000000000002389e-01
4.007000000000002227e-01
2.961000000000000854e-01
1.153999999999996695e-01
3.850000000000015909e-02
2.929999999999971516e-02
