3.276000000000000578e-01
1.124999999999999889e-01
4.481999999999999318e-01
8.326000000000000068e-01
2.525999999999999912e-01
2.028000000000000080e-01
1.799999999999999933e-01
7.979999999999995430e-02
1.213999999999999524e-01
1.628999999999999893e-01
1.313000000000000556e-01
1.337000000000001243e-01
1.976999999999997926e-01
1.261000000000001009e-01
3.429999999999999161e-01
3.262000000000000455e-01
8.872999999999999776e-01
8.433000000000000496e-01
1.836500000000000021e+00
2.237099999999999866e+00
8.963999999999999746e-01
1.144700000000000051e+00
9.622000000000001663e-01
1.712999999999999523e-01
1.063000000000000334e-01
7.669999999999975449e-02
2.369000000000001660e-01
2.152999999999999914e-01
1.720999999999999475e-01
8.530000000000018123e-02
5.959999999999958387e-02
1.352000000000003477e-01
9.319999999999990792e-02
9.889999999999987690e-02
2.629999999999988597e-02
4.820000000000017326e-02
8.210000000000008957e-02
5.959999999999990999e-02
9.469999999999971496e-02
1.698999999999999955e-01
1.323000000000000842e-01
1.214999999999998997e-01
1.023000000000001963e-01
6.720000000000023177e-02
5.989999999999993247e-02
4.950000000000006478e-02
1.485000000000001874e-01
7.500000000000028866e-02
3.839999999999995500e-02
6.060000000000016068e-02
5.629999999999997506e-02
1.213999999999999801e-01
4.591999999999999416e-01
1.722000000000001030e-01
6.629999999999984517e-02
6.809999999999975795e-02
8.679999999999971072e-02
5.819999999999974499e-02
1.059000000000001468e-01
6.069999999999980966e-02
5.279999999999971522e-02
1.564000000000001223e-01
6.149999999999979788e-02
2.047999999999996490e-01
7.939999999999972080e-02
7.900000000000002853e-02
8.869999999999997331e-02
3.920000000000006812e-02
1.096000000000002250e-01
2.119000000000000328e-01
4.159999999999997589e-01
3.530000000000000360e-01
4.403000000000001912e-01
4.644000000000000905e-01
2.777999999999997693e-01
5.478999999999998316e-01
5.668999999999998485e-01
3.274000000000002464e-01
6.785000000000001030e-01
2.027999999999997027e-01
1.430000000000001825e-01
1.004999999999997701e-01
8.150000000000016953e-02
1.196999999999998621e-01
9.719999999999995310e-02
6.199999999999970812e-02
1.583999999999999853e-01
7.689999999999964919e-02
4.709999999999952419e-02
8.309999999999992393e-02
4.070000000000000007e-02
4.220000000000019569e-02
2.549999999999977285e-02
8.290000000000025127e-02
1.060000000000002329e-01
3.940000000000042774e-02
8.310000000000013209e-02
7.749999999999993006e-02
9.259999999999973808e-02
5.039999999999977831e-02
1.796999999999997766e-01
1.104000000000000675e-01
1.798999999999998933e-01
1.050000000000001765e-01
1.045999999999999153e-01
5.350000000000008915e-02
2.299999999999996492e-02
1.281000000000000194e-01
5.190000000000025149e-02
9.320000000000012996e-02
1.137999999999997625e-01
5.020000000000000850e-02
4.399999999999977540e-02
1.157000000000001222e-01
1.837999999999999079e-01
1.305000000000000882e-01
6.589999999999995861e-02
3.259999999999994846e-02
4.829999999999992633e-02
3.610000000000014586e-02
2.695999999999999508e-01
1.015999999999998293e-01
1.841000000000000414e-01
6.430000000000032911e-02
9.180000000000008986e-02
1.081000000000000849e-01
7.130000000000008553e-02
1.174000000000003097e-01
9.480000000000030069e-02
3.610000000000027076e-02
1.169000000000000039e-01
1.656999999999999584e-01
7.400000000000009348e-02
1.235000000000002901e-01
1.030000000000001192e-01
5.940000000000021652e-02
7.180000000000014149e-02
5.730000000000019106e-02
8.289999999999997371e-02
5.219999999999990620e-02
1.070999999999998759e-01
3.569999999999958623e-02
6.429999999999988503e-02
5.799999999999997519e-02
8.989999999999963298e-02
3.910000000000003056e-02
7.089999999999986591e-02
5.829999999999990745e-02
7.239999999999996438e-02
6.110000000000040399e-02
5.770000000000021639e-02
9.749999999999986455e-02
1.049999999999997741e-01
2.429999999999987031e-02
5.010000000000002646e-02
5.660000000000003917e-02
1.005999999999999117e-01
9.409999999999971165e-02
6.920000000000017804e-02
7.849999999999983380e-02
5.689999999999997837e-02
7.119999999999997164e-02
1.648999999999996857e-01
8.209999999999983977e-02
8.530000000000002858e-02
2.801000000000000156e-01
1.241999999999999077e-01
8.020000000000021556e-02
1.689999999999999281e-01
1.993999999999998274e-01
1.131999999999998563e-01
7.560000000000005604e-02
2.650000000000026987e-02
1.004999999999999644e-01
1.259999999999997233e-01
1.081000000000002237e-01
1.477999999999996539e-01
6.729999999999961013e-02
3.830000000000038235e-02
1.657000000000000139e-01
2.598000000000002530e-01
3.789000000000000146e-01
2.370999999999999774e-01
8.460000000000011955e-02
6.340000000000010905e-02
1.580999999999997963e-01
3.769999999999972679e-02
8.759999999999976139e-02
2.710000000000001991e-02
1.896999999999997577e-01
5.879999999999981769e-02
2.039999999999999591e-01
1.427999999999999825e-01
1.068000000000000060e-01
7.329999999999990690e-02
1.106999999999998402e-01
1.230000000000000537e-01
7.419999999999989104e-02
8.529999999999987592e-02
1.430999999999999772e-01
8.860000000000028963e-02
4.970000000000002888e-02
4.990000000000017338e-02
1.154999999999997834e-01
7.930000000000007876e-02
7.649999999999999856e-02
3.979999999999991184e-02
8.070000000000007723e-02
4.870000000000037493e-02
5.649999999999989753e-02
5.540000000000031705e-02
2.299999999999963185e-02
6.239999999999996938e-02
6.490000000000012426e-02
1.596000000000000196e-01
7.370000000000002938e-02
1.002399999999999736e+00
1.842999999999999916e-01
3.386999999999999456e-01
1.187000000000002498e-01
1.415999999999998649e-01
1.213000000000003242e-01
2.187000000000000333e-01
1.222999999999996174e-01
1.243000000000002436e-01
4.151000000000002466e-01
1.061099999999999488e+00
9.220999999999995866e-01
4.189000000000001611e-01
3.122000000000000330e-01
3.829999999999996740e-01
1.462999999999997081e-01
7.239999999999999214e-02
1.525999999999998191e-01
5.522000000000005793e-01
1.899699999999999500e+00
7.783000000000003249e-01
9.410000000000001696e-01
6.337999999999999190e-01
9.260000000000008502e-02
8.920000000000026519e-02
1.071999999999999204e-01
9.630000000000038529e-02
8.289999999999990432e-02
8.370000000000013540e-02
9.790000000000009805e-02
6.559999999999976961e-02
8.489999999999993385e-02
6.309999999999965636e-02
4.619999999999999801e-02
5.159999999999992371e-02
1.386000000000001398e-01
1.419999999999999318e-01
1.663100000000000245e+00
3.102300000000000058e+00
1.517300000000000093e+00
1.736699999999999688e+00
2.122800000000000242e+00
1.278200000000000003e+00
2.035699999999999843e+00
1.248999999999999666e+00
1.763300000000000090e+00
1.658600000000000296e+00
1.433000000000000052e+00
6.414000000000000812e-01
3.514800000000000590e+00
4.435699999999999754e+00
7.340999999999997527e-01
1.587199999999999944e+00
1.589100000000000179e+00
2.549000000000002930e-01
7.359999999999995712e-02
1.056999999999998496e-01
6.346000000000000529e-01
1.235899999999999554e+00
1.645199999999999774e+00
1.222100000000000186e+00
1.069299999999999917e+00
3.096999999999998088e-01
1.690600000000000103e+00
1.545099999999999474e+00
1.905599999999999739e+00
1.637199999999999989e+00
1.399400000000000199e+00
1.889300000000000201e+00
9.307000000000001938e-01
1.313199999999999701e+00
2.205799999999999983e+00
1.531199999999999894e+00
7.110999999999999543e-01
3.715999999999995973e-01
5.477000000000000757e-01
3.982000000000003315e-01
7.856000000000000760e-01
