1.580000000000000016e-01
1.996999999999999886e-01
5.809999999999999887e-02
3.829999999999999377e-02
7.589999999999999525e-02
1.403000000000000080e-01
1.039999999999999813e-01
2.021000000000000296e-01
3.134999999999999454e-01
5.865999999999998993e-01
1.891999999999999793e-01
1.950999999999999956e-01
4.108000000000001095e-01
3.626000000000000334e-01
2.674999999999999600e-01
1.558000000000000496e-01
9.350000000000002753e-02
2.343999999999999695e-01
8.970000000000002971e-02
7.630000000000000671e-02
2.215999999999999637e-01
1.034999999999999948e-01
1.773000000000000687e-01
1.869999999999999996e-01
2.556000000000000494e-01
1.629000000000000170e-01
7.989999999999999880e-02
1.142999999999999294e-01
2.148999999999999522e-01
1.376999999999999891e-01
2.581999999999999851e-01
9.410000000000001696e-02
1.209999999999999132e-01
2.687999999999998724e-01
3.388000000000000456e-01
3.796000000000000485e-01
7.972000000000000197e-01
6.844999999999999973e-01
4.293999999999999484e-01
1.121199999999999974e+00
5.915000000000000258e-01
1.117000000000000770e-01
5.087000000000001521e-01
4.347000000000000863e-01
4.557000000000000495e-01
1.130000000000000726e-01
1.672000000000000708e-01
9.939999999999996061e-02
1.313999999999999890e-01
1.596999999999999809e-01
3.150000000000000577e-01
1.383999999999999120e-01
3.146000000000001018e-01
2.278000000000001968e-01
1.836000000000000965e-01
1.331999999999999851e-01
1.559000000000000941e-01
7.100000000000011857e-02
1.432999999999998997e-01
1.028999999999999221e-01
2.726000000000000645e-01
3.482999999999998320e-01
9.660000000000019960e-02
1.154799999999999827e+00
1.124099999999999877e+00
2.538000000000001366e-01
1.112999999999999684e-01
9.869999999999985729e-02
2.186999999999999500e-01
1.217000000000000026e-01
8.970000000000002971e-02
1.359999999999999265e-01
2.147999999999998522e-01
4.702000000000000068e-01
1.403999999999999693e-01
4.984999999999998876e-01
1.359999999999999820e-01
1.442999999999999561e-01
1.428000000000001213e-01
1.778000000000001246e-01
4.173000000000000598e-01
1.357999999999998653e-01
2.399999999999997968e-01
2.101999999999998869e-01
1.175999999999998991e-01
2.829000000000000958e-01
2.031999999999999362e-01
1.395999999999999741e-01
3.155000000000000027e-01
6.162999999999999590e-01
2.007000000000000173e-01
4.629000000000001447e-01
3.568000000000001726e-01
3.786999999999999256e-01
2.585000000000000075e-01
5.160000000000000003e-02
1.591000000000000747e-01
3.288999999999998036e-01
4.903999999999998916e-01
1.795000000000000484e-01
2.101000000000000367e-01
5.744000000000002437e-01
2.590000000000000635e-01
2.382000000000000228e-01
2.511999999999999234e-01
3.151999999999999247e-01
2.329000000000000237e-01
1.119999999999999052e-01
8.279999999999985982e-02
6.159999999999999504e-02
1.176999999999999019e-01
1.280000000000000859e-01
1.429000000000001658e-01
1.384000000000001895e-01
1.608999999999998487e-01
1.364999999999999269e-01
4.800000000000004263e-02
2.652000000000001023e-01
5.369000000000000439e-01
4.565000000000000169e-01
2.102999999999999869e-01
5.390999999999998016e-01
2.812999999999999945e-01
1.432999999999999829e-01
1.414000000000001644e-01
8.399999999999981093e-02
1.502999999999998226e-01
3.522000000000000686e-01
1.526000000000000412e-01
1.670000000000000095e-01
3.397000000000000575e-01
2.979000000000001092e-01
1.338000000000001133e-01
1.081000000000000572e-01
1.902000000000001467e-01
1.815000000000002167e-01
9.600000000000002975e-02
8.410000000000010523e-02
1.998999999999999111e-01
1.189999999999998836e-01
4.800000000000000794e-02
9.350000000000015243e-02
1.241000000000000020e-01
1.140999999999999376e-01
1.156999999999999695e-01
2.514000000000000123e-01
3.807000000000000384e-01
4.489999999999988445e-02
1.633000000000002783e-01
1.866000000000002657e-01
2.015999999999999459e-01
1.996999999999999886e-01
1.274999999999999467e-01
7.819999999999988072e-02
2.635000000000001785e-01
1.250000000000000000e-01
3.112000000000003097e-01
7.339999999999977098e-02
3.019999999999999352e-01
5.998999999999996557e-01
1.691000000000001946e-01
1.185000000000002440e-01
3.420000000000001372e-01
2.533999999999996811e-01
1.580000000000000848e-01
1.117999999999999411e-01
1.620000000000000329e-01
1.440999999999999781e-01
1.928999999999998771e-01
1.133000000000001645e-01
6.309999999999990616e-02
4.244999999999999329e-01
3.074999999999999956e-01
2.175000000000002764e-01
1.149999999999997968e-01
1.362000000000000988e-01
9.639999999999991631e-02
1.217999999999999361e-01
6.379999999999971805e-02
1.496000000000000107e-01
6.100000000000009581e-02
1.846000000000002639e-01
2.163000000000000755e-01
1.720999999999999475e-01
3.065999999999997616e-01
3.454000000000000958e-01
1.661000000000000254e-01
1.030999999999999417e-01
3.689999999999997449e-02
6.160000000000008524e-02
1.291999999999999260e-01
1.693999999999999395e-01
8.570000000000009555e-02
8.950000000000002398e-02
1.120999999999999081e-01
2.245000000000001994e-01
1.649000000000000465e-01
1.478000000000001535e-01
1.372999999999996446e-01
1.253999999999998449e-01
1.255999999999998784e-01
1.116999999999999799e-01
1.924999999999998934e-01
7.700000000000027656e-02
6.200000000000012446e-02
7.570000000000005891e-02
8.609999999999978781e-02
4.060000000000006659e-02
1.100000000000001116e-01
6.599999999999997535e-02
5.109999999999981224e-02
3.959999999999981590e-02
5.079999999999983140e-02
7.839999999999960889e-02
9.759999999999967313e-02
1.143999999999996964e-01
1.693999999999994954e-01
2.712999999999998746e-01
1.065000000000000391e-01
1.751999999999999114e-01
6.850000000000019962e-02
9.599999999999996037e-02
9.420000000000013085e-02
8.280000000000012350e-02
1.746999999999996889e-01
1.249999999999997641e-01
1.352000000000000424e-01
1.682000000000002105e-01
2.803999999999998716e-01
1.593000000000001082e-01
1.235999999999999044e-01
4.699999999999976419e-02
1.381000000000002226e-01
1.401000000000003354e-01
1.166000000000001757e-01
6.349999999999991762e-02
2.092999999999995975e-01
1.059000000000001052e-01
9.629999999999999671e-02
6.240000000000010816e-02
5.450000000000032596e-02
2.625000000000001221e-01
8.396999999999998909e-01
2.248700000000000365e+00
2.094000000000000306e+00
3.052999999999999603e-01
5.263999999999998680e-01
1.849999999999999423e-01
3.930000000000001270e-01
2.594999999999998419e-01
1.196999999999999731e-01
1.215000000000000246e-01
6.210000000000009263e-02
7.270000000000004237e-02
7.909999999999989262e-02
1.123999999999999166e-01
9.650000000000009959e-02
8.610000000000003761e-02
5.170000000000003759e-02
4.033999999999998698e-01
2.633999999999999120e-01
1.812000000000001387e-01
3.780999999999997696e-01
5.929999999999985283e-02
1.230999999999998901e-01
1.525999999999997914e-01
4.255000000000000449e-01
1.615000000000001990e-01
1.275999999999999079e-01
1.975000000000000644e-01
1.244999999999998885e-01
1.320000000000000895e-01
2.430999999999999828e-01
1.546000000000000429e-01
1.623000000000001386e-01
1.735999999999998655e-01
2.515000000000001679e-01
1.424999999999998213e-01
1.207000000000000017e-01
1.266999999999998683e-01
2.332000000000001572e-01
4.652000000000001134e-01
1.195999999999999980e-01
7.221999999999999531e-01
7.593000000000000860e-01
4.845000000000000973e-01
2.050999999999999490e-01
1.988999999999999102e-01
3.180999999999999384e-01
4.542000000000000481e-01
5.342000000000000082e-01
6.913999999999999035e-01
3.547000000000000153e-01
2.035999999999999754e-01
