3.649999999999999772e-02
5.560000000000000359e-02
7.470000000000000251e-02
6.109999999999999459e-02
3.169999999999999901e-02
4.410000000000000031e-02
5.010000000000000564e-02
5.160000000000000697e-02
9.620000000000000773e-02
9.740000000000001434e-02
7.819999999999999174e-02
4.159999999999998421e-02
7.069999999999999896e-02
3.480000000000000454e-02
2.769999999999999893e-02
3.640000000000000874e-02
6.999999999999999278e-02
3.649999999999999079e-02
8.670000000000001317e-02
9.459999999999998965e-02
7.989999999999998492e-02
4.730000000000000870e-02
5.089999999999999386e-02
4.459999999999999382e-02
3.400000000000000938e-02
8.049999999999998823e-02
4.370000000000002355e-02
4.690000000000003194e-02
7.419999999999998819e-02
4.739999999999998381e-02
2.169999999999999707e-02
4.319999999999999535e-02
1.979999999999998428e-02
4.740000000000000463e-02
3.969999999999999918e-02
4.120000000000001439e-02
3.110000000000000264e-02
7.226000000000000201e-01
4.796000000000000263e-01
1.648999999999999910e-01
8.779999999999997529e-02
1.234000000000000374e-01
2.046999999999999931e-01
6.360000000000000375e-02
9.049999999999996936e-02
9.729999999999999760e-02
4.229999999999998345e-02
7.570000000000000340e-02
1.004000000000000170e-01
6.009999999999995901e-02
6.100000000000004724e-02
2.200000000000002648e-02
8.359999999999996600e-02
6.010000000000001452e-02
2.379999999999996702e-02
7.549999999999995604e-02
7.470000000000001639e-02
6.740000000000002933e-02
1.662999999999999479e-01
6.320000000000003393e-02
3.989999999999992164e-02
7.879999999999998117e-02
9.249999999999999889e-02
7.189999999999996394e-02
4.390000000000003622e-02
4.168999999999999373e-01
2.421999999999999709e-01
8.940000000000003499e-02
7.509999999999998621e-02
5.579999999999998850e-02
4.789999999999997038e-02
5.720000000000002860e-02
3.109999999999998876e-02
6.939999999999996172e-02
3.140000000000001124e-02
8.769999999999998630e-02
7.659999999999998754e-02
2.300000000000002043e-02
6.360000000000000375e-02
9.160000000000000087e-02
7.830000000000003624e-02
1.013999999999999763e-01
6.149999999999999911e-02
7.809999999999996112e-02
4.459999999999995912e-02
6.020000000000000351e-02
5.239999999999997438e-02
1.850000000000000255e-02
4.609999999999997433e-02
7.939999999999999836e-02
2.599999999999999534e-02
7.920000000000000651e-02
4.019999999999997187e-02
6.030000000000002025e-02
9.750000000000000333e-02
6.860000000000002207e-02
1.049999999999999822e-01
9.689999999999995839e-02
7.020000000000001239e-02
2.129999999999999255e-02
6.319999999999999230e-02
3.650000000000000466e-02
5.759999999999998455e-02
3.839999999999998970e-02
3.950000000000000733e-02
3.740000000000001656e-02
1.449999999999999900e-02
4.839999999999995695e-02
5.960000000000000020e-02
3.850000000000000644e-02
7.939999999999999836e-02
5.049999999999998934e-02
8.339999999999998803e-02
8.419999999999999707e-02
2.409999999999999643e-02
7.439999999999996616e-02
5.159999999999997922e-02
4.330000000000003291e-02
5.880000000000001892e-02
3.659999999999996589e-02
5.810000000000001275e-02
3.259999999999997622e-02
4.170000000000000789e-02
9.199999999999997069e-02
1.979999999999999816e-02
6.300000000000001432e-02
5.810000000000001275e-02
1.659999999999998282e-02
3.179999999999996718e-02
3.370000000000002854e-02
2.499999999999999445e-02
3.340000000000000607e-02
3.180000000000000188e-02
4.739999999999997687e-02
3.279999999999997501e-02
1.002000000000000113e-01
1.869000000000000383e-01
1.343999999999999639e-01
1.320999999999999952e-01
2.899999999999998412e-02
4.469999999999993423e-02
5.649999999999998773e-02
4.350000000000005251e-02
6.390000000000001235e-02
6.310000000000000331e-02
1.805000000000000215e-01
6.279999999999998084e-02
9.070000000000001672e-02
7.520000000000001683e-02
7.730000000000004923e-02
4.559999999999996695e-02
6.800000000000003264e-02
3.260000000000005949e-02
9.639999999999998570e-02
7.599999999999998423e-02
2.309999999999999554e-02
8.390000000000000235e-02
4.250000000000000305e-02
4.940000000000002028e-02
5.339999999999998914e-02
6.789999999999998814e-02
6.820000000000001061e-02
5.890000000000004954e-02
2.930000000000002047e-02
4.460000000000000075e-02
4.750000000000000749e-02
7.179999999999997495e-02
6.650000000000000355e-02
4.429999999999995747e-02
8.460000000000003628e-02
5.090000000000000774e-02
6.809999999999999387e-02
6.479999999999999649e-02
3.019999999999996992e-02
6.279999999999996696e-02
6.950000000000002010e-02
4.569999999999996981e-02
5.049999999999999628e-02
4.749999999999998668e-02
5.460000000000002351e-02
4.070000000000002782e-02
4.129999999999998950e-02
3.539999999999995928e-02
3.440000000000001390e-02
1.240999999999999465e-01
5.719999999999996615e-02
3.769999999999995577e-02
4.300000000000002431e-02
2.720000000000000889e-02
6.029999999999999943e-02
2.169999999999999707e-02
3.440000000000001390e-02
4.369999999999999579e-02
5.000000000000000278e-02
1.098999999999999977e-01
2.109999999999999654e-01
2.289999999999999813e-01
1.728000000000000647e-01
8.639999999999996294e-02
9.090000000000000857e-02
1.400999999999999746e-01
1.399000000000000243e-01
1.386000000000000010e-01
1.109000000000000125e-01
4.590000000000001718e-02
3.819999999999999091e-02
6.870000000000002494e-02
5.600000000000000810e-02
5.890000000000002872e-02
7.399999999999998246e-02
6.500000000000004385e-02
4.660000000000000253e-02
1.085999999999999605e-01
3.729999999999995819e-02
3.569999999999996787e-02
4.220000000000001528e-02
4.680000000000002214e-02
2.410000000000001030e-02
2.339999999999999025e-02
5.440000000000000391e-02
1.885000000000000286e-01
5.940000000000000835e-02
8.050000000000000211e-02
5.050000000000001710e-02
2.330000000000000127e-02
1.115000000000000019e-01
4.909999999999999087e-02
4.039999999999999147e-02
3.209999999999998271e-02
3.149999999999997941e-02
4.510000000000000120e-02
3.669999999999998264e-02
5.749999999999999556e-02
9.560000000000001830e-02
6.370000000000000662e-02
4.940000000000001334e-02
3.700000000000003286e-02
1.556999999999999773e-01
1.061999999999999889e-01
8.020000000000002127e-02
9.569999999999997953e-02
8.330000000000004068e-02
4.160000000000001891e-02
6.010000000000002146e-02
7.039999999999999036e-02
4.209999999999999853e-02
7.310000000000001219e-02
4.289999999999995206e-02
4.780000000000000915e-02
3.529999999999998417e-02
5.319999999999999729e-02
6.490000000000001323e-02
4.079999999999998905e-02
2.990000000000002378e-02
3.240000000000003988e-02
9.190000000000005109e-02
2.820000000000001672e-02
2.879999999999996452e-02
6.669999999999998153e-02
4.979999999999999011e-02
4.879999999999997534e-02
8.400000000000001910e-02
3.419999999999998735e-02
4.060000000000002496e-02
4.159999999999994952e-02
1.399999999999995692e-02
2.499999999999999445e-02
8.819999999999998674e-02
6.699999999999997624e-02
6.940000000000001723e-02
4.099999999999996009e-02
3.149999999999997247e-02
5.170000000000000290e-02
3.990000000000000491e-02
3.210000000000001741e-02
3.889999999999996932e-02
5.939999999999998059e-02
3.570000000000000950e-02
4.070000000000002088e-02
4.359999999999999293e-02
2.440000000000001196e-02
5.960000000000003489e-02
7.879999999999999505e-02
6.489999999999997160e-02
7.599999999999995648e-02
3.409999999999998449e-02
1.031999999999999862e-01
5.910000000000001363e-02
7.790000000000001090e-02
7.890000000000002567e-02
2.699999999999998235e-02
3.420000000000002205e-02
8.189999999999997282e-02
5.279999999999999971e-02
