1.526999999999999746e-01
7.140000000000001901e-02
9.270000000000000462e-02
8.750000000000002220e-02
6.580000000000001126e-02
1.612999999999999989e-01
3.379999999999999671e-02
2.879999999999998880e-02
4.810000000000000386e-02
1.770000000000000462e-01
7.379999999999999061e-02
4.200000000000000955e-02
2.107999999999999874e-01
4.518000000000000904e-01
2.708999999999999742e-01
3.209999999999999520e-01
1.126000000000000195e-01
9.329999999999998017e-02
9.740000000000004210e-02
1.075999999999999596e-01
9.319999999999997731e-02
1.111999999999999933e-01
8.489999999999994773e-02
8.999999999999999667e-02
1.037999999999999895e-01
2.047000000000000208e-01
1.086000000000000021e-01
1.212999999999999773e-01
1.857999999999999374e-01
9.720000000000003637e-02
7.290000000000002034e-02
1.701000000000000290e-01
6.560000000000001941e-02
6.620000000000000884e-02
2.953000000000000069e-01
1.144999999999999629e-01
5.479999999999999455e-02
8.319999999999999618e-02
1.040999999999999426e-01
8.329999999999992966e-02
1.962000000000000133e-01
1.289999999999999480e-01
1.094999999999999446e-01
1.336999999999999578e-01
2.562999999999999723e-01
6.480000000000003813e-02
8.119999999999998053e-02
7.010000000000005116e-02
9.449999999999994515e-02
1.000000000000000194e-01
3.159999999999998227e-02
1.212999999999999079e-01
8.269999999999987084e-02
7.500000000000002498e-02
1.346000000000000807e-01
7.520000000000008622e-02
1.846000000000000141e-01
5.225000000000000755e-01
3.518999999999999906e-01
2.101999999999999980e-01
4.056999999999999496e-01
2.084999999999998799e-01
1.181999999999999718e-01
7.639999999999992630e-02
5.729999999999994820e-02
3.342999999999999861e-01
2.119999999999999662e-01
7.639999999999991243e-02
5.810000000000005438e-02
3.077000000000000290e-01
1.967000000000000137e-01
3.933999999999999719e-01
1.613999999999999879e-01
1.633000000000000562e-01
7.529999999999998916e-01
8.817000000000000393e-01
5.155000000000000693e-01
8.339999999999994640e-02
1.262000000000000899e-01
4.329999999999992188e-02
1.455000000000001570e-01
7.589999999999985647e-02
1.474999999999998535e-01
2.855000000000001981e-01
1.828000000000000180e-01
1.966000000000001080e-01
1.912000000000000921e-01
7.660000000000000142e-02
2.049999999999991759e-02
4.589999999999990615e-02
5.000000000000001665e-02
8.209999999999990916e-02
7.130000000000000226e-02
1.235000000000000681e-01
1.090000000000000968e-01
7.920000000000007589e-02
3.459999999999996412e-02
6.460000000000015730e-02
7.780000000000000804e-02
1.016999999999999016e-01
6.609999999999996434e-02
1.358000000000000318e-01
1.999000000000000499e-01
1.172000000000000541e-01
1.858999999999999819e-01
2.261999999999999567e-01
4.440000000000014768e-02
4.960000000000006071e-02
1.193000000000000171e-01
4.390000000000007091e-02
1.325000000000000067e-01
8.700000000000007727e-02
8.269999999999989859e-02
6.309999999999989229e-02
4.789999999999992875e-02
1.320000000000000062e-01
2.794999999999999707e-01
1.897000000000000353e-01
6.270000000000006124e-02
7.029999999999983484e-02
4.690000000000010827e-02
1.117999999999999550e-01
9.789999999999993152e-02
7.379999999999990734e-02
1.078000000000001457e-01
1.831999999999998630e-01
2.578999999999999071e-01
5.023000000000001908e-01
1.183000000000000995e-01
8.373999999999999222e-01
6.381000000000003336e-01
1.124100000000000099e+00
8.369999999999999662e-01
1.694000000000000505e-01
3.625999999999999224e-01
2.790999999999999592e-01
1.770999999999998686e-01
1.469999999999999085e-01
1.817000000000001392e-01
2.482999999999999652e-01
6.990000000000004543e-02
1.182000000000000689e-01
6.040000000000014801e-02
1.232000000000000733e-01
2.699999999999982969e-02
7.960000000000019837e-02
2.042000000000000481e-01
1.020000000000000767e-01
1.052999999999998798e-01
4.732000000000001205e-01
2.039000000000000257e-01
1.723899999999999544e+00
1.567999999999999838e+00
1.602000000000000091e-01
1.541000000000000147e-01
7.550000000000016420e-02
1.599999999999999478e-01
8.440000000000004443e-02
7.950000000000000122e-02
8.240000000000011204e-02
5.908000000000001029e-01
1.166000000000000786e-01
1.799999999999998546e-01
1.252000000000001445e-01
8.999999999999983014e-02
1.546999999999998654e-01
5.352000000000001201e-01
3.354000000000000870e-01
1.403999999999999693e-01
8.980000000000004645e-02
1.317999999999999172e-01
3.207000000000000961e-01
1.125000000000000583e-01
1.390000000000000124e-01
8.259999999999996512e-02
1.126000000000000612e-01
1.522000000000000297e-01
6.519999999999995244e-02
1.294999999999999485e-01
8.010000000000008780e-02
3.059999999999987036e-02
1.200999999999999013e-01
9.090000000000007796e-02
9.540000000000004032e-02
1.072000000000001563e-01
3.380000000000005916e-02
1.636000000000001064e-01
1.012999999999999734e-01
1.337000000000000965e-01
8.599999999999982658e-02
1.865999999999999326e-01
1.019000000000001849e-01
5.460000000000012760e-02
4.240000000000000019e-02
1.211999999999998634e-01
7.969999999999993756e-02
1.489000000000000601e-01
1.190000000000001473e-01
6.099999999999983907e-02
5.260000000000020909e-02
8.129999999999995564e-02
1.345999999999999142e-01
3.455999999999999628e-01
1.084000000000001351e-01
1.084000000000001629e-01
9.580000000000021831e-02
8.499999999999997835e-02
9.319999999999999118e-02
1.774999999999999356e-01
8.829999999999982307e-02
1.866000000000000436e-01
2.113000000000001266e-01
6.339999999999985925e-02
1.997999999999999776e-01
9.170000000000011475e-02
3.440000000000008329e-02
1.046000000000000540e-01
7.189999999999996394e-02
2.850000000000000866e-01
4.450000000000015749e-02
1.268999999999998463e-01
1.490000000000000213e-01
1.747000000000001330e-01
1.457999999999999297e-01
1.402000000000000468e-01
7.670000000000004592e-02
1.417000000000001037e-01
1.211000000000000965e-01
1.324999999999999234e-01
8.500000000000001998e-02
9.659999999999999143e-02
1.867000000000002269e-01
5.919999999999990548e-02
8.610000000000000986e-02
2.075000000000002398e-01
9.960000000000016063e-02
5.270000000000012175e-02
1.667000000000000981e-01
1.610999999999999932e-01
1.146999999999998299e-01
1.362000000000001543e-01
3.296000000000000596e-01
3.258000000000000895e-01
1.020999999999999130e-01
1.382000000000001005e-01
2.072000000000000786e-01
8.150000000000015565e-02
1.581999999999999795e-01
3.560000000000002052e-01
1.471999999999999975e-01
2.953000000000002290e-01
3.087999999999997414e-01
7.209999999999983089e-02
3.931999999999999940e-01
3.039999999999998814e-01
1.454000000000004178e-01
2.221000000000003249e-01
2.506999999999999784e-01
1.749999999999999056e-01
2.187999999999997447e-01
1.970000000000002305e-01
2.267000000000001791e-01
1.101000000000000589e-01
2.053999999999998605e-01
3.047999999999996268e-01
3.921999999999997155e-01
5.929999999999997495e-01
3.161999999999997590e-01
1.819999999999996343e-01
2.135000000000001341e-01
3.913000000000000922e-01
2.652999999999999803e-01
8.789999999999988101e-02
1.702000000000001290e-01
7.566000000000002723e-01
6.308999999999999053e-01
1.262000000000000899e-01
2.520000000000000573e-01
4.742999999999999994e-01
1.426999999999998825e-01
3.366000000000000658e-01
6.620000000000007823e-02
2.394000000000000572e-01
5.331000000000000183e-01
2.198999999999997068e-01
1.252999999999997727e-01
1.401000000000001411e-01
2.968999999999998307e-01
1.593999999999999029e-01
1.421000000000001984e-01
1.509000000000000064e-01
7.549999999999977562e-02
1.240000000000001934e-01
1.343999999999997419e-01
