1.060000000000000109e-01
9.460000000000000353e-02
5.450000000000000677e-02
1.005999999999999950e-01
1.436000000000000054e-01
9.220000000000000417e-02
1.131999999999999951e-01
2.401000000000000634e-01
1.263000000000000511e-01
6.999999999999999278e-02
2.164999999999999980e-01
5.449999999999999289e-02
1.838999999999999801e-01
1.168000000000000288e-01
1.709999999999999853e-01
3.301000000000000045e-01
1.804000000000000048e-01
2.227999999999999425e-01
5.820000000000000867e-02
1.171999999999999431e-01
1.600000000000000588e-01
3.404000000000000359e-01
1.672000000000000153e-01
1.977000000000000146e-01
2.704999999999999072e-01
2.884999999999999232e-01
3.385000000000000231e-01
2.503000000000000225e-01
2.619999999999999551e-01
8.989999999999995217e-02
5.859999999999999237e-02
1.621000000000000218e-01
2.071000000000000063e-01
6.119999999999996970e-02
1.519999999999999685e-01
2.565000000000000058e-01
1.823999999999999511e-01
4.130000000000011440e-02
6.000000000000006717e-02
2.556999999999998718e-01
1.314999999999999503e-01
1.721000000000000307e-01
2.011000000000000010e-01
1.305000000000000049e-01
2.054999999999999605e-01
8.710000000000003850e-02
2.158000000000000473e-01
1.808999999999999775e-01
3.229999999999998150e-02
4.260000000000001980e-02
1.470000000000000195e-01
1.192000000000000282e-01
2.363999999999998880e-01
2.718999999999999750e-01
2.064000000000000834e-01
2.412000000000000255e-01
2.921000000000000263e-01
3.646000000000000352e-01
2.647000000000000464e-01
5.730000000000011473e-02
1.711999999999999633e-01
2.166999999999999482e-01
2.941999999999999060e-01
3.585999999999999188e-01
2.446000000000000119e-01
1.132999999999999841e-01
1.304000000000000714e-01
6.499999999999997446e-02
1.053999999999999937e-01
1.817999999999999061e-01
1.101999999999999508e-01
2.414999999999999369e-01
1.854999999999999982e-01
2.405999999999999805e-01
9.479999999999999538e-02
2.762999999999998790e-01
6.239000000000000101e-01
5.994000000000000439e-01
8.490999999999999659e-01
5.949000000000000954e-01
2.345999999999999475e-01
1.862000000000000322e-01
1.383000000000000895e-01
1.340000000000000080e-01
6.200000000000001343e-02
9.750000000000000333e-02
1.061999999999999889e-01
1.648999999999999910e-01
1.102000000000000340e-01
1.086000000000000298e-01
6.790000000000002978e-02
5.440000000000001779e-02
1.452999999999999570e-01
1.913999999999999868e-01
3.022999999999999576e-01
2.069999999999999618e-01
1.851999999999999758e-01
1.088999999999999968e-01
4.119999999999992418e-02
3.053000000000000158e-01
1.434000000000000274e-01
5.619999999999996526e-02
1.612999999999999157e-01
2.481000000000000150e-01
2.708000000000000962e-01
2.727000000000000535e-01
1.751999999999999391e-01
1.529999999999999971e-01
1.935999999999999943e-01
1.595999999999999919e-01
1.514999999999999125e-01
3.920000000000013751e-02
2.246999999999999831e-01
2.442999999999999339e-01
2.090999999999999803e-01
6.880000000000004168e-02
9.569999999999993789e-02
2.548000000000000265e-01
2.237000000000000377e-01
5.200000000000003231e-02
1.262000000000000344e-01
1.756999999999999673e-01
1.434000000000000552e-01
7.470000000000004414e-02
9.020000000000011342e-02
1.881000000000001005e-01
3.240000000000001212e-01
3.581000000000000849e-01
2.787000000000000588e-01
2.301000000000000822e-01
2.001000000000000001e-01
1.703999999999999959e-01
1.579999999999999738e-01
1.748000000000000664e-01
3.079000000000000070e-01
1.721999999999998532e-01
1.394000000000000794e-01
1.372999999999999221e-01
6.329999999999996740e-02
1.621000000000000218e-01
3.175999999999999934e-01
2.241999999999999826e-01
1.286999999999999811e-01
1.547000000000000597e-01
2.849999999999994205e-02
2.126000000000000112e-01
2.459999999999999964e-01
1.818000000000000727e-01
1.007000000000000811e-01
1.540999999999999870e-01
2.560999999999999943e-01
2.645000000000000684e-01
2.624000000000000776e-01
3.742000000000000326e-01
1.685999999999999166e-01
9.760000000000002007e-02
1.835999999999999854e-01
2.372999999999999554e-01
1.577999999999998570e-01
2.672999999999999265e-01
2.135999999999999288e-01
2.133999999999999231e-01
2.162999999999999645e-01
2.476000000000000423e-01
2.394999999999999352e-01
4.799999999999993161e-02
1.218999999999999945e-01
3.999999999999998002e-02
8.080000000000005234e-02
6.210000000000004405e-02
7.429999999999992166e-02
1.233999999999999819e-01
1.334000000000000741e-01
2.849999999999999756e-02
1.214999999999999275e-01
1.086999999999998662e-01
7.049999999999986833e-02
7.840000000000005298e-02
1.910000000000000031e-01
5.899999999999989975e-02
1.535000000000000253e-01
1.300999999999999934e-01
2.323000000000000620e-01
3.108000000000000207e-01
2.453000000000000735e-01
8.199999999999996181e-02
6.199999999999995098e-02
1.021000000000000241e-01
1.622000000000000663e-01
1.325999999999999401e-01
2.445999999999998731e-01
2.780999999999999028e-01
1.915999999999999925e-01
5.809999999999991560e-02
7.619999999999989282e-02
7.809999999999997500e-02
2.367000000000000215e-01
2.351999999999999647e-01
2.316000000000000003e-01
1.480000000000000204e-01
1.043000000000000871e-01
5.999999999999991451e-02
1.639999999999999236e-01
1.611000000000000210e-01
1.866999999999999771e-01
5.824000000000000288e-01
1.871999999999999775e-01
2.001000000000000278e-01
1.524000000000000354e-01
2.371000000000000330e-01
1.238000000000000211e-01
1.087000000000000188e-01
6.089999999999998193e-02
3.791999999999999815e-01
8.666000000000000369e-01
5.367000000000000659e-01
7.719999999999999085e-02
1.009000000000000730e-01
4.579999999999988941e-02
5.899999999999993444e-02
1.106000000000000039e-01
2.919000000000000483e-01
3.313000000000000389e-01
1.588999999999999857e-01
8.629999999999996008e-02
1.809000000000000330e-01
1.078000000000000208e-01
2.837999999999999967e-01
1.229999999999999288e-01
1.199999999999999678e-01
9.519999999999995133e-02
6.669999999999999540e-02
1.369000000000000217e-01
3.131999999999999784e-01
2.070999999999999786e-01
1.061999999999999611e-01
1.189000000000000057e-01
1.177999999999999603e-01
1.481000000000000372e-01
1.983999999999999375e-01
2.475999999999999590e-01
1.468000000000000416e-01
1.006999999999999978e-01
1.168999999999998790e-01
1.738000000000000378e-01
4.830000000000005123e-02
1.124000000000000554e-01
1.032999999999999474e-01
1.600000000000000866e-01
1.358000000000000873e-01
1.441999999999999393e-01
5.819999999999984908e-02
1.066000000000000836e-01
2.106000000000000094e-01
2.339000000000001356e-01
1.770000000000001295e-01
1.418999999999999706e-01
9.200000000000001232e-02
5.519999999999997131e-02
1.393000000000000349e-01
1.415000000000000147e-01
5.500000000000000722e-02
1.837999999999999634e-01
1.458000000000000129e-01
4.237999999999999545e-01
8.110000000000011644e-02
1.986000000000000265e-01
5.579999999999991217e-02
5.139999999999998737e-02
1.351999999999999869e-01
1.874000000000000388e-01
1.902999999999999692e-01
2.290999999999998593e-01
1.874999999999998890e-01
2.068999999999999728e-01
1.908999999999999031e-01
5.399999999999990224e-02
4.270000000000000878e-02
1.710999999999999466e-01
2.412000000000000532e-01
3.100000000000001643e-01
2.107000000000001094e-01
3.528999999999999915e-01
2.391999999999998572e-01
2.363999999999999158e-01
2.743999999999998662e-01
1.791999999999998316e-01
1.563999999999999280e-01
1.367000000000000437e-01
2.119000000000000883e-01
1.475000000000000200e-01
5.870000000000003687e-02
1.549000000000000099e-01
2.948999999999998844e-01
