4.580000000000000043e-02
9.070000000000000284e-02
7.250000000000000888e-02
9.920000000000001039e-02
1.402999999999999803e-01
9.950000000000000511e-02
1.441999999999999948e-01
1.106000000000000039e-01
1.393999999999999961e-01
1.475999999999999812e-01
1.224999999999999978e-01
9.750000000000000333e-02
8.159999999999999198e-02
9.059999999999998610e-02
2.391999999999999682e-01
2.546999999999999820e-01
4.760000000000000342e-02
7.259999999999999787e-02
5.130000000000001920e-02
1.059999999999999831e-01
1.210999999999999854e-01
1.287000000000000088e-01
8.019999999999999352e-02
1.780000000000000332e-02
7.309999999999998443e-02
5.270000000000002460e-02
1.040999999999999981e-01
3.710000000000000103e-02
1.522999999999999909e-01
2.696999999999999953e-01
1.751000000000000334e-01
6.950000000000000622e-02
5.159999999999996534e-02
2.390000000000004274e-02
6.909999999999998088e-02
7.630000000000003446e-02
2.429999999999999938e-01
9.810000000000002052e-02
4.590000000000001024e-02
8.729999999999996096e-02
1.355999999999999983e-01
1.485000000000000098e+00
8.678000000000000158e-01
1.579599999999999893e+00
8.200000000000001732e-02
1.814999999999999114e-01
1.579000000000000403e-01
7.360000000000001263e-02
7.350000000000006528e-02
9.510000000000000397e-02
4.800000000000000100e-02
6.230000000000002203e-02
8.499999999999997835e-02
8.659999999999998255e-02
7.089999999999996305e-02
4.740000000000001157e-02
1.376000000000000556e-01
2.472999999999999643e-01
1.252000000000000057e-01
1.185999999999999693e-01
1.440999999999999781e-01
7.689999999999996838e-02
7.739999999999985780e-02
5.010000000000000564e-02
1.059000000000000635e-01
6.299999999999993106e-02
1.049000000000000626e-01
7.040000000000007363e-02
1.042999999999999206e-01
8.749999999999993894e-02
9.440000000000005331e-02
6.359999999999998987e-02
6.980000000000009808e-02
9.809999999999999276e-02
1.505000000000000226e-01
2.354999999999999594e-01
6.420000000000003482e-02
1.606000000000000205e-01
2.003000000000000058e-01
7.659999999999998754e-02
1.145000000000000046e-01
1.092999999999999805e-01
1.590999999999999637e-01
1.902999999999999137e-01
5.579999999999992605e-02
5.249999999999997030e-02
5.279999999999990951e-02
2.100999999999998702e-01
2.823999999999999844e-01
2.210999999999999910e-01
5.400000000000014511e-02
7.159999999999985820e-02
6.610000000000008924e-02
8.099999999999996092e-02
1.184999999999999803e-01
1.291000000000001591e-01
8.600000000000011802e-02
5.530000000000001581e-02
2.100000000000001865e-02
9.600000000000011302e-02
7.949999999999987632e-02
9.839999999999998748e-02
1.428999999999999437e-01
1.051999999999999602e-01
4.849999999999990430e-02
2.690000000000002112e-02
3.839999999999989255e-02
8.940000000000003499e-02
8.770000000000001406e-02
4.259999999999991571e-02
3.300000000000009870e-02
3.719999999999985818e-02
1.568999999999998729e-01
1.584000000000001518e-01
4.649999999999999967e-02
1.193000000000000588e-01
6.280000000000011962e-02
3.459999999999996412e-02
2.853999999999999870e-01
1.557999999999998553e-01
1.382999999999998952e-01
2.235000000000000320e-01
1.224000000000000365e-01
1.510000000000003006e-02
1.861999999999998101e-01
3.087000000000001410e-01
1.064999999999999558e-01
7.860000000000001708e-02
6.070000000000010804e-02
6.380000000000016214e-02
1.667999999999999206e-01
6.629999999999987292e-02
2.279000000000000470e-01
3.485999999999999654e-01
2.083999999999999742e-01
2.389999999999982763e-02
7.249999999999995337e-02
6.960000000000013398e-02
7.429999999999994942e-02
2.379999999999993232e-02
6.969999999999995643e-02
9.130000000000002003e-02
3.059999999999995363e-02
4.210000000000006792e-02
4.150000000000012013e-02
4.060000000000015680e-02
5.139999999999983471e-02
8.539999999999997593e-02
3.899999999999998607e-02
7.630000000000011773e-02
7.039999999999992097e-02
3.900000000000015954e-02
1.061000000000001109e-01
8.210000000000008957e-02
3.722999999999997978e-01
7.999000000000000554e-01
4.541000000000000592e-01
9.294999999999998819e-01
3.010999999999999788e-01
6.189999999999995506e-02
1.597999999999999698e-01
1.488999999999999491e-01
1.960000000000002018e-01
1.823000000000000453e-01
9.450000000000011169e-02
6.750000000000005995e-02
8.789999999999992264e-02
2.889999999999998126e-02
1.536999999999998645e-01
1.209000000000000075e-01
3.764999999999998903e-01
3.502999999999999448e-01
3.332000000000000517e-01
1.425999999999998380e-01
2.210000000000000020e-01
9.890000000000012670e-02
6.350000000000008415e-02
4.039999999999990821e-02
1.031999999999999029e-01
5.310000000000009157e-02
5.220000000000016294e-02
5.220000000000010743e-02
1.051000000000001100e-01
4.760000000000008669e-02
6.600000000000011413e-02
9.930000000000013816e-02
1.264000000000000401e-01
6.920000000000017804e-02
9.059999999999984732e-02
1.063000000000000334e-01
5.269999999999991358e-02
1.317999999999999727e-01
1.626000000000000500e-01
3.999999999999989675e-02
2.459999999999989972e-02
6.410000000000004583e-02
1.389000000000000234e-01
1.169999999999999651e-01
1.118000000000000105e-01
1.304999999999999216e-01
7.640000000000007896e-02
1.381999999999998785e-01
1.148000000000001519e-01
9.050000000000002487e-02
9.029999999999988036e-02
7.729999999999992433e-02
3.629999999999986016e-02
1.067999999999998118e-01
1.543999999999998984e-01
1.320999999999998842e-01
8.109999999999997766e-02
6.939999999999990621e-02
8.170000000000005036e-02
5.860000000000012421e-02
1.427000000000001600e-01
1.173000000000001541e-01
1.881000000000001005e-01
1.226999999999999480e-01
5.540000000000000480e-02
8.420000000000005258e-02
6.649999999999997580e-02
1.038999999999999646e-01
2.050000000000000155e-01
3.809000000000000719e-01
2.998999999999999999e-01
4.238000000000001211e-01
1.152000000000001079e-01
1.321000000000000230e-01
2.137000000000001121e-01
7.162000000000001698e-01
1.130700000000000038e+00
7.007999999999997565e-01
1.664000000000001589e-01
1.185399999999999565e+00
4.140000000000003677e-01
2.338000000000000078e-01
2.934000000000002717e-01
1.303999999999996828e-01
2.360000000000003761e-01
2.540000000000003366e-01
3.359999999999996323e-01
1.222000000000005027e-01
3.306000000000003380e-01
1.324000000000002397e-01
6.939999999999992009e-02
1.052999999999999908e-01
3.389999999999977753e-02
5.209999999999979925e-02
7.530000000000021398e-02
8.290000000000008473e-02
6.900000000000014455e-02
6.199999999999995792e-02
8.319999999999985740e-02
3.260000000000001785e-02
1.150000000000028777e-02
7.730000000000014637e-02
1.300000000000012257e-02
3.839999999999990643e-02
7.069999999999995732e-02
1.217000000000000304e-01
9.049999999999981670e-02
1.495000000000001328e-01
6.650000000000010070e-02
9.550000000000026523e-02
1.087999999999999384e-01
1.532200000000000006e+00
4.447999999999999732e-01
9.860000000000018749e-02
7.390000000000020164e-02
5.669999999999997264e-02
1.130999999999995898e-01
1.772000000000004127e-01
1.589000000000003188e-01
5.788000000000002032e-01
4.337999999999999634e-01
2.752999999999999337e-01
1.638999999999999346e-01
1.001000000000001611e-01
7.389999999999985469e-02
7.019999999999988749e-02
2.047000000000000208e-01
2.181999999999999218e-01
1.123999999999997917e-01
6.299999999999993106e-02
1.298000000000001097e-01
1.099000000000001642e-01
7.369999999999980733e-02
9.419999999999995044e-02
2.362999999999999545e-01
1.778000000000000691e-01
8.970000000000007134e-02
8.939999999999981295e-02
8.180000000000020588e-02
8.335000000000003517e-01
