6.149999999999999911e-02
7.169999999999999984e-02
2.709999999999999909e-02
4.870000000000000717e-02
4.819999999999999979e-02
3.360000000000000486e-02
4.719999999999999890e-02
6.470000000000000751e-02
7.300000000000000933e-02
4.449999999999999789e-02
4.050000000000000822e-02
6.440000000000001279e-02
5.039999999999998648e-02
7.459999999999999964e-02
4.779999999999999527e-02
4.469999999999999668e-02
3.039999999999998953e-02
4.580000000000000737e-02
2.349999999999999312e-02
2.979999999999998275e-02
2.569999999999997981e-02
4.589999999999998942e-02
3.469999999999998780e-02
5.460000000000000964e-02
3.059999999999996750e-02
5.359999999999998099e-02
3.150000000000000022e-02
3.500000000000000333e-02
5.339999999999998914e-02
4.560000000000000164e-02
4.209999999999998466e-02
3.349999999999998118e-02
5.420000000000001900e-02
7.660000000000001530e-02
3.819999999999998397e-02
5.369999999999999774e-02
3.750000000000001943e-02
4.249999999999998224e-02
3.980000000000001592e-02
2.919999999999999332e-02
8.990000000000000768e-02
2.069999999999999965e-02
5.050000000000000322e-02
3.339999999999999220e-02
3.400000000000001632e-02
3.849999999999998562e-02
1.180000000000001707e-02
5.389999999999999653e-02
4.419999999999998930e-02
6.379999999999998173e-02
2.650000000000001313e-02
2.609999999999999820e-02
3.050000000000000974e-02
5.119999999999998164e-02
4.579999999999997962e-02
4.969999999999998030e-02
3.719999999999999002e-02
3.700000000000000511e-02
6.890000000000001679e-02
4.019999999999999962e-02
3.459999999999997800e-02
2.220000000000000098e-02
4.810000000000000386e-02
8.920000000000001539e-02
2.070000000000000659e-02
3.640000000000001568e-02
6.930000000000002824e-02
3.489999999999998659e-02
3.869999999999998441e-02
1.310000000000000053e-02
3.529999999999999111e-02
2.980000000000002786e-02
4.439999999999999503e-02
1.839999999999999969e-01
1.420000000000000151e-01
2.349999999999999867e-01
1.401999999999999913e-01
4.660000000000000253e-02
1.346999999999999864e-01
3.839999999999998970e-02
2.869999999999998247e-02
5.219999999999998253e-02
8.029999999999995475e-02
7.489999999999999436e-02
5.040000000000001423e-02
5.130000000000004001e-02
1.086000000000000160e-01
8.739999999999999158e-02
6.550000000000003042e-02
4.210000000000001935e-02
4.550000000000001266e-02
4.190000000000000668e-02
2.899999999999997372e-02
3.389999999999996488e-02
8.319999999999999618e-02
4.059999999999998332e-02
5.940000000000001529e-02
3.229999999999998150e-02
3.049999999999999586e-02
3.119999999999998469e-02
1.050000000000003014e-02
5.130000000000001920e-02
3.990000000000000491e-02
4.829999999999997490e-02
4.030000000000000943e-02
5.500000000000000028e-02
1.859999999999999501e-02
3.340000000000001301e-02
3.739999999999996799e-02
3.689999999999998836e-02
5.460000000000004433e-02
3.450000000000005840e-02
4.930000000000001048e-02
5.189999999999999475e-02
5.439999999999999003e-02
4.159999999999998421e-02
3.570000000000000256e-02
2.780000000000000526e-02
3.549999999999998990e-02
5.980000000000000593e-02
6.339999999999998415e-02
4.300000000000003819e-02
4.209999999999997078e-02
2.690000000000001071e-02
6.579999999999999738e-02
2.290000000000000716e-02
3.170000000000000595e-02
3.530000000000000498e-02
3.840000000000002439e-02
6.550000000000003042e-02
8.479999999999995874e-02
6.339999999999992863e-02
4.770000000000002016e-02
2.250000000000001305e-02
2.570000000000002144e-02
1.123000000000000109e-01
1.365000000000000102e-01
7.800000000000002764e-02
2.870000000000001023e-02
5.330000000000000709e-02
5.410000000000000225e-02
4.619999999999997026e-02
4.590000000000001024e-02
4.620000000000001189e-02
7.179999999999998883e-02
6.059999999999998721e-02
1.221000000000000002e-01
2.449999999999998707e-02
1.244000000000000106e-01
3.329999999999994770e-02
5.059999999999999221e-02
5.820000000000001561e-02
1.178000000000000019e-01
5.619999999999999996e-02
5.249999999999999112e-02
1.450000000000001982e-02
7.317999999999997840e-01
5.754000000000000226e-01
1.164599999999999858e+00
8.606000000000000316e-01
1.431000000000000605e-01
7.968999999999999417e-01
1.989000000000000490e-01
9.919999999999996876e-02
1.234999999999999987e-01
5.136000000000000565e-01
1.573999999999999844e-01
1.617000000000000659e-01
8.799999999999998102e-02
2.867000000000000104e-01
2.744999999999999662e-01
6.420000000000000706e-02
6.919999999999995599e-02
2.939999999999998864e-02
9.649999999999997469e-02
3.809999999999998110e-02
7.420000000000000207e-02
7.250000000000000888e-02
6.039999999999995373e-02
6.819999999999991347e-02
4.709999999999991971e-02
5.659999999999997672e-02
1.400000000000002284e-02
5.729999999999998983e-02
3.110000000000003040e-02
2.860000000000000042e-02
2.500000000000002914e-02
3.280000000000004440e-02
6.179999999999999383e-02
3.119999999999996734e-02
4.150000000000005074e-02
1.255999999999999894e-01
1.013999999999999763e-01
1.830000000000003846e-02
4.480000000000000648e-02
3.629999999999997118e-02
3.480000000000005311e-02
1.409999999999998754e-02
5.369999999999998386e-02
3.910000000000005138e-02
5.900000000000003852e-02
2.549999999999996714e-02
7.669999999999997653e-02
2.340000000000005964e-02
4.180000000000003157e-02
3.269999999999997908e-02
5.440000000000000391e-02
4.930000000000003824e-02
6.520000000000003570e-02
4.750000000000006994e-02
1.850000000000001643e-02
5.270000000000005236e-02
6.659999999999996478e-02
3.069999999999997731e-02
2.309999999999998166e-02
2.849999999999999756e-02
3.529999999999998417e-02
2.270000000000001183e-02
3.190000000000001168e-02
9.590000000000002689e-02
1.645999999999999686e-01
7.989999999999997105e-02
1.390999999999999459e-01
1.057999999999999774e-01
6.899999999999999190e-02
6.240000000000003877e-02
1.170000000000001594e-02
7.469999999999996088e-02
3.480000000000002536e-02
6.529999999999999694e-02
3.649999999999997691e-02
4.090000000000003355e-02
4.640000000000001068e-02
3.339999999999999913e-02
3.960000000000002407e-02
3.970000000000005469e-02
3.209999999999993414e-02
4.659999999999996090e-02
5.119999999999999551e-02
5.379999999999998672e-02
3.579999999999995686e-02
3.640000000000001568e-02
3.009999999999996012e-02
2.619999999999998719e-02
3.460000000000000575e-02
3.129999999999999449e-02
4.449999999999999789e-02
5.320000000000003892e-02
4.380000000000000560e-02
4.089999999999997804e-02
8.739999999999996383e-02
4.130000000000000338e-02
4.050000000000000822e-02
2.030000000000001248e-02
2.650000000000002354e-02
4.019999999999999962e-02
2.739999999999999380e-02
1.720000000000003471e-02
2.609999999999998432e-02
5.219999999999999640e-02
6.310000000000000331e-02
1.960000000000000631e-02
2.170000000000001095e-02
3.179999999999999494e-02
6.449999999999998790e-02
3.120000000000000551e-02
5.090000000000002855e-02
5.209999999999997966e-02
5.920000000000003038e-02
1.319999999999996176e-02
3.359999999999996323e-02
2.499999999999993894e-02
7.049999999999992384e-02
9.799999999999947642e-03
6.109999999999998765e-02
4.000000000000006328e-02
2.520000000000000018e-02
2.250000000000004774e-02
5.469999999999994311e-02
7.680000000000000715e-02
7.750000000000001332e-02
4.210000000000002629e-02
2.379999999999998783e-02
4.760000000000000342e-02
2.450000000000002176e-02
4.440000000000002278e-02
4.919999999999999374e-02
1.999999999999996225e-02
3.659999999999996589e-02
3.989999999999996327e-02
6.629999999999997007e-02
6.670000000000000928e-02
3.129999999999999449e-02
5.529999999999998805e-02
