1.171999999999999986e-01
1.365000000000000102e-01
9.040000000000000813e-02
1.332999999999999741e-01
1.623999999999999888e-01
1.076000000000000151e-01
1.180000000000000077e-01
1.822999999999999621e-01
1.514999999999999958e-01
2.107999999999999874e-01
4.027000000000000024e-01
3.770000000000000018e-01
2.226999999999999535e-01
2.238000000000000267e-01
2.288000000000000034e-01
1.411999999999999922e-01
1.773000000000000131e-01
1.577000000000000068e-01
1.503999999999999782e-01
1.687000000000000166e-01
1.198999999999999788e-01
7.569999999999997564e-02
1.087999999999999662e-01
1.282000000000000361e-01
1.063000000000000334e-01
9.000000000000001055e-02
2.047999999999999821e-01
1.890999999999999903e-01
2.238000000000000544e-01
6.344000000000000750e-01
1.269799999999999818e+00
4.389000000000001234e-01
8.767000000000000348e-01
2.778000000000000469e-01
3.011000000000000343e-01
2.087999999999999856e-01
8.060000000000003273e-02
2.230999999999999650e-01
2.757999999999999341e-01
2.657999999999999807e-01
1.338000000000000023e-01
1.117000000000000215e-01
1.874000000000000388e-01
1.722000000000000475e-01
1.066999999999999893e-01
1.149000000000000438e-01
4.664999999999999147e-01
7.939999999999981795e-02
8.100000000000004419e-02
1.351000000000000534e-01
1.145000000000000462e-01
1.842999999999999916e-01
1.795999999999999264e-01
2.010000000000000953e-01
4.415000000000002256e-01
1.497000000000000275e-01
1.852000000000000035e-01
1.400999999999999468e-01
1.197599999999999998e+00
4.486999999999999877e-01
5.034999999999998366e-01
3.189000000000001833e-01
1.346000000000001084e-01
2.175999999999998491e-01
2.042000000000000481e-01
2.311000000000000276e-01
1.843000000000000749e-01
2.132999999999999619e-01
1.269000000000001793e-01
5.542999999999999039e-01
1.971600000000000241e+00
1.619599999999999929e+00
6.794999999999999929e-01
4.119999999999999774e-01
2.825000000000000844e-01
5.728000000000000869e-01
2.608999999999999098e-01
1.917999999999999983e-01
3.651000000000000356e-01
2.242000000000000104e-01
1.293000000000000815e-01
1.627999999999999448e-01
1.530999999999999583e-01
3.635000000000000453e-01
2.819999999999999174e-01
2.415999999999999814e-01
1.088000000000000078e-01
2.064000000000000001e-01
2.378000000000000114e-01
1.126000000000000334e-01
1.911999999999999811e-01
1.987999999999999490e-01
1.176000000000000378e-01
9.100000000000010858e-02
3.211999999999999855e-01
5.109999999999998987e-01
1.509999999999998843e-01
4.217000000000000193e-01
3.394999999999999130e-01
1.652600000000000069e+00
5.040999999999999925e-01
3.225000000000000644e-01
2.171000000000000707e-01
1.943999999999999895e-01
1.582000000000000628e-01
3.017999999999999572e-01
2.457000000000000850e-01
2.321000000000000008e-01
7.641000000000000014e-01
4.134000000000001007e-01
2.429000000000000048e-01
2.520000000000000573e-01
1.919000000000000705e-01
1.554000000000000381e-01
1.775000000000001021e-01
2.278000000000000580e-01
8.469999999999996976e-02
1.643999999999999906e-01
1.469999999999999918e-01
1.948000000000000287e-01
4.125999999999999668e-01
7.319999999999999840e-01
2.330000000000000127e-01
3.895000000000000129e-01
1.864000000000000101e-01
2.268999999999999906e-01
2.310999999999999721e-01
3.741000000000000436e-01
2.597999999999999754e-01
1.098999999999999699e-01
1.016000000000000014e+00
2.337900000000000311e+00
1.141999999999999904e+00
1.134500000000000286e+00
2.195000000000000562e-01
3.141000000000000458e-01
1.109000000000000263e-01
1.512000000000000011e-01
5.199999999999996292e-02
1.795999999999999819e-01
1.293999999999999595e-01
1.419999999999999318e-01
8.609999999999996823e-02
1.133999999999999175e-01
3.335000000000000187e-01
3.282999999999999807e-01
1.510999999999999011e-01
9.079999999999999183e-02
1.871999999999999498e-01
1.114999999999999047e-01
1.206999999999999740e-01
