1.003000000000000003e-01
1.284000000000000141e-01
2.323999999999999955e-01
4.828000000000000069e-01
2.338000000000000078e-01
2.568999999999999617e-01
1.786000000000000087e-01
1.212999999999999912e-01
6.180000000000002852e-02
5.949999999999997652e-02
7.440000000000000779e-02
1.115000000000000296e-01
1.073999999999999955e-01
1.267999999999999960e-01
9.480000000000002314e-02
1.461999999999999966e-01
8.410000000000000808e-02
6.909999999999998088e-02
1.259000000000000119e-01
1.498000000000000165e-01
1.819000000000000061e-01
2.328999999999999959e-01
6.159999999999998116e-02
9.799999999999998990e-02
1.015999999999999542e-01
1.451999999999999957e-01
1.422000000000000486e-01
1.950999999999999956e-01
2.452999999999999625e-01
1.320000000000000062e-01
1.281999999999999529e-01
1.655000000000000082e-01
1.827000000000000290e-01
1.217000000000000026e-01
8.869999999999997331e-02
9.389999999999998348e-02
7.440000000000000779e-02
5.029999999999997667e-02
8.500000000000001998e-02
9.719999999999996698e-02
7.179999999999997495e-02
8.709999999999998299e-02
1.058999999999999941e-01
3.719999999999999418e-01
5.804000000000000270e-01
1.704000000000000237e-01
1.900999999999999912e-01
2.202000000000000068e-01
3.850000000000000089e-01
1.670000000000000095e-01
2.040999999999999759e-01
1.656999999999999862e-01
1.215999999999999859e-01
1.239000000000000101e-01
1.234999999999999709e-01
9.610000000000004650e-02
1.481000000000000094e-01
2.055999999999999217e-01
2.546000000000001040e-01
2.559000000000000719e-01
1.938999999999999890e-01
3.889000000000000790e-01
1.875000000000000555e-01
1.222999999999999643e-01
6.950000000000000622e-02
2.754900000000000571e+00
6.250999999999999890e-01
1.811100000000000154e+00
1.266900000000000137e+00
3.642000000000000237e-01
2.291000000000000258e-01
2.575000000000000067e-01
2.147999999999999354e-01
1.439000000000000279e-01
7.049999999999997935e-02
2.380000000000000171e-01
5.707999999999999741e-01
4.347999999999998533e-01
1.841000000000000691e-01
2.111999999999999988e-01
2.044999999999999873e-01
2.337999999999998968e-01
6.310000000000001719e-02
6.389999999999997071e-02
4.329999999999996352e-02
2.401000000000002021e-01
1.994000000000000772e-01
3.512000000000001232e-01
2.274000000000000743e-01
2.367999999999999272e-01
1.896000000000000463e-01
1.250000000000000278e-01
1.651999999999999580e-01
6.906999999999999806e-01
3.961999999999999411e-01
1.789999999999998537e-01
1.297999999999999710e-01
1.220999999999999308e-01
1.566999999999999504e-01
2.962000000000000743e-01
9.810000000000004827e-02
4.760000000000009363e-02
6.520000000000000795e-02
8.260000000000000675e-02
1.035999999999999005e-01
7.769999999999999130e-02
1.193000000000000033e-01
6.780000000000005467e-02
2.220000000000000029e-01
1.976000000000001089e-01
1.149000000000000021e-01
1.290999999999999370e-01
1.545999999999999874e-01
1.351000000000000534e-01
8.199999999999996181e-02
1.476000000000000090e-01
1.201000000000002066e-01
9.430000000000013372e-02
7.949999999999998734e-02
7.690000000000002389e-02
6.480000000000005200e-02
5.509999999999998233e-02
9.779999999999998417e-02
1.556000000000000716e-01
1.428000000000000935e-01
1.450000000000001010e-01
1.011000000000001620e-01
1.321999999999999842e-01
7.149999999999998024e-02
9.129999999999990901e-02
1.291999999999999815e-01
1.912000000000000921e-01
1.795000000000000484e-01
1.530000000000001359e-01
1.766000000000001458e-01
1.713999999999999968e-01
1.397999999999999521e-01
8.490000000000000324e-02
8.319999999999999618e-02
6.900000000000004741e-02
9.149999999999991473e-02
1.531999999999999751e-01
1.091999999999998944e-01
1.072000000000001008e-01
1.330000000000000904e-01
1.149000000000000021e-01
9.179999999999996496e-02
5.270000000000003848e-02
6.660000000000013132e-02
1.040000000000000924e-01
1.441000000000000891e-01
