1.037000000000000005e-01
1.408999999999999975e-01
1.544999999999999984e-01
8.390000000000000235e-02
1.123000000000000109e-01
9.519999999999999296e-02
7.900000000000000078e-02
9.999999999999997780e-02
1.078999999999999959e-01
6.089999999999999580e-02
1.252999999999999670e-01
1.406999999999999917e-01
6.679999999999999827e-02
1.141000000000000070e-01
9.299999999999999933e-02
1.669000000000000206e-01
1.906999999999999806e-01
1.630000000000000060e-01
1.454000000000000015e-01
1.736000000000000043e-01
2.611999999999999877e-01
8.369999999999999662e-02
6.980000000000000093e-02
8.299999999999999045e-02
9.610000000000000486e-02
8.160000000000001974e-02
1.024000000000000188e-01
1.343999999999999917e-01
1.145999999999999935e-01
1.079999999999999849e-01
1.672999999999999765e-01
5.550000000000001460e-02
6.539999999999999980e-02
1.120000000000000162e-01
2.142000000000000015e-01
7.889999999999999791e-02
1.592000000000000082e-01
2.226000000000000201e-01
1.646999999999999575e-01
7.670000000000000429e-02
1.297999999999999987e-01
1.689999999999999281e-01
9.320000000000000506e-02
3.939999999999996977e-02
1.361000000000000543e-01
1.888999999999999568e-01
1.396999999999999909e-01
7.939999999999999836e-02
1.241000000000000297e-01
9.150000000000001188e-02
1.053999999999999659e-01
1.447999999999999843e-01
1.362999999999999767e-01
1.210000000000000242e-01
1.724999999999999867e-01
1.393999999999999684e-01
7.769999999999999130e-02
1.648000000000000576e-01
4.051000000000000156e-01
1.679000000000000770e-01
1.045000000000000373e-01
2.246000000000000218e-01
1.215999999999999859e-01
1.165000000000000202e-01
1.678999999999999659e-01
9.619999999999995222e-02
2.043000000000000094e-01
2.854999999999999760e-01
1.005999999999999950e-01
1.536999999999999755e-01
1.911999999999999811e-01
1.431999999999999940e-01
7.669999999999999041e-02
6.980000000000000093e-02
1.331000000000000238e-01
9.689999999999998614e-02
1.571999999999999786e-01
7.179999999999994720e-02
1.381999999999999618e-01
4.310000000000002718e-02
1.525999999999999857e-01
1.693999999999999673e-01
3.138999999999999013e-01
2.280999999999999972e-01
1.107999999999999818e-01
2.040999999999999481e-01
1.123999999999999166e-01
7.760000000000004394e-02
2.367000000000000215e-01
1.406000000000000583e-01
1.350999999999999979e-01
1.237999999999999934e-01
1.250000000000000278e-01
7.459999999999994413e-02
8.939999999999997948e-02
9.750000000000008660e-02
9.669999999999992490e-02
1.911000000000000199e-01
1.469999999999999918e-01
9.180000000000002047e-02
8.670000000000001317e-02
2.039999999999999869e-01
1.525999999999999579e-01
8.630000000000001559e-02
2.236000000000000487e-01
1.380000000000000115e-01
4.052999999999999381e-01
1.386999999999998789e-01
1.264000000000000123e-01
1.811999999999999722e-01
1.001999999999999974e-01
1.104999999999999594e-01
1.813000000000000167e-01
1.208000000000000601e-01
1.814999999999999669e-01
1.179999999999999660e-01
1.561000000000001275e-01
1.548999999999999821e-01
9.840000000000009850e-02
1.219999999999998724e-01
2.092000000000000803e-01
1.797000000000000819e-01
9.759999999999999232e-02
1.226000000000000284e-01
1.024999999999999523e-01
1.319999999999999507e-01
1.210999999999998605e-01
9.329999999999985527e-02
1.641999999999999571e-01
1.462000000000000521e-01
1.109999999999999321e-01
1.425000000000000155e-01
9.979999999999995819e-02
1.883999999999998731e-01
1.120000000000000440e-01
1.413999999999999146e-01
1.373999999999999111e-01
1.605000000000000870e-01
1.094000000000000805e-01
1.483000000000000429e-01
1.626000000000000778e-01
1.213999999999998414e-01
1.098999999999999144e-01
8.699999999999995237e-02
8.819999999999995899e-02
1.263999999999998458e-01
1.007999999999999452e-01
7.709999999999990472e-02
1.004999999999999644e-01
8.100000000000012745e-02
1.009999999999999787e-01
