6.519999999999999407e-02
7.670000000000000429e-02
1.325999999999999956e-01
1.380000000000000115e-01
1.272000000000000075e-01
8.570000000000001228e-02
1.115000000000000019e-01
7.980000000000000981e-02
3.680000000000000632e-02
4.800000000000000794e-02
3.469999999999999474e-02
1.169000000000000039e-01
1.151000000000000079e-01
9.409999999999998921e-02
1.083999999999999964e-01
8.429999999999998606e-02
6.370000000000000662e-02
2.790000000000000119e-02
9.590000000000001301e-02
7.339999999999999303e-02
6.310000000000000331e-02
8.609999999999999598e-02
6.609999999999999210e-02
1.567999999999999949e-01
1.746000000000000052e-01
1.112000000000000072e-01
1.768000000000000127e-01
1.455000000000000182e-01
1.005999999999999950e-01
7.680000000000000715e-02
1.223000000000000198e-01
7.030000000000000138e-02
1.786000000000000087e-01
1.859999999999999987e-01
1.132999999999999841e-01
1.011000000000000093e-01
1.926000000000000212e-01
2.501000000000000445e-01
2.367000000000000215e-01
1.233999999999999819e-01
5.989999999999999769e-01
2.091999999999999693e-01
8.850000000000000921e-02
6.230000000000000815e-02
7.040000000000000424e-02
1.179000000000000048e-01
1.197000000000000286e-01
1.074000000000000093e-01
3.060000000000000567e-02
1.185999999999999971e-01
1.148999999999999883e-01
9.489999999999995661e-02
1.092000000000000054e-01
6.230000000000005672e-02
7.909999999999997589e-02
9.450000000000001454e-02
5.139999999999997349e-02
1.121000000000000052e-01
4.539999999999999591e-02
1.028999999999999776e-01
5.629999999999997506e-02
1.005999999999999811e-01
8.220000000000000917e-02
4.720000000000001278e-02
1.206000000000000127e-01
2.829999999999998142e-02
8.229999999999998428e-02
9.190000000000000946e-02
8.390000000000000235e-02
7.399999999999998246e-02
8.080000000000001070e-02
5.379999999999999366e-02
1.055999999999999717e-01
1.012999999999999873e-01
1.423999999999999710e-01
1.391999999999999904e-01
8.979999999999999094e-02
6.870000000000001106e-02
6.100000000000001948e-02
6.559999999999999165e-02
8.719999999999999973e-02
7.479999999999999150e-02
8.439999999999998892e-02
1.311000000000000221e-01
1.099999999999999867e-01
1.004000000000000170e-01
1.348000000000000032e-01
8.770000000000002793e-02
8.160000000000000586e-02
7.850000000000000033e-02
1.649000000000000188e-01
1.217000000000000165e-01
1.075999999999999734e-01
1.066000000000000003e-01
8.599999999999999312e-02
5.820000000000000173e-02
4.909999999999998394e-02
6.669999999999998153e-02
1.208000000000000046e-01
6.669999999999999540e-02
8.379999999999995786e-02
7.680000000000000715e-02
9.850000000000003197e-02
1.189999999999999808e-01
6.590000000000001412e-02
1.290999999999999925e-01
7.500000000000001110e-02
1.283999999999999864e-01
1.855999999999999872e-01
8.380000000000001337e-02
1.292000000000000093e-01
1.690000000000000113e-01
8.170000000000000873e-02
7.210000000000001130e-02
1.160999999999999810e-01
2.819999999999996815e-02
8.919999999999997375e-02
1.427999999999999547e-01
1.850999999999999868e-01
5.400000000000000633e-02
1.216999999999999887e-01
3.850000000000001338e-02
5.140000000000002206e-02
8.199999999999998956e-02
7.180000000000000271e-02
9.349999999999999978e-02
9.379999999999999449e-02
2.437999999999999612e-01
1.854000000000000092e-01
1.279000000000000137e-01
1.627999999999999448e-01
1.004000000000000031e-01
7.960000000000001796e-02
1.484999999999999931e-01
7.739999999999999658e-02
1.152999999999999997e-01
8.000000000000002942e-02
8.610000000000000986e-02
7.419999999999998819e-02
8.100000000000000255e-02
1.640999999999999681e-01
8.280000000000002636e-02
8.809999999999999776e-02
1.089000000000000107e-01
6.188000000000000167e-01
5.116000000000000547e-01
1.206000000000000405e-01
9.550000000000001543e-02
1.151000000000000079e-01
2.187999999999999945e-01
7.680000000000000715e-02
