1.942000000000000115e-01
1.896000000000000185e-01
8.080000000000001070e-02
7.550000000000001155e-02
8.250000000000000389e-02
4.549999999999999878e-02
3.849999999999999256e-02
1.025000000000000078e-01
1.313000000000000000e-01
7.299999999999999545e-02
5.369999999999999774e-02
8.549999999999999267e-02
1.116999999999999937e-01
9.629999999999999671e-02
6.820000000000001061e-02
4.930000000000001048e-02
9.330000000000000793e-02
8.229999999999999816e-02
1.236999999999999905e-01
8.959999999999999909e-02
5.100000000000000366e-02
4.410000000000000031e-02
6.189999999999999669e-02
5.469999999999999862e-02
2.830000000000000224e-02
4.449999999999999095e-02
2.340000000000001801e-02
6.710000000000000686e-02
6.539999999999998592e-02
5.839999999999997971e-02
6.450000000000000178e-02
6.410000000000001807e-02
8.830000000000000349e-02
7.780000000000000804e-02
7.499999999999999722e-02
6.399999999999997358e-02
3.029999999999999361e-02
1.374999999999999833e-01
1.171999999999999847e-01
7.610000000000000098e-02
3.100000000000000325e-02
2.919999999999999679e-02
6.909999999999998088e-02
5.450000000000000677e-02
7.180000000000000271e-02
8.770000000000000018e-02
1.132999999999999841e-01
1.341999999999999860e-01
1.325999999999999956e-01
8.459999999999998077e-02
9.059999999999998610e-02
6.379999999999999560e-02
7.710000000000000187e-02
7.100000000000000755e-02
2.580000000000000696e-02
4.649999999999999967e-02
5.610000000000001097e-02
9.560000000000001830e-02
9.000000000000001055e-02
2.829999999999999530e-02
3.939999999999997671e-02
5.569999999999998563e-02
5.379999999999997978e-02
5.699999999999998124e-02
3.300000000000000155e-02
5.410000000000000919e-02
5.559999999999999665e-02
3.389999999999998570e-02
6.249999999999998612e-02
3.589999999999998748e-02
7.140000000000000513e-02
6.240000000000001101e-02
3.929999999999998772e-02
1.089000000000000107e-01
6.750000000000001832e-02
3.629999999999999893e-02
3.469999999999998086e-02
5.090000000000000774e-02
8.850000000000000921e-02
6.090000000000002356e-02
5.469999999999998475e-02
9.439999999999998392e-02
9.030000000000003302e-02
2.109999999999999376e-02
1.115000000000000019e-01
6.569999999999998064e-02
7.179999999999998883e-02
7.980000000000000981e-02
1.029000000000000192e-01
4.610000000000000903e-02
2.650000000000000272e-02
4.810000000000000386e-02
4.640000000000001068e-02
6.679999999999998439e-02
4.809999999999998999e-02
4.120000000000000051e-02
8.999999999999998279e-02
9.120000000000000329e-02
9.730000000000002536e-02
9.410000000000001696e-02
5.729999999999997595e-02
3.300000000000000155e-02
2.179999999999997218e-02
5.760000000000000536e-02
5.759999999999999148e-02
3.180000000000001575e-02
3.849999999999999256e-02
4.580000000000000043e-02
7.679999999999997939e-02
3.710000000000002185e-02
9.080000000000000571e-02
1.463000000000000411e-01
7.910000000000000364e-02
4.099999999999999478e-02
6.230000000000002203e-02
7.760000000000000231e-02
8.040000000000001312e-02
8.869999999999998719e-02
6.309999999999997555e-02
5.910000000000001363e-02
1.279000000000000137e-01
8.299999999999997657e-02
6.110000000000000847e-02
1.300000000000000044e-01
8.070000000000002172e-02
7.289999999999997871e-02
3.090000000000000385e-02
6.060000000000000109e-02
6.459999999999997689e-02
2.320000000000002616e-02
2.850000000000001837e-02
8.220000000000002305e-02
4.790000000000000507e-02
3.899999999999999301e-02
6.179999999999997301e-02
4.729999999999998789e-02
5.510000000000001008e-02
7.900000000000002853e-02
7.210000000000001130e-02
4.489999999999998853e-02
4.450000000000001177e-02
1.182000000000000134e-01
5.289999999999998176e-02
6.770000000000001017e-02
6.940000000000001723e-02
1.193000000000000033e-01
7.719999999999997697e-02
8.789999999999997815e-02
6.780000000000002691e-02
6.190000000000001057e-02
9.459999999999998965e-02
