2.832000000000000073e-01
1.138000000000000123e-01
2.235000000000000320e-01
6.880000000000000004e-02
1.329899999999999860e+00
3.374000000000000332e-01
2.441000000000000392e-01
2.470000000000000806e-01
3.914999999999999591e-01
3.682000000000000828e-01
1.585000000000000020e-01
3.615999999999999770e-01
2.602999999999999758e-01
3.293999999999999151e-01
2.579000000000000181e-01
1.468999999999999195e-01
2.434000000000000885e-01
1.034000000000000336e-01
1.050000000000000655e-01
1.527999999999999636e-01
1.050000000000000933e-01
1.305000000000000882e-01
2.173999999999999266e-01
1.106000000000000094e+00
5.037000000000000366e-01
3.892000000000001014e-01
2.697999999999998177e-01
1.878000000000001057e-01
2.620999999999999996e-01
2.050999999999999213e-01
1.102999999999999398e-01
1.817000000000000004e-01
1.584000000000000963e-01
2.218000000000000527e-01
1.537999999999999923e-01
1.487000000000000266e-01
1.115999999999999770e-01
3.003999999999999448e-01
1.449000000000000010e-01
8.990000000000000768e-02
6.729999999999999871e-02
8.909999999999998477e-02
1.632000000000000117e-01
1.142000000000000098e-01
3.184000000000000163e-01
6.226999999999999202e-01
9.649000000000000909e-01
3.590000000000000968e-01
2.008999999999999952e-01
7.076999999999999957e-01
4.261000000000000343e-01
3.533999999999999364e-01
1.528000000000000191e-01
1.014999999999999930e-01
1.573000000000000509e-01
9.230000000000009031e-02
2.338999999999999413e-01
2.235000000000000597e-01
2.226999999999999535e-01
1.630000000000000060e-01
2.009999999999999842e-01
7.660000000000000142e-02
1.831999999999999740e-01
7.190000000000000557e-02
8.350000000000000477e-02
9.869999999999999607e-02
8.529999999999998694e-02
9.679999999999998328e-02
1.593000000000000249e-01
1.905999999999999639e-01
1.466999999999999693e-01
7.419999999999998819e-02
7.039999999999996261e-02
3.999999999999998002e-02
1.034000000000000197e-01
6.839999999999994695e-02
1.240999999999999603e-01
9.860000000000003484e-02
1.714000000000000246e-01
4.052000000000000046e-01
4.798999999999999932e-01
2.187999999999999945e-01
1.310000000000000053e-01
1.915000000000000591e-01
1.762999999999999845e-01
6.209999999999998160e-02
2.182999999999999940e-01
2.661999999999999922e-01
1.936000000000000498e-01
1.034999999999999531e-01
1.485999999999999821e-01
1.292000000000000370e-01
1.432999999999999829e-01
1.260999999999999899e-01
1.074999999999999983e-01
1.674999999999998990e-01
6.370000000000000662e-02
9.250000000000002665e-02
1.070000000000000256e-01
4.965999999999999859e-01
2.850000000000000311e-01
3.193000000000000282e-01
2.272999999999999743e-01
1.984000000000000485e-01
4.464000000000000190e-01
1.277000000000000357e-01
1.444000000000000006e-01
9.349999999999999978e-02
6.127000000000000224e-01
2.944999999999999840e-01
2.179000000000000103e-01
3.316000000000000059e-01
1.363000000000000045e-01
1.642000000000000126e-01
6.509999999999994957e-02
1.216999999999999887e-01
8.599999999999999312e-02
1.875999999999999612e-01
1.535000000000000253e-01
9.810000000000002052e-02
2.787000000000000033e-01
1.470000000000000195e-01
1.708999999999999964e-01
1.224999999999999978e-01
1.670000000000000095e-01
1.391999999999999904e-01
1.459000000000000574e-01
2.011000000000000287e-01
1.663000000000000311e-01
9.769999999999992579e-02
8.009999999999996290e-02
1.310999999999999388e-01
1.004999999999999644e-01
7.600000000000002587e-02
9.939999999999998836e-02
7.319999999999998730e-02
1.765000000000000180e-01
2.854999999999999760e-01
1.084999999999999437e-01
1.404999999999999305e-01
1.826999999999999735e-01
2.364999999999999880e-01
1.023000000000000298e-01
1.470000000000000195e-01
1.071000000000000563e-01
1.497999999999999887e-01
1.044000000000000344e-01
8.940000000000003499e-02
5.500000000000002109e-02
1.729000000000000259e-01
8.299999999999999045e-02
