3.184000000000000163e-01
2.099000000000000032e-01
6.744000000000001105e-01
8.219999999999996754e-02
1.324999999999999512e-01
5.520000000000002682e-02
9.690000000000000002e-02
6.723999999999999977e-01
2.535000000000000031e-01
4.226000000000000312e-01
1.781000000000000083e-01
6.869999999999999718e-02
4.529999999999999305e-02
8.930000000000001825e-02
9.189999999999998170e-02
1.206000000000000266e-01
6.959999999999999520e-02
6.049999999999997047e-02
1.282999999999999696e-01
1.484000000000000319e-01
2.267000000000000126e-01
2.253999999999999893e-01
7.130000000000000226e-02
9.140000000000000902e-02
1.187000000000000000e-01
3.456000000000000183e-01
3.510999999999999677e-01
2.948000000000000620e-01
5.742000000000000437e-01
8.237000000000000988e-01
9.968999999999998973e-01
4.158999999999999919e-01
2.964999999999999858e-01
6.833000000000000185e-01
1.848999999999999977e+00
2.872999999999999998e-01
7.261999999999999567e-01
4.094999999999998641e-01
1.249000000000000110e-01
4.143999999999999906e-01
4.116999999999999549e-01
3.090000000000000524e-01
8.379999999999999949e-02
5.909999999999997200e-02
1.222000000000000031e-01
3.804000000000000159e-01
5.640000000000000568e-01
1.168799999999999839e+00
4.227999999999999536e-01
4.803999999999998272e-01
3.160000000000001141e-01
1.885999999999999899e-01
8.570000000000001228e-02
4.489999999999999547e-02
5.110000000000001347e-02
9.149999999999999800e-02
6.640000000000004232e-02
3.456999999999999518e-01
6.935999999999999943e-01
4.515000000000000124e-01
1.259999999999999454e-01
9.469999999999999252e-02
9.440000000000003944e-02
2.387999999999999845e-01
1.404999999999999583e-01
2.549999999999990816e-02
7.670000000000000429e-02
1.170000000000000345e-01
8.659999999999996867e-02
7.500000000000001110e-02
2.172000000000000042e-01
4.943999999999999506e-01
4.196999999999999620e-01
3.667000000000000259e-01
3.347000000000000530e-01
4.455000000000000071e-01
1.552899999999999947e+00
9.737000000000000099e-01
4.067999999999999949e-01
1.261999999999999511e-01
8.339999999999997415e-02
5.420000000000001900e-02
5.550000000000000072e-02
6.269999999999997797e-02
8.890000000000000679e-02
1.241000000000000159e-01
7.889999999999999791e-02
9.929999999999999938e-02
5.319999999999998341e-02
2.839999999999998775e-02
1.159999999999999920e-01
2.253999999999999893e-01
8.589999999999994862e-02
1.315999999999999670e-01
2.639999999999996516e-02
9.169999999999997597e-02
1.077999999999999931e-01
7.480000000000000537e-02
4.389999999999995989e-02
1.327000000000000401e-01
8.600000000000000699e-02
1.155000000000000193e-01
1.469999999999999918e-01
4.799999999999993855e-02
4.939999999999999947e-02
3.590000000000000829e-02
8.679999999999996052e-02
4.319999999999998147e-02
6.980000000000000093e-02
1.219999999999999696e-01
1.103999999999999843e-01
6.139999999999998237e-02
6.740000000000001545e-02
4.689999999999994867e-02
7.930000000000006488e-02
2.970000000000003193e-02
1.219000000000000361e-01
1.150000000000000328e-01
1.049000000000000210e-01
9.459999999999998965e-02
5.279999999999995808e-02
1.332000000000000128e-01
5.429999999999997329e-02
4.199999999999995404e-02
4.469999999999998280e-02
8.930000000000004601e-02
1.004000000000000725e-01
1.674000000000000488e-01
1.586999999999999800e-01
2.726000000000000645e-01
3.551000000000000267e-01
5.727999999999999758e-01
7.394999999999998241e-01
5.328000000000001624e-01
1.092000000000000332e-01
8.260000000000003451e-02
3.869999999999999829e-02
9.720000000000000862e-02
1.032000000000000139e-01
2.055000000000000437e-01
1.342000000000000692e-01
9.199999999999998457e-02
7.510000000000000009e-02
6.729999999999999871e-02
5.589999999999997055e-02
7.919999999999992324e-02
5.599999999999998035e-02
1.236999999999999905e-01
2.572000000000000397e-01
3.007000000000000228e-01
3.012000000000000233e-01
