1.115000000000000019e-01
1.366999999999999882e-01
8.290000000000000147e-02
9.149999999999999800e-02
5.180000000000001270e-02
1.176999999999999991e-01
1.055999999999999994e-01
8.779999999999998916e-02
2.939999999999999211e-02
8.359999999999999376e-02
9.859999999999999321e-02
1.132000000000000228e-01
7.919999999999999263e-02
7.930000000000000937e-02
6.019999999999999657e-02
8.809999999999999776e-02
7.579999999999999238e-02
6.520000000000000795e-02
4.959999999999999132e-02
5.610000000000001097e-02
5.869999999999998830e-02
7.010000000000002340e-02
1.549999999999999711e-01
1.413000000000000089e-01
1.481000000000000094e-01
6.499999999999997446e-02
1.209999999999999964e-01
3.489999999999997965e-02
1.071000000000000008e-01
2.210000000000003281e-02
6.500000000000004385e-02
1.451999999999999957e-01
5.079999999999999793e-02
1.420000000000000151e-01
1.340999999999999970e-01
7.389999999999999347e-02
9.470000000000003415e-02
6.719999999999998197e-02
1.419999999999999596e-01
4.630000000000000088e-02
1.562999999999999667e-01
1.090000000000000135e-01
1.426000000000000045e-01
1.081999999999999906e-01
4.170000000000000095e-02
2.809999999999997916e-02
4.790000000000001201e-02
1.373999999999999944e-01
2.008999999999999675e-01
1.872999999999999943e-01
9.010000000000004117e-02
7.469999999999998863e-02
1.139999999999999902e-01
9.709999999999997800e-02
1.115000000000000158e-01
7.249999999999998113e-02
7.319999999999998730e-02
4.580000000000000737e-02
1.251999999999999780e-01
1.152999999999999997e-01
9.050000000000001099e-02
1.031000000000000250e-01
9.649999999999994693e-02
1.553000000000000214e-01
1.590000000000000024e-01
1.876000000000000167e-01
1.705000000000000127e-01
1.231000000000000011e-01
5.189999999999997393e-02
6.320000000000000617e-02
8.210000000000000631e-02
1.005000000000000060e-01
6.829999999999999960e-02
2.691000000000000059e-01
2.160000000000000253e-01
1.818000000000000171e-01
1.680999999999999994e-01
7.819999999999997786e-02
1.118999999999999995e-01
1.551000000000000156e-01
1.866999999999999771e-01
1.674999999999999545e-01
1.153999999999999748e-01
1.392999999999999794e-01
1.910000000000000309e-01
1.327000000000000401e-01
1.363000000000000322e-01
8.519999999999998408e-02
1.644999999999999796e-01
7.100000000000000755e-02
4.439999999999999503e-02
1.039000000000000062e-01
1.819000000000000061e-01
2.101999999999999980e-01
4.213000000000000078e-01
2.928999999999999937e-01
2.324999999999999289e-01
1.046000000000000263e-01
7.130000000000000226e-02
9.610000000000001874e-02
5.070000000000000201e-02
2.338999999999999968e-01
1.814999999999999669e-01
2.137999999999999901e-01
1.874000000000000110e-01
6.389999999999995683e-02
1.508999999999999231e-01
1.973999999999999921e-01
1.170999999999999958e-01
5.300000000000001238e-02
8.209999999999995079e-02
1.375000000000000111e-01
1.171000000000000374e-01
6.070000000000001783e-02
1.028000000000000441e-01
1.016000000000000236e-01
8.910000000000004028e-02
6.219999999999996365e-02
1.318000000000000005e-01
1.564999999999999170e-01
1.653999999999999637e-01
1.263999999999999846e-01
9.359999999999997489e-02
1.156000000000000083e-01
1.150999999999999662e-01
1.175999999999999962e-01
8.939999999999999336e-02
8.490000000000003100e-02
1.278999999999999859e-01
6.630000000000001170e-02
1.281000000000000749e-01
4.460000000000000769e-02
3.710000000000004960e-02
7.530000000000003357e-02
1.117999999999999827e-01
1.932999999999999996e-01
1.683000000000000607e-01
1.122000000000000219e-01
1.486999999999999988e-01
2.879999999999999782e-01
7.830000000000000848e-02
1.534000000000000363e-01
1.305999999999999939e-01
1.063999999999999668e-01
1.948999999999999622e-01
2.020000000000000129e-01
1.987999999999999767e-01
2.299000000000000210e-01
2.198000000000000509e-01
1.895999999999999908e-01
2.536999999999999811e-01
