9.850000000000000422e-02
1.015000000000000069e-01
1.634000000000000175e-01
1.782999999999999863e-01
1.340999999999999970e-01
1.243999999999999967e-01
1.318000000000000005e-01
2.145000000000000240e-01
1.954000000000000181e-01
1.192999999999999894e-01
1.142000000000000098e-01
1.319999999999999785e-01
3.908999999999999142e-01
2.807000000000000606e-01
1.854999999999999982e-01
1.027000000000000274e-01
8.139999999999997238e-02
6.599999999999998923e-02
6.949999999999997846e-02
6.629999999999999782e-02
5.870000000000001605e-02
3.230000000000000926e-02
6.159999999999999504e-02
6.350000000000001477e-02
1.004000000000000309e-01
7.780000000000003579e-02
7.299999999999998157e-02
5.979999999999999205e-02
6.659999999999999254e-02
6.690000000000001501e-02
1.088999999999999968e-01
1.590000000000000302e-01
1.343999999999999917e-01
9.090000000000000857e-02
1.045999999999999569e-01
1.109999999999999737e-01
5.440000000000001779e-02
1.001999999999999835e-01
6.260000000000003062e-02
1.342000000000000137e-01
1.281000000000000194e-01
7.830000000000002236e-02
9.229999999999996541e-02
8.130000000000001115e-02
4.309000000000000052e-01
2.756000000000000116e-01
1.547000000000000042e-01
1.482999999999999874e-01
8.380000000000001337e-02
1.458000000000000129e-01
7.870000000000004770e-02
1.000000000000000056e-01
7.159999999999995535e-02
6.110000000000000153e-02
6.960000000000002296e-02
1.593000000000000527e-01
1.862999999999999934e-01
1.677000000000000157e-01
7.420000000000001594e-02
1.573999999999999566e-01
1.456000000000000072e-01
9.419999999999996432e-02
8.060000000000006048e-02
5.870000000000004381e-02
1.168000000000000149e-01
4.169999999999998708e-02
9.650000000000003020e-02
2.214000000000000135e-01
4.996999999999999775e-01
7.630000000000000671e-02
7.909999999999992037e-02
1.306000000000000494e-01
9.229999999999996541e-02
8.680000000000001603e-02
1.024000000000000743e-01
5.940000000000002917e-02
7.580000000000000626e-02
1.561000000000000165e-01
1.328999999999999626e-01
1.949000000000000177e-01
1.936999999999999278e-01
2.474000000000000088e-01
1.073000000000000065e-01
1.449999999999999900e-01
1.731000000000000316e-01
1.591000000000000747e-01
9.120000000000001716e-02
1.226999999999999619e-01
1.433000000000000385e-01
2.590000000000000080e-01
5.465999999999999748e-01
3.460999999999999632e-01
1.691000000000000003e-01
1.843999999999999806e-01
2.061000000000000609e-01
1.627999999999999448e-01
6.704999999999999849e-01
7.407000000000000250e-01
4.969999999999999973e-01
5.990999999999999659e-01
1.873999999999999555e-01
1.459999999999999631e-01
5.680000000000005184e-02
1.603999999999999870e-01
2.392999999999999017e-01
3.060999999999999277e-01
1.616999999999999549e-01
1.568000000000000782e-01
6.540000000000004143e-02
1.789000000000000312e-01
2.483000000000000485e-01
1.746999999999998832e-01
1.706999999999999629e-01
1.301999999999999824e-01
8.529999999999988980e-02
5.289999999999989849e-02
4.899999999999992556e-02
1.746999999999999664e-01
2.508000000000000784e-01
6.820000000000006612e-02
1.348000000000001419e-01
7.120000000000015206e-02
1.046999999999999320e-01
7.739999999999998270e-02
7.760000000000008558e-02
1.479000000000000592e-01
1.944999999999999785e-01
9.749999999999994782e-02
8.099999999999998868e-02
4.789999999999997732e-02
2.109000000000001152e-01
2.706000000000000627e-01
8.480000000000013916e-02
4.589999999999984370e-02
2.079000000000001402e-01
7.149999999999998024e-02
6.459999999999987974e-02
9.509999999999996234e-02
7.989999999999998492e-02
8.179999999999995608e-02
2.617000000000000992e-01
2.154999999999999694e-01
2.551999999999999824e-01
1.893000000000000238e-01
1.020999999999999963e-01
6.549999999999997491e-02
3.720000000000003859e-02
2.295999999999999985e-01
2.151999999999998914e-01
1.899999999999999745e-01
1.398000000000000909e-01
