1.679000000000000214e-01
1.957000000000000128e-01
2.050999999999999768e-01
6.779999999999999916e-02
7.489999999999999436e-02
7.629999999999999283e-02
1.087000000000000050e-01
1.219999999999999973e-01
1.081000000000000016e-01
1.093000000000000083e-01
6.700000000000001787e-02
1.381000000000000005e-01
1.309000000000000163e-01
7.749999999999997169e-02
2.044999999999999873e-01
7.890000000000001179e-02
1.814000000000000057e-01
9.320000000000000506e-02
9.920000000000001039e-02
5.669999999999998652e-02
1.275000000000000022e-01
3.200999999999999956e-01
7.059999999999996834e-02
1.325999999999999956e-01
1.470000000000000195e-01
2.399999999999999911e-01
1.572000000000000342e-01
1.823000000000000176e-01
6.029999999999999249e-02
1.280000000000000027e-01
1.096000000000000030e-01
2.084999999999999631e-01
1.406000000000000028e-01
9.089999999999998082e-02
1.014000000000000179e-01
1.141000000000000070e-01
1.251000000000000167e-01
2.099999999999999645e-01
5.590000000000005381e-02
8.420000000000002482e-02
2.280999999999999972e-01
3.128000000000000225e-01
1.128000000000000252e-01
2.016999999999999904e-01
1.451999999999999957e-01
3.835000000000000075e-01
2.077999999999999570e-01
1.363999999999999935e-01
1.969999999999999529e-01
2.479999999999999982e-01
3.450999999999999623e-01
1.770999999999999797e-01
1.210000000000000242e-01
1.570999999999999897e-01
1.894000000000000405e-01
2.164999999999999702e-01
2.003999999999999948e-01
2.033000000000000362e-01
9.540000000000001257e-02
1.064000000000000223e-01
1.027000000000000135e-01
1.804999999999999660e-01
2.778000000000000469e-01
2.950000000000000400e-01
1.416000000000000036e-01
5.419999999999994267e-02
1.869000000000000661e-01
1.792999999999999872e-01
9.190000000000002334e-02
1.266999999999999515e-01
1.582000000000000073e-01
1.143000000000000821e-01
3.155000000000000027e-01
2.868000000000001104e-01
1.635000000000000342e-01
1.656999999999999862e-01
2.825999999999999068e-01
2.099000000000000032e-01
2.586000000000000520e-01
2.878000000000000558e-01
1.905999999999999917e-01
1.840000000000000524e-01
1.208000000000000185e-01
1.216999999999999471e-01
1.668000000000000316e-01
2.084999999999997966e-01
2.692000000000000504e-01
1.635000000000000620e-01
1.545999999999999597e-01
2.300000000000000377e-01
1.531999999999999473e-01
2.288999999999999646e-01
1.987000000000000433e-01
2.165000000000000258e-01
1.992999999999999772e-01
1.949999999999999512e-01
1.969999999999999807e-01
2.100000000000001310e-01
2.574000000000001842e-01
4.114999999999999769e-01
2.328999999999997739e-01
3.772999999999999687e-01
3.540999999999999148e-01
5.014000000000000679e-01
2.452999999999999625e-01
1.324000000000001287e-01
1.536000000000001253e-01
1.130999999999999783e-01
2.573999999999999622e-01
1.903000000000002467e-01
1.536999999999998923e-01
2.273000000000001686e-01
1.939999999999998670e-01
8.499999999999988121e-02
8.770999999999999908e-01
3.675000000000001599e-01
3.206999999999998741e-01
2.165999999999997649e-01
1.844999999999999696e-01
9.889999999999983527e-02
6.160000000000016851e-02
1.523999999999998967e-01
3.442000000000000615e-01
1.965000000000000357e-01
2.480000000000001092e-01
1.790999999999999537e-01
1.886999999999998401e-01
1.756999999999999118e-01
2.831000000000001848e-01
8.510000000000000897e-02
2.162000000000000310e-01
1.172999999999999876e-01
1.491999999999998050e-01
1.058999999999999109e-01
1.587999999999998857e-01
1.893999999999999573e-01
8.150000000000004463e-02
8.090000000000006908e-02
1.613999999999999324e-01
1.150000000000001438e-01
1.050999999999998880e-01
1.615000000000000047e-01
2.680000000000000160e-01
2.937999999999998391e-01
7.739999999999984392e-02
1.441999999999998561e-01
1.219999999999999696e-01
1.381999999999999895e-01
7.889999999999990077e-02
1.433000000000000940e-01
1.783000000000000140e-01
