1.062999999999999917e-01
6.579999999999999738e-02
9.299999999999999933e-02
1.166999999999999982e-01
1.309000000000000163e-01
1.050000000000000100e-01
2.134999999999999953e-01
1.020999999999999963e-01
9.300000000000001321e-02
7.830000000000000848e-02
1.391000000000000014e-01
5.119999999999999551e-02
1.080999999999999878e-01
9.639999999999997182e-02
9.020000000000000240e-02
9.890000000000000180e-02
9.110000000000001430e-02
1.137999999999999845e-01
6.889999999999998903e-02
7.199999999999998068e-02
5.059999999999999915e-02
7.570000000000001728e-02
1.440000000000000169e-01
4.917999999999999594e-01
2.063000000000000111e-01
1.086999999999999911e-01
5.900000000000000383e-02
9.989999999999998881e-02
1.181999999999999995e-01
1.347000000000000142e-01
8.850000000000000921e-02
7.480000000000001925e-02
1.125999999999999918e-01
9.260000000000000175e-02
7.309999999999999831e-02
9.850000000000001810e-02
9.479999999999999538e-02
7.524999999999999467e-01
6.395999999999999464e-01
2.237000000000000099e-01
1.174000000000000044e-01
1.067000000000000171e-01
5.319999999999997647e-02
1.256000000000000449e-01
6.279999999999999472e-02
1.043000000000000316e-01
7.049999999999997935e-02
4.380000000000000560e-02
6.899999999999997802e-02
4.730000000000000870e-02
6.240000000000003877e-02
6.759999999999996567e-02
1.312999999999999723e-01
2.911999999999999589e-01
3.029999999999999916e-01
1.323999999999999622e-01
1.459000000000000297e-01
1.376999999999999613e-01
2.286000000000000254e-01
2.008000000000000063e-01
5.469999999999998475e-02
8.609999999999999598e-02
5.149999999999997635e-02
3.930000000000002935e-02
7.109999999999996878e-02
1.648000000000000298e-01
1.465000000000000469e-01
9.099999999999998368e-02
9.949999999999994960e-02
9.589999999999998526e-02
9.239999999999998215e-02
1.339999999999999525e-01
9.049999999999999711e-02
5.619999999999999302e-02
5.929999999999999161e-02
1.020999999999999824e-01
8.190000000000001446e-02
8.099999999999998868e-02
1.237000000000000322e-01
6.299999999999998657e-02
1.293999999999999873e-01
1.682000000000000162e-01
2.061999999999999944e-01
6.670000000000000928e-02
1.316000000000000503e-01
8.780000000000000304e-02
9.710000000000000575e-02
5.229999999999995763e-02
8.940000000000003499e-02
1.220000000000000667e-01
6.940000000000003111e-02
3.900000000000008321e-02
1.182999999999999885e-01
8.980000000000001870e-02
1.281999999999999251e-01
5.369999999999995610e-02
1.340999999999999415e-01
8.309999999999999332e-02
1.014999999999999791e-01
1.115000000000000158e-01
1.017999999999999738e-01
7.020000000000001239e-02
4.160000000000003972e-02
7.750000000000008271e-02
9.729999999999992821e-02
1.037999999999999756e-01
9.409999999999998921e-02
8.739999999999997771e-02
9.650000000000005795e-02
1.513000000000000456e-01
1.531000000000000139e-01
1.117999999999999272e-01
6.729999999999994320e-02
4.719999999999999196e-02
1.082999999999999380e-01
9.819999999999998175e-02
1.185999999999999277e-01
5.909999999999990261e-02
5.770000000000004292e-02
1.142999999999999849e-01
1.830999999999999295e-01
1.245999999999999747e-01
9.149999999999999800e-02
9.810000000000002052e-02
6.480000000000010751e-02
1.251999999999999780e-01
1.744000000000000272e-01
6.119999999999994889e-02
9.430000000000005045e-02
1.745999999999999219e-01
1.166999999999999982e-01
7.029999999999993199e-02
8.169999999999996709e-02
7.960000000000007347e-02
1.047999999999998655e-01
1.012999999999999595e-01
7.909999999999998976e-02
5.589999999999997748e-02
5.090000000000000080e-02
9.060000000000001386e-02
8.030000000000001026e-02
6.740000000000002933e-02
8.280000000000001248e-02
2.019000000000000239e-01
1.319000000000000172e-01
1.399999999999999301e-01
9.290000000000001035e-02
9.760000000000000620e-02
3.720000000000003859e-02
1.382999999999999785e-01
1.246999999999999775e-01
