1.446999999999999953e-01
8.669999999999999929e-02
1.631999999999999840e-01
1.669999999999999818e-01
4.801000000000000822e-01
2.433000000000000163e-01
1.877000000000000057e-01
1.213999999999999940e-01
8.279999999999998472e-02
6.370000000000000662e-02
8.859999999999998432e-02
1.204999999999999960e-01
1.620999999999999941e-01
5.999999999999999778e-02
7.359999999999999876e-02
8.019999999999999352e-02
4.920000000000000762e-02
5.549999999999999378e-02
8.449999999999999178e-02
1.214999999999999969e-01
7.169999999999998597e-02
4.169999999999999402e-02
9.939999999999998836e-02
3.110000000000000958e-02
4.200000000000000261e-02
5.140000000000000124e-02
4.240000000000000019e-02
6.930000000000002824e-02
1.315999999999999948e-01
2.460999999999999854e-01
1.686000000000000276e-01
6.404000000000000803e-01
2.388999999999999735e-01
2.051999999999999935e-01
3.517000000000000126e-01
1.993000000000000049e-01
7.570000000000001728e-02
6.100000000000002642e-02
6.380000000000000948e-02
6.759999999999996567e-02
1.385000000000000120e-01
1.034999999999999809e-01
1.241000000000000159e-01
1.341999999999999860e-01
1.350000000000000366e-01
7.170000000000004148e-02
5.710000000000000492e-02
5.970000000000003082e-02
7.869999999999999218e-02
4.710000000000000991e-02
3.789999999999999619e-02
8.800000000000003653e-02
5.340000000000004465e-02
1.089000000000000246e-01
1.430999999999999217e-01
9.609999999999997711e-02
9.800000000000000377e-02
1.016000000000000236e-01
1.279999999999999749e-01
5.589999999999999136e-02
4.699999999999996542e-02
4.349999999999998312e-02
5.129999999999992899e-02
9.340000000000002467e-02
9.080000000000001958e-02
2.725000000000000200e-01
1.323999999999999067e-01
1.305999999999999384e-01
7.110000000000002429e-02
8.809999999999990061e-02
8.510000000000003673e-02
1.306999999999999551e-01
1.354000000000000759e-01
1.731000000000000039e-01
1.995000000000000107e-01
7.200000000000000844e-02
5.379999999999998672e-02
1.552000000000000324e-01
9.230000000000007643e-02
7.850000000000000033e-02
1.429999999999999605e-01
5.449999999999997902e-02
1.513000000000000178e-01
5.040000000000004199e-02
4.669999999999999152e-02
8.449999999999997791e-02
5.379999999999992427e-02
5.309999999999999443e-02
7.190000000000000557e-02
6.419999999999993767e-02
3.239999999999997049e-02
7.690000000000001001e-02
7.960000000000001796e-02
1.219000000000000639e-01
1.306999999999999829e-01
9.940000000000004388e-02
1.503000000000000447e-01
1.087000000000001021e-01
6.780000000000002691e-02
6.500000000000002998e-02
6.980000000000000093e-02
6.379999999999999560e-02
5.740000000000005514e-02
6.740000000000001545e-02
9.529999999999996807e-02
5.169999999999992657e-02
1.332999999999999741e-01
7.949999999999993183e-02
1.161000000000000504e-01
1.297000000000000375e-01
6.930000000000002824e-02
9.589999999999998526e-02
5.870000000000000911e-02
5.850000000000003114e-02
1.153000000000000413e-01
8.760000000000006670e-02
1.104000000000000398e-01
1.061999999999999889e-01
6.230000000000000121e-02
1.564000000000000945e-01
4.710000000000005849e-02
1.272999999999998855e-01
8.530000000000000082e-02
1.080999999999999461e-01
1.802999999999999603e-01
6.229999999999998733e-02
1.410000000000000142e-01
1.160000000000000336e-01
4.390000000000002234e-02
3.339999999999998526e-02
1.882000000000000339e-01
1.055999999999999994e-01
1.284000000000000141e-01
6.100000000000005418e-02
1.254000000000000115e-01
8.169999999999999485e-02
8.279999999999994309e-02
4.499999999999995670e-02
8.610000000000007925e-02
1.542999999999999372e-01
2.229000000000000148e-01
1.204000000000000348e-01
6.600000000000003086e-02
4.430000000000003380e-02
6.409999999999997644e-02
1.470000000000000473e-01
1.090999999999999887e-01
1.415999999999999481e-01
1.518000000000000460e-01
1.023000000000000159e-01
1.210999999999999993e-01
