1.270999999999999908e-01
2.621999999999999886e-01
2.871000000000000218e-01
1.773000000000000131e-01
1.239999999999999852e-01
3.559999999999999831e-01
1.090000000000000135e-01
5.699999999999997430e-02
7.459999999999999964e-02
2.494999999999999996e-01
8.779999999999998916e-02
1.920999999999999930e-01
1.876999999999999780e-01
1.578999999999999848e-01
1.116000000000000186e-01
1.140000000000000180e-01
1.796000000000000374e-01
1.265999999999999903e-01
1.790999999999999814e-01
1.683999999999999664e-01
1.125999999999999918e-01
1.390000000000000124e-01
1.674999999999999822e-01
1.194999999999999674e-01
1.026999999999999857e-01
9.940000000000003000e-02
1.155000000000000054e-01
2.499000000000000388e-01
1.373000000000000054e-01
1.520999999999999575e-01
2.035999999999999754e-01
7.420000000000001594e-02
1.202000000000000846e-01
2.587999999999999745e-01
2.421999999999999709e-01
2.484999999999999432e-01
3.735000000000000542e-01
1.300000000000000322e-01
8.190000000000001446e-02
1.222000000000000586e-01
1.004999999999999782e-01
9.230000000000004867e-02
1.279000000000000414e-01
1.959000000000000186e-01
1.899000000000000132e-01
1.068999999999999950e-01
5.440000000000002472e-02
1.017999999999999877e-01
3.097999999999999643e-01
1.746000000000000607e-01
5.454999999999999849e-01
2.247999999999999443e-01
3.270000000000000129e-01
1.184999999999999665e-01
8.508999999999999897e-01
6.875999999999999890e-01
1.352800000000000002e+00
8.315000000000001279e-01
1.079199999999999937e+00
3.629000000000000559e-01
3.491000000000000214e-01
1.249999999999999445e-01
1.913000000000001088e-01
8.120000000000002216e-02
3.899000000000001909e-01
1.002000000000000945e-01
2.210000000000001685e-01
2.023000000000000909e-01
2.199999999999999456e-01
1.011999999999999983e-01
1.162000000000000255e-01
1.376999999999998781e-01
2.135000000000001064e-01
3.999999999999998695e-02
5.730000000000000371e-02
1.363000000000001155e-01
8.129999999999990012e-02
5.129999999999990123e-02
1.163999999999998369e-01
1.806000000000000660e-01
1.482000000000000539e-01
9.220000000000008744e-02
2.014000000000000790e-01
1.222999999999999088e-01
1.443999999999999173e-01
8.370000000000014928e-02
1.053000000000000741e-01
1.666999999999999593e-01
8.510000000000000897e-02
5.370000000000012264e-02
2.830000000000006469e-02
3.970000000000004081e-02
9.899999999999994915e-02
1.001000000000000362e-01
1.196000000000000396e-01
6.580000000000009452e-02
1.288999999999999313e-01
1.365000000000001212e-01
1.769000000000001682e-01
1.636000000000002452e-01
6.900000000000000577e-02
1.247999999999999388e-01
5.949999999999985856e-02
2.338000000000000633e-01
7.019999999999990137e-02
3.319999999999993789e-02
6.029999999999990923e-02
6.649999999999989253e-02
8.719999999999994422e-02
1.032999999999999752e-01
4.919999999999999374e-02
3.919999999999995016e-02
1.048000000000000875e-01
1.335999999999999410e-01
7.420000000000001594e-02
8.500000000000000611e-02
2.048999999999999433e-01
1.301999999999998991e-01
5.419999999999988716e-02
7.549999999999992828e-02
1.106999999999999373e-01
6.679999999999999827e-02
7.720000000000012963e-02
1.715000000000001246e-01
1.817000000000001392e-01
1.345000000000001750e-01
1.028000000000000025e-01
6.020000000000007984e-02
8.690000000000004665e-02
7.689999999999985736e-02
1.020000000000000212e-01
1.073000000000000204e-01
1.062999999999999085e-01
1.147999999999999715e-01
1.026000000000000245e-01
2.880000000000004778e-02
2.061999999999998834e-01
5.819999999999989071e-02
2.492999999999999938e-01
9.680000000000012206e-02
1.072000000000000453e-01
8.090000000000011071e-02
1.001000000000001056e-01
1.263999999999998736e-01
8.479999999999993099e-02
9.070000000000004448e-02
8.210000000000010345e-02
1.006999999999999562e-01
1.103999999999999426e-01
7.359999999999985998e-02
8.150000000000012790e-02
