2.026999999999999913e-01
8.649999999999999356e-02
2.461999999999999744e-01
2.139000000000000068e-01
1.730000000000000426e-01
1.466999999999999693e-01
1.603999999999999870e-01
7.030000000000004301e-02
1.366999999999999882e-01
9.799999999999997602e-02
2.666000000000000036e-01
4.406999999999999251e-01
1.244000000000000217e+00
8.645000000000000462e-01
1.741999999999999993e+00
5.322999999999999954e-01
3.335000000000000187e-01
1.079999999999999710e-01
3.032000000000000250e-01
2.324999999999999845e-01
5.252999999999998781e-01
3.679000000000000048e-01
2.240999999999999936e-01
1.348999999999999366e-01
4.168000000000000593e-01
1.482999999999999874e-01
2.016999999999999904e-01
1.685000000000000109e-01
1.285000000000000031e-01
1.572000000000000064e-01
3.026999999999999691e-01
4.452000000000000401e-01
2.252000000000000390e-01
6.182999999999999607e-01
1.027100000000000124e+00
7.928000000000003933e-01
1.277000000000000357e+00
5.025000000000000355e+00
2.958000000000000185e+00
3.500000000000000888e-01
8.888999999999999124e-01
8.899000000000001354e-01
1.033999999999999808e+00
1.267799999999999372e+00
6.624999999999990896e-01
2.336000000000004739e-01
3.982999999999997098e-01
5.727999999999999758e-01
8.676999999999999158e-01
1.288000000000001921e-01
5.806999999999998829e-01
1.007800000000000473e+00
6.373999999999998556e-01
1.490999999999998993e-01
1.870999999999999885e-01
1.271999999999998132e-01
1.339000000000002411e-01
1.804999999999999938e-01
9.949999999999981082e-02
1.060999999999999721e-01
9.759999999999985354e-02
7.300000000000023137e-02
6.780000000000008242e-02
6.239999999999989999e-02
1.385999999999996679e-01
2.463000000000002965e-01
2.549999999999998379e-01
1.259000000000001784e-01
1.497999999999999332e-01
2.227999999999998870e-01
2.857000000000002871e-01
5.651999999999997026e-01
6.502999999999997671e-01
4.606999999999997208e-01
1.979400000000000048e+00
3.820000000000000284e+00
1.490600000000000147e+00
1.028300000000000658e+00
2.714299999999998825e+00
5.614000000000000101e-01
8.615999999999999215e-01
3.265900000000000247e+00
5.044900000000000162e+00
5.213699999999999335e+00
5.060999999999995502e-01
8.779700000000000060e+00
3.135200000000000209e+00
1.479999999999996874e-01
1.914000000000000146e-01
6.179999999999985505e-02
1.913999999999991264e-01
1.520000000000010232e-01
8.590000000000008740e-02
1.878000000000001890e-01
4.956000000000004846e-01
1.672999999999993381e-01
1.220999999999980989e-01
4.287000000000000810e-01
5.816000000000001169e-01
1.725800000000000001e+00
1.476199999999999957e+00
1.074699999999999545e+00
4.494999999999994555e-01
2.017000000000002125e-01
3.743000000000001881e-01
1.633999999999999897e-01
4.570000000000000728e-01
7.556000000000003824e-01
3.120999999999992669e-01
2.412999999999991818e-01
1.752999999999996783e-01
9.840000000000015401e-02
4.380000000000017213e-02
3.001999999999996893e-01
2.865000000000008651e-01
1.056499999999999329e+00
4.326000000000000956e-01
3.009000000000007224e-01
4.378999999999997339e-01
2.844999999999996421e-01
4.652000000000002800e-01
2.389000000000001123e-01
2.333000000000000629e-01
3.290999999999992820e-01
3.049000000000001709e-01
7.500000000000017764e-02
1.416000000000000592e-01
1.912000000000003697e-01
6.018999999999995465e-01
2.687000000000003830e-01
2.250000000000001998e-01
2.415999999999995929e-01
6.315999999999997172e-01
5.986999999999996769e-01
4.821000000000003061e-01
2.160999999999997367e-01
1.287499999999999201e+00
9.837000000000004629e-01
4.628000000000007663e-01
6.305000000000003935e-01
9.149999999999980371e-02
1.166999999999991378e-01
3.875000000000001776e-01
4.301000000000000933e-01
2.223000000000006082e-01
5.383999999999997677e-01
1.344699999999999562e+00
2.339900000000000091e+00
2.165500000000000203e+00
7.047999999999999821e-01
2.763999999999999790e-01
