1.209999999999999964e-01
1.121000000000000052e-01
3.275999999999999468e-01
1.454000000000000015e-01
1.531000000000000139e-01
2.035000000000000142e-01
1.068000000000000060e-01
3.213999999999999635e-01
1.859999999999999709e-01
3.199999999999999512e-01
2.746999999999999442e-01
1.355999999999999983e-01
1.004000000000000031e-01
6.070000000000001089e-02
5.900000000000000383e-02
9.010000000000001341e-02
7.449999999999998290e-02
8.680000000000000215e-02
4.249999999999998224e-02
3.467000000000000082e-01
2.389000000000000290e-01
2.027999999999999803e-01
8.680000000000001603e-02
1.267999999999999960e-01
2.636000000000000010e-01
3.964999999999999636e-01
2.743999999999999773e-01
1.537999999999999923e-01
1.922999999999999987e-01
7.006999999999998785e-01
2.949999999999999845e-01
2.716000000000000081e-01
9.189999999999999558e-02
8.569999999999998452e-02
1.986000000000000265e-01
8.048999999999999488e-01
1.115799999999999903e+00
1.374200000000000088e+00
6.190999999999999837e-01
2.999999999999999334e-01
8.560000000000003717e-02
2.513999999999999568e-01
9.935999999999999277e-01
1.420250000000000057e+01
1.211620000000000097e+01
8.736000000000000432e-01
4.776000000000000245e-01
1.143999999999998629e-01
6.017000000000000126e-01
6.519999999999999130e-01
3.239999999999990804e-02
8.510000000000002285e-02
5.309999999999985565e-02
7.150000000000011902e-02
8.689999999999993563e-02
1.458000000000000407e-01
9.409999999999993370e-02
1.511999999999999178e-01
6.106000000000000316e-01
6.387000000000000455e-01
4.015000000000000235e-01
4.620999999999999552e-01
4.456999999999999296e-01
1.263499999999999845e+00
5.276000000000000689e-01
1.861000000000000432e-01
3.658000000000000695e-01
3.152000000000000912e-01
8.229999999999998428e-02
7.030000000000002913e-02
1.433000000000000662e-01
1.590000000000000024e-01
2.038999999999999702e-01
1.205000000000000793e-01
1.154999999999999361e-01
6.035000000000000364e-01
9.866999999999999105e-01
2.395000000000000184e-01
1.877000000000000057e-01
2.317000000000000448e-01
5.795999999999998931e-01
3.640000000000000457e-01
1.897999999999999132e-01
2.058000000000000385e-01
2.558000000000000274e-01
7.549000000000000155e-01
1.895000000000000573e-01
2.978000000000001202e-01
6.315000000000001723e-01
4.714999999999999192e-01
1.491999999999998883e-01
2.068000000000000949e-01
6.779999999999999916e-02
1.451000000000000068e-01
1.192000000000000282e-01
2.216000000000000469e-01
1.060000000000000109e-01
8.247999999999998666e-01
3.279499999999999638e+00
7.365000000000003766e-01
9.947999999999996845e-01
1.457999999999995966e-01
1.646000000000000796e-01
3.159999999999998921e-01
3.668999999999998929e-01
2.243000000000001659e-01
1.317999999999998340e-01
1.810000000000001330e-01
2.730999999999999539e-01
6.336999999999998190e-01
1.247199999999999864e+00
2.562999999999996392e-01
4.313000000000000722e-01
3.415000000000000258e-01
6.405000000000001803e-01
2.382400000000000517e+00
1.237600000000000033e+00
7.189999999999999725e-01
3.279999999999999583e-01
3.767000000000000348e-01
2.115999999999998438e-01
1.297999999999998044e-01
1.076999999999997404e-01
2.866999999999998994e-01
3.382000000000000561e-01
2.654999999999998472e-01
1.823000000000000176e-01
2.478000000000001313e-01
2.568999999999999617e-01
5.537999999999998479e-01
3.712999999999997969e-01
1.812000000000003053e-01
7.220000000000009743e-02
3.662000000000001365e-01
7.769999999999988027e-02
8.099999999999973888e-02
2.119000000000002548e-01
1.831000000000001515e-01
5.301999999999997826e-01
4.872000000000002440e-01
2.403999999999998360e-01
2.935000000000001497e-01
1.152000000000001356e-01
1.642000000000002347e-01
3.468999999999999861e-01
1.561999999999998390e-01
2.863000000000001100e-01
4.021999999999998909e-01
9.139999999999975921e-02
1.939000000000005164e-01
9.230000000000043725e-02
