2.086000000000000076e-01
1.472999999999999865e-01
1.390000000000000124e-01
2.773999999999999799e-01
2.389999999999999902e-01
2.530000000000000027e-01
2.743999999999999773e-01
5.595999999999999863e-01
2.288999999999999924e-01
1.947000000000000397e-01
1.604000000000000148e-01
2.948999999999999955e-01
1.355000000000000093e-01
3.215000000000000080e-01
3.077000000000000290e-01
2.011999999999999622e-01
2.534000000000000141e-01
2.641000000000000014e-01
2.492999999999999661e-01
3.722999999999999643e-01
2.140000000000000235e-01
3.979000000000000314e-01
3.180999999999999384e-01
2.585999999999999410e-01
1.595000000000000306e-01
1.131999999999999396e-01
2.107999999999999596e-01
2.492999999999999938e-01
3.840999999999999970e-01
3.915000000000000147e-01
1.754000000000000004e-01
9.969999999999999696e-02
9.669999999999999429e-02
8.780000000000003080e-02
1.586000000000000465e-01
4.738999999999999879e-01
4.197999999999999510e-01
2.404000000000000026e-01
1.066000000000000419e-01
7.659999999999994591e-02
1.103999999999999287e-01
4.454000000000000181e-01
3.481999999999999540e-01
3.839000000000000190e-01
1.377000000000000446e-01
3.743999999999999551e-01
9.920000000000005203e-02
1.302999999999999992e-01
5.759999999999997761e-02
1.832000000000000295e-01
1.444999999999999896e-01
7.040000000000003200e-02
1.290000000000000036e-01
1.811000000000000110e-01
3.228000000000000869e-01
4.695000000000000839e-01
2.682999999999999829e-01
3.684000000000000052e-01
3.127999999999999670e-01
3.368999999999999773e-01
2.616999999999999882e-01
1.487999999999999601e-01
3.072999999999999621e-01
1.509999999999999676e-01
2.545999999999999930e-01
1.084999999999999992e-01
9.690000000000002778e-02
7.879999999999998117e-02
1.194999999999999812e-01
9.273000000000000131e-01
2.518000000000000793e-01
4.692000000000000060e-01
4.475000000000000089e-01
1.151999999999999830e-01
2.697000000000000508e-01
5.457999999999999519e-01
2.649999999999999023e-01
4.483000000000000318e-01
2.708000000000000407e-01
2.290999999999999703e-01
4.086000000000000743e-01
3.097999999999999643e-01
2.404999999999999638e-01
7.328000000000000069e-01
2.245999999999999941e-01
2.554999999999999494e-01
3.818000000000000838e-01
2.417999999999999872e-01
2.531999999999999806e-01
5.824000000000000288e-01
4.769999999999999796e-01
5.278000000000000469e-01
1.363999999999999657e-01
1.565999999999999892e-01
1.869999999999999996e-01
2.987999999999999545e-01
4.465000000000000080e-01
3.087000000000000299e-01
4.057999999999999940e-01
2.500999999999999335e-01
3.323000000000000398e-01
1.902999999999999969e-01
2.011000000000000287e-01
1.910999999999999921e-01
2.458000000000000185e-01
2.488000000000000211e-01
3.019999999999999352e-01
2.308000000000000329e-01
2.785999999999999588e-01
2.600999999999998868e-01
1.847999999999999643e-01
2.062999999999999834e-01
1.645000000000000906e-01
2.301000000000000822e-01
7.919999999999989548e-02
1.030000000000000360e-01
1.465000000000000191e-01
1.750000000000000167e-01
4.265999999999999792e-01
2.798999999999999821e-01
2.862000000000000099e-01
1.078999999999999682e-01
1.896000000000000185e-01
2.038000000000000644e-01
3.301999999999998825e-01
3.173999999999999044e-01
3.037000000000001920e-01
2.528000000000000802e-01
1.715000000000000691e-01
1.939999999999998948e-01
1.820000000000001061e-01
1.754000000000000559e-01
1.835000000000001075e-01
1.365000000000000657e-01
5.292000000000000037e-01
3.279999999999999583e-01
5.246000000000000663e-01
2.718999999999999750e-01
2.696999999999999398e-01
5.441000000000000281e-01
2.880999999999999672e-01
2.384999999999999898e-01
1.779999999999998805e-01
5.770000000000002210e-02
1.901999999999999802e-01
1.995000000000000107e-01
2.690000000000000169e-01
2.335999999999999743e-01
2.573000000000000842e-01
1.879000000000000115e-01
1.699999999999999567e-01
