1.715000000000000135e-01
1.338000000000000023e-01
1.668999999999999928e-01
1.228999999999999954e-01
1.381000000000000005e-01
1.929000000000000159e-01
1.509000000000000064e-01
1.764999999999999902e-01
5.852999999999999314e-01
2.369999999999999885e-01
9.969999999999998308e-02
7.079999999999998794e-02
8.499999999999999223e-02
2.306999999999999884e-01
2.262000000000000122e-01
8.349999999999997702e-02
1.078000000000000069e-01
1.223000000000000059e-01
1.381000000000000005e-01
7.899999999999993139e-02
8.879999999999997617e-02
8.199999999999998956e-02
9.580000000000001015e-02
9.100000000000003919e-02
1.155000000000000054e-01
2.131000000000000116e-01
6.060000000000001497e-02
1.172000000000000125e-01
4.919999999999996598e-02
1.659999999999999531e-01
7.650000000000001243e-02
5.849999999999996869e-02
1.928999999999999604e-01
1.231000000000000150e-01
9.380000000000000837e-02
1.559000000000000385e-01
9.080000000000001958e-02
9.339999999999998304e-02
1.496999999999999997e-01
2.285999999999999421e-01
1.733999999999999431e-01
1.854999999999999982e-01
1.694000000000000505e-01
3.463000000000000522e-01
2.738000000000000433e-01
1.705000000000000127e-01
1.773999999999999744e-01
2.013999999999999402e-01
1.634999999999999787e-01
1.759000000000000008e-01
1.972000000000000419e-01
2.381000000000001171e-01
1.487000000000000544e-01
1.535000000000000253e-01
2.430000000000000215e-01
2.399000000000000299e-01
1.708999999999999964e-01
2.132000000000000006e-01
1.765000000000000180e-01
1.697000000000000175e-01
2.368000000000000105e-01
1.775000000000000466e-01
2.641999999999999904e-01
2.137000000000000011e-01
1.973000000000000032e-01
2.963999999999999968e-01
1.596999999999999253e-01
9.889999999999998792e-02
2.100000000000000755e-01
3.701999999999999735e-01
2.063000000000000389e-01
1.154999999999999916e-01
1.408000000000000917e-01
1.910000000000001141e-01
2.174000000000000377e-01
9.160000000000001474e-02
6.859999999999995268e-02
1.340000000000000080e-01
7.480000000000011640e-02
8.260000000000006226e-02
5.149999999999999023e-02
4.800000000000003569e-02
1.051000000000000267e-01
9.439999999999995617e-02
8.699999999999999400e-02
2.395000000000000739e-01
9.302999999999999048e-01
4.469500000000000028e+00
2.195100000000000051e+00
3.527000000000001245e-01
1.288999999999997370e-01
1.555000000000000271e-01
2.663999999999998591e-01
5.879999999999996341e-02
4.399999999999998357e-02
6.707999999999999519e-01
2.552999999999999714e-01
2.307000000000000994e-01
6.289999999999983105e-02
1.469999999999999640e-01
3.570000000000000950e-01
2.277000000000000135e-01
1.300999999999999934e-01
1.885000000000000564e-01
6.889999999999982250e-02
1.646999999999999853e-01
3.152000000000000912e-01
4.698999999999999289e-01
8.383999999999999231e-01
5.055000000000000604e-01
6.147999999999999021e-01
1.713500000000000245e+00
6.233999999999999542e-01
3.417000000000001148e-01
3.060999999999999277e-01
1.949000000000000454e-01
2.802000000000000046e-01
1.240000000000000546e-01
1.065000000000001501e-01
5.820000000000008500e-02
5.470000000000008189e-02
9.510000000000007336e-02
1.738000000000001766e-01
8.929999999999982396e-02
4.659999999999997478e-02
7.310000000000019260e-02
4.229999999999989324e-02
7.659999999999983489e-02
2.799999999999991385e-02
4.569999999999996287e-02
3.559999999999999276e-02
6.579999999999980309e-02
5.019999999999996687e-02
1.125999999999999779e-01
5.519999999999986029e-02
1.254000000000000115e-01
8.389999999999991909e-02
6.959999999999988418e-02
8.070000000000002172e-02
5.600000000000013300e-02
5.110000000000006204e-02
2.211999999999999522e-01
7.480000000000011640e-02
5.700000000000002287e-02
5.729999999999993432e-02
4.310000000000002718e-02
5.059999999999997833e-02
7.200000000000009170e-02
9.719999999999984208e-02
7.439999999999999392e-02
2.510000000000009446e-02
