3.859999999999999543e-02
1.929000000000000159e-01
1.282999999999999696e-01
1.231000000000000011e-01
6.060000000000000109e-02
3.080000000000000099e-02
7.209999999999999742e-02
2.669000000000000261e-01
3.338999999999999746e-01
3.410999999999999588e-01
1.250000000000000000e-01
8.889999999999999292e-02
5.910000000000000669e-02
1.069999999999999840e-01
1.562000000000000055e-01
1.752000000000000224e-01
7.730000000000000759e-02
3.369999999999995222e-02
8.270000000000002349e-02
9.829999999999999849e-02
4.610000000000001597e-02
5.399999999999996469e-02
5.800000000000002376e-02
1.389999999999999847e-01
8.400000000000003297e-02
1.569000000000000394e-01
1.935000000000000053e-01
8.840000000000002023e-02
7.880000000000000893e-02
8.390000000000001623e-02
2.401000000000000079e-01
2.046999999999999931e-01
9.900000000000000466e-02
1.151000000000000079e-01
8.600000000000000699e-02
5.520000000000003376e-02
8.130000000000002502e-02
4.040000000000000535e-02
2.780000000000001220e-02
1.146999999999999548e-01
4.450000000000002565e-02
3.559999999999995807e-02
7.530000000000000582e-02
5.280000000000000665e-02
3.780000000000002108e-02
5.120000000000000245e-02
7.780000000000003579e-02
5.219999999999996171e-02
2.134000000000000341e-01
2.588999999999999635e-01
4.846000000000000307e-01
1.520999999999999575e-01
1.118000000000000105e-01
2.146000000000000407e-01
5.410000000000003695e-02
1.387999999999999790e-01
7.600000000000001199e-02
6.429999999999996829e-02
3.579999999999999155e-02
7.250000000000000888e-02
6.819999999999995510e-02
7.490000000000000824e-02
1.118999999999999717e-01
8.299999999999999045e-02
7.050000000000003486e-02
6.839999999999998859e-02
5.310000000000002912e-02
6.399999999999998745e-02
4.359999999999999987e-02
8.789999999999996427e-02
9.139999999999998126e-02
5.810000000000002662e-02
5.690000000000004776e-02
3.990000000000001878e-02
7.880000000000003668e-02
1.636000000000000509e-01
5.249999999999999806e-02
7.359999999999999876e-02
5.170000000000003759e-02
4.379999999999997784e-02
4.610000000000000209e-02
5.399999999999999245e-02
7.569999999999996176e-02
7.189999999999999170e-02
8.240000000000002878e-02
7.359999999999997100e-02
9.089999999999999469e-02
1.080000000000000127e-01
1.047999999999999904e-01
4.869999999999999329e-02
7.860000000000003095e-02
1.087000000000000188e-01
6.380000000000000948e-02
4.389999999999997377e-02
1.116999999999999799e-01
9.929999999999992999e-02
4.479999999999998567e-02
3.410000000000000531e-02
5.140000000000000124e-02
1.005000000000000199e-01
4.939999999999998559e-02
1.488000000000000711e-01
1.920000000000000318e-01
1.546000000000000152e-01
9.370000000000001938e-02
8.579999999999998739e-02
1.301999999999999824e-01
6.699999999999999012e-02
1.647000000000000131e-01
3.630000000000005445e-02
1.643999999999999906e-01
9.529999999999999583e-02
8.710000000000002462e-02
3.128000000000000225e-01
8.281999999999999362e-01
4.165999999999999703e-01
2.209999999999999742e-01
1.703999999999999959e-01
6.220000000000004692e-02
7.810000000000004439e-02
1.447999999999999565e-01
1.622999999999999721e-01
1.113000000000000100e-01
1.160999999999999671e-01
4.550000000000002653e-02
1.952999999999999736e-01
9.519999999999997908e-02
5.429999999999995247e-02
2.789999999999992486e-02
7.070000000000005447e-02
2.609999999999998432e-02
6.329999999999996740e-02
1.277000000000000357e-01
3.869999999999998441e-02
3.690000000000008551e-02
6.339999999999994251e-02
7.469999999999996088e-02
5.240000000000001601e-02
5.520000000000004070e-02
4.099999999999995315e-02
1.641999999999999571e-01
3.488999999999999879e-01
3.037000000000000810e-01
2.256000000000000227e-01
7.009999999999996789e-02
1.882000000000000339e-01
1.875999999999999612e-01
7.649999999999998468e-02
6.890000000000004454e-02
1.181000000000000105e-01
7.729999999999997984e-02
