4.929999999999999660e-02
1.055999999999999994e-01
1.173999999999999905e-01
7.389999999999999347e-02
7.220000000000001417e-02
8.609999999999999598e-02
9.359999999999998876e-02
8.699999999999998013e-02
8.139999999999998626e-02
5.859999999999999931e-02
7.889999999999999791e-02
5.060000000000000608e-02
5.529999999999999499e-02
6.729999999999998483e-02
1.832000000000000017e-01
1.496999999999999720e-01
1.019000000000000045e-01
2.706000000000000627e-01
2.198999999999999844e-01
1.010000000000000064e-01
4.040000000000000535e-02
1.081999999999999906e-01
1.758000000000000396e-01
1.124999999999999889e-01
6.750000000000000444e-02
8.160000000000000586e-02
7.109999999999999654e-02
1.197999999999999898e-01
1.122000000000000081e-01
6.809999999999999387e-02
1.504999999999999671e-01
1.158999999999999753e-01
7.460000000000002740e-02
1.211999999999999883e-01
8.049999999999998823e-02
4.999999999999998196e-02
8.580000000000001514e-02
1.276999999999999802e-01
1.520000000000000240e-01
1.240999999999999742e-01
3.890000000000004565e-02
2.121000000000000107e-01
2.004000000000000226e-01
1.510000000000000231e-01
2.413999999999999480e-01
1.079999999999999571e-01
9.320000000000000506e-02
2.456000000000000127e-01
1.079199999999999937e+00
5.976000000000001311e-01
3.125000000000000000e-01
1.791999999999999704e-01
1.514000000000000623e-01
1.031999999999999584e-01
2.779999999999994975e-02
6.230000000000003590e-02
1.888999999999999846e-01
1.506999999999999174e-01
1.028000000000000302e-01
1.149000000000000021e-01
2.939000000000000501e-01
2.491999999999999771e-01
8.900000000000005129e-02
5.750000000000003719e-02
2.976999999999998536e-01
2.058000000000000940e-01
1.590000000000000024e-01
1.887000000000000344e-01
1.497999999999999055e-01
1.490999999999999548e-01
1.692999999999999505e-01
1.168000000000000427e-01
1.294000000000000983e-01
7.829999999999989746e-02
3.545000000000000928e-01
2.453000000000000735e-01
1.006000000000000366e-01
5.749999999999996086e-02
8.169999999999999485e-02
1.194000000000000339e-01
1.277000000000000079e-01
9.489999999999999825e-02
7.149999999999998024e-02
2.993999999999999995e-01
1.455000000000000182e-01
8.909999999999998477e-02
7.110000000000002429e-02
1.305000000000000049e-01
2.245000000000000329e-01
1.117999999999999966e-01
6.070000000000001089e-02
1.004000000000000031e-01
8.579999999999997351e-02
1.919999999999999762e-01
1.097999999999999948e-01
1.320000000000000340e-01
1.041999999999999871e-01
9.330000000000000793e-02
6.969999999999999807e-02
1.421999999999999931e-01
9.012000000000000011e-01
8.388999999999999790e-01
7.881999999999997897e-01
2.104000000000000314e-01
1.019100000000000117e+00
5.325999999999999623e-01
1.675000000000000655e-01
7.980000000000000981e-02
1.172000000000000541e-01
2.333000000000000351e-01
7.570000000000011442e-02
2.643000000000000904e-01
4.449999999999998401e-01
5.839999999999998526e-01
8.096000000000000973e-01
2.173999999999998434e-01
1.097000000000000752e-01
9.679999999999995552e-02
1.558000000000001051e-01
1.097999999999999532e-01
6.790000000000011304e-02
5.191999999999999948e-01
2.868999999999999329e-01
1.525000000000001354e-01
4.599999999999997841e-02
6.630000000000002558e-02
7.850000000000005584e-02
7.310000000000003995e-02
3.149999999999998634e-02
2.539999999999990182e-02
4.109999999999973397e-02
8.410000000000007747e-02
6.680000000000002602e-02
5.660000000000005999e-02
3.959999999999998244e-02
8.660000000000009357e-02
4.370000000000010681e-02
3.869999999999999135e-02
5.630000000000011384e-02
1.244000000000001077e-01
7.279999999999997584e-02
3.899999999999998607e-02
6.169999999999992851e-02
4.279999999999981736e-02
5.600000000000007055e-02
1.640000000000001179e-01
6.986999999999998767e-01
2.496000000000000441e-01
2.648000000000000909e-01
1.220999999999999308e-01
5.619999999999996526e-02
