9.839999999999998748e-02
1.088000000000000078e-01
2.639000000000000234e-01
3.947999999999999843e-01
1.906999999999999806e-01
1.685000000000000386e-01
8.619999999999997109e-02
7.610000000000000098e-02
9.380000000000002225e-02
1.903999999999999582e-01
9.360000000000001652e-02
1.097000000000000336e-01
1.207999999999999907e-01
1.965999999999999970e-01
4.110000000000001846e-02
8.020000000000002127e-02
8.699999999999998013e-02
9.790000000000000091e-02
9.020000000000000240e-02
8.180000000000001159e-02
7.039999999999999036e-02
2.296999999999999875e-01
9.750000000000000333e-02
3.689999999999998836e-02
7.510000000000000009e-02
7.250000000000000888e-02
9.289999999999998259e-02
7.159999999999999698e-02
4.159999999999998421e-02
1.460999999999999799e-01
1.363999999999999380e-01
1.056999999999999745e-01
2.513999999999999568e-01
3.005999999999999783e-01
1.678000000000000047e-01
1.699999999999999289e-01
1.297000000000000930e-01
1.041000000000000258e-01
8.309999999999997944e-02
1.569999999999999174e-01
9.269999999999997686e-02
1.297000000000000375e-01
7.400000000000002409e-02
1.131000000000000477e-01
4.390000000000005009e-02
9.139999999999998126e-02
1.062000000000000166e-01
1.025999999999999968e-01
1.005000000000000060e-01
5.449999999999995820e-02
1.136000000000000620e-01
3.289999999999999591e-01
5.989999999999999769e-01
3.894999999999999574e-01
4.097999999999999976e-01
4.173000000000000043e-01
2.721000000000000085e-01
1.726999999999999924e-01
1.206000000000000127e-01
1.187999999999999889e-01
1.242000000000000048e-01
1.151000000000000079e-01
1.228000000000000203e-01
1.790000000000000480e-01
4.098999999999999866e-01
9.222000000000000197e-01
4.752000000000000668e-01
3.231000000000001093e-01
3.755999999999999894e-01
3.575999999999999179e-01
1.411000000000000587e-01
1.238999999999998991e-01
9.840000000000004299e-02
1.811999999999999722e-01
1.993999999999999939e-01
7.409999999999991593e-02
2.237999999999999712e-01
7.059000000000000830e-01
2.592999999999999194e-01
1.544999999999999984e-01
1.567000000000001447e-01
1.498999999999999222e-01
1.965999999999998582e-01
2.381000000000000338e-01
1.690999999999998615e-01
2.446000000000000951e-01
1.852999999999997982e-01
2.795000000000000817e-01
1.390000000000000679e-01
4.350000000000003864e-02
9.380000000000021654e-02
1.625000000000000611e-01
2.829999999999999183e-01
7.872999999999999998e-01
9.391000000000000458e-01
6.160999999999999810e-01
2.595999999999999974e-01
1.294999999999999762e-01
9.669999999999989715e-02
1.426999999999999935e-01
1.331999999999999851e-01
7.760000000000000231e-02
2.386000000000000620e-01
2.859000000000000430e-01
3.654000000000000026e-01
3.848000000000000309e-01
7.498000000000000220e-01
4.223999999999999977e-01
2.973999999999999977e-01
1.368999999999999939e-01
2.006999999999999895e-01
2.852000000000000091e-01
3.831000000000001071e-01
5.214000000000000856e-01
4.055999999999999051e-01
4.955999999999999295e-01
1.226000000000000284e-01
1.054999999999998855e-01
1.132000000000000367e-01
3.074999999999999956e-01
1.472999999999999587e-01
2.839999999999999747e-01
2.271000000000001073e-01
9.700000000000011391e-02
4.839999999999997082e-02
1.468000000000001248e-01
7.000000000000008993e-02
7.314000000000001611e-01
2.563000000000000833e-01
1.999000000000000776e-01
1.166000000000000647e-01
1.346999999999997644e-01
1.114000000000000545e-01
3.678000000000000158e-01
1.532000000000000584e-01
9.739999999999987557e-02
1.608999999999999875e-01
4.638999999999999235e-01
1.947999999999999732e-01
1.392999999999999239e-01
8.330000000000012395e-02
9.799999999999994826e-02
1.385999999999999455e-01
4.849999999999984879e-02
2.900000000000008127e-02
1.244000000000001216e-01
1.135999999999998678e-01
5.160000000000011799e-02
6.999999999999967359e-02
7.850000000000012523e-02
5.389999999999980917e-02
