4.709000000000000408e-01
2.974999999999999867e-01
2.221000000000000196e-01
6.902000000000000357e-01
4.548499999999999766e+00
1.982300000000000173e+00
2.798400000000000887e+00
1.767700000000000049e+00
1.427400000000000002e+00
3.060999999999998722e-01
4.550999999999999490e-01
6.198000000000000176e-01
8.730999999999999872e-01
2.881999999999999007e-01
2.790999999999997927e-01
4.911000000000000920e-01
2.403000000000000413e-01
1.274999999999999467e-01
2.228000000000000536e-01
8.870000000000002882e-02
1.924000000000000710e-01
1.477999999999999592e-01
4.069999999999979190e-02
1.137000000000001620e-01
1.414000000000001089e-01
1.594999999999999196e-01
1.778000000000000413e-01
4.282000000000000250e-01
3.602999999999999536e-01
1.580000000000001126e-01
4.165000000000000924e-01
3.093000000000001304e-01
2.002999999999999503e-01
5.906000000000001249e-01
4.261999999999999122e-01
8.910000000000008191e-02
3.506999999999997897e-01
3.211000000000000520e-01
3.477999999999998870e-01
2.226999999999999535e-01
3.229000000000000759e-01
8.549999999999990941e-02
4.515999999999998904e-01
1.271999999999999797e-01
2.996000000000001995e-01
2.759000000000000341e-01
1.180799999999999850e+00
5.281000000000000139e-01
7.817000000000000615e-01
2.513300000000000090e+00
1.891099999999999781e+00
3.070000000000001616e-01
2.734000000000001984e-01
1.410000000000001530e-01
1.837999999999999357e-01
2.221999999999999531e-01
5.192999999999999838e-01
8.648000000000001242e-01
4.663999999999999813e-01
1.827000000000001123e-01
1.232999999999997709e-01
6.769999999999994078e-02
6.032000000000000695e-01
3.280999999999998917e-01
1.920999999999998820e-01
2.526000000000001577e-01
5.465999999999999748e-01
6.361999999999998767e-01
3.738999999999999546e-01
8.790999999999998815e-01
9.727999999999998870e-01
4.470999999999999419e-01
1.067599999999999882e+00
3.852799999999999336e+00
4.626699999999999591e+00
7.408000000000001251e-01
2.798300000000000232e+00
1.349499999999999922e+00
5.715799999999999770e+00
1.444300000000000583e+00
1.012399999999999967e+00
1.525200000000000333e+00
9.430999999999998273e-01
1.521000000000000130e-01
6.082999999999999519e-01
1.116999999999999993e+00
4.783999999999999919e-01
4.540000000000000702e-01
2.642000000000000459e-01
1.428499999999999881e+00
2.062699999999999978e+00
2.799999999999998601e-01
7.969999999999999307e-01
5.432999999999998941e-01
9.045000000000000817e-01
1.983000000000000318e-01
3.026000000000001466e-01
1.268600000000000172e+00
1.056799999999999962e+00
3.136000000000001009e-01
1.136000000000000620e-01
1.000999999999999668e-01
1.180999999999999273e-01
1.748000000000000664e-01
2.016000000000001680e-01
2.163000000000001866e-01
2.903000000000001690e-01
2.003000000000001446e-01
1.494999999999999385e-01
2.295999999999999985e-01
1.067999999999999644e-01
1.467400000000000038e+00
2.667699999999999960e+00
1.763400000000000079e+00
8.249999999999999556e-01
2.627000000000000446e-01
1.188100000000000156e+00
1.399000000000001909e-01
8.669000000000000039e-01
5.594999999999998863e-01
2.786000000000000698e-01
7.782000000000000028e-01
1.534699999999999953e+00
1.889659999999999940e+01
1.158480000000000132e+01
3.052000000000001378e-01
4.113000000000004430e-01
4.906999999999999140e-01
1.461999999999997468e-01
2.482000000000001705e-01
3.642999999999998462e-01
8.460000000000014730e-02
8.959999999999976317e-02
1.864000000000000379e-01
2.009900000000000020e+00
9.446999999999996511e-01
3.725000000000001088e-01
2.748000000000000442e-01
9.030000000000017180e-02
3.780000000000004190e-02
8.259999999999981246e-02
1.307000000000002327e-01
3.363000000000001544e-01
5.129000000000001336e-01
9.835000000000001519e-01
1.965299999999999603e+00
7.690999999999997838e-01
2.221999999999998143e-01
9.910000000000011855e-02
9.730000000000009475e-02
2.229999999999998650e-01
