1.525999999999999857e-01
1.231000000000000150e-01
2.165000000000000258e-01
1.209999999999999964e-01
2.691000000000000059e-01
3.332999999999999852e-01
1.209000000000000491e-01
1.444000000000000283e-01
2.882000000000000117e-01
2.881000000000000227e-01
2.246999999999999831e-01
1.621000000000000218e-01
3.185000000000000053e-01
1.751000000000000334e-01
1.495999999999999830e-01
3.795000000000000040e-01
1.313000000000000000e-01
1.093000000000000499e-01
1.128000000000000114e-01
2.223000000000000254e-01
9.959999999999996634e-02
1.979999999999999816e-01
2.638999999999999679e-01
1.082000000000000323e-01
9.239999999999998215e-02
7.229999999999997540e-02
9.839999999999998748e-02
1.216999999999999471e-01
1.405999999999999750e-01
1.139999999999999902e-01
5.490000000000005986e-02
4.386999999999999789e-01
3.688999999999999502e-01
1.797000000000000264e-01
6.332000000000000961e-01
4.496999999999999886e-01
5.709999999999999520e-01
4.512999999999999790e-01
5.595999999999999863e-01
1.621000000000000218e-01
1.844000000000000083e-01
4.321000000000000396e-01
2.580999999999999961e-01
1.391999999999999904e-01
1.822999999999999621e-01
1.709999999999999853e-01
1.519000000000000350e-01
3.114000000000000101e-01
5.070000000000001589e-02
1.240999999999999465e-01
6.559999999999997777e-02
1.593999999999999861e-01
7.080000000000002958e-02
1.385000000000000120e-01
1.971999999999999309e-01
5.149999999999993472e-02
1.094000000000000250e-01
3.511999999999999567e-01
1.951999999999999569e-01
1.480999999999999539e-01
1.398000000000000353e-01
1.388000000000000345e-01
1.726999999999999647e-01
2.422999999999999599e-01
1.626999999999999558e-01
1.785000000000001030e-01
1.180999999999999828e-01
4.590000000000003105e-02
1.376999999999999891e-01
1.619000000000000439e-01
4.092999999999999972e-01
2.550000000000000044e-01
3.063000000000000167e-01
2.906000000000000250e-01
2.491999999999999771e-01
2.276000000000000245e-01
8.879999999999997617e-02
6.809999999999999387e-02
4.858999999999999986e-01
5.996000000000000218e-01
1.510999999999999566e-01
1.105000000000000149e-01
1.262000000000000344e-01
1.711000000000000021e-01
2.165000000000000258e-01
5.057000000000000384e-01
2.358999999999999986e-01
1.337000000000000133e-01
8.869999999999997331e-02
1.405000000000000138e-01
1.629999999999999782e-01
2.509000000000000119e-01
1.041999999999999871e-01
1.322000000000000397e-01
2.912000000000000144e-01
8.960000000000001297e-02
3.513000000000000567e-01
2.230999999999999928e-01
1.555999999999999606e-01
8.079999999999999682e-02
7.329999999999996241e-02
1.429999999999999605e-01
1.858999999999999819e-01
2.792000000000000037e-01
3.174000000000000155e-01
2.918000000000000038e-01
2.341999999999999915e-01
1.006000000000000089e-01
2.958000000000000074e-01
3.270999999999999464e-01
1.899999999999999745e-01
1.074000000000000510e-01
9.239999999999998215e-02
2.263000000000000012e-01
9.469999999999999252e-02
1.405000000000000138e-01
4.339999999999998720e-02
1.272000000000000353e-01
8.848000000000000309e-01
6.046000000000001373e-01
2.731000000000001204e-01
1.576000000000000179e-01
2.098000000000000143e-01
2.475999999999999590e-01
2.308000000000000607e-01
3.129000000000000115e-01
3.539999999999999813e-01
4.022000000000000020e-01
1.969999999999999807e-01
2.962000000000000743e-01
1.667999999999999483e-01
5.910000000000003445e-02
1.297000000000000097e-01
1.453000000000000402e-01
1.891999999999999515e-01
9.550000000000000155e-02
1.487999999999999601e-01
2.770999999999999575e-01
1.563999999999999835e-01
1.550999999999999324e-01
9.760000000000006171e-02
2.516000000000001569e-01
2.083999999999998909e-01
1.703999999999998849e-01
1.666000000000001369e-01
4.300000000000000488e-01
5.151000000000000023e-01
5.474999999999999867e-01
2.118999999999999218e-01
7.140000000000000513e-02
5.919999999999990548e-02
