1.184999999999999942e-01
1.242000000000000048e-01
6.220000000000000528e-02
1.071000000000000008e-01
6.260000000000001674e-02
8.519999999999999796e-02
2.167999999999999927e-01
1.141999999999999960e-01
7.610000000000001485e-02
2.246000000000000218e-01
1.131000000000000061e-01
1.139999999999999902e-01
1.531000000000000139e-01
9.800000000000000377e-02
7.370000000000000162e-02
1.061000000000000137e-01
5.100000000000001754e-02
1.355999999999999983e-01
1.189000000000000057e-01
9.430000000000000882e-02
1.287999999999999978e-01
1.117999999999999827e-01
1.359000000000000208e-01
2.358000000000000373e-01
2.144999999999999685e-01
7.689999999999999614e-02
8.409999999999998033e-02
7.409999999999999920e-02
5.130000000000002613e-02
1.673999999999999932e-01
3.921000000000000596e-01
1.683000000000000607e-01
1.921999999999999542e-01
1.466999999999999971e-01
1.004999999999999782e-01
1.165000000000000202e-01
3.549999999999999822e-01
2.283999999999999364e-01
2.671999999999999376e-01
2.290000000000000369e-01
4.061000000000000165e-01
2.531999999999999806e-01
5.074000000000000732e-01
2.565000000000000613e-01
1.845999999999999586e-01
9.429999999999993943e-02
4.435999999999999943e-01
2.752000000000000002e-01
2.271999999999999853e-01
7.710000000000004350e-02
2.518999999999999573e-01
1.796000000000000096e-01
6.630000000000002558e-02
1.020999999999999269e-01
1.208000000000000879e-01
9.950000000000003286e-02
5.649999999999998773e-02
3.489999999999996577e-02
1.024000000000000327e-01
5.610000000000002485e-02
7.999999999999998779e-02
1.158999999999999475e-01
4.949000000000000066e-01
1.193999999999999645e-01
1.311999999999999833e-01
1.146000000000000629e-01
2.976000000000000867e-01
1.698999999999999400e-01
2.296999999999999875e-01
1.806000000000001215e-01
2.585000000000001186e-01
5.355000000000000870e-01
2.924000000000000488e-01
2.590000000000000635e-01
2.278999999999999082e-01
8.779999999999990590e-02
1.009999999999999509e-01
1.539999999999999980e-01
1.446999999999999953e-01
6.048999999999999932e-01
4.984999999999999432e-01
1.942999999999999172e-01
3.014000000000000012e-01
2.643999999999999684e-01
1.393999999999999129e-01
1.863000000000000211e-01
2.908000000000001140e-01
2.136000000000000676e-01
1.794999999999999929e-01
8.720000000000008300e-02
1.078999999999999404e-01
5.107999999999999208e-01
2.380000000000000726e-01
2.237000000000000099e-01
1.276000000000000467e-01
2.113000000000000433e-01
2.079999999999999627e-01
1.741999999999999937e-01
2.002000000000000446e-01
4.449999999999999512e-01
1.090999999999999331e-01
2.359000000000001096e-01
1.052999999999999492e-01
6.769999999999992690e-02
1.615000000000000879e-01
1.097999999999999671e-01
1.478999999999999482e-01
2.856000000000000760e-01
3.561999999999999611e-01
4.493999999999999106e-01
3.651000000000000911e-01
2.997000000000000774e-01
1.517000000000000570e-01
2.958000000000000074e-01
2.576000000000000512e-01
2.209000000000000685e-01
1.426000000000000600e-01
2.218999999999999861e-01
2.556999999999999273e-01
1.313999999999999058e-01
9.469999999999993701e-02
7.869999999999999218e-02
1.663000000000000034e-01
1.885000000000000009e-01
8.690000000000000502e-02
5.979999999999998650e-01
4.839000000000000523e-01
7.270000000000002849e-02
1.125999999999999501e-01
6.093999999999999417e-01
1.711300000000000043e+00
8.427000000000000046e-01
1.800999999999999823e-01
9.574000000000002508e-01
1.264600000000000168e+00
6.222999999999999643e-01
3.835000000000000631e-01
1.018000000000000849e-01
1.006000000000000227e-01
3.053000000000000158e-01
1.554000000000000659e-01
3.809000000000000163e-01
4.183000000000000052e-01
1.997000000000000441e-01
4.006000000000000671e-01
1.046000000000000263e-01
2.660999999999999477e-01
1.670000000000000373e-01
1.700000000000000122e-01
3.816999999999999282e-01
2.406000000000000361e-01
