6.589000000000000412e-01
4.438999999999999613e-01
4.264000000000000012e-01
1.063999999999999668e-01
2.513999999999999568e-01
2.625000000000000111e-01
2.533000000000000251e-01
1.588999999999999857e-01
3.286000000000000032e-01
1.266000000000000181e-01
2.168000000000000482e-01
4.098999999999999866e-01
2.466999999999999749e-01
1.928999999999999881e-01
4.720000000000000306e-01
4.727000000000000091e-01
2.968999999999999972e-01
3.954000000000000292e-01
2.749000000000000332e-01
2.909000000000000474e-01
5.935999999999999055e-01
3.477999999999998870e-01
5.275999999999999579e-01
2.495999999999999608e-01
1.752999999999999559e-01
3.559999999999999831e-01
4.119000000000000439e-01
6.310000000000000053e-01
2.903000000000000025e-01
2.850000000000000311e-01
3.292000000000000481e-01
6.206000000000000405e-01
2.671999999999998820e-01
2.469999999999999418e-01
1.622000000000000108e-01
2.419999999999998819e-01
3.233999999999998542e-01
3.539999999999999813e-01
4.165000000000000924e-01
2.641999999999997684e-01
2.572000000000001507e-01
3.488999999999999324e-01
2.044999999999999596e-01
5.153000000000000913e-01
2.544000000000000705e-01
5.918000000000001037e-01
1.047000000000000153e+00
6.055999999999999162e-01
5.637999999999998568e-01
3.289000000000000812e-01
3.274999999999996803e-01
4.359999999999999432e-01
3.091000000000000414e-01
2.163999999999999257e-01
2.406000000000000638e-01
3.182000000000001494e-01
6.142999999999999572e-01
2.541999999999998705e-01
5.753000000000001446e-01
3.623999999999998889e-01
7.335999999999996968e-01
2.311000000000001664e-01
1.360000000000001208e-01
1.733999999999999431e-01
1.146000000000000629e-01
1.923999999999998767e-01
5.482999999999997875e-01
7.958999999999999408e-01
3.053000000000001268e-01
3.660999999999998700e-01
1.154999999999999805e+00
8.260999999999999455e-01
4.090999999999999082e-01
5.528999999999998360e-01
5.958000000000001073e-01
8.039999999999999369e-01
7.981999999999999096e-01
1.790999999999999259e-01
5.888000000000002121e-01
5.225999999999997314e-01
1.999999999999999278e-01
4.874000000000000554e-01
3.274999999999998468e-01
3.795000000000001705e-01
3.948000000000003173e-01
2.729999999999999094e-01
1.664999999999997593e-01
9.900000000000036549e-02
5.514000000000000012e-01
7.075000000000001288e-01
2.795999999999999042e-01
2.857000000000000650e-01
9.949999999999981082e-02
3.093000000000002969e-01
6.935999999999997723e-01
5.501000000000000334e-01
2.667999999999997596e-01
5.514000000000001123e-01
5.332000000000001183e-01
1.057899999999999618e+00
6.778000000000000691e-01
3.982000000000003315e-01
5.193000000000002059e-01
5.555999999999998717e-01
2.935000000000002052e-01
8.798999999999996824e-01
2.776000000000000689e-01
1.398300000000000320e+00
5.978000000000003311e-01
5.955999999999997963e-01
4.825999999999996959e-01
2.617000000000002657e-01
4.128999999999998227e-01
8.902999999999996472e-01
9.537000000000003253e-01
1.003700000000000259e+00
7.636999999999998234e-01
4.743999999999998218e-01
9.537000000000002142e-01
5.269000000000000350e-01
8.927999999999998160e-01
1.232299999999999951e+00
1.288300000000000223e+00
5.940999999999996284e-01
6.011000000000000787e-01
1.066099999999999826e+00
7.644000000000000794e-01
1.141099999999999559e+00
1.295299999999999674e+00
7.460000000000001075e-01
7.330000000000000959e-01
3.754000000000000115e-01
4.993999999999997885e-01
1.044399999999999995e+00
5.725000000000000089e-01
9.679999999999998606e-01
5.195999999999996177e-01
7.242999999999999439e-01
2.252999999999997782e-01
3.760999999999999344e-01
8.861999999999998767e-01
6.800000000000000488e-01
2.878000000000000558e-01
1.619099999999999984e+00
5.237000000000002764e-01
4.561000000000001164e-01
2.206000000000000183e-01
6.250000000000001110e-01
3.083000000000001295e-01
7.505000000000000560e-01
2.087800000000000100e+00
