4.806000000000000272e-01
1.607999999999999985e-01
6.401999999999999913e-01
3.168000000000000815e-01
5.855000000000000204e-01
3.321999999999999953e-01
2.013000000000000067e-01
1.413999999999999979e-01
7.769999999999999130e-02
1.159999999999999920e-01
1.704999999999999849e-01
1.650999999999999690e-01
1.824000000000000066e-01
8.480000000000001426e-02
2.878000000000000003e-01
1.044999999999999957e-01
3.520000000000000212e-02
9.110000000000000042e-02
9.559999999999999054e-02
1.069999999999999840e-01
8.099999999999996092e-02
2.695000000000000173e-01
8.204000000000000181e-01
1.280000000000000027e-01
7.760000000000000231e-01
3.004000000000000559e-01
4.169999999999998014e-02
9.529999999999999583e-02
1.061999999999999889e-01
8.059999999999997722e-02
5.260000000000002174e-02
4.529999999999997917e-02
5.319999999999999729e-02
6.580000000000003901e-02
7.429999999999994942e-02
7.840000000000001135e-02
1.006000000000000227e-01
4.980000000000001092e-02
4.090000000000000580e-02
5.550000000000002848e-02
5.029999999999999749e-02
9.249999999999997113e-02
1.424000000000000266e-01
9.450000000000004230e-02
1.582000000000000073e-01
1.314000000000000168e-01
1.400000000000000133e-01
4.290000000000002839e-02
1.719999999999999862e-01
8.830000000000001736e-02
7.349999999999998201e-02
5.689999999999997837e-02
5.489999999999998354e-02
3.379999999999998977e-02
4.540000000000000979e-02
5.389999999999995489e-02
3.229999999999998150e-02
4.530000000000000693e-02
2.610000000000002943e-02
1.427000000000000490e-01
1.325000000000000344e-01
1.127999999999999836e-01
9.899999999999999079e-02
3.819999999999998397e-02
5.660000000000001835e-02
9.630000000000003835e-02
1.062000000000000027e-01
7.419999999999996043e-02
7.030000000000001525e-02
2.279999999999998000e-02
6.519999999999998019e-02
8.920000000000002927e-02
7.110000000000001041e-02
7.149999999999993860e-02
4.900000000000003658e-02
3.539999999999998703e-02
6.510000000000001896e-02
3.570000000000002338e-02
8.490000000000003100e-02
7.180000000000000271e-02
2.170000000000002482e-02
9.899999999999997691e-02
5.729999999999994820e-02
6.849999999999994982e-02
9.599999999999998812e-02
1.584999999999999742e-01
1.706000000000000294e-01
1.241000000000000159e-01
9.829999999999998461e-02
1.539999999999999980e-01
1.176999999999999991e-01
7.860000000000001708e-02
5.559999999999996195e-02
4.240000000000002794e-02
7.809999999999997500e-02
6.159999999999994647e-02
1.126000000000000195e-01
3.950000000000006978e-02
4.040000000000003311e-02
5.079999999999999793e-02
4.539999999999999591e-02
1.003000000000000003e-01
4.529999999999999305e-02
6.860000000000000819e-02
6.460000000000006015e-02
8.770000000000002793e-02
7.799999999999995826e-02
5.210000000000004211e-02
8.080000000000001070e-02
6.390000000000001235e-02
6.140000000000002400e-02
1.301999999999999824e-01
1.063000000000000472e-01
9.160000000000000087e-02
6.570000000000002227e-02
8.449999999999999178e-02
1.083000000000000074e-01
2.670000000000004661e-02
4.110000000000001152e-02
7.219999999999998641e-02
9.509999999999999010e-02
1.208000000000000046e-01
1.275999999999999912e-01
7.969999999999995144e-02
5.700000000000002287e-02
8.539999999999998981e-02
1.143999999999999739e-01
5.419999999999997736e-02
8.509999999999998122e-02
1.152999999999999997e-01
1.208999999999999936e-01
1.279000000000000137e-01
7.470000000000003026e-02
8.460000000000002240e-02
4.169999999999998708e-02
1.733999999999999708e-01
1.139999999999999486e-01
1.241000000000000436e-01
9.749999999999993394e-02
9.979999999999997207e-02
6.240000000000000407e-02
5.230000000000000621e-02
1.709999999999999853e-01
1.326999999999999846e-01
1.477999999999999869e-01
1.897000000000000630e-01
7.739999999999996882e-02
7.139999999999994962e-02
4.710000000000000298e-02
1.726000000000000034e-01
1.016000000000000236e-01
