2.982000000000000206e-01
1.299000000000000155e-01
1.305999999999999939e-01
1.851999999999999758e-01
2.423000000000000154e-01
2.376000000000000056e-01
2.426000000000000101e-01
1.345000000000000084e-01
5.280000000000001359e-02
1.270000000000000018e-01
1.267999999999999683e-01
8.279999999999999860e-02
9.690000000000001390e-02
7.560000000000000053e-02
1.330600000000000005e+00
5.696499999999999453e+00
2.865400000000000613e+00
1.243799999999999795e+00
4.035999999999999588e-01
1.981999999999999873e-01
1.029000000000001025e-01
5.799999999999991274e-02
1.068999999999998840e-01
1.161000000000000920e-01
1.284000000000001807e-01
7.670000000000004592e-02
2.788999999999999257e-01
2.980000000000000426e-01
2.537000000000000366e-01
1.064000000000001056e-01
2.515000000000001679e-01
5.290000000000001368e-01
4.535999999999999477e-01
2.036999999999999089e-01
1.794000000000001427e-01
2.019000000000000516e-01
6.870000000000006657e-02
5.231999999999998874e-01
2.428000000000001268e-01
2.777999999999999914e-01
6.490000000000000213e-01
6.466999999999999416e-01
1.744000000000001660e-01
1.558000000000000496e-01
1.693999999999998840e-01
2.236999999999999822e-01
1.879000000000000392e-01
9.259999999999998788e-02
1.365999999999999159e-01
1.108000000000000235e-01
1.857999999999999097e-01
1.145999999999999519e-01
1.540999999999999315e-01
1.320100000000000051e+00
9.887000000000001343e-01
7.706999999999999407e-01
2.825999999999999623e-01
2.104000000000000037e-01
2.778999999999999249e-01
2.565999999999999392e-01
2.137000000000000288e-01
9.789999999999998703e-02
1.943000000000000005e-01
3.384000000000000341e-01
2.197999999999999121e-01
1.906999999999999529e-01
4.724000000000000976e-01
2.903999999999999915e-01
1.026999999999999857e-01
1.376999999999999336e-01
5.920000000000000262e-02
2.763999999999998680e-01
2.342000000000000193e-01
2.017000000000001014e-01
4.759999999999997566e-02
2.349999999999993761e-02
1.111999999999999933e-01
1.207000000000000017e-01
9.520000000000014562e-02
6.959999999999999520e-02
1.162999999999999312e-01
9.320000000000003282e-02
6.839999999999996083e-02
4.610000000000002984e-02
4.729999999999995319e-02
9.520000000000006235e-02
8.269999999999977369e-02
6.630000000000002558e-02
7.529999999999986704e-02
7.500000000000006661e-02
9.110000000000006981e-02
7.040000000000001812e-02
5.009999999999997788e-02
6.029999999999990923e-02
1.045999999999999153e-01
1.128999999999998616e-01
5.849999999999991318e-02
8.840000000000000635e-02
3.560000000000004827e-02
4.259999999999997122e-02
1.058999999999999386e-01
1.647000000000001518e-01
5.450000000000010392e-02
1.788999999999999757e-01
1.282999999999998864e-01
5.860000000000006870e-02
9.979999999999991656e-02
6.949999999999998401e-01
9.536000000000000032e-01
1.922599999999999865e+00
8.216999999999998749e-01
6.745000000000000995e-01
2.238999999999998769e-01
6.784999999999998810e-01
3.651000000000002021e-01
4.111999999999998434e-01
3.361999999999999433e-01
3.929400000000000226e+00
9.820999999999999730e-01
5.674000000000001265e-01
2.666999999999998261e-01
7.418000000000001259e-01
3.750999999999999890e-01
3.220000000000000639e-01
1.456999999999999129e-01
1.059000000000000080e-01
2.564000000000000723e-01
2.743999999999998662e-01
2.787999999999999923e-01
1.635000000000000064e-01
2.049000000000000543e-01
2.469999999999999696e-01
1.211999999999999467e-01
1.206000000000000127e-01
6.780000000000008242e-02
7.270000000000001461e-02
9.930000000000011040e-02
2.531999999999999806e-01
3.608999999999999986e-01
7.257000000000000117e-01
1.744870000000000232e+01
1.516050000000000253e+01
1.759749999999999659e+01
1.798179999999999623e+01
1.492279999999999873e+01
1.234659999999999869e+01
1.469949999999999690e+01
2.736400000000001498e+00
1.486000000000000654e+00
1.035800000000000054e+00
4.726999999999988988e-01
