1.506000000000000116e-01
4.344000000000000083e-01
8.381000000000000671e-01
1.904000000000000137e-01
1.653999999999999915e-01
1.272999999999999965e-01
1.388999999999999957e-01
4.713000000000000522e-01
3.577000000000000179e-01
1.003999999999999893e-01
9.010000000000002729e-02
3.273000000000000353e-01
4.457999999999999741e-01
3.355000000000000204e-01
2.066999999999999948e-01
1.905000000000000027e-01
1.035999999999999976e-01
2.646999999999999353e-01
2.282999999999999752e-01
8.020000000000002127e-02
1.293999999999999873e-01
1.536000000000000143e-01
2.158000000000000196e-01
2.479999999999999982e-01
5.157000000000000473e-01
2.580999999999999961e-01
1.804000000000000326e-01
2.687999999999999834e-01
1.663999999999999924e-01
1.004999999999999921e-01
3.073000000000000176e-01
2.391999999999999960e-01
2.715999999999999526e-01
4.141999999999999571e-01
3.267999999999999794e-01
4.470999999999999974e-01
9.270000000000000462e-02
2.298999999999999932e-01
4.089000000000000412e-01
2.183999999999999830e-01
2.312999999999999778e-01
2.521999999999999797e-01
2.308000000000000052e-01
2.639000000000000234e-01
3.094000000000000083e-01
2.680999999999999495e-01
7.944999999999999840e-01
4.703999999999999293e-01
1.532000000000000028e-01
2.257000000000000117e-01
2.429000000000000048e-01
1.318999999999999895e-01
7.349999999999998201e-02
1.298999999999999877e-01
1.781000000000000083e-01
4.934999999999999387e-01
4.246999999999999664e-01
1.085000000000000131e-01
1.150999999999999940e-01
1.014000000000000040e-01
1.415000000000000147e-01
1.875999999999999890e-01
1.375000000000000111e-01
2.218999999999999861e-01
1.404000000000000248e-01
1.813000000000000167e-01
1.526999999999999469e-01
6.139999999999996155e-02
7.189999999999999170e-02
1.528000000000000469e-01
1.539999999999999980e-01
8.069999999999999396e-02
1.701000000000000290e-01
1.797000000000000264e-01
2.106000000000000094e-01
1.338000000000000023e-01
1.032000000000000001e-01
2.820000000000000284e-01
3.969000000000000306e-01
1.110000000000000153e-01
1.913000000000000256e-01
1.237000000000000044e-01
1.932999999999999996e-01
1.095000000000000001e-01
2.212999999999999967e-01
1.719999999999999862e-01
2.993000000000000105e-01
7.301999999999999602e-01
5.033999999999999586e-01
3.043000000000000704e-01
5.172000000000001041e-01
3.330999999999999517e-01
2.083999999999999742e-01
2.021000000000000019e-01
2.167999999999999927e-01
8.660000000000001030e-02
2.844999999999999751e-01
2.208999999999999853e-01
1.105999999999999761e-01
1.677999999999999770e-01
1.988999999999999935e-01
1.672000000000000153e-01
1.723000000000000087e-01
3.210999999999999965e-01
3.883999999999999675e-01
2.489999999999999714e-01
2.108999999999999764e-01
1.887999999999999678e-01
2.660000000000000142e-01
2.204000000000000126e-01
1.287999999999999978e-01
1.659999999999999809e-01
5.089999999999998692e-02
9.530000000000000693e-01
6.840000000000001634e-01
9.528999999999998582e-01
3.671999999999998598e-01
2.766000000000000680e-01
3.157999999999999696e-01
1.484000000000000041e-01
1.904000000000000414e-01
6.070000000000001783e-02
1.052999999999999770e-01
3.953999999999999737e-01
5.025000000000000577e-01
2.303999999999999937e-01
4.481000000000000538e-01
3.612999999999999545e-01
4.026999999999999469e-01
1.055000000000000382e-01
1.510999999999999843e-01
3.028999999999999471e-01
1.997000000000000164e-01
6.692000000000001281e-01
2.109000000000000319e-01
9.840000000000002911e-02
7.819999999999996398e-02
5.059999999999999915e-02
1.153000000000000136e-01
8.739999999999999158e-02
6.449999999999997402e-02
7.619999999999998996e-02
2.299999999999999822e-01
1.278000000000000247e-01
1.950000000000000067e-01
1.179000000000000048e-01
1.711999999999999633e-01
4.631999999999999451e-01
1.111000000000000043e-01
4.320999999999999286e-01
3.799000000000000155e-01
