1.900999999999999912e-01
1.507999999999999896e-01
1.748000000000000109e-01
2.308000000000000052e-01
2.444000000000000061e-01
2.074000000000000288e-01
2.474999999999999978e-01
2.935000000000000386e-01
1.188000000000000028e-01
5.029999999999998361e-02
3.535999999999999699e-01
2.018000000000000071e-01
2.773999999999999799e-01
1.611000000000000210e-01
9.780000000000002580e-02
1.376999999999999891e-01
1.742999999999999827e-01
2.013999999999999957e-01
2.712999999999999856e-01
1.011000000000000093e-01
1.280000000000000027e-01
1.064999999999999974e-01
1.572000000000000064e-01
1.016999999999999849e-01
1.295999999999999930e-01
1.463999999999999746e-01
1.150000000000000050e-01
1.335999999999999965e-01
7.540000000000000868e-02
6.650000000000000355e-02
1.492999999999999883e-01
1.189000000000000196e-01
2.554000000000000159e-01
1.209000000000000075e-01
9.070000000000001672e-02
9.680000000000001104e-02
8.929999999999999050e-02
5.909999999999999976e-02
6.049999999999998435e-02
1.203000000000000042e-01
1.270999999999999908e-01
2.424000000000000044e-01
2.049000000000000266e-01
7.510000000000002784e-02
5.689999999999997837e-02
3.449999999999996125e-02
2.462999999999999912e-01
1.176000000000000240e-01
1.784999999999999920e-01
5.680000000000000326e-02
1.739999999999999880e-01
2.108999999999999764e-01
9.340000000000001079e-02
9.760000000000002007e-02
8.899999999999996803e-02
1.255999999999999894e-01
8.160000000000001974e-02
6.230000000000002203e-02
1.040000000000000091e-01
8.280000000000001248e-02
1.782999999999999585e-01
5.390000000000000346e-02
5.200000000000001149e-02
5.530000000000000887e-02
6.959999999999998133e-02
1.011999999999999983e-01
1.128000000000000114e-01
1.230000000000000121e-01
9.880000000000002669e-02
1.115999999999999770e-01
1.067999999999999783e-01
9.910000000000004916e-02
8.649999999999996581e-02
1.233000000000000068e-01
9.169999999999997597e-02
1.097999999999999809e-01
6.310000000000003106e-02
1.653000000000000580e-01
1.275999999999999912e-01
1.158999999999999891e-01
9.059999999999998610e-02
4.499999999999995670e-02
1.116999999999999937e-01
1.774000000000000299e-01
1.220000000000000251e-01
1.062999999999999917e-01
7.730000000000006311e-02
1.178000000000000019e-01
5.570000000000000645e-02
1.380000000000000393e-01
1.306999999999999829e-01
7.610000000000004261e-02
2.824999999999999734e-01
2.558000000000000274e-01
1.880999999999999339e-01
2.703999999999999737e-01
2.254999999999999782e-01
9.309999999999997444e-02
1.037000000000000283e-01
1.980000000000001203e-02
1.396999999999999631e-01
9.859999999999996545e-02
9.159999999999993148e-02
4.749999999999997974e-02
1.317999999999999727e-01
7.460000000000001352e-02
7.450000000000001066e-02
7.720000000000004636e-02
1.110000000000000153e-01
1.274000000000000132e-01
1.116999999999999799e-01
1.372000000000000441e-01
2.053000000000000103e-01
7.130000000000001614e-02
1.345000000000000084e-01
1.275999999999999635e-01
1.144999999999999213e-01
9.330000000000000793e-02
1.153999999999999471e-01
1.018000000000000294e-01
6.794000000000000039e-01
5.125999999999999446e-01
9.399999999999998634e-02
1.955000000000000071e-01
1.088000000000000078e-01
1.596000000000000196e-01
8.659999999999992704e-02
1.118000000000000521e-01
6.920000000000001150e-02
9.259999999999998788e-02
9.319999999999997731e-02
6.889999999999996128e-02
6.999999999999997891e-02
5.549999999999999378e-02
3.890000000000007341e-02
1.085000000000000131e-01
1.596999999999999531e-01
8.949999999999999623e-02
6.999999999999997891e-02
6.539999999999998592e-02
3.900000000000006239e-02
6.719999999999998197e-02
9.149999999999994249e-02
7.249999999999998113e-02
2.006000000000000560e-01
1.572000000000000342e-01
8.770000000000000018e-02
8.970000000000000195e-02
1.991999999999999604e-01
7.090000000000003244e-02
1.019999999999999518e-01
