1.976999999999999869e-01
8.390000000000000235e-02
4.419999999999999624e-02
7.799999999999998601e-02
9.399999999999998634e-02
6.230000000000001509e-02
1.106999999999999929e-01
1.113000000000000100e-01
1.329000000000000181e-01
1.936999999999999833e-01
5.369999999999999080e-02
6.870000000000001106e-02
4.699999999999998623e-02
6.770000000000001017e-02
1.005000000000000060e-01
8.030000000000001026e-02
1.006000000000000089e-01
7.130000000000000226e-02
8.200000000000001732e-02
5.060000000000000608e-02
7.380000000000000449e-02
7.109999999999999654e-02
9.239999999999998215e-02
1.113000000000000100e-01
1.255000000000000004e-01
1.303000000000000269e-01
9.770000000000000906e-02
9.290000000000001035e-02
4.149999999999998135e-02
3.020000000000000115e-02
4.119999999999999357e-02
5.829999999999999072e-02
6.789999999999998814e-02
7.470000000000000251e-02
7.829999999999998073e-02
1.146999999999999825e-01
1.093000000000000221e-01
9.310000000000001608e-02
7.299999999999999545e-02
7.439999999999999392e-02
6.660000000000002029e-02
6.439999999999998503e-02
4.510000000000000120e-02
4.350000000000001088e-02
7.539999999999999480e-02
8.630000000000000171e-02
8.509999999999998122e-02
7.209999999999999742e-02
4.909999999999999781e-02
3.340000000000000607e-02
7.449999999999999678e-02
1.025999999999999968e-01
1.152999999999999858e-01
7.249999999999999500e-02
4.889999999999999902e-02
4.420000000000001011e-02
5.310000000000000830e-02
8.240000000000000102e-02
6.289999999999998370e-02
1.320000000000000513e-02
6.410000000000000420e-02
6.350000000000000089e-02
5.329999999999999322e-02
5.709999999999999798e-02
4.649999999999999273e-02
5.700000000000000205e-02
1.168000000000000010e-01
1.590000000000000024e-01
2.955000000000000404e-01
2.699000000000000288e-01
1.006999999999999840e-01
4.120000000000000051e-02
9.669999999999998042e-02
7.110000000000001041e-02
5.369999999999999774e-02
5.889999999999998709e-02
6.179999999999998689e-02
7.119999999999999940e-02
4.170000000000000095e-02
7.030000000000000138e-02
1.111999999999999933e-01
1.350999999999999979e-01
1.132999999999999979e-01
1.007999999999999868e-01
1.172000000000000125e-01
7.989999999999999880e-02
6.450000000000000178e-02
6.050000000000001210e-02
5.500000000000000722e-02
5.030000000000000443e-02
5.490000000000000435e-02
7.219999999999998641e-02
1.331999999999999851e-01
1.257999999999999952e-01
1.045999999999999985e-01
1.154000000000000026e-01
6.090000000000000968e-02
5.730000000000001065e-02
7.669999999999999041e-02
1.069999999999999840e-01
5.159999999999998616e-02
4.860000000000000431e-02
1.107999999999999818e-01
7.989999999999999880e-02
5.920000000000000262e-02
6.070000000000000395e-02
6.700000000000001787e-02
3.690000000000000224e-02
2.320000000000000881e-02
6.650000000000000355e-02
9.950000000000000511e-02
9.729999999999999760e-02
1.161000000000000087e-01
9.230000000000002092e-02
1.039999999999999952e-01
1.127999999999999975e-01
9.080000000000000571e-02
5.739999999999999963e-02
5.880000000000000504e-02
8.640000000000000457e-02
6.010000000000001452e-02
6.940000000000001723e-02
6.759999999999999343e-02
7.600000000000001199e-02
1.010000000000000064e-01
1.614000000000000434e-01
1.082999999999999796e-01
7.689999999999999614e-02
9.759999999999999232e-02
3.180000000000000188e-02
1.034000000000000197e-01
8.210000000000000631e-02
1.056000000000000133e-01
2.225999999999999923e-01
3.859999999999997461e-02
3.560999999999999721e-01
4.890999999999999792e-01
2.119000000000000328e-01
1.578999999999999848e-01
1.494000000000000328e-01
7.630000000000000671e-02
6.820000000000001061e-02
1.471999999999999975e-01
3.347999999999999865e-01
1.475000000000000200e-01
1.427000000000000490e-01
1.974999999999999811e-01
2.260999999999999954e-01
7.939999999999999836e-02
5.589999999999999136e-02
5.109999999999997877e-02
