3.470000000000000168e-02
9.589999999999999913e-02
2.899999999999999453e-02
7.450000000000001066e-02
4.560000000000000164e-02
2.839999999999999469e-02
2.549999999999999489e-02
8.579999999999998739e-02
4.869999999999999329e-02
6.350000000000000089e-02
3.130000000000000143e-02
1.445000000000000451e-01
8.490000000000000324e-02
3.870000000000000523e-02
7.860000000000000320e-02
7.080000000000000182e-02
1.025999999999999968e-01
6.320000000000000617e-02
1.134000000000000147e-01
3.000000000000002318e-02
6.440000000000001279e-02
2.730000000000000482e-02
5.950000000000000427e-02
6.930000000000001437e-02
4.909999999999998394e-02
3.019999999999999768e-02
4.950000000000003009e-02
6.250000000000000000e-02
4.200000000000002343e-02
5.009999999999998482e-02
6.539999999999998592e-02
9.979999999999997207e-02
1.476000000000000367e-01
1.035999999999999976e-01
1.798999999999999488e-01
6.409999999999996256e-02
4.789999999999999120e-02
7.940000000000002611e-02
9.240000000000003766e-02
5.569999999999997176e-02
6.859999999999999432e-02
6.930000000000005600e-02
1.033999999999999642e-01
5.350000000000003364e-02
1.541000000000000147e-01
1.171000000000000096e-01
9.420000000000004758e-02
3.669999999999996876e-02
2.479999999999998525e-02
2.069999999999998924e-02
5.150000000000002492e-02
4.730000000000002258e-02
4.769999999999999934e-02
1.036000000000000393e-01
6.010000000000000758e-02
1.842499999999999805e+00
2.830699999999999772e+00
4.884999999999999898e-01
1.011000000000000232e-01
1.027999999999999747e-01
8.969999999999994644e-02
1.780000000000000193e-01
8.490000000000005875e-02
7.489999999999993885e-02
6.929999999999998661e-02
5.660000000000003223e-02
7.339999999999999303e-02
4.750000000000006994e-02
1.191000000000000808e-01
4.609999999999997433e-02
8.920000000000002927e-02
8.549999999999997879e-02
6.880000000000008331e-02
1.502000000000000002e-01
6.989999999999992053e-02
6.679999999999999827e-02
3.420000000000004287e-02
8.149999999999990585e-02
4.019999999999998574e-02
6.230000000000009142e-02
6.719999999999996809e-02
3.300000000000000155e-02
8.300000000000003209e-02
7.420000000000004370e-02
1.076999999999999763e-01
8.089999999999994418e-02
7.839999999999999747e-02
1.002999999999999309e-01
1.572999999999999676e-01
4.330000000000007454e-02
1.195999999999999841e-01
5.390000000000003122e-02
1.186999999999999444e-01
3.830000000000007010e-02
5.699999999999997430e-02
7.419999999999998819e-02
1.119000000000000272e-01
4.629999999999999394e-02
6.839999999999993308e-02
6.499999999999996059e-02
1.062000000000000721e-01
7.229999999999997540e-02
1.556000000000000161e-01
7.959000000000000519e-01
6.379000000000000226e-01
4.641000000000000125e-01
5.452000000000001290e-01
1.278499999999999970e+00
9.168000000000000593e-01
1.183599999999999985e+00
6.824999999999999956e-01
1.966999999999999860e-01
9.210000000000000131e-02
1.166999999999999704e-01
1.821000000000000119e-01
1.874000000000000110e-01
6.519999999999995244e-02
7.319999999999998730e-02
1.704000000000000514e-01
1.016999999999999849e-01
1.117999999999999272e-01
2.310000000000000109e-01
3.599999999999999867e-01
5.012999999999999678e-01
8.624999999999999334e-01
8.548000000000000043e-01
2.265000000000000346e-01
1.133999999999999175e-01
1.259999999999998899e-01
8.700000000000007727e-02
5.590000000000003300e-02
1.315999999999999392e-01
1.074000000000001204e-01
5.880000000000007443e-02
1.624999999999999223e-01
1.769999999999998519e-01
8.890000000000007618e-02
4.489999999999993996e-02
1.293999999999999873e-01
4.974000000000000088e-01
8.660000000000007969e-02
1.027999999999999886e-01
5.359999999999996712e-02
2.053999999999999992e-01
1.229000000000000370e-01
4.280000000000006022e-02
1.764999999999998792e-01
1.230999999999998901e-01
9.179999999999997884e-02
8.149999999999985034e-02
8.169999999999995322e-02
