3.140000000000000013e-01
1.304000000000000159e-01
2.570000000000000062e-01
2.091000000000000081e-01
9.459999999999998965e-02
6.603999999999999870e-01
3.286999999999999922e-01
1.205000000000000099e-01
5.257999999999999341e-01
5.255999999999999561e-01
4.036999999999999478e-01
3.598999999999999977e-01
4.112999999999999989e-01
1.756999999999999673e-01
1.134999999999999898e-01
1.146000000000000213e-01
1.930000000000000049e-01
3.829000000000000181e-01
2.201000000000000179e-01
3.939999999999999614e-01
1.191000000000000947e-01
5.250000000000003275e-02
5.429000000000000492e-01
3.800000000000000044e-01
2.860999999999999099e-01
2.656000000000000583e-01
8.100000000000001643e-02
5.018000000000000238e-01
1.829999999999999405e-01
1.335000000000000353e-01
2.134999999999999121e-01
4.971999999999999753e-01
3.697999999999999621e-01
3.797999999999999710e-01
4.863000000000000655e-01
3.888999999999999679e-01
2.129000000000000337e-01
4.066000000000000725e-01
2.984999999999999876e-01
2.921000000000000263e-01
3.258999999999999120e-01
3.900999999999998913e-01
2.059999999999999887e-01
6.256999999999999229e-01
4.460000000000000631e-01
2.726999999999999424e-01
4.600000000000001865e-01
2.069000000000000283e-01
2.646000000000000019e-01
4.626000000000001222e-01
3.729000000000000092e-01
3.575000000000000400e-01
1.229000000000000786e-01
3.213999999999999635e-01
4.380000000000001115e-01
2.062999999999999279e-01
1.604000000000000425e-01
2.194999999999999729e-01
1.080999999999998906e-01
1.758000000000000396e-01
1.231999999999999623e-01
3.301000000000000600e-01
1.643999999999999628e-01
1.751999999999999669e-01
1.360000000000000653e-01
5.839999999999999636e-01
3.196999999999999287e-01
3.704000000000001736e-01
4.404000000000000692e-01
1.982999999999999763e-01
1.563999999999998725e-01
2.001999999999999058e-01
1.371999999999998776e-01
3.094999999999999973e-01
1.660000000000000364e-01
1.531999999999999196e-01
1.045000000000000095e-01
1.645999999999999963e-01
9.430000000000024474e-02
1.654999999999999249e-01
1.766999999999998572e-01
1.362999999999999490e-01
4.200000000000000400e-01
7.997999999999999554e-01
4.304000000000000048e-01
1.860999999999999044e-01
4.119000000000000439e-01
3.617000000000000215e-01
3.313000000000000389e-01
1.082000000000000323e-01
9.460000000000000353e-02
4.059000000000000385e-01
4.487999999999999767e-01
5.287000000000000588e-01
1.149999999999999911e+00
8.828999999999997961e-01
2.308699999999999974e+00
1.189099999999999824e+00
5.118000000000001437e-01
4.784999999999999809e-01
2.497000000000000608e-01
8.185999999999999943e-01
3.986000000000000654e-01
7.999999999999999334e-01
3.328000000000001513e-01
4.474999999999996203e-01
3.356999999999996653e-01
3.135999999999998233e-01
3.736999999999999211e-01
5.165000000000000702e-01
3.237999999999997547e-01
2.052000000000002156e-01
1.157099999999999795e+00
5.846999999999999975e-01
3.798000000000001930e-01
3.397000000000002240e-01
1.352999999999999203e-01
3.664000000000000035e-01
2.849999999999999201e-01
1.492999999999999050e-01
1.086999999999998523e-01
1.568999999999999284e-01
2.237000000000002320e-01
5.710000000000000631e-01
6.863000000000003542e-01
1.600000000000000033e-01
2.295999999999999153e-01
2.217999999999996086e-01
1.204999999999998433e-01
1.470999999999999808e-01
1.486000000000000654e-01
9.809999999999988174e-02
1.999000000000000221e-01
2.398999999999998911e-01
9.300000000000016587e-02
2.862999999999999434e-01
2.814999999999999725e-01
2.406000000000002303e-01
3.896999999999998798e-01
3.057999999999998497e-01
5.142999999999997573e-01
4.965000000000000524e-01
2.745000000000000218e-01
3.444000000000001505e-01
1.134000000000000008e-01
4.684000000000000941e-01
3.382000000000000561e-01
1.566000000000001002e-01
1.859999999999999987e-01
1.954000000000000736e-01
1.678000000000001157e-01
