2.178000000000000214e-01
1.216000000000000136e-01
1.221000000000000141e-01
1.453000000000000125e-01
1.675999999999999712e-01
9.829999999999999849e-02
5.979999999999999899e-02
2.570999999999999952e-01
1.160999999999999810e-01
1.872999999999999943e-01
3.927999999999999825e-01
4.691000000000000170e-01
2.222999999999999976e-01
1.600999999999999646e-01
1.975000000000000089e-01
2.341000000000000303e-01
1.814999999999999947e-01
1.232999999999999791e-01
1.375000000000000111e-01
9.680000000000001104e-02
4.960000000000004683e-02
1.372999999999999776e-01
4.609999999999997433e-02
8.100000000000004419e-02
1.313999999999999890e-01
1.445000000000000728e-01
7.319999999999997342e-02
1.134999999999999620e-01
1.170000000000000207e-01
1.370000000000000107e-01
1.034999999999999948e-01
1.241000000000000159e-01
1.234999999999999709e-01
2.718999999999999750e-01
8.290000000000001534e-02
1.140999999999999515e-01
1.580000000000000016e-01
2.319000000000000228e-01
6.509999999999997733e-02
9.810000000000000664e-02
1.047000000000000292e-01
1.324000000000000454e-01
1.120999999999999636e-01
1.597999999999999976e-01
8.170000000000005036e-02
1.847000000000000308e-01
1.317000000000000115e-01
1.439000000000000279e-01
5.310000000000001524e-02
3.799999999999999212e-02
1.354999999999999816e-01
4.870000000000003493e-02
9.559999999999990727e-02
7.200000000000000844e-02
7.519999999999993356e-02
1.511000000000000398e-01
2.092000000000000248e-01
1.668000000000000038e-01
1.021999999999999575e-01
1.953000000000000291e-01
8.519999999999998408e-02
7.130000000000005778e-02
9.779999999999999805e-02
6.849999999999994982e-02
5.409999999999996756e-02
6.680000000000003990e-02
2.294000000000000206e-01
1.081999999999999906e-01
8.200000000000001732e-02
5.590000000000003993e-02
7.799999999999997213e-02
2.283999999999999642e-01
4.166000000000000258e-01
1.914000000000000146e-01
4.383000000000000229e-01
1.859999999999999987e-01
9.149999999999994249e-02
1.173000000000000154e-01
1.094999999999999724e-01
1.088999999999999552e-01
7.299999999999995381e-02
9.709999999999997800e-02
1.835000000000000520e-01
9.505000000000001226e-01
8.198999999999999622e-01
6.055999999999999162e-01
3.262999999999999234e-01
3.656999999999999140e-01
4.197000000000000730e-01
1.814999999999999947e-01
1.394999999999999574e-01
1.397999999999999521e-01
2.058999999999999719e-01
2.847999999999999421e-01
5.141999999999999904e-01
2.797999999999999932e-01
2.862999999999999989e-01
1.388000000000000345e-01
1.481999999999999706e-01
2.101999999999999980e-01
2.358999999999999986e-01
6.550000000000001654e-02
5.359999999999998099e-02
2.108000000000000707e-01
2.605999999999999983e-01
3.170000000000000040e-01
2.044999999999999873e-01
1.372999999999999776e-01
1.820999999999999563e-01
2.966999999999999638e-01
2.725999999999999535e-01
1.761000000000000343e-01
1.383000000000000618e-01
8.730000000000001648e-02
1.169999999999999929e-01
1.031999999999999168e-01
2.816999999999999504e-01
1.829000000000000070e-01
6.940000000000007274e-02
1.258999999999999564e-01
4.159999999999997033e-02
3.569999999999998175e-02
2.776000000000000134e-01
3.560000000000004827e-02
1.925999999999999379e-01
1.658000000000000029e-01
1.885999999999999621e-01
8.440000000000001668e-02
8.750000000000002220e-02
1.087000000000000188e-01
1.864000000000000101e-01
2.291000000000000536e-01
2.193999999999999839e-01
1.882999999999999674e-01
3.771999999999999797e-01
1.481000000000000372e-01
7.587000000000000410e-01
1.327000000000000401e-01
3.355000000000000204e-01
1.110000000000000847e-01
5.500000000000004885e-02
2.564999999999999503e-01
1.835000000000000520e-01
7.599999999999998423e-02
1.745000000000000162e-01
7.929999999999999549e-02
3.032999999999999585e-01
2.952000000000000179e-01
2.189999999999999725e-01
2.745000000000000218e-01
3.706999999999999740e-01
