7.699999999999998512e-02
3.608999999999999986e-01
1.749399999999999844e+00
1.336100000000000065e+00
1.303400000000000114e+00
5.242999999999999883e-01
7.520000000000000295e-02
7.250000000000007827e-02
5.469999999999997087e-02
2.439999999999999114e-02
1.052000000000000990e-01
2.692999999999999838e-01
4.382000000000000339e-01
1.147100000000000009e+00
2.313299999999999468e+00
1.893999999999999462e+00
1.912999999999999146e-01
1.132000000000000228e-01
6.910000000000002252e-02
9.820000000000009277e-02
2.051999999999999935e-01
8.519999999999994245e-02
7.989999999999994329e-02
1.209999999999999964e-01
1.961999999999999855e-01
3.573999999999997734e-01
2.954000000000001624e-01
3.111999999999999766e-01
3.210999999999999410e-01
2.716999999999999971e-01
1.953999999999999626e-01
1.240000000000000269e-01
1.780999999999999528e-01
2.388999999999999180e-01
2.277000000000000413e-01
1.746999999999999387e-01
1.488000000000000433e-01
5.599999999999993872e-02
4.489999999999999547e-02
6.180000000000002158e-02
4.519999999999996243e-02
9.210000000000012621e-02
1.137000000000001343e-01
1.250999999999999057e-01
2.851000000000000201e-01
1.728999999999999426e-01
1.573999999999999844e-01
1.456999999999999407e-01
5.909999999999998588e-02
2.205999999999999628e-01
1.394000000000000239e-01
6.639999999999990354e-02
1.880999999999999062e-01
2.061999999999999944e-01
9.740000000000009761e-02
8.349999999999987987e-02
1.055999999999999439e-01
5.860000000000009646e-02
3.003000000000000114e-01
1.922000000000000652e-01
6.490000000000009650e-02
3.920000000000004037e-02
7.920000000000004814e-02
2.842000000000001192e-01
9.810000000000002052e-02
6.180000000000002158e-02
9.049999999999996936e-02
2.043199999999999683e+00
9.635999999999999011e-01
3.167100000000000026e+00
2.535499999999999865e+00
1.114299999999999846e+00
8.949999999999999067e-01
1.374600000000000266e+00
6.255000000000000560e-01
1.920999999999998820e-01
2.788000000000001588e-01
1.063999999999999113e-01
8.200000000000001732e-02
5.399999999999999245e-02
3.909999999999999587e-02
1.681999999999999884e-01
9.309999999999979403e-02
1.360000000000000653e-01
7.731999999999998874e-01
4.104000000000000981e-01
1.248999999999999000e-01
8.660000000000009357e-02
1.310999999999998833e-01
9.220000000000008744e-02
5.019999999999993912e-02
2.501000000000000445e-01
9.600000000000000200e-02
5.990000000000000879e-02
8.540000000000000369e-02
2.397000000000000519e-01
2.151100000000000012e+00
3.339300000000000157e+00
1.097300000000000164e+00
1.360700000000000021e+00
2.217000000000000082e-01
9.619999999999991058e-02
5.480000000000001537e-02
4.319999999999978024e-02
6.700000000000011502e-02
4.160000000000006748e-02
1.001000000000000917e-01
9.540000000000008196e-02
9.910000000000002141e-02
2.828000000000000513e-01
3.308000000000001495e-01
3.077000000000000846e-01
2.387999999999999845e-01
1.631000000000000227e-01
4.100000000000002254e-02
6.680000000000006766e-02
1.377000000000000723e-01
5.890999999999999570e-01
2.584999999999999520e-01
2.211999999999999800e-01
2.887000000000000677e-01
5.649999999999978650e-02
1.292999999999999705e-01
3.527000000000000135e-01
2.617999999999999772e-01
1.413999999999999702e-01
1.263000000000001066e-01
3.129000000000001780e-01
3.424000000000001487e-01
6.950000000000000622e-02
4.684999999999999720e-01
1.739000000000000268e-01
1.082999999999999241e-01
2.042000000000001314e-01
1.283999999999999864e-01
7.381999999999999673e-01
2.513999999999999568e-01
1.195600000000000218e+00
1.072300000000000031e+00
2.594000000000000750e-01
9.369999999999996387e-02
1.630000000000000060e-01
1.997000000000000164e-01
1.279999999999999749e-01
3.730000000000001370e-02
4.839999999999999858e-02
6.850000000000003308e-02
7.220000000000001417e-02
7.920000000000004814e-02
1.171000000000000235e-01
1.915999999999999370e-01
