3.965999999999999526e-01
3.459000000000000408e-01
1.365999999999999992e-01
4.947000000000000286e-01
3.799000000000000155e-01
3.683000000000000163e-01
3.897999999999999243e-01
6.026000000000000245e-01
4.727999999999999425e-01
2.331999999999999629e-01
1.830999999999999850e-01
1.950999999999999956e-01
2.147000000000000020e-01
2.930000000000000382e-01
3.287999999999999812e-01
2.706000000000000072e-01
3.738000000000000211e-01
7.074000000000001398e-01
4.061000000000000720e-01
2.758999999999999786e-01
3.203999999999999626e-01
2.212000000000000077e-01
1.146000000000000213e-01
1.055999999999999855e-01
4.308000000000000718e-01
1.753000000000000114e-01
1.166000000000000231e-01
1.864000000000000656e-01
3.150000000000000022e-01
1.872000000000000053e-01
4.425999999999999934e-01
4.349999999999999978e-01
1.850999999999999313e-01
2.399999999999999634e-01
1.430000000000000437e-01
2.600999999999999979e-01
1.272999999999999687e-01
1.270999999999999630e-01
1.239000000000000101e-01
1.819999999999999951e-01
3.222999999999999754e-01
4.370999999999999885e-01
2.741000000000000103e-01
2.453999999999999793e-01
8.380000000000006888e-02
1.625000000000000333e-01
3.210999999999999410e-01
6.253000000000000780e-01
4.456999999999999851e-01
3.322000000000000508e-01
1.151000000000000079e-01
2.275999999999999968e-01
5.759000000000000785e-01
3.347999999999999310e-01
1.317000000000000115e-01
1.589000000000000135e-01
3.513000000000000012e-01
2.263000000000000289e-01
1.464000000000000301e-01
4.642000000000000015e-01
4.423999999999999599e-01
3.498999999999999888e-01
3.821999999999999842e-01
2.254999999999999782e-01
3.079000000000000070e-01
5.211999999999998856e-01
5.156999999999999362e-01
3.650999999999999801e-01
3.006999999999999673e-01
3.855999999999999983e-01
1.360999999999999988e-01
7.820000000000001950e-02
1.900000000000000022e-01
1.524000000000000077e-01
3.451999999999999513e-01
2.982999999999998986e-01
3.388000000000000456e-01
2.806000000000000716e-01
6.072000000000000730e-01
1.878000000000000225e-01
2.653000000000000358e-01
2.436000000000000387e-01
1.295999999999999930e-01
1.087999999999999801e-01
2.704000000000000292e-01
2.010000000000000397e-01
1.371000000000000552e-01
6.780000000000002691e-02
2.023999999999999966e-01
1.319000000000000172e-01
1.063999999999999252e-01
1.712999999999999801e-01
8.590000000000000413e-02
2.600999999999999979e-01
2.751000000000000112e-01
4.470999999999999974e-01
3.002999999999999559e-01
1.928000000000000547e-01
1.422000000000000208e-01
1.425999999999999768e-01
2.513999999999999568e-01
3.436000000000000165e-01
2.722999999999999310e-01
1.920000000000000040e-01
2.414999999999999925e-01
3.288999999999999702e-01
2.542999999999999705e-01
1.458999999999999464e-01
1.476999999999999424e-01
2.713000000000000966e-01
2.867000000000000104e-01
2.333000000000000074e-01
2.600999999999999979e-01
2.631000000000000005e-01
1.844000000000000083e-01
1.029999999999999943e-01
2.184000000000000385e-01
2.975999999999999757e-01
5.072999999999999732e-01
2.175999999999999601e-01
1.038999999999998952e-01
3.011000000000000343e-01
3.488999999999999879e-01
5.096000000000000529e-01
3.185999999999999943e-01
5.977999999999999980e-01
3.481999999999999540e-01
2.682000000000000495e-01
2.853000000000000536e-01
1.657000000000000139e-01
1.901999999999999802e-01
2.196000000000000174e-01
1.999000000000000221e-01
3.922999999999999821e-01
3.084999999999999964e-01
2.780000000000000249e-01
5.611999999999999211e-01
5.013000000000000789e-01
5.925999999999999046e-01
1.720000000000000417e-01
1.496000000000000107e-01
1.365000000000000102e-01
2.860000000000000320e-01
2.795000000000000262e-01
1.859999999999999987e-01
1.157999999999999863e-01
8.660000000000001030e-02
1.257000000000000339e-01
1.697999999999999787e-01
2.843000000000000527e-01
2.881000000000000227e-01
