1.948999999999999899e-01
2.178999999999999826e-01
6.838999999999999524e-01
3.220999999999999974e-01
4.821200000000000152e+00
1.683680000000000376e+01
5.323800000000000310e+00
2.041100000000000136e+00
1.703000000000004510e-01
1.176000000000007040e-01
1.547000000000002817e-01
1.770999999999998131e-01
2.243000000000000549e-01
4.889999999999994351e-02
2.475000000000001643e-01
1.355000000000005089e-01
2.275000000000002576e-01
1.322000000000000952e-01
1.115999999999998105e-01
2.644000000000003014e-01
2.054999999999995719e-01
1.237000000000002542e-01
1.025000000000007017e-01
2.388000000000004563e-01
1.668999999999999373e-01
8.480000000000065263e-02
2.459000000000001185e-01
1.152999999999991809e-01
1.332999999999997520e-01
1.289999999999997815e-01
4.005000000000005222e-01
1.533000000000001029e-01
1.653999999999995474e-01
2.552200000000000912e+00
4.516000000000003345e-01
1.372000000000003217e-01
9.399999999999975042e-02
1.066000000000004722e-01
3.004000000000001114e-01
6.701999999999995739e-01
1.732000000000003537e-01
4.109999999999980336e-02
1.112000000000000766e-01
4.622999999999999332e-01
3.160999999999996035e-01
1.245000000000001661e-01
8.509999999999984244e-02
1.380999999999996675e-01
1.453999999999997517e-01
1.325999999999997181e-01
2.692000000000002724e-01
9.710000000000029718e-02
1.302999999999996938e-01
1.333999999999996855e-01
9.379999999999971694e-02
7.120000000000037410e-02
8.640000000000014335e-02
1.181000000000004824e-01
4.410000000000025011e-02
7.439999999999979963e-02
5.520000000000041540e-02
5.850000000000049605e-02
1.229999999999992211e-01
1.802999999999999048e-01
1.079999999999994298e-01
1.259000000000001784e-01
8.089999999999986091e-02
9.969999999999951124e-02
2.832999999999996632e-01
1.666000000000006920e-01
2.379999999999989346e-01
1.589999999999999747e-01
2.291000000000001369e-01
1.255000000000000004e-01
7.379999999999958815e-02
1.696999999999990738e-01
9.589999999999987423e-02
1.579000000000001513e-01
5.570000000000007168e-01
3.624999999999999889e-01
1.057999999999997831e-01
1.655000000000003690e-01
1.249099999999998989e+00
4.291000000000001480e-01
4.723000000000001641e-01
1.197999999999996290e-01
4.269999999999996021e-02
5.069999999999974527e-02
8.080000000000020499e-02
6.739999999999896074e-02
8.049999999999962741e-02
5.750000000000005107e-02
1.383000000000007557e-01
1.352999999999998093e-01
1.267000000000000348e-01
9.699999999999953104e-02
5.460000000000042597e-02
5.670000000000002816e-02
1.619000000000010431e-01
1.370500000000000052e+00
2.895000000000000351e-01
1.520999999999997909e-01
1.377999999999999226e-01
3.202999999999999181e-01
3.374999999999996336e-01
5.800000000000038458e-02
2.411999999999996369e-01
2.571000000000001617e-01
9.410000000000018350e-02
1.129000000000001114e-01
9.449999999999980638e-02
8.069999999999960538e-02
6.670000000000025908e-02
1.370000000000000662e-01
6.680000000000035909e-02
1.014000000000000457e-01
7.900000000000045874e-02
5.360000000000014753e-02
8.379999999999998561e-02
2.463000000000001299e-01
5.669999999999991713e-02
1.209000000000000630e-01
6.566999999999997284e-01
4.012999999999997125e-01
2.520999999999999908e-01
1.070000000000000395e-01
1.233000000000002427e-01
3.505999999999998007e-01
2.258000000000000007e-01
2.764000000000001456e-01
1.464999999999999081e-01
1.322999999999999732e-01
6.340000000000015068e-02
4.919999999999979945e-02
5.729999999999993432e-02
1.077999999999998404e-01
7.529999999999995031e-02
5.329999999999998628e-02
2.723000000000002641e-01
8.380000000000023541e-02
4.664999999999998037e-01
2.481999999999999762e+00
2.335800000000000320e+00
3.601999999999998536e-01
2.251000000000002443e-01
2.304999999999993721e-01
3.651999999999997470e-01
2.042000000000002702e-01
6.199999999999986772e-02
5.760000000000037312e-02
1.745799999999999574e+00
