7.809999999999998888e-02
5.079999999999999793e-02
9.270000000000000462e-02
1.653999999999999915e-01
7.309999999999999831e-02
6.689999999999998725e-02
6.520000000000000795e-02
8.209999999999999243e-02
5.919999999999998874e-02
5.230000000000000621e-02
9.890000000000000180e-02
9.249999999999999889e-02
2.305999999999999994e-01
8.450000000000000566e-02
1.091000000000000025e-01
8.520000000000001183e-02
7.819999999999999174e-02
8.420000000000001095e-02
8.089999999999999969e-02
4.290000000000000063e-02
6.480000000000001037e-02
6.130000000000000726e-02
8.240000000000000102e-02
5.940000000000000141e-02
7.689999999999999614e-02
1.460000000000000187e-01
7.919999999999999263e-02
1.223999999999999949e-01
9.439999999999998392e-02
7.340000000000000691e-02
1.470999999999999808e-01
6.620000000000000884e-02
8.100000000000001643e-02
2.800000000000000266e-01
1.755000000000000171e-01
1.014000000000000179e-01
9.950000000000000511e-02
4.359999999999999987e-02
5.699999999999998818e-02
6.159999999999999504e-02
7.889999999999998403e-02
1.230000000000000121e-01
8.189999999999998670e-02
1.199000000000000205e-01
5.399999999999999939e-02
4.900000000000004352e-02
7.290000000000003422e-02
5.670000000000000734e-02
3.619999999999998219e-02
5.149999999999999023e-02
6.080000000000000682e-02
7.270000000000004237e-02
5.930000000000001936e-02
7.329999999999999016e-02
6.840000000000000246e-02
1.114999999999999880e-01
6.999999999999999278e-02
3.439999999999999308e-02
8.770000000000000018e-02
4.350000000000002476e-02
3.240000000000001212e-02
6.539999999999998592e-02
8.832999999999999741e-01
4.818000000000000060e-01
1.587000000000000077e-01
1.151999999999999552e-01
1.030000000000000082e-01
6.470000000000000751e-02
5.639999999999999875e-02
7.320000000000002893e-02
6.610000000000001985e-02
4.639999999999998986e-02
1.118999999999999995e-01
1.044999999999999818e-01
8.329999999999999905e-02
6.850000000000001921e-02
9.579999999999999627e-02
1.268999999999999850e-01
7.960000000000000409e-02
1.469000000000000306e-01
5.971999999999999531e-01
3.076999999999999735e-01
2.456999999999999740e-01
2.328000000000000069e-01
1.633999999999999897e-01
2.479999999999998872e-02
9.660000000000003306e-02
7.570000000000000340e-02
6.449999999999998790e-02
5.400000000000002021e-02
3.880000000000002891e-02
9.499999999999998723e-02
7.130000000000000226e-02
5.429999999999998717e-02
1.026000000000000106e-01
6.320000000000002005e-02
6.370000000000000662e-02
1.499999999999999944e-01
7.219999999999997253e-02
1.024999999999999939e-01
7.399999999999999634e-02
5.650000000000002243e-02
1.298000000000000265e-01
5.930000000000002630e-02
8.269999999999999574e-02
6.629999999999999782e-02
1.310000000000000053e-01
9.670000000000002205e-02
3.639999999999998792e-02
5.009999999999999176e-02
9.739999999999998659e-02
1.170999999999999680e-01
7.679999999999997939e-02
4.879999999999998228e-02
1.125999999999999918e-01
9.310000000000000220e-02
6.520000000000000795e-02
2.330000000000000820e-02
2.979999999999998275e-02
5.680000000000000326e-02
7.570000000000000340e-02
7.910000000000000364e-02
6.929999999999998661e-02
8.770000000000000018e-02
4.752999999999999448e-01
2.441999999999999726e-01
1.103999999999999981e-01
9.099999999999999756e-02
4.769999999999996465e-02
1.035000000000000225e-01
7.280000000000003135e-02
7.260000000000001175e-02
5.160000000000000697e-02
5.479999999999998761e-02
4.510000000000004977e-02
5.190000000000001557e-02
7.639999999999999569e-02
2.559999999999997694e-02
5.769999999999999435e-02
6.200000000000002731e-02
9.940000000000000224e-02
8.160000000000001974e-02
1.063000000000000056e-01
5.000000000000001665e-02
4.960000000000000520e-02
1.270999999999999908e-01
1.372999999999999776e-01
1.322000000000000397e-01
9.550000000000002931e-02
8.970000000000002971e-02
6.279999999999999472e-02
