2.535999999999999366e-01
2.652999999999999803e-01
1.945000000000000062e-01
2.067999999999999838e-01
9.309999999999998832e-02
1.368999999999999939e-01
1.588999999999999857e-01
1.605000000000000315e-01
1.056000000000000133e-01
1.527999999999999914e-01
2.335000000000000409e-01
1.880999999999999894e-01
2.302000000000000157e-01
2.746000000000000107e-01
1.295999999999999930e-01
1.531000000000000139e-01
1.241999999999999910e-01
1.879000000000000115e-01
1.366999999999999882e-01
1.896999999999999797e-01
2.230999999999999928e-01
3.454999999999999738e-01
1.918999999999999595e-01
2.074000000000000010e-01
2.778000000000000469e-01
3.233000000000000318e-01
2.939999999999999836e-01
2.861000000000000210e-01
2.356999999999999929e-01
1.607999999999999985e-01
7.599999999999999811e-02
1.596000000000000196e-01
1.814999999999999392e-01
1.056999999999999884e-01
1.949999999999999789e-01
1.000000000000000056e-01
9.519999999999999296e-02
2.253999999999999893e-01
2.737000000000000544e-01
2.036000000000000032e-01
2.429000000000000048e-01
1.314000000000000168e-01
6.660000000000002029e-02
1.174000000000000044e-01
3.524999999999999800e-01
6.200000000000002037e-02
4.269000000000000017e-01
4.114999999999999769e-01
1.518000000000000460e-01
1.175000000000000072e-01
1.559999999999999998e-01
1.910999999999999921e-01
5.250000000000000500e-02
1.472999999999999587e-01
3.724999999999999978e-01
5.589999999999998442e-02
5.587999999999999634e-01
4.232000000000000206e-01
1.333999999999999631e-01
5.989999999999999492e-02
8.840000000000002023e-02
2.290999999999999703e-01
4.919999999999999929e-01
6.026000000000000245e-01
5.111999999999999877e-01
1.923000000000000265e-01
5.619999999999999440e-01
2.946000000000000285e-01
3.378000000000001002e-01
3.626999999999999669e-01
4.176000000000000267e-01
4.379000000000000115e-01
5.118000000000000327e-01
4.429999999999999494e-01
2.666000000000000592e-01
1.827999999999999625e-01
1.321000000000000230e-01
2.330000000000000127e-01
1.640999999999999959e-01
5.416999999999999593e-01
4.004000000000000337e-01
2.023999999999999966e-01
2.012000000000000177e-01
3.684000000000000052e-01
3.279999999999999583e-01
1.969999999999999807e-01
2.535999999999999366e-01
2.416999999999999427e-01
1.736999999999999655e-01
4.514000000000000234e-01
2.279999999999999805e-01
1.046000000000000263e-01
1.757000000000000228e-01
8.540000000000003144e-02
1.645999999999999963e-01
3.163999999999999035e-01
3.785999999999999921e-01
3.155000000000000027e-01
6.110000000000001541e-02
9.249999999999992950e-02
3.243999999999999106e-01
3.024000000000000021e-01
8.030000000000002414e-02
2.667999999999999816e-01
1.719000000000000250e-01
3.284000000000000252e-01
4.791999999999999593e-01
1.825999999999999845e-01
2.800000000000000266e-01
6.371999999999999886e-01
6.036000000000000254e-01
5.798999999999999710e-01
4.682999999999999385e-01
9.186999999999999611e-01
5.856000000000000094e-01
1.132999999999999979e-01
2.791000000000000147e-01
4.916999999999999149e-01
3.657999999999999585e-01
1.553000000000001324e-01
8.740000000000001934e-02
1.123999999999999860e-01
1.561999999999999778e-01
9.600000000000001588e-02
2.622999999999999776e-01
2.282000000000000139e-01
4.495999999999998886e-01
1.994999999999998719e-01
2.671999999999999376e-01
1.948000000000000287e-01
1.224999999999999700e-01
1.934000000000000163e-01
3.127999999999999670e-01
3.825999999999999401e-01
4.346999999999999198e-01
4.238999999999999990e-01
2.925999999999999712e-01
3.998999999999999222e-01
1.647999999999999743e-01
2.403999999999999748e-01
3.636999999999999122e-01
1.942000000000000948e-01
3.156000000000000472e-01
3.411999999999999478e-01
1.477000000000000535e-01
3.037000000000000255e-01
3.777000000000000357e-01
2.890999999999999681e-01
2.406000000000000361e-01
3.961000000000000076e-01
4.460000000000000075e-01
