1.379000000000000226e-01
8.549999999999999267e-02
7.299999999999999545e-02
7.089999999999999081e-02
1.045999999999999985e-01
8.959999999999999909e-02
9.170000000000000373e-02
8.049999999999998823e-02
9.910000000000000753e-02
9.069999999999998896e-02
1.441999999999999948e-01
1.103000000000000091e-01
1.391000000000000014e-01
7.349999999999998201e-02
1.053000000000000047e-01
1.436999999999999944e-01
1.193999999999999923e-01
5.540000000000000480e-02
1.082999999999999935e-01
1.030999999999999972e-01
1.450999999999999790e-01
1.044000000000000067e-01
8.739999999999999158e-02
8.769999999999998630e-02
5.660000000000000447e-02
1.013999999999999763e-01
1.338999999999999913e-01
9.800000000000000377e-02
4.169999999999999402e-02
1.028000000000000025e-01
1.426999999999999935e-01
4.596000000000000085e-01
2.545999999999999930e-01
1.516999999999999738e-01
2.391999999999999682e-01
2.487000000000000044e-01
1.990999999999999992e-01
1.483999999999999764e-01
1.486000000000000099e-01
1.442999999999999838e-01
1.816999999999999726e-01
1.275999999999999912e-01
1.772999999999999854e-01
1.047000000000000153e-01
9.210000000000002907e-02
8.850000000000000921e-02
8.469999999999999751e-02
7.439999999999998004e-02
1.217999999999999639e-01
8.609999999999996823e-02
9.709999999999999187e-02
8.930000000000003213e-02
1.445000000000000173e-01
1.665999999999999981e-01
1.846000000000000141e-01
1.534999999999999976e-01
2.220999999999999641e-01
2.378999999999999726e-01
1.320000000000000062e-01
1.227000000000000035e-01
1.422999999999999821e-01
1.194999999999999535e-01
2.853999999999999870e-01
1.892000000000000071e-01
1.953999999999999626e-01
1.179999999999999660e-01
8.720000000000001361e-02
7.829999999999999460e-02
5.559999999999998277e-02
1.963000000000000300e-01
1.510000000000000231e-01
7.060000000000000997e-02
2.167000000000000037e-01
1.443000000000000393e-01
2.790000000000000258e-01
2.967000000000000193e-01
3.029000000000000581e-01
2.258000000000000007e-01
1.444999999999999896e-01
1.404999999999999860e-01
1.597000000000000086e-01
7.929999999999999549e-02
1.388000000000000067e-01
1.436999999999999944e-01
1.413999999999999702e-01
1.204999999999999960e-01
9.620000000000002160e-02
1.205999999999999850e-01
1.043999999999999928e-01
1.544000000000000372e-01
1.811000000000000387e-01
1.947000000000000675e-01
2.051000000000000045e-01
2.100999999999999535e-01
1.477999999999999869e-01
2.255999999999999950e-01
2.034999999999999587e-01
1.072999999999999787e-01
1.567999999999999949e-01
1.041000000000000120e-01
1.133000000000000396e-01
8.680000000000001603e-02
1.029999999999999943e-01
1.489000000000000323e-01
1.187000000000000000e-01
2.070999999999999786e-01
1.696999999999999897e-01
1.042000000000000148e-01
1.510999999999999566e-01
1.763999999999999457e-01
1.728999999999999704e-01
1.332000000000000406e-01
7.179999999999997495e-02
5.359999999999998099e-02
8.269999999999999574e-02
1.061999999999999889e-01
8.159999999999999198e-02
1.273999999999999577e-01
1.079000000000000237e-01
1.003000000000000419e-01
8.499999999999997835e-02
8.270000000000002349e-02
1.361999999999999877e-01
1.268000000000000238e-01
1.333999999999999908e-01
1.463999999999999746e-01
1.857000000000000317e-01
1.790000000000000202e-01
1.549000000000000099e-01
2.252000000000000390e-01
2.118000000000000438e-01
1.370000000000000107e-01
1.995999999999999719e-01
1.907999999999999696e-01
1.484000000000000041e-01
9.790000000000001479e-02
1.259000000000000119e-01
2.351000000000000034e-01
7.869999999999999218e-02
1.467999999999999861e-01
1.003999999999999754e-01
8.669999999999999929e-02
1.128000000000000252e-01
1.804000000000000048e-01
1.571000000000000174e-01
1.660000000000000087e-01
1.421999999999999931e-01
1.007999999999999868e-01
6.200000000000001343e-02
1.363000000000000322e-01
2.405000000000000471e-01
