8.383999999999999231e-01
1.120800000000000018e+00
1.227500000000000258e+00
5.488000000000000655e-01
6.583999999999999853e-01
5.369999999999999218e-01
1.523999999999999799e-01
1.793999999999999484e-01
1.953000000000000014e-01
1.520000000000000240e-01
1.458999999999999742e-01
3.380999999999999561e-01
1.557999999999999663e-01
2.530000000000001137e-01
4.910999999999999255e-01
3.594000000000000528e-01
3.330999999999999517e-01
2.775000000000000244e-01
1.866000000000000159e-01
2.627000000000000446e-01
1.074000000000000232e-01
1.077600000000000113e+00
3.666000000000000369e-01
2.368999999999999162e-01
1.970000000000000084e-01
3.002999999999999559e-01
3.401999999999999469e-01
3.046999999999999709e-01
2.350000000000000699e-01
3.041999999999999704e-01
4.322000000000000286e-01
2.378000000000000114e-01
2.321999999999999897e-01
2.047999999999999265e-01
3.173999999999999044e-01
1.284000000000000419e-01
9.480000000000006477e-02
3.027000000000000246e-01
1.620000000000000051e-01
1.620000000000000884e-01
3.419000000000000372e-01
6.392999999999999794e-01
3.770000000000000018e-01
1.954999999999999516e-01
2.142999999999999627e-01
1.147999999999999438e-01
1.105000000000000426e-01
1.822000000000000286e-01
7.000000000000002054e-02
3.459000000000000408e-01
1.898999999999999577e-01
8.800000000000000877e-02
1.406999999999999640e-01
1.045000000000000234e-01
2.950000000000000400e-01
3.225999999999999979e-01
1.875999999999999890e-01
1.625000000000000611e-01
7.209999999999996967e-02
1.116999999999999660e-01
1.320000000000000062e-01
2.732999999999999319e-01
1.943900000000000183e+00
2.861099999999999977e+00
1.866599999999999815e+00
1.740400000000000169e+00
6.962000000000000410e-01
6.228999999999998982e-01
5.015000000000000568e-01
6.170000000000002149e-01
2.956999999999999629e-01
2.951000000000001955e-01
4.084000000000000963e-01
2.900000000000000910e-01
1.675000000000000377e-01
2.097000000000001085e-01
2.000000000000001499e-01
1.495999999999998720e-01
1.504999999999999671e-01
2.386999999999999678e-01
3.391000000000001235e-01
6.446999999999998288e-01
2.693000000000000393e-01
2.701999999999999402e-01
2.071999999999999398e-01
1.167999999999998206e-01
2.757999999999998231e-01
7.635000000000001785e-01
5.359999999999999210e-01
4.412999999999999701e-01
4.146000000000000241e-01
6.877999999999999670e-01
2.468999999999998973e-01
3.019999999999999907e-01
2.270999999999998853e-01
1.715000000000000413e-01
1.885999999999999899e-01
4.112000000000000099e-01
4.320999999999999841e-01
2.835000000000000298e-01
2.091999999999999138e-01
1.947000000000000952e-01
1.650000000000000355e-01
1.126000000000000334e+00
1.460000000000001852e-01
4.059999999999999165e-01
3.636000000000000898e-01
8.319999999999996843e-02
1.521000000000000407e-01
1.044000000000000622e-01
2.856000000000000760e-01
2.121999999999999997e-01
1.528999999999998138e-01
4.029999999999999138e-01
2.211999999999998967e-01
1.688000000000000056e-01
1.728000000000000924e-01
7.942000000000000171e-01
4.280999999999999250e-01
1.781000000000000139e+00
6.728999999999998316e-01
8.273000000000001464e-01
1.851000000000000145e-01
3.433000000000000496e-01
3.993999999999999773e-01
2.869000000000001549e-01
4.526000000000000023e-01
3.276000000000000023e-01
3.037000000000000810e-01
4.181999999999999607e-01
1.977999999999999203e-01
1.960000000000000631e-01
1.763000000000000123e-01
3.818999999999999062e-01
3.106000000000000427e-01
2.177000000000000324e-01
1.955000000000000349e-01
1.588999999999998469e-01
2.044999999999999318e-01
1.772999999999999854e-01
2.095999999999999530e-01
4.697000000000000064e-01
1.860999999999999988e+00
1.365099999999999980e+00
2.143999999999999795e-01
1.822999999999999621e-01
3.192000000000000393e-01
4.036999999999999478e-01
2.462999999999999079e-01
3.712999999999999634e-01
3.455000000000000293e-01
