3.388999999999999790e-01
3.745999999999999885e-01
4.402999999999999692e-01
6.174000000000000599e-01
6.681000000000001382e-01
9.500000000000001499e-02
2.497999999999999943e-01
5.509000000000000563e-01
4.703999999999999293e-01
1.926999999999999547e-01
1.243999999999999967e-01
2.208999999999999853e-01
2.562999999999999723e-01
2.990999999999999770e-01
7.227000000000000091e-01
2.299899999999999611e+00
2.875000000000001443e-01
4.585000000000000187e-01
7.468000000000000194e-01
7.071999999999999398e-01
6.346999999999999309e-01
4.441999999999999282e-01
4.347000000000000308e-01
4.291000000000000369e-01
3.669999999999999929e-01
2.211000000000000187e-01
3.545999999999999708e-01
1.662000000000000144e-01
8.190000000000001446e-02
9.190000000000002334e-02
4.030000000000003718e-02
1.177999999999999742e-01
2.501999999999999780e-01
6.869999999999999718e-02
1.784999999999999920e-01
1.255000000000000004e-01
1.218000000000000055e-01
4.959999999999999409e-01
4.595000000000000195e-01
2.906999999999999584e-01
1.421999999999999931e-01
1.087000000000000188e-01
8.990000000000002156e-02
8.089999999999999969e-02
6.049999999999999128e-02
6.270000000000000573e-02
5.949999999999999040e-02
7.339999999999999303e-02
6.240000000000000407e-02
7.459999999999999964e-02
6.470000000000002138e-02
9.490000000000001212e-02
1.000000000000000333e-01
1.217000000000000026e-01
2.077999999999999570e-01
2.048000000000000098e-01
2.721999999999999975e-01
1.777999999999999858e-01
6.191999999999999726e-01
2.692999999999999838e-01
1.974000000000000199e-01
1.926000000000000489e-01
4.370000000000000273e-02
7.019999999999999851e-02
1.776999999999999691e-01
1.159000000000000030e-01
1.168000000000000010e-01
1.218999999999999667e-01
1.442000000000000226e-01
2.011000000000000010e-01
1.762999999999999845e-01
1.113000000000000239e-01
5.772000000000000464e-01
9.865999999999999215e-01
6.086000000000000298e-01
2.760400000000000631e+00
2.032800000000000384e+00
9.480999999999999428e-01
5.850999999999999535e-01
5.858000000000000984e-01
2.112999999999999046e-01
2.477999999999999647e-01
1.495999999999999830e-01
1.176999999999999713e-01
2.228000000000000258e-01
1.049000000000000210e-01
1.926000000000000767e-01
1.797999999999999599e-01
1.079999999999999155e-01
6.070000000000008722e-02
1.499999999999999667e-01
4.910000000000007414e-02
1.955999999999998851e-01
2.704000000000000292e-01
1.568200000000000038e+00
7.567000000000000393e-01
1.689400000000000013e+00
3.934999999999999609e-01
3.473999999999999311e-01
2.386999999999999955e-01
1.434000000000000274e-01
2.413000000000000145e-01
3.647999999999999021e-01
1.214999999999999969e-01
2.098000000000000975e-01
6.076999999999999069e-01
3.387000000000000011e-01
3.107000000000000872e-01
9.759999999999999232e-02
1.113000000000000517e-01
9.950000000000006062e-02
1.189000000000000334e-01
2.870000000000005880e-02
3.709999999999998022e-02
7.849999999999990319e-02
1.086000000000000854e-01
1.212000000000001271e-01
1.033000000000000584e-01
7.769999999999993578e-02
9.989999999999990554e-02
8.310000000000011822e-02
1.095000000000000001e-01
9.250000000000008216e-02
6.320000000000007556e-02
4.790000000000008140e-02
8.740000000000006097e-02
6.376000000000000556e-01
6.950999999999999401e-01
2.605999999999999983e-01
2.841000000000000192e-01
6.790000000000011304e-02
1.388999999999999679e-01
9.239999999999999603e-02
5.869999999999990503e-02
2.350000000000014577e-02
4.150000000000007155e-02
2.479999999999993321e-02
5.989999999999995328e-02
5.009999999999999176e-02
5.490000000000002517e-02
1.977999999999999203e-01
1.999999999999999556e-01
1.141999999999999682e-01
7.580000000000017280e-02
2.198000000000000231e-01
2.180999999999999328e-01
1.069999999999999146e-01
7.289999999999989544e-02
8.680000000000012705e-02
4.369999999999998191e-02
5.670000000000000040e-02
