8.060000000000000497e-02
6.459999999999999076e-02
9.449999999999998679e-02
1.075000000000000122e-01
5.429999999999999410e-02
3.330000000000000321e-02
1.990999999999999992e-01
2.249000000000000166e-01
1.390000000000000124e-01
8.540000000000000369e-02
1.250000000000000000e-01
4.420000000000000318e-02
5.859999999999999931e-02
7.390000000000000735e-02
8.599999999999999312e-02
7.459999999999999964e-02
5.199999999999999067e-02
6.039999999999999536e-02
1.314000000000000168e-01
7.290000000000002034e-02
1.128999999999999865e-01
8.930000000000000437e-02
1.526999999999999746e-01
7.200000000000000844e-02
1.143000000000000127e-01
1.058000000000000052e-01
1.543999999999999817e-01
1.217000000000000165e-01
8.180000000000002547e-02
9.770000000000000906e-02
3.799999999999999212e-02
1.085999999999999882e-01
5.689999999999999225e-02
9.650000000000000244e-02
6.250000000000001388e-02
1.420000000000000151e-01
1.121000000000000052e-01
8.360000000000000764e-02
1.310999999999999943e-01
1.370999999999999996e-01
1.092999999999999805e-01
7.619999999999997609e-02
7.740000000000001046e-02
1.216000000000000136e-01
1.421999999999999931e-01
8.609999999999998210e-02
8.830000000000001736e-02
9.080000000000000571e-02
8.759999999999998344e-02
6.300000000000000044e-02
7.999999999999998779e-02
6.650000000000000355e-02
8.060000000000000497e-02
1.378000000000000058e-01
9.610000000000001874e-02
1.168000000000000149e-01
7.429999999999997717e-02
9.660000000000001918e-02
6.449999999999997402e-02
1.125000000000000028e-01
1.112000000000000072e-01
1.044999999999999818e-01
5.419999999999999818e-02
1.061000000000000137e-01
1.952000000000000124e-01
1.653000000000000025e-01
6.750000000000001832e-02
5.949999999999997652e-02
7.999999999999998779e-02
2.699999999999999623e-02
3.739999999999999575e-02
1.699999999999999428e-02
1.390000000000000124e-01
1.248999999999999555e-01
9.320000000000000506e-02
1.236000000000000293e-01
1.281999999999999529e-01
1.080000000000000127e-01
4.609999999999996739e-02
5.539999999999999092e-02
2.480000000000003729e-02
6.000000000000000472e-02
1.256999999999999784e-01
5.680000000000000326e-02
3.569999999999996093e-02
7.980000000000002369e-02
6.700000000000003175e-02
5.600000000000002198e-02
4.249999999999999611e-02
9.429999999999992555e-02
1.165999999999999676e-01
1.745999999999999774e-01
5.959999999999997244e-02
8.780000000000004468e-02
9.520000000000002072e-02
6.509999999999999121e-02
4.760000000000000342e-02
6.789999999999998814e-02
8.279999999999999860e-02
1.006999999999999840e-01
5.320000000000000423e-02
2.644999999999999574e-01
1.800999999999999823e-01
8.500000000000004774e-02
9.879999999999999893e-02
1.075999999999999873e-01
8.760000000000002507e-02
7.520000000000004459e-02
1.748000000000000109e-01
1.303000000000000547e-01
4.019999999999997881e-02
8.999999999999996891e-02
1.442000000000000504e-01
8.899999999999995415e-02
1.153999999999999748e-01
1.370000000000000107e-01
1.392000000000000182e-01
9.329999999999996629e-02
5.149999999999998329e-02
1.000000000000000333e-01
3.750000000000006106e-02
9.829999999999997073e-02
7.690000000000006553e-02
8.699999999999998013e-02
7.889999999999997016e-02
8.999999999999999667e-02
1.030999999999999694e-01
1.135000000000000453e-01
1.647000000000000408e-01
1.944000000000000172e-01
1.059999999999999554e-01
1.386000000000000287e-01
1.312999999999999445e-01
1.389000000000000234e-01
6.650000000000008682e-02
1.020000000000000073e-01
7.770000000000004681e-02
2.365000000000000158e-01
1.294999999999999485e-01
3.999999999999996614e-02
1.286999999999999533e-01
1.433999999999998887e-01
5.980000000000001287e-02
1.145999999999999797e-01
3.510000000000004089e-02
9.979999999999994431e-02
9.329999999999996629e-02
1.075000000000000122e-01
5.190000000000002944e-02
1.154999999999999361e-01
1.308999999999999331e-01
