5.879999999999999810e-02
8.390000000000000235e-02
7.040000000000001812e-02
4.560000000000000164e-02
1.982000000000000151e-01
1.288999999999999868e-01
1.064999999999999836e-01
1.270000000000000018e-01
1.108999999999999986e-01
1.385000000000000120e-01
9.560000000000003217e-02
7.450000000000001066e-02
1.106000000000000039e-01
5.389999999999999653e-02
1.113000000000000100e-01
1.280000000000000027e-01
5.790000000000003477e-02
1.092999999999999805e-01
8.269999999999996798e-02
9.159999999999995923e-02
1.491999999999999993e-01
1.146000000000000352e-01
1.199000000000000343e-01
8.620000000000002660e-02
5.600000000000000810e-02
3.952999999999999847e-01
1.876999999999999780e-01
2.203999999999999848e-01
1.438000000000000111e-01
1.447999999999999843e-01
2.165000000000000258e-01
9.870000000000000995e-02
1.072999999999999510e-01
1.502999999999999614e-01
8.440000000000001668e-02
2.193999999999999284e-01
7.040000000000011526e-02
6.949999999999997846e-02
1.539999999999999702e-01
1.146000000000000768e-01
9.080000000000010285e-02
9.540000000000008196e-02
1.284999999999998921e-01
1.299999999999999212e-01
2.015999999999999737e-01
1.511999999999999733e-01
1.824000000000000066e-01
8.860000000000002596e-02
5.159999999999992371e-02
1.885999999999999899e-01
1.044999999999999124e-01
6.960000000000010623e-02
9.879999999999994342e-02
8.819999999999986184e-02
6.699999999999994849e-02
1.202000000000000013e-01
1.117000000000000492e-01
2.442000000000000837e-01
1.567999999999999394e-01
1.662000000000000144e-01
8.090000000000011071e-02
5.779999999999994170e-02
1.416000000000000314e-01
8.250000000000010103e-02
6.279999999999996696e-02
1.386999999999999622e-01
7.039999999999987934e-02
6.860000000000002207e-02
1.266000000000000458e-01
9.099999999999990041e-02
7.839999999999984481e-02
5.220000000000001028e-02
6.910000000000005027e-02
8.660000000000001030e-02
7.479999999999992211e-02
4.380000000000008886e-02
9.739999999999995883e-02
1.430999999999999217e-01
1.094999999999998197e-01
7.969999999999993756e-02
3.054000000000001158e-01
2.135999999999999566e-01
3.273999999999999133e-01
2.503000000000003000e-01
1.249999999999999722e-01
1.585999999999997967e-01
3.356999999999999984e-01
2.327999999999998681e-01
7.219999999999995866e-02
1.301999999999999547e-01
1.891000000000000181e-01
1.018999999999999906e-01
1.616999999999999826e-01
2.528999999999997916e-01
7.739999999999989944e-02
7.149999999999984146e-02
1.401999999999997693e-01
1.251999999999999225e-01
4.593000000000001526e-01
2.602000000000000979e-01
1.422999999999999821e-01
9.519999999999995133e-02
1.212000000000000577e-01
9.120000000000007268e-02
3.279999999999987786e-02
5.950000000000016387e-02
5.359999999999991160e-02
1.179999999999999105e-01
6.599999999999975331e-02
8.499999999999993672e-02
5.430000000000011207e-02
5.100000000000003142e-02
7.669999999999993490e-02
1.029999999999999388e-01
5.339999999999978791e-02
9.529999999999991256e-02
9.339999999999987201e-02
9.059999999999997222e-02
1.748999999999997501e-01
2.569999999999998397e-01
1.638999999999998791e-01
1.198999999999997984e-01
1.025000000000001327e-01
1.865999999999999603e-01
9.309999999999993281e-02
6.919999999999992824e-02
1.353000000000001424e-01
9.020000000000008566e-02
1.606000000000001593e-01
9.590000000000016567e-02
8.499999999999992284e-02
5.630000000000001670e-02
9.109999999999994491e-02
8.899999999999989864e-02
8.900000000000017619e-02
5.069999999999985629e-02
1.858999999999998431e-01
1.461999999999998301e-01
8.429999999999990279e-02
8.359999999999999376e-02
1.350000000000000644e-01
6.182999999999999607e-01
7.034000000000000252e-01
3.278000000000001468e-01
6.169999999999994933e-02
4.979999999999994847e-02
1.745000000000000440e-01
1.036999999999998479e-01
1.041999999999999871e-01
6.689999999999993174e-02
7.400000000000009348e-02
