9.969999999999999696e-02
1.517000000000000015e-01
1.061000000000000137e-01
1.348999999999999921e-01
1.650000000000000078e-01
4.850000000000000144e-02
3.202000000000000401e-01
5.590999999999999304e-01
1.188999999999999779e-01
1.515999999999999570e-01
1.487000000000000266e-01
1.299000000000000155e-01
8.639999999999997682e-02
6.469999999999999363e-02
1.262999999999999956e-01
1.215000000000000246e-01
5.610000000000001791e-02
8.119999999999999440e-02
1.294000000000000150e-01
1.198000000000000176e-01
7.090000000000000469e-02
7.999999999999998779e-02
6.049999999999999128e-02
8.009999999999996290e-02
1.493999999999999773e-01
1.033999999999999919e-01
6.519999999999998019e-02
8.789999999999997815e-02
1.290000000000000036e-01
1.025000000000000216e-01
6.020000000000001739e-02
8.880000000000000393e-02
9.479999999999999538e-02
6.549999999999996103e-02
1.013999999999999624e-01
8.959999999999998521e-02
7.800000000000004152e-02
1.885000000000000009e-01
6.370000000000000662e-02
1.581000000000000183e-01
2.203999999999999848e-01
2.448000000000000453e-01
1.304000000000000159e-01
7.460000000000004128e-02
7.209999999999999742e-02
1.110999999999999904e-01
8.559999999999998166e-02
1.971999999999999864e-01
7.370000000000001550e-02
1.629000000000000170e-01
1.010600000000000165e+00
9.360999999999999321e-01
2.205999999999999905e-01
2.202999999999999958e-01
1.234000000000000097e-01
1.074999999999999845e-01
7.739999999999999658e-02
1.301000000000000212e-01
3.207999999999999741e-01
2.992000000000000215e-01
1.512999999999999901e-01
1.204999999999999960e-01
7.750000000000002720e-02
9.729999999999994209e-02
1.158999999999999891e-01
5.079999999999998406e-02
5.279999999999999971e-02
1.056000000000000133e-01
9.769999999999996743e-02
2.056999999999999940e-01
1.452000000000000235e-01
2.059000000000000274e-01
1.917999999999999983e-01
1.857000000000000040e-01
2.918999999999999928e-01
7.799999999999997213e-02
5.079999999999999793e-02
1.784999999999999643e-01
1.071000000000000424e-01
1.373000000000000054e-01
1.717999999999999805e-01
1.331000000000000238e-01
4.130000000000001725e-02
1.746000000000000052e-01
1.875999999999999890e-01
1.835999999999999854e-01
9.209999999999998743e-02
8.869999999999997331e-02
4.519999999999997631e-02
8.110000000000001930e-02
7.379999999999999061e-02
8.040000000000001312e-02
1.789999999999999647e-01
1.527999999999999359e-01
5.340000000000001690e-02
5.390000000000001734e-02
7.580000000000000626e-02
1.393000000000000349e-01
8.839999999999999247e-02
1.373000000000000331e-01
7.749999999999998557e-02
9.199999999999999845e-02
1.786000000000000087e-01
6.060000000000002884e-02
1.275000000000000022e-01
1.186999999999999722e-01
1.355000000000000093e-01
1.352999999999999758e-01
1.195000000000000367e-01
9.170000000000003149e-02
5.379999999999999366e-02
8.779999999999998916e-02
9.409999999999998921e-02
6.319999999999996454e-02
6.829999999999995797e-02
4.229999999999996263e-02
1.063000000000000334e-01
8.309999999999997944e-02
9.850000000000000422e-02
1.390999999999999737e-01
1.451999999999999957e-01
1.011000000000000232e-01
1.680999999999999994e-01
1.955000000000000071e-01
8.549999999999999267e-02
1.280000000000000027e-01
5.079999999999999100e-02
1.684199999999999697e+00
1.002499999999999947e+00
2.931999999999999607e-01
1.999000000000000221e-01
1.491999999999999993e-01
1.383000000000000063e-01
1.971999999999999864e-01
1.526000000000000134e-01
2.101000000000000090e-01
1.574000000000000121e-01
1.608000000000000262e-01
1.576000000000000179e-01
1.224999999999999978e-01
1.369000000000000217e-01
3.051999999999999158e-01
2.268000000000000016e-01
1.281000000000000194e-01
2.619999999999997331e-02
5.420000000000002593e-02
1.112999999999999823e-01
9.219999999999999030e-02
6.540000000000001368e-02
1.736999999999999378e-01
7.969999999999999307e-02
