1.195899999999999963e+00
3.384000000000000341e-01
3.426000000000000156e-01
3.193000000000000838e-01
2.469999999999999973e-01
3.634000000000000563e-01
1.269000000000000128e-01
7.379999999999987959e-02
2.799999999999999156e-01
2.521999999999998687e-01
2.579000000000000181e-01
2.556000000000001604e-01
2.504000000000000670e-01
3.100000000000000533e-01
2.730000000000000204e-01
2.802000000000000601e-01
2.537999999999999146e-01
2.448999999999997845e-01
2.168999999999999539e-01
5.799999999999994049e-02
1.801000000000000656e-01
2.217000000000000359e-01
1.148999999999998911e-01
1.076999999999999902e-01
9.389999999999996960e-02
2.885999999999998566e-01
2.802999999999999936e-01
2.270000000000000351e-01
2.340999999999998915e-01
1.888999999999999568e-01
1.400000000000001243e-01
1.826000000000000123e-01
1.553000000000000769e-01
8.310000000000007658e-02
5.819999999999998785e-02
1.150999999999999801e-01
2.216999999999999804e-01
1.587000000000000355e-01
1.322000000000000397e-01
8.739999999999997771e-02
9.340000000000017732e-02
1.144000000000001266e-01
5.819999999999993234e-02
3.906000000000000583e-01
2.243999999999999606e-01
5.170000000000006535e-02
1.095999999999999475e-01
2.021999999999999353e-01
1.417000000000000204e-01
1.281999999999999251e-01
9.380000000000011939e-02
5.209999999999992415e-02
1.384999999999999010e-01
1.299999999999998934e-01
1.182999999999998636e-01
1.754999999999999893e-01
6.539999999999993041e-02
1.391999999999999627e-01
1.470000000000001306e-01
1.654000000000001025e-01
1.046000000000000540e-01
6.930000000000006988e-02
7.590000000000000913e-02
1.027000000000002217e-01
1.474999999999998812e-01
9.600000000000012690e-02
6.819999999999995510e-02
2.034999999999999587e-01
1.183000000000000440e-01
1.037999999999999062e-01
1.536999999999998368e-01
1.365999999999999437e-01
7.210000000000006681e-02
1.131999999999999118e-01
1.401999999999999358e-01
1.360999999999999710e-01
1.648000000000000020e-01
2.277000000000001245e-01
2.578000000000001402e-01
1.661000000000000809e-01
1.885000000000000564e-01
1.046000000000001096e-01
8.839999999999997859e-02
1.101999999999999091e-01
1.041999999999999593e-01
8.629999999999991844e-02
9.159999999999984821e-02
1.215999999999999859e-01
2.836000000000000743e-01
2.321999999999998510e-01
3.348999999999998645e-01
1.699999999999999845e-01
2.352999999999998981e-01
3.186999999999998168e-01
3.281000000000000028e-01
2.920000000000000373e-01
4.188000000000000611e-01
2.555000000000001714e-01
2.553000000000000824e-01
1.569999999999999452e-01
8.499999999999988121e-02
2.275000000000001743e-01
1.849000000000000088e-01
2.077999999999999015e-01
1.076999999999998930e-01
1.188999999999998253e-01
1.315999999999998837e-01
1.834000000000001185e-01
2.347000000000001585e-01
2.357000000000002704e-01
3.127000000000002555e-01
3.413000000000003809e-01
3.642000000000001902e-01
2.621000000000000552e-01
2.613000000000000878e-01
1.784999999999998810e-01
2.319999999999999563e-01
5.537999999999999590e-01
2.644000000000001904e-01
2.143999999999999240e-01
3.049000000000000599e-01
2.905000000000000360e-01
2.831999999999998963e-01
2.184999999999999720e-01
1.388999999999998569e-01
1.344999999999999529e-01
8.080000000000010785e-02
2.779000000000000359e-01
2.609999999999999543e-01
2.842999999999999416e-01
3.032999999999999585e-01
2.199999999999998623e-01
1.536999999999999478e-01
1.776000000000000356e-01
1.726999999999999091e-01
2.182000000000000606e-01
2.416000000000000369e-01
2.162999999999998257e-01
2.028000000000000358e-01
1.541000000000002368e-01
8.230000000000009530e-02
1.565000000000001945e-01
1.495000000000001605e-01
3.341000000000002301e-01
2.748000000000000442e-01
1.376000000000000001e-01
5.359999999999995324e-02
1.949000000000000732e-01
1.122999999999999554e-01
5.360000000000005038e-02
2.368000000000000105e-01
