1.193999999999999923e-01
7.960000000000000409e-02
7.059999999999999609e-02
5.399999999999999939e-02
1.522000000000000020e-01
9.629999999999999671e-02
5.530000000000000193e-02
7.950000000000000122e-02
2.509999999999999731e-02
4.839999999999999858e-02
8.649999999999999356e-02
9.790000000000000091e-02
1.669999999999999957e-02
5.430000000000000104e-02
1.001999999999999974e-01
7.239999999999999214e-02
2.106999999999999984e-01
1.430000000000000160e-01
1.054999999999999966e-01
1.047000000000000014e-01
1.142000000000000098e-01
8.959999999999998521e-02
5.919999999999998874e-02
9.130000000000000615e-02
5.449999999999999983e-02
7.330000000000000404e-02
4.989999999999999991e-02
6.809999999999999387e-02
1.305999999999999939e-01
9.690000000000000002e-02
5.479999999999999455e-02
4.890000000000001984e-02
1.185999999999999832e-01
8.150000000000001688e-02
1.375000000000000111e-01
1.028999999999999915e-01
6.159999999999999504e-02
5.150000000000000411e-02
7.590000000000002300e-02
5.240000000000001601e-02
7.029999999999998750e-02
2.040000000000001187e-02
8.140000000000001401e-02
1.481999999999999706e-01
1.174999999999999933e-01
5.459999999999995413e-02
8.600000000000002087e-02
9.629999999999999671e-02
1.292000000000000093e-01
5.340000000000001690e-02
1.194000000000000061e-01
1.032999999999999891e-01
7.499999999999999722e-02
9.539999999999998481e-02
1.068999999999999950e-01
2.989999999999999603e-02
5.480000000000000843e-02
4.909999999999999087e-02
4.279999999999999083e-02
8.690000000000000502e-02
1.241000000000000020e-01
1.367999999999999772e-01
5.760000000000001230e-02
7.069999999999998508e-02
6.430000000000002380e-02
5.900000000000000383e-02
9.849999999999997646e-02
7.989999999999998492e-02
5.239999999999999519e-02
2.300000000000000100e-01
3.820000000000000062e-01
1.443000000000000116e-01
6.369999999999999274e-02
7.459999999999999964e-02
9.850000000000000422e-02
5.000000000000001665e-02
1.315000000000000058e-01
1.169000000000000039e-01
1.739999999999999880e-01
7.939999999999999836e-02
1.451000000000000068e-01
7.380999999999999783e-01
5.375999999999999668e-01
2.437999999999999612e-01
1.066000000000000281e-01
2.847999999999999976e-01
8.560000000000002329e-02
1.115000000000000019e-01
1.752999999999999836e-01
1.387999999999999790e-01
1.885999999999999899e-01
1.873999999999999555e-01
1.714999999999999858e-01
6.990000000000001767e-02
5.049999999999998934e-02
5.169999999999997514e-02
1.497000000000000552e-01
3.097999999999999643e-01
1.375000000000000111e-01
7.009999999999999565e-02
4.650000000000001354e-02
9.959999999999996634e-02
4.909999999999999920e-01
5.010999999999998789e-01
2.385999999999999788e-01
6.990000000000001767e-02
1.247000000000000330e-01
8.479999999999998650e-02
4.489999999999996771e-02
8.069999999999999396e-02
3.100000000000000672e-02
1.205999999999999850e-01
1.436999999999999944e-01
1.652000000000000135e-01
9.149999999999997025e-02
1.542000000000000037e-01
1.211000000000000132e-01
2.178000000000000214e-01
9.829999999999999849e-01
6.867999999999999661e-01
1.696999999999999897e-01
2.011000000000000565e-01
5.110000000000004816e-02
1.881999999999999784e-01
2.595999999999999974e-01
1.929999999999999771e-01
1.019000000000000461e-01
1.006999999999999701e-01
1.419000000000000261e-01
1.315999999999999948e-01
7.519999999999997520e-02
6.010000000000000064e-02
9.319999999999997731e-02
1.451999999999999957e-01
1.683000000000000052e-01
4.729999999999998789e-02
1.088000000000000078e-01
8.390000000000001623e-02
1.861999999999999489e-01
1.282000000000000084e-01
1.215000000000000385e-01
8.459999999999999465e-02
2.348000000000000087e-01
2.335000000000000131e-01
3.590000000000001523e-02
1.339999999999999525e-01
1.202999999999999903e-01
1.330000000000000071e-01
7.560000000000000053e-02
4.540000000000005836e-02
9.549999999999997380e-02
