2.533000000000000251e-01
2.879999999999999782e-01
3.284000000000000252e-01
4.694000000000000394e-01
2.479999999999999982e-01
5.566999999999999726e-01
1.794999999999999929e-01
2.150000000000000244e-01
3.896999999999999353e-01
3.120000000000000551e-01
2.321000000000000008e-01
2.235999999999999932e-01
2.724000000000000310e-01
2.499000000000000110e-01
2.172000000000000597e-01
3.006000000000000894e-01
4.339999999999999969e-01
5.022999999999999687e-01
6.480000000000001315e-01
4.097000000000000086e-01
1.380999999999999450e-01
3.425000000000000266e-01
2.600000000000000644e-01
1.643999999999999906e-01
1.346999999999999864e-01
1.127000000000000501e-01
3.586999999999999633e-01
2.046999999999999931e-01
2.083999999999999742e-01
3.577000000000000179e-01
1.355000000000000093e-01
1.941999999999999837e-01
1.545999999999999874e-01
3.779999999999998916e-01
1.197999999999999621e-01
1.800999999999999823e-01
1.892999999999999960e-01
1.673999999999999932e-01
1.046999999999999598e-01
2.099000000000000032e-01
1.317000000000000115e-01
2.410000000000001724e-02
1.061999999999999750e-01
3.226999999999999869e-01
5.235000000000000764e-01
2.489999999999999991e-01
2.989999999999999880e-01
3.343000000000000416e-01
2.680000000000000160e-01
2.657999999999999807e-01
1.938000000000000000e-01
5.104000000000000759e-01
2.617000000000000437e-01
3.200999999999999956e-01
3.113000000000000211e-01
2.808000000000000496e-01
9.400000000000000022e-02
3.470999999999999641e-01
2.263999999999999901e-01
2.798000000000000487e-01
2.928999999999999382e-01
2.247999999999999998e-01
1.809000000000000052e-01
2.004000000000000503e-01
2.139999999999999680e-01
2.887000000000000122e-01
2.620000000000000662e-01
1.668000000000000038e-01
2.903999999999999915e-01
1.115000000000000019e-01
4.977000000000000313e-01
3.644000000000000017e-01
2.233999999999999875e-01
4.087000000000000077e-01
1.154000000000000026e-01
1.925999999999999934e-01
2.309000000000000496e-01
5.026000000000000467e-01
1.569000000000000672e-01
4.604000000000000314e-01
1.911000000000000199e-01
2.065000000000000724e-01
2.524000000000000132e-01
3.660999999999999810e-01
1.252000000000000057e-01
1.681000000000000272e-01
1.650000000000000078e-01
2.236999999999999822e-01
1.627000000000000113e-01
8.219999999999998141e-02
1.278000000000000247e-01
2.632999999999999785e-01
3.538000000000000034e-01
1.749999999999999889e-01
1.327999999999999736e-01
1.708000000000000351e-01
9.899999999999997691e-02
2.656000000000000583e-01
6.391000000000000014e-01
3.939999999999999059e-01
2.764999999999999680e-01
3.825000000000000622e-01
7.129999999999997451e-02
5.393000000000000016e-01
4.535000000000000142e-01
1.800999999999999268e-01
5.343999999999999861e-01
2.668000000000000926e-01
2.301000000000000267e-01
9.020000000000003015e-02
1.152999999999999581e-01
1.624999999999999500e-01
1.716000000000000025e-01
1.340000000000000080e-01
2.089999999999999913e-01
1.903000000000001080e-01
2.157999999999999918e-01
2.822000000000000619e-01
1.559999999999999720e-01
1.141999999999999960e-01
1.257000000000000062e-01
1.601999999999999813e-01
1.242000000000000326e-01
2.080999999999999794e-01
1.156999999999999418e-01
1.255999999999999617e-01
9.559999999999999054e-02
1.294999999999999762e-01
1.269000000000000128e-01
7.012000000000000455e-01
7.092000000000000526e-01
5.950999999999999623e-01
1.275000000000000022e-01
1.809000000000000608e-01
2.627999999999999226e-01
2.917000000000000148e-01
5.889999999999999680e-01
5.529000000000000581e-01
2.338999999999999690e-01
1.765999999999999515e-01
9.259999999999993237e-02
2.658999999999999142e-01
7.539999999999999480e-02
1.199999999999998013e-01
1.118000000000001215e-01
2.632000000000000450e-01
4.329000000000000625e-01
1.600000000000001421e-01
2.790000000000000258e-01
9.600000000000004363e-02
1.075999999999999873e-01
