9.280000000000000748e-02
4.292000000000000259e-01
3.240999999999999437e-01
1.537999999999999923e-01
1.542999999999999927e-01
2.187000000000000055e-01
2.503000000000000225e-01
8.900000000000002354e-02
1.074000000000000371e-01
1.772000000000000242e-01
1.310999999999999943e-01
2.175000000000000266e-01
1.589000000000000412e-01
1.140000000000000319e-01
6.880000000000001392e-02
3.190000000000001168e-02
5.479999999999997373e-02
1.385000000000000120e-01
6.750000000000000444e-02
1.979999999999999816e-01
8.970000000000000195e-02
7.009999999999999565e-02
1.047999999999999626e-01
1.209000000000000075e-01
1.272000000000000075e-01
5.530000000000001581e-02
3.819999999999999785e-02
7.349999999999999589e-02
1.766999999999999682e-01
1.737000000000000210e-01
7.630000000000000115e-01
4.522999999999999243e-01
6.457000000000001627e-01
6.186000000000000387e-01
4.102000000000000091e-01
6.354999999999999538e-01
1.387999999999999790e-01
1.459000000000000852e-01
3.409000000000000363e-01
1.687000000000000166e-01
2.147999999999999909e-01
1.890000000000000013e-01
2.726000000000000090e-01
3.932000000000001050e-01
5.786999999999999922e-01
1.313099999999999712e+00
5.137000000000000455e-01
2.298000000000000598e-01
2.200000000000000011e-01
4.732999999999999430e-01
2.250999999999999668e-01
3.787000000000000366e-01
2.862000000000000655e-01
2.114000000000000323e-01
3.287999999999999812e-01
1.437999999999999279e-01
4.969999999999998030e-02
3.161999999999999256e-01
3.176999999999999824e-01
1.461999999999999689e-01
1.244999999999999996e-01
9.800000000000003153e-02
9.080000000000004734e-02
2.733000000000000429e-01
2.147000000000000020e-01
1.633000000000000285e-01
2.100000000000000200e-01
1.142999999999999988e-01
5.716999999999999860e-01
4.269000000000000017e-01
2.250999999999999390e-01
2.538000000000000256e-01
8.829999999999998961e-02
1.377000000000000446e-01
3.516000000000000236e-01
1.182399999999999674e+00
6.149000000000000021e-01
1.345000000000000084e-01
1.171000000000000235e-01
6.560000000000006104e-02
9.170000000000001761e-02
1.561999999999999778e-01
5.769000000000000794e-01
5.259000000000001451e-01
2.443000000000000727e-01
4.662999999999999923e-01
2.933999999999999941e-01
1.145000000000000739e-01
9.159999999999994535e-02
1.453000000000000957e-01
1.678999999999998827e-01
1.089000000000000801e-01
1.015999999999999542e-01
1.203000000000001152e-01
1.025000000000000355e-01
1.099000000000000532e-01
3.581999999999998519e-01
3.312999999999999834e-01
2.759999999999999676e-01
1.040000000000000646e-01
3.024000000000001132e-01
1.480000000000000759e-01
2.716999999999999971e-01
1.317999999999999172e-01
4.586999999999999411e-01
7.299999999999999822e-01
2.144999999999999685e-01
2.462000000000000299e-01
5.420000000000000373e-01
4.116999999999998994e-01
1.890999999999999626e-01
5.480000000000000426e-01
3.353999999999999204e-01
1.808999999999999775e-01
5.950000000000016387e-02
6.880000000000002780e-02
9.400000000000016676e-02
1.161000000000000226e-01
2.516999999999999238e-01
1.805000000000000493e-01
1.199000000000000066e-01
2.070000000000004475e-02
7.536999999999998145e-01
8.319999999999999618e-01
9.385000000000001119e-01
3.131999999999999784e-01
9.970000000000001084e-02
1.525999999999999301e-01
3.466000000000000192e-01
7.180000000000000826e-01
5.264000000000000901e-01
3.023000000000000131e-01
1.801000000000000378e-01
2.662800000000000278e+00
3.848000000000000309e-01
1.410699999999999843e+00
1.463500000000000023e+00
2.009000000000000341e+00
6.220000000000001084e-01
3.097000000000000308e-01
4.382000000000000339e-01
1.644999999999999241e-01
1.717999999999999527e-01
1.649000000000000188e-01
5.320000000000000284e-01
9.389999999999999458e-01
1.202699999999999880e+00
6.056000000000002492e-01
4.895000000000000462e-01
7.814999999999998614e-01
7.353999999999997206e-01
