1.438000000000000111e-01
2.515000000000000013e-01
2.993999999999999995e-01
3.827999999999999736e-01
2.880000000000000893e-01
6.729999999999999871e-02
8.649999999999997968e-02
9.179999999999999272e-02
7.099999999999997979e-02
1.588999999999999857e-01
4.742000000000000104e-01
4.234999999999999321e-01
1.747000000000000219e-01
1.648000000000000020e-01
1.817000000000000004e-01
2.393999999999999462e-01
3.096000000000000418e-01
2.016000000000000292e-01
2.220999999999999919e-01
2.756000000000000116e-01
2.260000000000000064e-01
1.058000000000000329e-01
7.860000000000003095e-02
6.260000000000000286e-02
5.069999999999998119e-02
1.403999999999999970e-01
1.685999999999999721e-01
1.955000000000000349e-01
1.018000000000000294e-01
1.148000000000000131e-01
9.089999999999999469e-02
1.181000000000000105e-01
5.269999999999998991e-02
9.959999999999999409e-02
1.003999999999999893e-01
6.179999999999998689e-02
9.779999999999999805e-02
1.046000000000000124e-01
9.500000000000000111e-02
8.050000000000000211e-02
6.179999999999999383e-02
5.350000000000001976e-02
1.319000000000000172e-01
1.002999999999999725e-01
3.167000000000000370e-01
2.110000000000000209e-01
1.997999999999999776e-01
1.115000000000000019e-01
3.940000000000002528e-02
1.168700000000000072e+00
7.492999999999999661e-01
4.981999999999999762e-01
1.288999999999999591e-01
1.140000000000000596e-01
1.938999999999999890e-01
2.757999999999999896e-01
2.055000000000000160e-01
1.245900000000000007e+00
8.372000000000000552e-01
4.806999999999999607e-01
1.625000000000000333e-01
1.274000000000000132e-01
2.521999999999999797e-01
1.592999999999999972e-01
3.664000000000000590e-01
4.262000000000000233e-01
4.826000000000000290e-01
1.504999999999999949e-01
2.768000000000000460e-01
1.118000000000000105e-01
1.467999999999999861e-01
4.666000000000000147e-01
1.075799999999999867e+00
6.471999999999999975e-01
2.088999999999999191e-01
2.428000000000000158e-01
1.398999999999999966e-01
2.061999999999999944e-01
2.255999999999999950e-01
1.136000000000000343e-01
3.123000000000000220e-01
3.173000000000000265e-01
2.081000000000000072e-01
2.642999999999999794e-01
2.844000000000000417e-01
3.083000000000000740e-01
2.678000000000000380e-01
1.941999999999999560e-01
1.403000000000000080e-01
1.290999999999999925e-01
1.187999999999999473e-01
1.419999999999999596e-01
5.890000000000000097e-02
1.931999999999999829e-01
2.096999999999999975e-01
3.791999999999999815e-01
3.198000000000000842e-01
7.370000000000002938e-02
1.465000000000000191e-01
1.791999999999999982e-01
1.544999999999999152e-01
9.909999999999999365e-02
1.100000000000000699e-01
3.073000000000000176e-01
1.581000000000000183e-01
2.044999999999999596e-01
2.879999999999999782e-01
8.487000000000000099e-01
1.486299999999999955e+00
3.650999999999998691e-01
2.496999999999999220e-01
5.678999999999999604e-01
3.592000000000000193e-01
2.347999999999998977e-01
2.754000000000000337e-01
2.726999999999998869e-01
1.940000000000000335e-01
1.182999999999998914e-01
2.221000000000000196e-01
1.476000000000000645e-01
2.132000000000000284e-01
7.072000000000001618e-01
5.269000000000001460e-01
2.620000000000000107e-01
1.561000000000000720e-01
1.008999999999999897e-01
1.719999999999999585e-01
1.857999999999999374e-01
2.510000000000000564e-01
1.286000000000000199e-01
4.206999999999999629e-01
5.249000000000000332e-01
8.929000000000001380e-01
2.166000000000001258e-01
1.934000000000000163e-01
5.942999999999999394e-01
5.413000000000000034e-01
7.391000000000000902e-01
4.815999999999999170e-01
5.250000000000000222e-01
3.185000000000000053e-01
2.196999999999998954e-01
1.402000000000000468e-01
1.086000000000000160e-01
6.270000000000006124e-02
4.064999999999999725e-01
3.077999999999998515e-01
2.778999999999999804e-01
3.943999999999999173e-01
1.232000000000000317e-01
1.490999999999998715e-01
