7.850000000000000033e-02
1.529000000000000081e-01
1.310000000000000053e-01
4.617999999999999883e-01
3.332999999999999852e-01
1.033999999999999919e-01
2.235999999999999932e-01
1.870999999999999885e-01
2.089999999999999913e-01
1.464999999999999913e-01
2.038000000000000367e-01
4.233999999999999986e-01
4.038999999999999813e-01
1.566000000000000170e-01
9.649999999999997469e-02
1.803000000000000436e-01
2.132999999999999896e-01
2.808000000000000496e-01
1.629999999999999782e-01
7.609999999999998710e-02
2.648000000000000353e-01
3.120999999999999885e-01
1.819000000000000061e-01
1.115000000000000158e-01
2.709999999999999631e-01
2.725000000000000755e-01
5.525000000000001021e-01
5.385999999999999677e-01
2.952999999999999514e-01
1.276000000000000190e-01
1.137999999999999984e-01
1.119000000000000133e-01
1.980000000000000093e-01
1.242999999999999799e-01
1.310000000000000331e-01
2.033000000000000085e-01
4.072999999999999954e-01
1.513999999999999790e-01
1.602999999999999980e-01
2.322999999999999787e-01
9.069999999999998896e-02
2.016000000000000014e-01
1.170000000000000068e-01
1.889999999999999736e-01
2.241999999999999549e-01
1.161999999999999839e-01
2.718999999999999750e-01
3.724000000000000088e-01
4.898000000000000687e-01
4.589000000000000856e-01
1.194999999999999951e-01
2.513000000000000789e-01
7.733999999999998654e-01
2.262000000000000122e-01
2.362000000000000210e-01
1.692000000000000171e-01
2.031999999999999917e-01
2.150999999999999857e-01
7.009999999999996789e-02
1.137999999999999845e-01
1.859000000000000097e-01
2.789000000000000368e-01
1.434000000000000552e-01
2.185999999999999888e-01
4.038000000000000478e-01
5.417000000000000703e-01
4.022000000000000020e-01
1.096000000000000030e-01
1.568999999999999839e-01
1.979999999999999816e-01
2.932000000000000162e-01
4.095999999999999641e-01
1.241999999999999771e-01
1.718999999999999972e-01
2.626000000000000001e-01
1.056000000000000688e-01
2.629000000000000226e-01
1.792999999999999872e-01
1.740600000000000147e+00
2.069799999999999862e+00
1.559700000000000086e+00
3.143999999999999018e-01
4.107999999999998875e-01
7.480999999999999872e-01
4.009999999999999676e-01
1.739000000000001378e-01
1.775000000000001577e-01
1.540000000000000258e-01
5.269999999999999130e-01
3.300999999999999490e-01
2.376999999999999669e-01
3.719999999999999418e-01
1.696999999999999620e-01
1.224000000000000088e-01
2.811999999999999500e-01
5.300000000000003320e-02
2.696999999999999398e-01
3.534999999999999809e-01
2.318000000000000338e-01
4.125000000000000333e-01
3.439000000000000390e-01
1.623000000000000276e-01
6.439999999999994340e-02
1.519999999999999962e-01
1.236999999999999905e-01
3.698000000000000176e-01
1.541999999999999760e-01
4.064999999999999170e-01
1.446999999999999953e-01
1.593000000000000527e-01
1.271999999999999797e-01
3.421999999999999487e-01
3.022999999999999576e-01
1.401999999999999913e-01
1.106999999999999512e-01
2.284999999999999254e-01
2.379000000000000004e-01
1.618000000000000549e-01
8.600000000000003475e-02
8.160000000000003362e-02
1.533999999999999808e-01
2.272999999999999465e-01
4.898000000000000131e-01
4.412000000000000921e-01
3.379000000000000337e-01
9.220000000000001805e-02
4.480000000000000648e-02
2.236999999999999544e-01
2.798999999999999266e-01
2.017999999999999794e-01
2.417999999999999872e-01
2.863000000000000544e-01
2.227999999999999980e-01
2.350999999999999757e-01
3.461999999999999522e-01
3.328999999999999737e-01
2.224000000000000421e-01
1.410000000000000142e-01
5.360000000000007120e-02
2.478000000000000203e-01
2.300000000000000655e-01
2.768000000000000460e-01
3.784999999999999476e-01
3.711999999999999744e-01
2.123999999999999777e-01
1.593000000000000249e-01
2.696000000000000063e-01
2.314999999999999281e-01
4.045000000000000262e-01
2.904000000000000470e-01
1.782000000000000250e-01
