4.938999999999999502e-01
3.805999999999999939e-01
5.521000000000000352e-01
2.595999999999999974e-01
1.266000000000000181e-01
1.623999999999999888e-01
8.769999999999995854e-02
1.498000000000000442e-01
9.520000000000000684e-02
1.398000000000000353e-01
7.199999999999999456e-02
1.659999999999999809e-01
1.769999999999999352e-01
1.077000000000000318e-01
4.717999999999999972e-01
2.247000000000000108e-01
2.510000000000000009e-01
2.482999999999999652e-01
2.500000000000000555e-01
3.835999999999999965e-01
1.022999999999999743e-01
3.759000000000000674e-01
4.058000000000000496e-01
1.735000000000000431e-01
2.240999999999999659e-01
1.225999999999999868e-01
8.320000000000002394e-02
3.413999999999999813e-01
2.394999999999999629e-01
1.766999999999999960e-01
1.561000000000000443e-01
1.090999999999999470e-01
2.086999999999999966e-01
9.280000000000003524e-02
2.309000000000000496e-01
8.229999999999998428e-02
2.500000000000000000e-01
1.356999999999999873e-01
4.465999999999999970e-01
5.143999999999999684e-01
4.876000000000001444e-01
3.541999999999999038e-01
3.426999999999999491e-01
9.158000000000000584e-01
4.107999999999999985e-01
8.301000000000000600e-01
2.782999999999999918e-01
2.946000000000001395e-01
1.547000000000000042e-01
1.057000000000000717e-01
1.438500000000000112e+00
1.779200000000000115e+00
5.898000000000001020e-01
5.042999999999999705e-01
1.762999999999999845e-01
2.423000000000001264e-01
3.935000000000000719e-01
4.444000000000000727e-01
3.019000000000000572e-01
6.132999999999999563e-01
2.647599999999999731e+00
1.368600000000000039e+00
5.160000000000001252e-01
2.324699999999999989e+00
3.460000000000001963e-01
6.223999999999998423e-01
7.759999999999998010e-01
1.368200000000000305e+00
9.911999999999998590e-01
1.287100000000000133e+00
9.266999999999998572e-01
7.544699999999999740e+00
2.494400000000000617e+00
1.387599999999999278e+00
8.499000000000002109e-01
3.581000000000000849e-01
4.171099999999999142e+00
9.017999999999999350e-01
2.418000000000002370e-01
3.499000000000006549e-01
8.799999999999998934e-01
5.020000000000000018e-01
4.948000000000002396e-01
2.412999999999998757e-01
8.267000000000001014e-01
2.611999999999998767e-01
1.320999999999997176e-01
9.283000000000001251e-01
5.676000000000005485e-01
3.031999999999992479e-01
1.511000000000002064e-01
1.409000000000001362e-01
2.128000000000002945e-01
3.229000000000001869e-01
2.189999999999993063e-01
2.038000000000002032e-01
1.470999999999993424e-01
9.400000000000027778e-02
1.557000000000000051e-01
7.119999999999973572e-02
1.385000000000000397e-01
6.677999999999999492e-01
1.576900000000000412e+00
9.907999999999991259e-01
1.711999999999996025e-01
2.325999999999999734e-01
3.310999999999999499e-01
2.073000000000002341e-01
2.121999999999997777e-01
2.421000000000001762e-01
2.494000000000002604e-01
5.084999999999999520e-01
1.005500000000000727e+00
4.805000000000000382e-01
1.307999999999992780e-01
4.642000000000000570e-01
1.999999999999997613e-01
3.685000000000002163e-01
5.136999999999997124e-01
5.092999999999994198e-01
1.594200000000000506e+00
7.405000000000000471e-01
1.300499999999999101e+00
7.211000000000000743e-01
5.118999999999999106e-01
1.190000000000003832e-01
4.192000000000002391e-01
3.386000000000002896e-01
6.892999999999995797e-01
2.792999999999998817e-01
2.711000000000001187e-01
1.058999999999995362e-01
1.171099999999999586e+00
2.820300000000000029e+00
6.783999999999996700e-01
1.578000000000000735e+00
3.708100000000000840e+00
1.456900000000000528e+00
2.442699999999999427e+00
3.745400000000000063e+00
5.976900000000000546e+00
1.467300000000000271e+00
3.466999999999997306e-01
1.386500000000000288e+00
1.392299999999999649e+00
1.183899999999999730e+00
4.286999999999997479e-01
1.442000000000013826e-01
5.485000000000009868e-01
1.485000000000000209e-01
7.309000000000007713e-01
