6.439999999999999891e-02
1.312000000000000111e-01
9.569999999999999341e-02
8.419999999999999707e-02
3.831999999999999851e-01
8.239999999999997327e-02
8.450000000000001954e-02
1.470000000000000195e-01
1.223999999999999949e-01
9.179999999999996496e-02
2.139999999999999958e-01
1.961000000000000243e-01
5.459999999999999576e-02
2.364000000000000268e-01
1.755000000000000171e-01
2.512000000000000344e-01
1.131000000000000200e-01
7.210000000000001130e-02
6.790000000000001590e-02
7.950000000000000122e-02
2.183000000000000218e-01
2.051999999999999380e-01
1.932000000000000106e-01
1.851999999999999758e-01
1.220000000000000112e-01
2.092999999999999861e-01
2.391999999999999682e-01
9.419999999999999207e-02
4.639999999999998986e-02
1.169999999999999929e-01
1.608999999999999875e-01
3.215999999999999970e-01
1.227000000000000590e-01
2.939999999999994007e-02
8.430000000000005544e-02
9.479999999999998150e-02
1.127000000000000224e-01
7.970000000000002083e-02
1.097000000000000752e-01
1.154000000000000303e-01
3.980000000000001592e-02
3.959999999999999631e-02
9.949999999999999123e-02
2.917000000000000148e-01
2.403000000000000136e-01
1.522000000000000575e-01
9.450000000000002842e-02
1.778999999999999748e-01
1.351999999999999591e-01
2.325999999999999734e-01
2.586000000000000520e-01
2.269999999999999796e-01
2.242999999999999994e-01
3.136999999999999789e-01
2.487000000000000877e-01
3.729999999999999982e-01
2.426999999999999991e-01
7.600000000000001199e-02
2.069999999999999063e-01
2.182000000000000606e-01
1.484000000000000319e-01
9.849999999999987932e-02
1.356000000000001093e-01
4.967999999999999639e-01
3.689999999999998836e-01
2.548000000000000265e-01
2.478999999999998982e-01
1.560999999999998500e-01
1.434999999999999609e-01
1.247000000000001441e-01
4.946000000000002617e-01
1.448300000000000143e+00
2.744000000000001438e-01
2.950999999999998069e-01
9.737000000000001210e-01
7.623999999999997446e-01
2.707000000000001072e-01
1.771000000000000907e-01
1.547000000000000042e-01
1.141000000000000625e-01
1.341000000000000802e-01
1.747999999999998999e-01
1.944999999999998119e-01
2.580999999999999961e-01
1.194999999999998841e-01
4.340000000000000802e-02
1.884000000000001784e-01
1.983000000000000596e-01
1.966999999999999305e-01
1.837000000000000299e-01
2.237999999999999434e-01
1.762999999999999567e-01
9.870000000000012097e-02
8.480000000000023630e-02
7.670000000000008755e-02
2.440999999999997339e-01
2.123000000000000442e-01
2.083000000000000407e-01
2.470999999999999863e-01
2.069999999999997120e-01
3.287999999999999812e-01
1.421999999999999931e-01
2.791000000000001258e-01
2.324999999999999289e-01
4.229000000000001647e-01
4.040000000000001368e-01
3.744000000000000106e-01
3.242999999999998662e-01
1.162000000000000116e-01
1.978000000000001979e-01
1.283000000000001362e-01
2.039000000000001367e-01
7.352000000000002977e-01
2.401000000000000356e-01
2.424999999999998546e-01
1.815999999999999837e-01
9.740000000000006986e-02
2.405999999999998140e-01
4.146999999999999020e-01
3.308999999999999719e-01
2.547000000000000375e-01
6.101999999999998536e-01
1.251000000000001278e-01
9.624000000000001442e-01
8.769999999999998908e-01
3.656999999999997475e-01
2.540000000000000591e-01
5.944000000000003725e-01
7.726999999999996094e-01
5.219000000000004746e-01
5.961999999999999522e-01
5.732999999999999208e-01
1.872000000000000886e-01
1.604999999999997540e-01
1.809999999999999387e-01
2.406000000000000916e-01
1.813000000000000722e-01
1.667999999999999483e-01
9.590000000000001301e-02
1.420000000000004037e-01
1.934999999999998388e-01
2.233000000000001095e-01
2.373000000000005105e-01
1.179000000000003934e-01
1.552999999999999936e-01
3.513000000000004452e-01
1.926000000000004098e-01
1.595000000000003082e-01
1.399000000000000243e-01
4.080000000000002514e-01
5.549999999999999378e-01
