1.088999999999999968e-01
1.190000000000000085e-01
4.859999999999999043e-02
6.289999999999999758e-02
6.589999999999998637e-02
1.751999999999999946e-01
1.243999999999999828e-01
6.310000000000000331e-02
6.519999999999999407e-02
1.255000000000000004e-01
6.329999999999999516e-02
2.057999999999999829e-01
1.440999999999999781e-01
1.882000000000000062e-01
1.525999999999999857e-01
1.834000000000000075e-01
1.284000000000000141e-01
1.109000000000000263e-01
6.590000000000001412e-02
5.140000000000002900e-02
6.819999999999999674e-02
1.241999999999999910e-01
8.979999999999999094e-02
4.309999999999999942e-02
8.569999999999999840e-02
1.353999999999999648e-01
5.070000000000002283e-02
6.660000000000000642e-02
2.154000000000000359e-01
1.583999999999999853e-01
1.130000000000000032e-01
1.015000000000000069e-01
1.068000000000000060e-01
9.339999999999998304e-02
1.099999999999999867e-01
6.989999999999998992e-02
4.100000000000000866e-02
7.950000000000001510e-02
7.380000000000001836e-02
1.164000000000000173e-01
1.446999999999999953e-01
8.700000000000004952e-02
6.890000000000004454e-02
8.669999999999999929e-02
1.110999999999999904e-01
1.912999999999999701e-01
4.120000000000000745e-02
1.764999999999999902e-01
1.274000000000000132e-01
7.860000000000000320e-02
1.363999999999999657e-01
1.751999999999999669e-01
1.178999999999999632e-01
9.160000000000004250e-02
2.800000000000000266e-01
2.368999999999999995e-01
2.172000000000000042e-01
3.829999999999998683e-02
1.416000000000000314e-01
1.600000000000000311e-01
1.190000000000000502e-01
8.039999999999997149e-02
9.839999999999995972e-02
5.459999999999998188e-02
1.119999999999999746e-01
8.949999999999998235e-02
9.129999999999996452e-02
8.859999999999997045e-02
1.873999999999999555e-01
7.179999999999997495e-02
1.487000000000000266e-01
5.380000000000005611e-02
6.289999999999998370e-02
1.369999999999999829e-01
1.406000000000000028e-01
1.287000000000000088e-01
1.628000000000000003e-01
2.678000000000000380e-01
1.018000000000000571e-01
2.539999999999998509e-02
8.370000000000002438e-02
6.440000000000001279e-02
1.260000000000000009e-01
1.513000000000000178e-01
1.950000000000000067e-01
1.220999999999999724e-01
2.889999999999997432e-02
7.019999999999999851e-02
9.730000000000002536e-02
1.391999999999999627e-01
9.779999999999999805e-02
5.830000000000001847e-02
1.298000000000000265e-01
5.059999999999999221e-02
2.938999999999999946e-01
2.459999999999999964e-01
8.619999999999999885e-02
3.002000000000000224e-01
8.874000000000000776e-01
5.532999999999999030e-01
4.849999999999995981e-02
2.221000000000000196e-01
1.968999999999999362e-01
1.562000000000000055e-01
2.080999999999999517e-01
1.853000000000000203e-01
1.366000000000000270e-01
1.355999999999999983e-01
9.880000000000001281e-02
1.053000000000000047e-01
8.280000000000001248e-02
9.500000000000000111e-02
8.579999999999997351e-02
1.401000000000000023e-01
1.165000000000000063e-01
4.340000000000001495e-02
1.010000000000000203e-01
2.541999999999999815e-01
8.650000000000000744e-02
1.313999999999999613e-01
7.839999999999995584e-02
6.310000000000004494e-02
3.240000000000006763e-02
1.246999999999999637e-01
9.029999999999996363e-02
1.036000000000000393e-01
2.187000000000000055e-01
5.680000000000004490e-02
5.420000000000001206e-02
6.430000000000000993e-02
2.837999999999999967e-01
2.022000000000000186e-01
2.908999999999999364e-01
2.111999999999999988e-01
1.269999999999999740e-01
1.896000000000000463e-01
2.045999999999999763e-01
1.264000000000000123e-01
5.760000000000003312e-02
5.370000000000005325e-02
1.918999999999999873e-01
2.535999999999999921e-01
2.090999999999999803e-01
9.779999999999998417e-02
1.423999999999999988e-01
2.065000000000000169e-01
6.050000000000002598e-02
1.818999999999999784e-01
1.994000000000000217e-01
8.800000000000002265e-02
9.989999999999998881e-02
