1.238999999999999962e-01
1.025999999999999968e-01
1.282000000000000084e-01
1.153000000000000136e-01
1.337000000000000133e-01
7.829999999999999460e-02
8.800000000000000877e-02
5.699000000000000732e-01
4.593999999999999750e-01
2.230000000000000315e-01
3.234000000000000208e-01
1.911000000000000476e-01
2.445999999999999841e-01
2.661000000000000032e-01
1.159999999999999920e-01
1.275000000000000577e-01
1.005000000000000199e-01
2.398999999999999466e-01
2.643999999999999684e-01
7.848999999999999311e-01
5.034000000000000696e-01
3.432000000000000051e-01
2.675999999999999490e-01
3.171999999999999265e-01
4.296000000000000929e-01
8.984999999999998543e-01
6.854000000000000092e-01
2.182999999999999663e-01
4.632000000000000006e-01
3.116999999999999771e-01
5.920000000000000956e-02
1.570000000000000562e-01
1.277000000000000357e-01
6.042000000000000703e-01
5.988999999999999879e-01
6.396000000000000574e-01
2.351000000000000034e-01
1.526999999999999746e-01
6.120000000000003215e-02
9.290000000000010749e-02
1.512999999999999623e-01
1.384999999999999842e-01
1.194000000000000200e-01
1.213000000000000328e-01
5.670999999999999375e-01
1.911999999999999533e-01
1.339999999999999802e-01
1.217000000000000026e-01
8.067999999999999616e-01
6.492000000000001103e-01
6.330999999999999961e-01
2.328999999999999682e-01
1.425000000000000155e-01
1.977999999999999758e-01
1.827000000000000846e-01
9.919999999999994100e-02
2.764000000000000901e-01
1.473000000000000975e-01
1.236999999999999766e-01
1.210999999999999854e-01
4.281000000000000361e-01
2.351000000000000034e-01
2.275999999999999690e-01
4.419000000000000150e-01
1.443000000000000393e-01
1.163000000000000145e-01
1.047999999999999904e-01
8.004000000000000004e-01
2.434000000000000330e-01
3.613999999999999435e-01
1.601999999999999869e+00
3.649999999999999911e-01
4.092999999999999972e-01
1.758000000000001228e-01
1.077999999999999514e-01
2.199000000000001509e-01
1.519999999999999685e-01
1.379999999999999005e-01
1.365000000000000935e-01
8.390000000000003011e-02
1.880000000000000560e-01
1.143000000000000405e-01
3.654999999999999361e-01
4.797000000000000708e-01
2.826000000000000734e-01
1.930999999999999939e-01
2.469000000000000083e-01
2.402999999999999581e-01
1.032000000000000139e-01
2.031999999999999917e-01
1.162000000000000255e-01
1.203999999999999237e-01
5.040000000000004199e-02
1.980999999999998873e-01
4.056999999999998385e-01
3.367999999999999883e-01
1.758000000000000118e-01
9.575000000000000178e-01
8.515000000000001457e-01
5.272000000000001130e-01
4.209999999999998743e-01
3.173000000000000820e-01
9.700000000000005840e-02
1.572999999999999399e-01
1.352000000000000979e-01
1.252999999999999392e-01
1.876000000000000167e-01
1.232000000000000317e-01
1.381000000000001116e-01
2.026000000000000856e-01
1.189000000000000334e-01
8.504000000000000448e-01
2.639500000000000401e+00
1.245700000000000252e+00
5.853000000000000425e-01
6.260000000000001119e-01
1.541100000000000136e+00
3.428000000000001601e-01
2.367999999999999550e-01
1.797000000000000819e-01
1.393000000000000349e-01
1.341999999999999582e-01
1.156999999999999695e-01
6.600000000000003086e-02
1.632000000000000117e-01
8.410000000000003584e-02
2.187000000000000055e-01
1.152999999999999997e-01
1.523999999999999244e-01
1.472999999999999865e-01
1.156999999999999695e-01
7.460999999999999854e-01
9.639999999999999680e-01
1.527999999999999914e-01
1.279000000000000137e-01
2.359000000000001096e-01
5.269999999999984419e-02
2.509999999999997788e-01
1.962000000000002076e-01
7.699999999999998512e-02
3.165000000000001146e-01
1.962000000000001521e-01
1.341999999999998194e-01
1.702999999999999514e-01
1.336000000000001076e-01
2.051000000000000045e-01
1.603999999999999870e-01
1.459999999999999909e-01
1.888999999999999846e-01
1.312500000000000000e+00
1.092699999999999783e+00
