6.489999999999999936e-02
7.989999999999999880e-02
5.359999999999999487e-02
1.033000000000000029e-01
1.541000000000000147e-01
1.081999999999999906e-01
2.452999999999999903e-01
2.467999999999999639e-01
1.236000000000000015e-01
1.921999999999999820e-01
4.862000000000000210e-01
4.258999999999999453e-01
3.216999999999999860e-01
1.880000000000000004e-01
1.027999999999999747e-01
1.435000000000000164e-01
1.010000000000000064e-01
1.517999999999999905e-01
1.796999999999999986e-01
1.808000000000000163e-01
6.920000000000001150e-02
1.178000000000000019e-01
1.084999999999999853e-01
3.310000000000000164e-01
1.628000000000000003e-01
1.933999999999999608e-01
4.077000000000000068e-01
3.441000000000000170e-01
8.129000000000000670e-01
4.077000000000000068e-01
1.122800000000000020e+00
1.673000000000000043e-01
2.456000000000000405e-01
2.872999999999999998e-01
2.728000000000000425e-01
8.349999999999999090e-02
1.726999999999999647e-01
1.026999999999999857e-01
6.020000000000000351e-02
1.209999999999999964e-01
9.500000000000001499e-02
8.290000000000000147e-02
1.680000000000000104e-01
4.919000000000000039e-01
8.777999999999999137e-01
3.253000000000000336e-01
2.110000000000000209e-01
1.252000000000000057e-01
4.139999999999997848e-02
2.585999999999999965e-01
1.137000000000000094e-01
1.738000000000000100e-01
7.129999999999998839e-02
1.455000000000000182e-01
2.100999999999999812e-01
2.124999999999999944e-01
2.956000000000000294e-01
3.805000000000000049e-01
8.503000000000000558e-01
1.990899999999999892e+00
3.068000000000000171e-01
8.533999999999998254e-01
4.700999999999999623e-01
3.130000000000000004e-01
1.147000000000000020e+00
1.036999999999999311e-01
4.110000000000000320e-01
5.804000000000001380e-01
4.998999999999999555e-01
2.309999999999999276e-01
3.821999999999999287e-01
5.977000000000000091e-01
5.776999999999999913e-01
2.191999999999999504e-01
1.305300000000000127e+00
1.869299999999999740e+00
1.224199999999999955e+00
3.454000000000000403e-01
3.926999999999999935e-01
7.601999999999999869e-01
3.194999999999999507e-01
