2.640000000000000124e-01
1.985000000000000098e-01
2.169000000000000372e-01
1.723999999999999977e-01
1.424999999999999878e-01
1.121999999999999803e-01
9.950000000000000511e-02
1.388000000000000067e-01
1.774999999999999911e-01
1.495999999999999830e-01
1.625000000000000056e-01
1.218000000000000055e-01
6.479999999999999649e-02
1.057000000000000162e-01
1.225999999999999868e-01
1.391000000000000014e-01
1.668000000000000038e-01
1.279000000000000137e-01
7.959999999999997633e-02
7.080000000000001570e-02
6.550000000000000266e-02
7.879999999999999505e-02
5.720000000000001472e-02
1.527000000000000024e-01
1.733999999999999986e-01
1.065000000000000113e-01
7.210000000000001130e-02
1.315999999999999948e-01
1.255999999999999894e-01
8.389999999999998848e-02
5.959999999999998632e-02
8.230000000000001203e-02
1.015999999999999959e-01
2.060000000000000164e-01
2.119000000000000328e-01
1.003000000000000003e-01
7.619999999999998996e-02
4.250000000000002387e-02
1.519000000000000072e-01
1.127000000000000085e-01
1.071000000000000008e-01
1.126000000000000195e-01
1.769000000000000017e-01
1.557999999999999940e-01
1.532000000000000028e-01
1.709999999999999853e-01
2.035999999999999754e-01
1.156000000000000083e-01
3.399999999999999550e-02
1.511999999999999733e-01
1.181000000000000105e-01
6.819999999999999674e-02
5.040000000000000036e-02
4.972999999999999643e-01
3.969999999999999640e-01
1.514999999999999680e-01
1.136999999999999816e-01
1.307000000000000106e-01
3.434000000000000385e-01
3.603000000000000647e-01
1.435999999999999777e-01
2.739000000000000323e-01
3.729999999999999982e-01
2.351999999999999924e-01
1.450999999999999790e-01
1.230999999999999872e-01
1.659999999999999809e-01
1.361999999999999877e-01
1.638000000000000012e-01
1.862000000000000044e-01
2.162000000000000033e-01
1.184000000000000052e-01
5.020000000000000018e-01
2.843999999999999861e-01
1.594000000000000139e-01
1.405999999999999750e-01
1.099000000000000116e-01
1.565999999999999892e-01
6.850000000000001921e-02
1.276999999999999802e-01
8.699999999999999400e-02
