5.816999999999999948e-01
1.446000000000000063e-01
5.017000000000000348e-01
6.352999999999998648e-01
5.282999999999999918e-01
1.056999999999999940e+00
7.250999999999999668e-01
3.437999999999999945e-01
1.379000000000000226e-01
2.110000000000000209e-01
3.267999999999999794e-01
1.209000000000000075e-01
9.670000000000000817e-02
1.968999999999999917e-01
1.038000000000000034e-01
8.489999999999998936e-02
7.850000000000000033e-02
7.480000000000000537e-02
8.920000000000001539e-02
5.120000000000000245e-02
3.280000000000000276e-02
5.520000000000000601e-02
5.099999999999998979e-02
6.410000000000000420e-02
6.859999999999999432e-02
5.899999999999999689e-02
4.599999999999999922e-02
8.759999999999999731e-02
3.979999999999998123e-02
1.178999999999999909e-01
6.036000000000000254e-01
3.336999999999999966e-01
4.231000000000000316e-01
1.021999999999999992e-01
5.100000000000000366e-02
1.240999999999999881e-01
5.240000000000000213e-02
2.146999999999999742e-01
1.065199999999999925e+00
8.713999999999999524e-01
2.842000000000000082e-01
3.567000000000000171e-01
7.105000000000000204e-01
3.072999999999999621e-01
1.321000000000000174e+00
9.192000000000001281e-01
2.167499999999999538e+00
1.050999999999999934e+00
1.553000000000000158e+00
2.471000000000001529e-01
3.107999999999999652e-01
4.580000000000002125e-02
6.622000000000000108e-01
1.105699999999999905e+00
3.956999999999999407e-01
9.331000000000000405e-01
1.081399999999999917e+00
8.482999999999997209e-01
4.521000000000000574e-01
8.560000000000002329e-02
9.259999999999993237e-02
6.650000000000001743e-02
9.569999999999997953e-02
1.195899999999999963e+00
1.058400000000000007e+00
4.320000000000000506e-01
3.200999999999999401e-01
4.223999999999999977e-01
2.497000000000000330e-01
1.914000000000000146e-01
5.950000000000001121e-02
3.599999999999996952e-02
4.219999999999999446e-02
5.770000000000001517e-02
8.959999999999998521e-02
6.440000000000002667e-02
1.058999999999999941e-01
9.269999999999999074e-02
1.068999999999999950e+00
2.435599999999999987e+00
2.145499999999999741e+00
