1.044999999999999957e-01
1.593999999999999861e-01
1.326000000000000234e-01
1.504999999999999671e-01
5.780000000000002497e-02
1.123999999999999999e-01
7.719999999999999085e-02
3.529999999999999805e-02
3.610000000000000708e-02
1.037000000000000005e-01
7.480000000000000537e-02
5.199999999999999067e-02
4.249999999999999611e-02
8.459999999999998077e-02
4.979999999999998317e-02
1.005000000000000060e-01
8.829999999999998961e-02
5.369999999999999774e-02
9.629999999999999671e-02
5.609999999999999709e-02
8.939999999999999336e-02
1.211000000000000132e-01
8.519999999999999796e-02
7.479999999999999150e-02
9.000000000000002442e-02
2.702999999999999847e-01
1.506000000000000116e-01
9.480000000000002314e-02
1.983000000000000040e-01
9.910000000000002141e-02
2.192000000000000060e-01
8.470000000000001139e-02
2.842000000000000082e-01
1.536000000000000143e-01
1.107000000000000206e-01
8.460000000000000853e-02
3.749999999999997780e-02
9.570000000000000728e-02
9.539999999999999869e-02
1.230999999999999872e-01
4.833000000000000074e-01
2.782000000000000028e-01
1.154999999999999916e-01
5.869999999999998830e-02
6.570000000000000839e-02
7.140000000000000513e-02
5.260000000000000786e-02
1.283000000000000251e-01
1.890999999999999903e-01
6.330000000000000071e-01
8.040999999999999259e-01
4.492999999999999772e-01
1.294000000000000150e-01
2.864999999999999769e-01
3.924000000000000266e-01
6.121000000000000885e-01
6.766000000000000902e-01
2.693999999999999728e-01
1.073999999999999955e-01
1.665999999999999981e-01
1.502000000000000002e-01
1.496999999999999997e-01
1.140999999999999792e-01
3.790000000000000313e-02
6.669999999999999540e-02
1.060999999999999721e-01
1.846000000000000141e-01
2.033999999999999697e-01
2.373999999999999444e-01
6.050000000000001210e-02
1.778999999999999748e-01
1.336999999999999578e-01
2.329999999999999571e-01
5.733999999999999098e-01
7.809000000000000385e-01
2.917399999999999771e+00
2.634900000000000020e+00
7.802000000000000046e-01
3.205000000000000071e-01
9.660000000000003306e-02
8.760000000000002507e-02
