7.429999999999999105e-02
5.650000000000000855e-02
1.164000000000000173e-01
1.035999999999999976e-01
1.788000000000000422e-01
3.720000000000002471e-02
1.995999999999999996e-01
9.270000000000000462e-02
7.669999999999999041e-02
3.527000000000000135e-01
3.261999999999999900e-01
2.429999999999999383e-01
1.232999999999999929e-01
9.700000000000000289e-02
1.400000000000000133e-01
1.265999999999999903e-01
6.240000000000000407e-02
9.529999999999999583e-02
6.099999999999999867e-02
4.410000000000001419e-02
6.980000000000000093e-02
1.182000000000000273e-01
8.330000000000001292e-02
1.018000000000000016e-01
2.400000000000000189e-01
7.390000000000002123e-02
9.420000000000000595e-02
4.890000000000000596e-02
6.860000000000000819e-02
1.305000000000000049e-01
1.055999999999999994e-01
8.829999999999998961e-02
6.099999999999999867e-02
1.157999999999999863e-01
2.850000000000000103e-02
6.299999999999997269e-02
5.369999999999999774e-02
7.960000000000000409e-02
1.113999999999999990e-01
1.348000000000000309e-01
1.390000000000000124e-01
9.390000000000001124e-02
5.840000000000000746e-02
1.194999999999999951e-01
9.819999999999999563e-02
6.679999999999997051e-02
4.430000000000001298e-02
5.569999999999998563e-02
7.430000000000000493e-02
9.229999999999999316e-02
1.197000000000000147e-01
4.850000000000001532e-02
7.349999999999998201e-02
8.580000000000001514e-02
7.670000000000001816e-02
1.729999999999999871e-01
2.010000000000000120e-01
2.089000000000000024e-01
1.768000000000000127e-01
1.015999999999999681e-01
1.547999999999999932e-01
1.138000000000000400e-01
1.671000000000000263e-01
1.095000000000000140e-01
1.718999999999999972e-01
1.975000000000000089e-01
8.259999999999999287e-02
3.326000000000000068e-01
3.307999999999999829e-01
3.451999999999999513e-01
3.106999999999999762e-01
1.502000000000000002e-01
4.738999999999999879e-01
2.673999999999999710e-01
1.486999999999999988e-01
8.490000000000000324e-02
9.870000000000000995e-02
1.096000000000000585e-01
6.429999999999999605e-02
9.130000000000000615e-02
9.080000000000000571e-02
