4.600000000000000616e-02
5.739999999999999963e-02
3.070000000000000159e-02
6.479999999999999649e-02
4.220000000000000140e-02
3.540000000000000785e-02
9.779999999999999805e-02
6.009999999999998677e-02
4.710000000000000298e-02
1.399999999999999509e-02
5.549999999999999378e-02
6.719999999999999585e-02
4.369999999999998885e-02
2.869999999999999635e-02
2.639999999999999639e-02
6.309999999999998943e-02
4.569999999999999757e-02
2.210000000000000159e-02
6.180000000000000077e-02
8.389999999999998848e-02
9.340000000000001079e-02
6.499999999999998834e-02
4.830000000000000959e-02
7.390000000000000735e-02
3.549999999999999822e-01
3.947999999999999843e-01
2.127999999999999892e-01
8.919999999999998763e-02
1.068000000000000060e-01
5.889999999999999403e-02
4.369999999999999579e-02
8.969999999999998808e-02
6.440000000000001279e-02
1.186999999999999861e-01
1.239000000000000101e-01
7.969999999999997919e-02
1.224999999999999839e-01
3.289999999999999869e-02
6.229999999999999427e-02
1.427999999999999825e-01
4.830000000000000265e-02
7.989999999999999880e-02
3.660000000000000753e-02
2.259999999999998815e-02
5.290000000000000258e-02
3.229999999999999538e-02
7.670000000000000429e-02
3.590000000000000829e-02
4.130000000000001031e-02
3.010000000000000175e-02
2.060000000000002107e-02
6.470000000000000751e-02
4.159999999999999809e-02
3.479999999999998372e-02
6.240000000000001101e-02
3.140000000000001124e-02
5.279999999999999277e-02
4.510000000000000120e-02
3.820000000000000479e-02
6.469999999999999363e-02
4.189999999999997893e-02
5.199999999999999067e-02
4.630000000000000088e-02
3.389999999999999958e-02
4.120000000000002133e-02
4.810000000000000386e-02
7.049999999999999323e-02
2.729999999999998747e-02
5.569999999999999951e-02
7.239999999999999214e-02
5.809999999999998499e-02
5.059999999999998527e-02
2.550000000000001571e-02
4.959999999999999826e-02
3.989999999999999797e-02
4.500000000000000527e-02
3.510000000000001313e-02
4.609999999999999515e-02
3.280000000000000970e-02
6.239999999999999020e-02
4.739999999999999769e-02
