2.192000000000000060e-01
1.431000000000000050e-01
5.689999999999999919e-02
4.740000000000001157e-02
2.459000000000000075e-01
1.533999999999999808e-01
1.607000000000000095e-01
1.641000000000000236e-01
8.010000000000003229e-02
5.769999999999999435e-02
5.739999999999998576e-02
1.006999999999999978e-01
1.617999999999999994e-01
9.690000000000002778e-02
4.379999999999999172e-02
1.158000000000000002e-01
1.143999999999999739e-01
1.776999999999999691e-01
6.370000000000000662e-02
4.410000000000000031e-02
8.049999999999998823e-02
9.730000000000005311e-02
1.351999999999999591e-01
8.340000000000000191e-02
5.570000000000004114e-02
1.158000000000000140e-01
6.589999999999997249e-02
3.811999999999999833e-01
2.443000000000000171e-01
1.158000000000000140e-01
2.959000000000000519e-01
7.400000000000001021e-02
6.769999999999998241e-02
8.160000000000001974e-02
8.600000000000000699e-02
6.460000000000000464e-02
7.049999999999999323e-02
1.359000000000000208e-01
1.318000000000000282e-01
1.727999999999999814e-01
2.192000000000000060e-01
9.609999999999994935e-02
3.273999999999999688e-01
1.181000000000000244e-01
8.419999999999996931e-02
5.690000000000000613e-02
8.429999999999999993e-02
1.969000000000000195e-01
1.543999999999999817e-01
8.249999999999997613e-02
9.410000000000003084e-02
1.148999999999999744e-01
7.560000000000000053e-02
1.031000000000000250e-01
9.169999999999994822e-02
1.238999999999999962e-01
4.699999999999997236e-02
7.660000000000008469e-02
1.303999999999999604e-01
7.869999999999996443e-02
6.760000000000002118e-02
6.699999999999997624e-02
8.389999999999998848e-02
1.140999999999999792e-01
3.240000000000002600e-02
9.790000000000004254e-02
1.292999999999999705e-01
1.819999999999999951e-01
2.168000000000000205e-01
1.708999999999999964e-01
8.849999999999999534e-02
1.048999999999999655e-01
5.529999999999998805e-02
9.260000000000001563e-02
9.489999999999999825e-02
9.299999999999998546e-02
2.240000000000000047e-01
8.599999999999996536e-02
1.333999999999999631e-01
3.012999999999999567e-01
2.318999999999999950e-01
