7.520000000000000295e-02
6.289999999999998370e-02
3.439999999999999725e-01
3.979000000000000314e-01
1.255999999999999894e-01
4.910000000000000475e-02
3.296000000000000596e-01
2.741000000000000103e-01
5.349999999999998507e-02
1.373999999999999944e-01
1.532999999999999918e-01
1.466000000000000081e-01
9.029999999999996363e-02
1.502000000000000557e-01
2.021000000000000019e-01
1.345000000000000084e-01
1.197000000000000008e-01
1.406000000000000028e-01
8.359999999999999376e-02
7.290000000000002034e-02
8.279999999999998472e-02
5.609999999999996240e-02
1.147999999999999854e-01
1.536999999999999478e-01
4.800000000000003569e-02
8.410000000000000808e-02
6.429999999999994054e-02
4.590000000000008656e-02
5.389999999999997571e-02
7.189999999999996394e-02
1.145999999999999797e-01
2.010999999999999732e-01
1.592000000000000082e-01
1.115999999999999492e-01
6.760000000000002118e-02
1.282999999999999974e-01
1.478999999999999759e-01
7.000000000000003442e-02
9.959999999999999409e-02
1.930999999999999939e-01
2.048000000000000098e-01
2.564000000000000168e-01
1.421000000000000596e-01
9.150000000000005351e-02
3.430000000000002491e-02
1.421000000000000041e-01
5.268999999999999240e-01
6.814000000000000057e-01
1.505000000000000226e-01
2.030000000000000693e-01
1.231000000000000566e-01
7.399999999999994083e-02
7.299999999999993994e-02
5.160000000000003473e-02
6.470000000000002138e-02
6.669999999999999540e-02
5.110000000000000098e-01
1.571999999999999509e-01
1.234999999999999987e-01
1.192999999999999616e-01
1.355000000000000093e-01
4.210000000000000547e-02
1.147000000000000103e-01
1.080000000000000127e-01
3.075999999999999845e-01
3.793000000000000260e-01
1.903999999999999582e-01
3.550000000000002459e-02
1.318000000000000282e-01
1.161000000000000087e-01
9.969999999999999696e-02
1.012000000000000816e-01
8.419999999999999707e-02
1.589999999999999747e-01
1.087000000000000050e-01
7.898000000000000576e-01
5.000000000000000000e-01
1.595000000000000029e-01
8.680000000000004379e-02
1.122999999999999554e-01
6.239999999999997632e-02
