1.765000000000000180e-01
2.281000000000000250e-01
1.432999999999999829e-01
5.599999999999999423e-02
1.058999999999999941e-01
2.061000000000000054e-01
1.758000000000000118e-01
1.688999999999999946e-01
9.339999999999999691e-02
1.001000000000000223e-01
1.839000000000000079e-01
2.431000000000000105e-01
1.640999999999999959e-01
1.798000000000000154e-01
1.342000000000000137e-01
9.149999999999999800e-02
6.689999999999998725e-02
1.292999999999999983e-01
2.646000000000000019e-01
1.919000000000000150e-01
1.671000000000000263e-01
2.498000000000000220e-01
1.476999999999999980e-01
1.517999999999999905e-01
1.252999999999999947e-01
1.933000000000000274e-01
2.142000000000000015e-01
2.218999999999999861e-01
2.210000000000000298e-01
2.204999999999999738e-01
2.023999999999999688e-01
1.670999999999999985e-01
1.920999999999999930e-01
3.148000000000000242e-01
3.164000000000000146e-01
1.561000000000000165e-01
9.410000000000000309e-02
8.319999999999998230e-02
1.614000000000000157e-01
1.270999999999999908e-01
2.352000000000000202e-01
2.394000000000000017e-01
2.244999999999999774e-01
1.925999999999999934e-01
1.825999999999999845e-01
1.384000000000000230e-01
8.510000000000000897e-02
3.250000000000000111e-02
1.568999999999999839e-01
2.639000000000000234e-01
2.169999999999999984e-01
2.293999999999999928e-01
1.933000000000000274e-01
1.202999999999999903e-01
9.299999999999999933e-02
6.089999999999998886e-02
1.610999999999999932e-01
2.282000000000000139e-01
1.798000000000000154e-01
2.048999999999999988e-01
2.119999999999999940e-01
8.909999999999999865e-02
6.429999999999999605e-02
1.108000000000000096e-01
1.875000000000000000e-01
2.709000000000000297e-01
2.542999999999999705e-01
2.220000000000000306e-01
2.030000000000000138e-01
7.860000000000000320e-02
1.953999999999999904e-01
2.389999999999999902e-01
2.730000000000000204e-01
2.502999999999999670e-01
9.419999999999999207e-02
1.356999999999999873e-01
1.370000000000000107e-01
2.042999999999999816e-01
3.044999999999999929e-01
1.403999999999999970e-01
7.700000000000001288e-02
