8.820000000000000062e-02
1.159000000000000030e-01
7.830000000000000848e-02
1.617999999999999994e-01
1.797000000000000264e-01
3.954999999999999627e-01
2.233999999999999875e-01
6.659999999999999254e-02
6.640000000000000069e-02
4.579999999999999349e-02
1.053000000000000047e-01
1.344000000000000195e-01
2.007999999999999785e-01
8.919999999999998763e-02
2.422000000000000264e-01
1.927000000000000102e-01
8.410000000000000808e-02
1.026999999999999857e-01
8.099999999999998868e-02
1.389000000000000234e-01
9.479999999999999538e-02
1.348000000000000309e-01
1.036000000000000254e-01
4.940000000000001334e-02
1.060999999999999999e-01
2.147000000000000020e-01
2.792000000000000037e-01
3.553999999999999937e-01
3.699000000000000066e-01
4.379000000000000115e-01
1.061000000000000137e-01
1.673999999999999932e-01
1.058999999999999941e-01
1.323000000000000009e-01
1.216000000000000136e-01
9.119999999999998941e-02
1.045999999999999985e-01
9.920000000000001039e-02
7.250000000000002276e-02
2.201999999999999513e-01
1.504999999999999671e-01
5.580000000000000238e-02
6.709999999999999298e-02
5.959999999999999326e-02
5.830000000000001154e-02
1.423999999999999710e-01
2.119000000000000050e-01
2.126000000000000112e-01
5.054000000000000714e-01
1.165599999999999969e+00
5.110999999999998877e-01
2.954000000000000514e-01
2.939000000000000501e-01
3.602000000000000757e-01
4.862999999999999545e-01
4.603000000000000425e-01
2.049999999999999878e-01
3.501000000000000778e-01
2.473999999999999533e-01
1.020000000000000073e-01
8.649999999999997968e-02
1.462999999999999856e-01
1.554999999999999716e-01
1.373999999999999944e-01
1.091999999999999915e-01
1.960000000000000075e-01
1.285999999999999921e-01
1.991999999999999882e-01
1.097999999999999809e-01
9.370000000000003326e-02
2.683999999999999719e-01
9.909999999999997977e-02
8.240000000000001490e-02
7.599999999999999811e-02
4.649999999999999967e-02
6.999999999999996503e-02
9.859999999999999321e-02
1.066999999999999893e-01
6.600000000000001699e-02
9.779999999999999805e-02
8.259999999999999287e-02
