9.584000000000000297e-01
1.196800000000000086e+00
3.694000000000000616e-01
1.464000000000000024e-01
6.979999999999997318e-02
5.120000000000002327e-02
6.269999999999999185e-02
5.279999999999998583e-02
4.672000000000000042e-01
3.203000000000000846e-01
9.329999999999992466e-02
2.780000000000008853e-02
7.190000000000003333e-02
1.102000000000000618e-01
6.110000000000005704e-02
1.724000000000000254e-01
4.705000000000000293e-01
1.505000000000000782e-01
1.232999999999999652e-01
1.146999999999999409e-01
1.018999999999999906e-01
2.730000000000008809e-02
5.950000000000003897e-02
6.700000000000003175e-02
5.820000000000007112e-02
1.490999999999999548e-01
9.829999999999994298e-02
1.581000000000000183e-01
9.080000000000004734e-02
3.580000000000008176e-02
3.719999999999991369e-02
7.839999999999990032e-02
1.548999999999998989e-01
9.149999999999999800e-02
5.959999999999993081e-02
4.299999999999994105e-02
7.769999999999996354e-02
3.021000000000000352e-01
4.823999999999998844e-01
8.485000000000000320e-01
6.565000000000000835e-01
4.148000000000000576e-01
6.490000000000001323e-02
2.943000000000000060e-01
1.042999999999999761e-01
2.001000000000000278e-01
1.473000000000000420e-01
1.176000000000000517e-01
9.860000000000003484e-02
7.519999999999997520e-02
1.191000000000000253e-01
2.557999999999999163e-01
6.762000000000000233e-01
2.321000000000000008e-01
9.469999999999999252e-02
6.620000000000003659e-02
6.639999999999994518e-02
8.070000000000007723e-02
2.109999999999998266e-01
9.839999999999998748e-02
1.104999999999998761e-01
1.577000000000000068e-01
6.630000000000005334e-02
2.239000000000000712e-01
4.710000000000000298e-01
4.899999999999999911e-01
4.289000000000000590e-01
2.183999999999999553e-01
7.403000000000000691e-01
4.609000000000001429e-01
1.583000000000000518e-01
1.271999999999999242e-01
8.180000000000003935e-02
9.080000000000003346e-02
4.630000000000007027e-02
1.410999999999999477e-01
6.848999999999999533e-01
4.637000000000000011e-01
3.554000000000000492e-01
7.349999999999995426e-02
7.116999999999999993e-01
3.837000000000000410e-01
3.780000000000001137e-01
2.086599999999999788e+00
1.865800000000000125e+00
5.165999999999999481e-01
1.110300000000000065e+00
1.154800000000000271e+00
3.020000000000000462e-01
1.253999999999999559e-01
3.970000000000001306e-02
4.020000000000001350e-02
7.217999999999999972e-01
4.322000000000000286e-01
9.798000000000000043e-01
5.430000000000000104e-02
6.609999999999997822e-02
1.438999999999999724e-01
3.869999999999998441e-02
1.517999999999999905e-01
1.033999999999999225e-01
4.480000000000011751e-02
1.545000000000000817e-01
1.359999999999999820e-01
2.032000000000000473e-01
1.955999999999999406e-01
1.354000000000000203e-01
1.396000000000000296e-01
1.025000000000000216e-01
2.119999999999992724e-02
9.089999999999998082e-02
5.520000000000006846e-02
1.033000000000001001e-01
8.480000000000001426e-02
9.070000000000005835e-02
5.100000000000001754e-02
7.990000000000001268e-02
8.680000000000002991e-02
6.699999999999999012e-02
1.169999999999998958e-01
5.449999999999995126e-02
4.619999999999999107e-02
6.560000000000000553e-02
6.765000000000001013e-01
5.813000000000000389e-01
8.920999999999998931e-01
6.813999999999998947e-01
2.501999999999999225e-01
4.712000000000001187e-01
1.469000000000000306e-01
4.420000000000007950e-02
1.050999999999998741e-01
2.739999999999998687e-02
5.900000000000004546e-02
5.599999999999993178e-02
5.699999999999999512e-02
9.080000000000001958e-02
4.099999999999996703e-02
4.620000000000001883e-02
5.400000000000008959e-03
4.539999999999996122e-02
7.630000000000008997e-02
1.421000000000000041e-01
8.340000000000002967e-02
1.022000000000000547e-01
1.961999999999999300e-01
9.120000000000007268e-02
1.469000000000000306e-01
1.357000000000000428e-01
5.410000000000003695e-02
5.120000000000002327e-02
2.020000000000003043e-02
4.300000000000001044e-02
1.920000000000005730e-02
2.867000000000000104e-01
1.149299999999999988e+00
4.902000000000000246e-01
1.492999999999998773e-01
3.100000000000012468e-02
