4.813000000000000056e-01
3.866999999999999882e-01
3.739999999999999991e-01
2.450000000000000233e-01
1.484999999999999931e-01
1.052999999999999492e-01
2.419000000000000039e-01
1.358000000000000596e-01
2.017000000000000459e-01
2.168000000000000482e-01
2.324000000000000232e-01
9.529999999999992644e-02
8.980000000000003257e-02
9.750000000000008660e-02
2.332000000000000739e-01
1.168999999999999900e-01
7.519999999999993356e-02
1.182000000000000550e-01
8.489999999999997549e-02
5.290000000000002339e-02
2.672999999999999265e-01
7.639999999999981528e-02
1.307000000000001216e-01
1.552999999999999936e-01
3.388999999999999790e-01
1.586999999999999522e-01
2.989000000000000545e-01
1.283999999999999031e-01
1.357499999999999929e+00
1.945000000000000284e+00
4.492999999999999772e-01
1.792000000000000814e-01
2.966000000000000303e-01
9.799999999999990663e-02
2.439000000000000612e-01
3.975999999999998424e-01
7.920000000000000651e-02
1.381999999999999340e-01
1.888999999999999568e-01
1.836000000000001242e-01
2.357999999999998986e-01
8.459999999999998077e-02
1.721000000000000307e-01
8.920000000000008478e-02
8.579999999999987637e-02
1.209000000000001185e-01
9.419999999999995044e-02
7.509999999999991682e-02
1.142000000000000515e-01
1.468000000000000971e-01
2.397000000000000242e-01
9.478999999999999648e-01
7.952999999999998959e-01
3.542000000000000148e-01
2.207000000000000073e-01
9.729999999999996985e-02
1.575000000000000289e-01
5.325000000000000844e-01
5.332000000000000073e-01
4.751000000000000778e-01
4.295999999999998709e-01
4.248999999999999999e-01
4.388999999999999013e-01
1.040000000000000646e-01
1.679000000000000214e-01
1.787999999999999867e-01
1.836999999999999744e-01
1.854000000000001480e-01
1.102999999999999398e-01
8.050000000000000211e-02
1.066999999999998644e-01
1.337999999999999190e-01
1.056000000000000411e-01
1.956999999999999851e-01
2.064999999999998781e-01
9.789999999999982050e-02
1.579000000000000126e-01
2.044000000000000816e-01
1.889000000000000679e-01
1.526000000000000134e-01
8.065999999999999837e-01
1.844000000000000083e-01
1.929999999999998661e-01
1.640999999999999404e-01
1.072000000000000314e-01
4.759999999999982301e-02
7.340000000000013181e-02
1.208999999999999797e-01
1.512000000000000566e-01
1.755000000000001004e-01
1.667999999999999761e-01
1.077999999999999514e-01
7.870000000000007545e-02
8.149999999999993361e-02
9.039999999999995262e-02
8.310000000000003495e-02
5.419999999999994267e-02
1.099000000000000671e-01
5.100000000000000366e-02
9.159999999999982045e-02
1.783999999999998642e-01
1.911999999999999811e-01
1.081999999999999629e-01
1.799000000000001154e-01
1.737000000000000766e-01
2.024000000000001076e-01
3.217999999999999750e-01
2.082000000000000239e-01
2.663999999999999702e-01
6.048000000000001153e-01
4.768000000000000571e-01
1.439999999999999614e-01
8.149999999999998912e-02
7.950000000000002898e-02
1.033000000000000168e-01
1.041000000000000536e-01
1.003000000000000003e-01
4.779999999999994670e-02
3.004000000000000004e-01
1.422999999999999543e-01
8.549999999999992328e-02
1.310999999999999110e-01
1.053000000000001019e-01
3.324000000000000288e-01
4.017999999999999350e-01
1.466000000000000636e-01
2.491000000000000991e-01
1.934000000000000163e-01
1.687000000000000166e-01
2.183000000000000496e-01
1.496999999999999997e-01
1.822000000000000841e-01
1.012000000000000677e-01
8.399999999999996358e-02
7.890000000000002567e-02
1.721000000000000030e-01
1.241999999999999216e-01
1.562999999999999390e-01
9.280000000000006299e-02
1.044000000000002010e-01
9.600000000000012690e-02
7.529999999999983928e-02
8.000000000000004330e-02
1.784000000000000308e-01
1.170999999999999819e-01
7.639999999999992630e-02
2.986000000000000876e-01
1.091999999999997695e-01
1.358999999999999653e-01
5.289999999999995400e-02
1.018000000000000849e-01
1.272999999999999687e-01
1.135999999999998539e-01
1.070999999999998620e-01
8.019999999999995188e-02
5.169999999999987106e-02
7.639999999999984304e-02
1.700000000000001510e-01
1.772999999999998189e-01
