1.018599999999999950e+00
6.946000000000001062e-01
5.753000000000001446e-01
2.240000000000000324e-01
1.446000000000000063e-01
7.870000000000004770e-02
9.880000000000001281e-02
2.362999999999999545e-01
2.074000000000001120e-01
1.595999999999999364e-01
2.060000000000000164e-01
2.321000000000000563e-01
2.019000000000000794e-01
2.404000000000000581e-01
2.913999999999999924e-01
2.197999999999999954e-01
2.494000000000000661e-01
2.300000000000000377e-01
1.942000000000000393e-01
2.530000000000000027e-01
5.584999999999999964e-01
2.201000000000000456e-01
1.179000000000000464e-01
1.452000000000000235e-01
1.557999999999999385e-01
3.724000000000000088e-01
1.004999999999999782e-01
2.640000000000003455e-02
9.580000000000003790e-02
5.640000000000000568e-02
1.647000000000000686e-01
1.992999999999999494e-01
2.590999999999998860e-01
2.197000000000000064e-01
1.088999999999999552e-01
1.428999999999999437e-01
7.296000000000000263e-01
1.186700000000000088e+00
5.107999999999999208e-01
8.167999999999999705e-01
4.223000000000000087e-01
1.073000000000000065e-01
1.232000000000000317e-01
1.928999999999999881e-01
4.889999999999999902e-02
1.459000000000000297e-01
1.266999999999999793e-01
2.046999999999999653e-01
1.106999999999999929e-01
1.831000000000000127e-01
9.669999999999999429e-02
9.889999999999997404e-02
1.184999999999999526e-01
7.869999999999997831e-02
8.289999999999997371e-02
5.041999999999999815e-01
3.978000000000000425e-01
3.720999999999999863e-01
1.412000000000000477e-01
1.481999999999999706e-01
2.182000000000000328e-01
1.401999999999999358e-01
9.500000000000001499e-02
1.641000000000000514e-01
1.605000000000000038e-01
3.377999999999999892e-01
4.837999999999998968e-01
6.951000000000000512e-01
2.956999999999999629e-01
2.306999999999999884e-01
1.180000000000000632e-01
2.286000000000000254e-01
7.130000000000000226e-02
1.792000000000000259e-01
8.649999999999993805e-02
7.480000000000001925e-02
2.894999999999999241e-01
2.873999999999998778e-01
1.819000000000000339e-01
1.931999999999999829e-01
1.771000000000000074e-01
2.259999999999995346e-02
5.410000000000000919e-02
1.023999999999999772e-01
6.719999999999998197e-02
1.145000000000000323e-01
1.749000000000000832e-01
1.896999999999999242e-01
1.247000000000000053e-01
1.685999999999999999e-01
2.058999999999999719e-01
7.169999999999997209e-02
8.610000000000000986e-02
1.696999999999999620e-01
1.643999999999999906e-01
8.680000000000004379e-02
2.899999999999998412e-02
5.349999999999997813e-02
1.271999999999999242e-01
1.671000000000000263e-01
2.024000000000000521e-01
2.654999999999999583e-01
1.389000000000000234e-01
1.161000000000000365e-01
1.609999999999999765e-01
2.770000000000004403e-02
1.045999999999999708e-01
2.022999999999999521e-01
1.451999999999999680e-01
2.112000000000000544e-01
1.081000000000000849e-01
9.620000000000004936e-02
1.522999999999999909e-01
6.189999999999994118e-02
1.273000000000000242e-01
9.959999999999992470e-02
9.429999999999998106e-02
4.309999999999995779e-02
8.979999999999999094e-02
3.799999999999995048e-02
8.209999999999996467e-02
6.619999999999992557e-02
5.809999999999997111e-02
1.275999999999999912e-01
8.810000000000001164e-02
6.820000000000001061e-02
3.579999999999994298e-02
5.560000000000001052e-02
6.050000000000006761e-02
3.133000000000000229e-01
2.808000000000000496e-01
1.944000000000000172e-01
3.071999999999999731e-01
5.450000000000002065e-02
1.723000000000000087e-01
8.210000000000011733e-02
8.969999999999998808e-02
9.260000000000002951e-02
1.078999999999999543e-01
1.104999999999999732e-01
3.948999999999999733e-01
1.808000000000000440e-01
3.740000000000000269e-02
7.240000000000007541e-02
6.059999999999994558e-02
1.588000000000000245e-01
6.590000000000001412e-02
4.410000000000003501e-02
3.579999999999995686e-02
9.350000000000005529e-02
1.158000000000000973e-01
6.509999999999992182e-02
8.829999999999996185e-02
5.330000000000001403e-02
6.539999999999990266e-02
1.265999999999999903e-01
1.782000000000001083e-01
5.669999999999999485e-01
3.614999999999998770e-01
