5.168000000000000371e-01
2.284999999999999809e-01
3.674999999999999378e-01
3.432000000000000051e-01
1.675999999999999435e-01
1.457000000000000239e-01
3.119000000000000106e-01
1.396999999999999909e-01
6.460000000000000464e-02
2.113000000000000433e-01
9.400000000000000022e-02
2.538999999999999591e-01
2.113000000000000433e-01
1.684999999999999554e-01
6.970000000000002582e-02
3.854000000000000203e-01
1.582000000000000073e-01
4.436999999999999833e-01
3.283000000000000362e-01
4.945999999999999841e-01
3.121999999999999220e-01
4.344999999999999418e-01
4.147999999999999465e-01
7.859999999999994769e-02
4.394999999999999463e-01
2.802999999999999936e-01
6.863999999999998991e-01
3.530999999999999694e-01
3.255000000000000115e-01
1.984000000000000208e-01
4.875999999999999779e-01
2.086999999999999966e-01
2.038999999999999979e-01
1.110999999999999904e-01
1.620000000000000051e-01
1.617999999999999716e-01
7.129999999999996063e-02
2.286000000000000254e-01
2.195000000000000007e-01
1.954000000000000459e-01
1.341999999999999860e-01
2.375999999999998946e-01
1.907999999999999696e-01
1.884999999999999731e-01
6.150000000000000605e-02
3.530999999999999694e-01
2.172000000000000042e-01
6.927000000000000934e-01
2.731000000000000094e-01
5.685000000000000053e-01
2.002000000000000168e-01
2.250000000000000056e-01
1.761999999999999955e-01
5.810000000000004744e-02
3.582000000000000739e-01
3.256000000000000560e-01
4.987000000000000877e-01
4.432000000000001494e-01
1.998000000000000886e-01
1.162999999999999312e-01
2.920999999999999708e-01
1.756999999999999396e-01
9.490000000000003988e-02
8.799999999999993938e-02
7.199999999999999456e-02
1.428999999999999992e-01
4.259000000000000563e-01
2.795000000000000262e-01
1.681000000000000549e-01
4.060999999999999610e-01
4.056999999999998940e-01
1.210999999999999299e-01
5.759999999999991516e-02
1.692999999999999783e-01
3.954999999999999627e-01
2.510999999999999899e-01
1.473999999999999477e-01
1.032000000000000139e-01
9.109999999999998654e-02
2.218999999999999306e-01
2.797999999999998266e-01
1.117999999999999550e-01
2.958000000000000074e-01
2.196999999999999509e-01
1.691000000000000281e-01
2.272999999999999743e-01
1.555999999999999606e-01
1.360000000000000653e-01
1.932999999999999163e-01
3.268999999999999684e-01
2.486999999999998656e-01
1.336999999999999300e-01
1.265999999999999348e-01
1.169000000000000733e-01
1.982000000000000151e-01
1.915000000000000036e-01
1.476999999999999980e-01
1.759999999999999898e-01
2.610000000000000098e-01
3.796999999999999820e-01
3.542999999999999483e-01
2.853999999999999315e-01
4.004000000000000337e-01
4.481000000000000538e-01
3.762000000000001454e-01
3.780999999999998806e-01
2.342999999999999527e-01
1.613999999999998769e-01
3.667000000000000259e-01
5.083999999999999631e-01
2.935000000000000386e-01
2.244000000000001271e-01
9.829999999999999849e-02
1.340000000000000913e-01
1.744000000000000550e-01
1.989999999999999547e-01
8.910000000000005416e-02
1.543999999999999262e-01
4.861999999999999100e-01
5.866000000000000103e-01
1.451000000000000068e-01
3.117000000000000881e-01
1.513000000000000178e-01
2.210999999999999632e-01
2.712000000000001076e-01
1.963000000000001133e-01
3.380000000000000782e-01
1.695999999999999730e-01
2.936999999999999611e-01
5.026000000000000467e-01
1.738000000000001211e-01
3.191999999999999837e-01
2.300000000000000377e-01
4.292999999999999039e-01
3.177000000000000379e-01
3.323000000000000398e-01
1.427999999999998715e-01
1.318000000000000282e-01
2.562999999999999723e-01
1.523999999999999244e-01
4.069999999999987517e-02
1.912000000000000366e-01
1.058499999999999996e+00
3.393699999999999939e+00
1.324200000000000044e+00
2.091600000000000126e+00
3.058999999999998942e-01
4.806000000000001382e-01
2.568999999999999617e-01
2.600999999999999979e-01
4.719000000000000972e-01
3.403999999999999249e-01
2.370999999999999219e-01
3.256999999999999895e-01
1.535999999999999588e-01
3.069999999999999951e-01
2.931000000000000272e-01
4.819999999999999840e-01
2.474999999999999423e-01
