1.648000000000000020e-01
1.292999999999999983e-01
1.930999999999999939e-01
9.230000000000002092e-02
1.663999999999999924e-01
1.097999999999999948e-01
6.479999999999999649e-02
6.339999999999999802e-02
1.968000000000000027e-01
1.888000000000000234e-01
1.728000000000000091e-01
1.213999999999999940e-01
1.612000000000000099e-01
1.166000000000000092e-01
1.625999999999999668e-01
1.547000000000000042e-01
8.690000000000001890e-02
6.549999999999996103e-02
2.366999999999999937e-01
6.229999999999998039e-02
1.759000000000000008e-01
9.429999999999999494e-02
7.709999999999998799e-02
1.799000000000000044e-01
1.112999999999999823e-01
2.365000000000000158e-01
1.277999999999999692e-01
1.291000000000000203e-01
8.649999999999997968e-02
2.782000000000000028e-01
8.590000000000000413e-02
1.554000000000000103e-01
2.192999999999999949e-01
1.038999999999999924e-01
7.559999999999998666e-02
1.163999999999999896e-01
1.310000000000000053e-01
9.899999999999999079e-02
1.764999999999999902e-01
5.780000000000001109e-02
7.459999999999999964e-02
2.155000000000000249e-01
9.049999999999998324e-02
1.471000000000000085e-01
3.014999999999999902e-01
8.144000000000001238e-01
2.541999999999999815e-01
2.162999999999999368e-01
1.913999999999999868e-01
1.509000000000000619e-01
1.383000000000000340e-01
3.450000000000007228e-02
2.036000000000000032e-01
6.770000000000002405e-02
1.624000000000000443e-01
9.969999999999996920e-02
8.819999999999993123e-02
1.651999999999999580e-01
1.185000000000000081e-01
1.638000000000000289e-01
1.805999999999999828e-01
9.710000000000001963e-02
1.530000000000000804e-01
1.363999999999999657e-01
1.072999999999999787e-01
1.735999999999999766e-01
1.119000000000000411e-01
5.389999999999994795e-02
1.820999999999999841e-01
4.960000000000003295e-02
1.637000000000000122e-01
1.005000000000000060e-01
3.609999999999995157e-02
1.673999999999999932e-01
1.198999999999999927e-01
1.306999999999999829e-01
1.551000000000000156e-01
6.960000000000005071e-02
1.180000000000000632e-01
1.496999999999998887e-01
3.710000000000002185e-02
2.129999999999999394e-01
3.990000000000006736e-02
5.649999999999996692e-02
1.571999999999999509e-01
4.600000000000006861e-02
2.006999999999999895e-01
7.470000000000003026e-02
8.400000000000000522e-02
2.288999999999999646e-01
8.100000000000004419e-02
1.387000000000000455e-01
1.378999999999999670e-01
5.076999999999999291e-01
2.205000000000000016e-01
1.334000000000000186e-01
2.940000000000000391e-01
1.034999999999999809e-01
9.349999999999997202e-02
1.740999999999999770e-01
1.512999999999999901e-01
1.674999999999999545e-01
1.345000000000000084e-01
4.760000000000004505e-02
6.589999999999998637e-02
1.503999999999999782e-01
7.479999999999999150e-02
2.031999999999999917e-01
7.520000000000001683e-02
1.000999999999999945e-01
2.270000000000000073e-01
7.039999999999999036e-02
2.508000000000000229e-01
1.210000000000000242e-01
7.799999999999995826e-02
1.827999999999999903e-01
1.250999999999999890e-01
3.836999999999999855e-01
1.063700000000000090e+00
5.885800000000001475e+00
1.076999999999999735e+00
1.356299999999999839e+00
1.157500000000000195e+00
3.583999999999998853e-01
5.065000000000001723e-01
1.901000000000003520e-01
1.844999999999999973e-01
4.914999999999999369e-01
2.279000000000002135e-01
2.767999999999997129e-01
1.495999999999996499e-01
1.675000000000002598e-01
1.866999999999997273e-01
1.959000000000000741e-01
1.780999999999999528e-01
2.135999999999998455e-01
9.830000000000008176e-02
1.290999999999999093e-01
2.375000000000000999e-01
1.604000000000000981e-01
1.600999999999999368e-01
6.860000000000016085e-02
7.560000000000005604e-02
1.883000000000002172e-01
7.540000000000048053e-02
1.667000000000000148e-01
9.040000000000034119e-02
9.069999999999994733e-02
1.079000000000000792e-01
1.630999999999998007e-01
6.709999999999967379e-02
1.805999999999997052e-01
8.260000000000014553e-02
8.569999999999980411e-02
2.117999999999999050e-01
8.260000000000015941e-02
1.631000000000000227e-01
9.070000000000005835e-02
7.690000000000020430e-02
1.286000000000001031e-01
1.001000000000002027e-01
1.513999999999998680e-01
1.292000000000001481e-01
9.389999999999978919e-02
6.130000000000004889e-02
1.431999999999996609e-01
3.760000000000001535e-02
1.924999999999996714e-01
7.450000000000005229e-02
6.510000000000012998e-02
1.711999999999997413e-01
5.079999999999997018e-02
1.995999999999997776e-01
8.230000000000008142e-02
5.109999999999988163e-02
1.804000000000000048e-01
1.015999999999998293e-01
1.583000000000001073e-01
1.346000000000000529e-01
6.049999999999976230e-02
1.377999999999999503e-01
1.159000000000000308e-01
6.100000000000029010e-02
1.725000000000002920e-01
6.600000000000012801e-02
9.430000000000018923e-02
1.401999999999999635e-01
6.480000000000016303e-02
2.125999999999996226e-01
7.800000000000019418e-02
9.610000000000011589e-02
1.899999999999998634e-01
5.169999999999999596e-02
2.074999999999996292e-01
9.500000000000000111e-02
9.360000000000008591e-02
1.530999999999999028e-01
1.177999999999998215e-01
1.394000000000000239e-01
1.588000000000000245e-01
8.990000000000022973e-02
2.099000000000001420e-01
9.349999999999976386e-02
1.340999999999998582e-01
1.946999999999998732e-01
1.119999999999997248e-01
1.690000000000000391e-01
1.481999999999999984e-01
7.400000000000014899e-02
2.385000000000001563e-01
6.309999999999985065e-02
8.810000000000001164e-02
1.912999999999998590e-01
5.190000000000005026e-02
2.839999999999999192e-01
1.090000000000000968e-01
8.739999999999981117e-02
2.089000000000000301e-01
7.170000000000006923e-02
1.809000000000001718e-01
7.219999999999970886e-02
1.042000000000000703e-01
2.400999999999996470e-01
6.670000000000000928e-02
1.753999999999998338e-01
1.238000000000002987e-01
1.203000000000000180e-01
1.565000000000000280e-01
1.147000000000002740e-01
1.829000000000003401e-01
1.225999999999997647e-01
1.054000000000001463e-01
1.388000000000001455e-01
1.131000000000000338e-01
6.599999999999978106e-02
2.160000000000000253e-01
7.459999999999994413e-02
9.390000000000009450e-02
2.882000000000004558e-01
9.969999999999955287e-02
1.765999999999997017e-01
8.250000000000021205e-02
1.062000000000000444e-01
2.029000000000000248e-01
8.980000000000021299e-02
1.784000000000001418e-01
1.578999999999998738e-01
8.610000000000009313e-02
2.604999999999998428e-01
1.048000000000000875e-01
1.124000000000000971e-01
1.631000000000000782e-01
1.048999999999999377e-01
5.039999999999972974e-02
1.753999999999995008e-01
1.024000000000002963e-01
1.695999999999998620e-01
5.490000000000040681e-02
7.599999999999974831e-02
1.459000000000000852e-01
1.129999999999998783e-01
1.670999999999999708e-01
1.524000000000000354e-01
9.189999999999994007e-02
1.795000000000000484e-01
5.779999999999993476e-02
8.149999999999996136e-02
1.998999999999999111e-01
8.279999999999973492e-02
6.539999999999988878e-02
2.482999999999995766e-01
7.229999999999990601e-02
1.810999999999996779e-01
7.440000000000011882e-02
1.138000000000001510e-01
2.224000000000003474e-01
4.539999999999987101e-02
1.986999999999999045e-01
1.546000000000000985e-01
5.510000000000028764e-02
2.018000000000002014e-01
1.632999999999997509e-01
1.593999999999995976e-01
1.387999999999998124e-01
5.549999999999962602e-02
1.926999999999998436e-01
2.589999999999997859e-01
1.430000000000000993e-01
5.597999999999997423e-01
4.694000000000003725e-01
1.642999999999998351e-01
5.522000000000002462e-01
2.243999999999997386e-01
2.702000000000001623e-01
1.665999999999996928e-01
9.120000000000005880e-02
1.174000000000002125e-01
1.777999999999999581e-01
1.627000000000002888e-01
2.888000000000002787e-01
1.452999999999999292e-01
8.470000000000003915e-02
1.393999999999997741e-01
2.565999999999999392e-01
8.630000000000011273e-02
3.942000000000002169e-01
8.660000000000019071e-02
7.819999999999968643e-02
1.678000000000000602e-01
7.980999999999998096e-01
3.139100000000000446e+00
4.108699999999999797e+00
1.792900000000000382e+00
1.222499999999999920e+00
7.542999999999998595e-01
3.593999999999999972e-01
2.282000000000001250e-01
1.992999999999998939e-01
1.870000000000000551e-01
1.188999999999999224e-01
1.010000000000000342e-01
4.379000000000000670e-01
2.337000000000000466e-01
8.909999999999999865e-02
8.469999999999999751e-02
1.740999999999999770e-01
6.019999999999993412e-02
8.729999999999993321e-02
1.117999999999999272e-01
1.220000000000000528e-01
1.829999999999999682e-01
5.449999999999989575e-02
2.248000000000001386e-01
1.046999999999999181e-01
4.400000000000005296e-02
1.455999999999999517e-01
1.744000000000001105e-01
1.692999999999999505e-01
7.870000000000015872e-02
1.157999999999999863e-01
1.363999999999998547e-01
1.361999999999999045e-01
7.099999999999986877e-02
1.844000000000001471e-01
1.188000000000000722e-01
8.070000000000007723e-02
1.481999999999999429e-01
7.530000000000008908e-02
1.308999999999999331e-01
8.969999999999997420e-02
1.224999999999998451e-01
1.822000000000001396e-01
6.110000000000014031e-02
1.500999999999998724e-01
1.708000000000000074e-01
7.679999999999992388e-02
7.540000000000007807e-02
1.618999999999999606e-01
8.940000000000024316e-02
1.492000000000001103e-01
1.017999999999999600e-01
1.131000000000000477e-01
2.154999999999999971e-01
1.279000000000000969e-01
2.374000000000000554e-01
1.948000000000000287e-01
1.403000000000000913e-01
1.832999999999998519e-01
1.255000000000000560e-01
1.392999999999999239e-01
1.936999999999998168e-01
7.449999999999998290e-02
3.330000000000021138e-02
1.461999999999999134e-01
4.430000000000001992e-02
1.222000000000000863e-01
1.543000000000001037e-01
1.061000000000001248e-01
2.008999999999999675e-01
9.819999999999980134e-02
1.402000000000001578e-01
1.688999999999999113e-01
1.482000000000001372e-01
1.348999999999998256e-01
1.658999999999998254e-01
7.449999999999978861e-02
1.462000000000000521e-01
6.860000000000002207e-02
8.119999999999993889e-02
1.662000000000000144e-01
4.779999999999995364e-02
1.137000000000000788e-01
1.653000000000000025e-01
8.350000000000000477e-02
1.444000000000001394e-01
1.790000000000000480e-01
7.830000000000009175e-02
2.048000000000000931e-01
8.369999999999994111e-02
2.292000000000001536e-01
4.788999999999998813e-01
2.232999999999999430e-01
3.786000000000000476e-01
1.154000000000000026e-01
1.220999999999999169e-01
2.219999999999999751e-01
8.400000000000010236e-02
1.725999999999999757e-01
1.249999999999999722e-01
1.211000000000000132e-01
2.193000000000000504e-01
6.599999999999997535e-02
1.868000000000001048e-01
8.749999999999991118e-02
1.063000000000001444e-01
2.270999999999998575e-01
8.830000000000004512e-02
2.861000000000000210e-01
1.343999999999998807e-01
1.435999999999998666e-01
2.048000000000000376e-01
9.940000000000007163e-02
2.147000000000000852e-01
9.400000000000005573e-02
1.298999999999998489e-01
2.094000000000001138e-01
8.800000000000005040e-02
2.651000000000000023e-01
9.180000000000007598e-02
9.460000000000008680e-02
2.748999999999999777e-01
1.059000000000000496e-01
2.547999999999999154e-01
1.140000000000001013e-01
1.339000000000000745e-01
2.455000000000000515e-01
7.000000000000020095e-02
2.525000000000000577e-01
8.300000000000008760e-02
8.750000000000002220e-02
1.188000000000000722e-01
1.414000000000000534e-01
1.450000000000000455e-01
1.703999999999999682e-01
7.619999999999996221e-02
2.226000000000001311e-01
9.219999999999989315e-02
1.295000000000000040e-01
1.693999999999999950e-01
8.459999999999978648e-02
7.369999999999998774e-02
1.745000000000000995e-01
6.590000000000006963e-02
1.929999999999999494e-01
8.190000000000004221e-02
6.059999999999994558e-02
1.393000000000001459e-01
1.300000000000001987e-01
1.751999999999998558e-01
1.363000000000001155e-01
9.509999999999989295e-02
1.544000000000000372e-01
1.840000000000000802e-01
5.027999999999999137e-01
7.047999999999999821e-01
2.084999999999999631e-01
1.534999999999999976e-01
1.686999999999999056e-01
3.749999999999992228e-02
1.440999999999999504e-01
5.769999999999989027e-02
1.482999999999999319e-01
1.895999999999999075e-01
8.009999999999983800e-02
2.120000000000001050e-01
1.579999999999998905e-01
1.459999999999999354e-01
2.254000000000000725e-01
1.717000000000000193e-01
2.058999999999999164e-01
2.294999999999998430e-01
4.379999999999978355e-02
1.912000000000001476e-01
1.543000000000001315e-01
9.960000000000002185e-02
2.723000000000002085e-01
4.409999999999994480e-02
1.223999999999999255e-01
2.015000000000000402e-01
5.359999999999992548e-02
1.962000000000001521e-01
1.131000000000000061e-01
7.869999999999979790e-02
9.090000000000003633e-02
1.631999999999999562e-01
9.319999999999989404e-02
1.522999999999998522e-01
1.388999999999998569e-01
7.389999999999993796e-02
1.771999999999998576e-01
1.251999999999998114e-01
9.039999999999992486e-02
2.363999999999999990e-01
7.609999999999994547e-02
8.860000000000015086e-02
1.907999999999999419e-01
9.320000000000000506e-02
2.141999999999998905e-01
1.355000000000000648e-01
1.147000000000001074e-01
2.390000000000000735e-01
6.459999999999999076e-02
2.276000000000001910e-01
1.088000000000002021e-01
2.437999999999999334e-01
5.102000000000002089e-01
1.565000000000000557e-01
3.675000000000001599e-01
3.727000000000001423e-01
3.923499999999999766e+00
1.766400000000000414e+00
1.689599999999999991e+00
3.686900000000000066e+00
2.754900000000000571e+00
5.779000000000005244e-01
5.423999999999999932e-01
7.467999999999996863e-01
3.512000000000000677e-01
3.668999999999998374e-01
9.179999999999999272e-02
1.686999999999997946e-01
1.853000000000002423e-01
1.977000000000000701e-01
9.600000000000037670e-02
3.306999999999999940e-01
8.410000000000029952e-02
8.820000000000004226e-02
1.636999999999999844e-01
1.259999999999996678e-01
2.311999999999997391e-01
1.945999999999998842e-01
1.175000000000002848e-01
1.686999999999999889e-01
1.845999999999999308e-01
2.580000000000000626e-01
9.960000000000010512e-02
5.509999999999978804e-02
1.354000000000002424e-01
1.627000000000001778e-01
2.029999999999997085e-01
4.278000000000001246e-01
1.306000000000000216e-01
1.517999999999996574e-01
5.780000000000025395e-02
2.239999999999998659e-01
3.966999999999999416e-01
5.460000000000001519e-01
1.550999999999999324e-01
1.030999999999999694e-01
2.066000000000000614e-01
1.612999999999998602e-01
2.101999999999998314e-01
1.064000000000000223e-01
2.890999999999998016e-01
6.736999999999999655e-01
2.526999999999998137e-01
2.957999999999999519e-01
8.750000000000018874e-02
1.641000000000003567e-01
1.916999999999997872e-01
1.290999999999997150e-01
1.298999999999997657e-01
1.440000000000003222e-01
1.444999999999997398e-01
2.555999999999999939e-01
1.862000000000002542e-01
3.488999999999998214e-01
2.824000000000003174e-01
1.169999999999998819e-01
3.017999999999999572e-01
2.343000000000002025e-01
1.561000000000001275e-01
2.652000000000003799e-01
8.479999999999988936e-02
1.261999999999997846e-01
1.980000000000001203e-01
2.173000000000001875e-01
1.250999999999998502e-01
2.682999999999999274e-01
9.580000000000005178e-02
7.639999999999975977e-02
1.136999999999999955e-01
1.800999999999998713e-01
2.269000000000001016e-01
1.617000000000001214e-01
1.914000000000001256e-01
8.379999999999973581e-02
7.940000000000006775e-02
1.306999999999999829e-01
1.719000000000000528e-01
8.740000000000003322e-02
2.356000000000001704e-01
6.880000000000005556e-02
7.959999999999994857e-02
1.753000000000000391e-01
1.298000000000000542e-01
9.880000000000002669e-02
1.712999999999999523e-01
6.219999999999997753e-02
1.058999999999998554e-01
1.312000000000001776e-01
1.354000000000000759e-01
1.942999999999998895e-01
9.229999999999988214e-02
1.268999999999997907e-01
1.737000000000001043e-01
1.628000000000000003e-01
1.377999999999998670e-01
9.470000000000032558e-02
2.043000000000000926e-01
9.339999999999998304e-02
1.715999999999999470e-01
2.076999999999999957e-01
1.252000000000000335e-01
1.130999999999998118e-01
3.828999999999999626e-01
1.187000000000001387e-01
2.283000000000000862e-01
9.349999999999997202e-02
1.381999999999999340e-01
1.481999999999998874e-01
1.553000000000001601e-01
1.428999999999999437e-01
2.101999999999998869e-01
1.058999999999998137e-01
1.334000000000001018e-01
1.100000000000000144e-01
1.647000000000000686e-01
1.346999999999997921e-01
8.550000000000010369e-02
1.504999999999999671e-01
1.586000000000000743e-01
1.560999999999999333e-01
1.306000000000001604e-01
9.989999999999987779e-02
1.836000000000000965e-01
1.835999999999998467e-01
1.113999999999999158e-01
1.832999999999999630e-01
9.770000000000002294e-02
1.009000000000000175e-01
1.983999999999999930e-01
7.720000000000021290e-02
2.483999999999999264e-01
1.129999999999999893e-01
1.157999999999999308e-01
2.700999999999998957e-01
6.419999999999978502e-02
1.838999999999998414e-01
7.739999999999988556e-02
1.026000000000000245e-01
2.057999999999999829e-01
1.019999999999997853e-01
1.303999999999998216e-01
1.821000000000001784e-01
1.224999999999999145e-01
1.474999999999998812e-01
2.467999999999999083e-01
2.161999999999999922e+00
6.905999999999999917e-01
5.710999999999999410e-01
5.390999999999999126e-01
2.640000000000001790e-01
2.032999999999999807e-01
2.050000000000002376e-01
1.595000000000000029e-01
1.529000000000000914e-01
1.605999999999997430e-01
1.387999999999999234e-01
2.640999999999998904e-01
7.890000000000002567e-02
1.009999999999998122e-01
1.991000000000000825e-01
7.380000000000019877e-02
1.977999999999999758e-01
1.171000000000000096e-01
1.385000000000000120e-01
9.421999999999995934e-01
2.879400000000000404e+00
7.215000000000002522e-01
9.187999999999998391e-01
9.074999999999998623e-01
6.678999999999997161e-01
4.717000000000001192e-01
7.527000000000001467e-01
9.244999999999999885e-01
3.138000000000001344e-01
2.619999999999998441e-01
2.295999999999997487e-01
3.612999999999999545e-01
4.649999999999997469e-01
6.899999999999983924e-02
7.120000000000040186e-02
2.503000000000000780e-01
1.236999999999999766e-01
1.537999999999998813e-01
2.251000000000000778e-01
1.864999999999998326e-01
1.488999999999997548e-01
7.570000000000018381e-02
1.242999999999999383e-01
1.175999999999999268e-01
9.010000000000016607e-02
9.839999999999993197e-02
6.570000000000011942e-02
6.299999999999990330e-02
6.840000000000032165e-02
8.369999999999996887e-02
7.089999999999979652e-02
8.689999999999969971e-02
5.290000000000011360e-02
2.020999999999999464e-01
5.558999999999999497e-01
2.328000000000000069e-01
3.945000000000000728e-01
1.101000000000000173e-01
1.448000000000000398e-01
2.259999999999998677e-01
4.592000000000001636e-01
1.901999999999999247e-01
2.271999999999999575e-01
7.890000000000030322e-02
5.149999999999975431e-02
1.396000000000002239e-01
1.336000000000002186e-01
2.358000000000000651e-01
7.720000000000012963e-02
3.990999999999998438e-01
1.038000000000002532e-01
1.179000000000000742e-01
2.832999999999999963e-01
8.349999999999979661e-02
2.063999999999999169e-01
1.419999999999999596e-01
1.465000000000000469e-01
1.325000000000000067e-01
1.035999999999996091e-01
1.833000000000000740e-01
1.478000000000000147e-01
2.527999999999998582e-01
8.640000000000008784e-02
1.105000000000000704e-01
1.925000000000002542e-01
7.310000000000010933e-02
2.025999999999998635e-01
1.155000000000000471e-01
1.325999999999998291e-01
1.883999999999999564e-01
3.089999999999998304e-02
1.699000000000001065e-01
1.455999999999997851e-01
1.209000000000000491e-01
2.342000000000002968e-01
8.539999999999980940e-02
2.220000000000000862e-01
1.554999999999999993e-01
1.161999999999997757e-01
1.131000000000001726e-01
1.850999999999998480e-01
1.099000000000000532e-01
1.960000000000001463e-01
1.048000000000001153e-01
1.048999999999997990e-01
8.809999999999984510e-02
1.769999999999998241e-01
5.329999999999990301e-02
1.757999999999999841e-01
7.650000000000026223e-02
8.610000000000034293e-02
1.068999999999998562e-01
1.416000000000001979e-01
1.799000000000000876e-01
1.186000000000001220e-01
1.028999999999998805e-01
1.026999999999998470e-01
1.605000000000002536e-01
7.830000000000042482e-02
1.910000000000000864e-01
6.900000000000006128e-02
7.950000000000015388e-02
5.649999999999991140e-02
2.178999999999997328e-01
3.510000000000018661e-02
1.536000000000000421e-01
1.134999999999998233e-01
7.350000000000014855e-02
8.500000000000001998e-02
1.669000000000001038e-01
1.276000000000002133e-01
1.174999999999999933e-01
1.752000000000000224e-01
8.849999999999963451e-02
6.739999999999995994e-02
1.696000000000001950e-01
6.180000000000018812e-02
2.198000000000001897e-01
9.879999999999977689e-02
8.980000000000004645e-02
2.435999999999997889e-01
4.010000000000019105e-02
1.573999999999999289e-01
2.704999999999997407e-01
1.589000000000002355e-01
2.994000000000000550e-01
8.040000000000008251e-02
1.046000000000003594e-01
2.612999999999997547e-01
1.511000000000000676e-01
2.282000000000000695e-01
1.395000000000000129e-01
8.549999999999996492e-02
2.648000000000000353e-01
8.779999999999996141e-02
9.190000000000000946e-02
2.549999999999997824e-01
8.010000000000022657e-02
2.091000000000000636e-01
7.099999999999995204e-02
1.003000000000002778e-01
2.267999999999998906e-01
4.310000000000024922e-02
3.209000000000002406e-01
5.962999999999999412e-01
1.578999999999997628e-01
1.631000000000003558e-01
2.675000000000001821e-01
7.529999999999975602e-02
2.426999999999999158e-01
1.024000000000002408e-01
9.439999999999992841e-02
1.883999999999997343e-01
4.709999999999994746e-02
9.780000000000024785e-02
1.429999999999998495e-01
4.220000000000011242e-02
2.564000000000000723e-01
2.719999999999999640e-01
1.425999999999998102e-01
3.274999999999999023e-01
1.080000000000002625e-01
1.542000000000000592e-01
1.816000000000000392e-01
5.698999999999999622e-01
1.369400000000000173e+00
9.155999999999998584e-01
1.123699999999999921e+00
8.525000000000001465e-01
3.578700000000000436e+00
2.318300000000000249e+00
1.014699999999999935e+00
1.308899999999999952e+00
4.548999999999997490e-01
1.024599999999999955e+00
8.884999999999998455e-01
7.583000000000000851e-01
1.776000000000000634e-01
2.208200000000000163e+00
2.604200000000000070e+00
6.297999999999999154e-01
8.469000000000004302e-01
2.560999999999999943e-01
9.782999999999998364e-01
2.566600000000000215e+00
2.087499999999999911e+00
2.189999999999999947e+00
6.026999999999999025e-01
8.960999999999998966e-01
4.723000000000002196e-01
1.512999999999998235e-01
5.860000000000015197e-02
1.570000000000000839e-01
1.062000000000000166e-01
1.315999999999999392e-01
1.898000000000000242e-01
7.090000000000015734e-02
1.037999999999997813e-01
1.695000000000000118e-01
1.155999999999998695e-01
1.200999999999999013e-01
1.452999999999999570e-01
8.820000000000005613e-02
1.013999999999999901e-01
2.081000000000001737e-01
1.018000000000000849e-01
8.419000000000000927e-01
1.650699999999999612e+00
5.463999999999998858e-01
3.193000000000000282e-01
2.911000000000000254e-01
1.096000000000000862e-01
2.484999999999999432e-01
1.258999999999999841e-01
9.199999999999980416e-02
2.183999999999999553e-01
5.829999999999979643e-02
1.529000000000000636e-01
2.001999999999999336e-01
6.430000000000027360e-02
1.024999999999999523e-01
1.850000000000000810e-01
3.710000000000002185e-02
1.862000000000000322e-01
6.250000000000001388e-02
8.309999999999995168e-02
2.565000000000000613e-01
7.860000000000005871e-02
1.986000000000001930e-01
1.654999999999997862e-01
7.129999999999989124e-02
1.191999999999998339e-01
1.331999999999999296e-01
7.970000000000002083e-02
1.519000000000000905e-01
6.180000000000002158e-02
8.380000000000002724e-02
2.174000000000000932e-01
4.409999999999980602e-02
1.440999999999998671e-01
2.377000000000001889e-01
1.703999999999998016e-01
8.149999999999993361e-02
2.075999999999998680e-01
9.939999999999990510e-02
1.944999999999999507e-01
6.709999999999990972e-02
6.200000000000013833e-02
1.819000000000000894e-01
4.819999999999990958e-02
1.681000000000001937e-01
6.979999999999983440e-02
9.320000000000017160e-02
1.924999999999997546e-01
7.689999999999982960e-02
1.723000000000001197e-01
7.469999999999993312e-02
1.066000000000000281e-01
