2.003000000000000058e-01
8.310000000000000719e-02
8.469999999999999751e-02
1.139000000000000012e-01
4.599999999999999922e-02
1.187000000000000138e-01
1.697000000000000175e-01
1.234999999999999987e-01
1.143999999999999878e-01
1.401999999999999913e-01
1.195999999999999841e-01
9.309999999999998832e-02
4.759999999999998954e-02
1.607000000000000095e-01
1.542000000000000037e-01
7.969999999999999307e-02
1.147000000000000103e-01
1.391000000000000014e-01
1.041000000000000120e-01
1.736000000000000043e-01
1.103999999999999981e-01
5.580000000000000238e-02
1.349000000000000199e-01
1.283999999999999864e-01
1.088000000000000078e-01
9.829999999999999849e-02
1.169000000000000039e-01
8.429999999999998606e-02
3.700000000000001898e-02
1.285999999999999921e-01
1.907000000000000084e-01
7.569999999999998952e-02
7.669999999999999041e-02
1.340000000000000080e-01
9.320000000000000506e-02
8.109999999999997766e-02
1.438000000000000111e-01
1.163000000000000145e-01
9.029999999999997751e-02
5.149999999999999023e-02
1.810000000000000220e-01
6.980000000000000093e-02
1.307999999999999718e-01
8.250000000000000389e-02
8.160000000000000586e-02
6.929999999999997273e-02
7.110000000000005205e-02
6.310000000000001719e-02
1.057999999999999774e-01
7.099999999999997979e-02
1.532999999999999918e-01
1.062000000000000027e-01
9.479999999999996763e-02
6.709999999999996523e-02
5.800000000000002376e-02
7.130000000000001614e-02
1.353000000000000314e-01
3.789999999999997538e-02
1.567000000000000060e-01
1.295999999999999930e-01
1.129000000000000559e-01
9.099999999999996980e-02
1.373000000000000054e-01
9.640000000000002733e-02
5.379999999999998672e-02
1.449000000000000288e-01
7.809999999999997500e-02
5.079999999999999793e-02
4.870000000000000717e-02
1.500000000000000222e-01
8.519999999999997020e-02
9.299999999999997158e-02
1.160000000000000336e-01
1.231000000000000150e-01
6.209999999999998854e-02
9.579999999999999627e-02
8.599999999999999312e-02
1.102999999999999953e-01
6.320000000000000617e-02
1.302999999999999714e-01
1.554999999999999993e-01
1.352000000000000146e-01
6.679999999999998439e-02
1.134000000000000008e-01
7.650000000000001243e-02
6.530000000000002469e-02
1.783000000000000140e-01
5.580000000000000238e-02
4.020000000000002738e-02
3.740000000000003044e-02
1.389999999999999847e-01
5.619999999999998608e-02
9.189999999999998170e-02
1.575000000000000011e-01
1.078999999999999959e-01
4.619999999999998413e-02
6.640000000000001457e-02
1.517000000000000015e-01
5.859999999999999237e-02
6.980000000000001481e-02
9.180000000000002047e-02
1.315000000000000058e-01
6.940000000000000335e-02
5.589999999999999830e-02
9.779999999999998417e-02
1.861000000000000154e-01
2.879999999999999782e-01
1.154000000000000026e-01
1.407999999999999807e-01
1.681000000000000272e-01
7.689999999999999614e-02
7.989999999999998492e-02
1.364000000000000212e-01
1.398999999999999966e-01
8.529999999999998694e-02
1.561999999999999500e-01
1.037000000000000144e-01
5.510000000000001008e-02
7.960000000000000409e-02
6.400000000000001521e-02
7.970000000000002083e-02
1.180000000000000077e-01
8.110000000000000542e-02
1.368000000000000049e-01
1.161999999999999977e-01
7.019999999999999851e-02
6.259999999999998899e-02
1.115999999999999631e-01
1.052999999999999770e-01
1.209999999999999964e-01
1.125000000000000167e-01
1.651999999999999857e-01
1.008999999999999897e-01
5.179999999999998495e-02
1.280999999999999917e-01
1.157000000000000112e-01
2.930000000000001006e-02
8.569999999999999840e-02
1.576000000000000179e-01
7.600000000000001199e-02
8.859999999999999820e-02
8.399999999999999134e-02
7.750000000000001332e-02
5.279999999999999277e-02
2.399999999999999356e-02
1.409000000000000252e-01
3.400000000000000244e-02
6.620000000000000884e-02
1.178000000000000019e-01
1.557000000000000328e-01
7.170000000000002760e-02
1.411000000000000032e-01
1.680999999999999717e-01
7.339999999999999303e-02
6.990000000000000380e-02
7.190000000000000557e-02
1.001000000000000223e-01
6.620000000000003659e-02
1.989999999999999825e-01
1.189999999999999808e-01
1.088999999999999968e-01
4.899999999999998801e-02
1.441999999999999948e-01
6.760000000000002118e-02
5.489999999999998354e-02
1.205000000000000238e-01
9.410000000000001696e-02
5.769999999999998741e-02
8.080000000000001070e-02
1.770999999999999797e-01
6.880000000000000004e-02
8.909999999999998477e-02
1.589999999999999747e-01
6.870000000000001106e-02
1.406999999999999917e-01
9.869999999999999607e-02
2.256999999999999840e-01
1.180000000000000215e-01
9.870000000000000995e-02
1.507999999999999896e-01
3.015000000000000457e-01
2.660000000000000142e-01
8.989999999999999380e-02
1.523999999999999799e-01
2.504000000000000115e-01
4.622000000000000552e-01
6.850000000000000533e-01
4.809999999999999831e-01
1.015999999999999959e-01
7.209999999999999742e-02
9.889999999999998792e-02
8.530000000000000082e-02
7.319999999999998730e-02
5.130000000000001226e-02
1.190999999999999837e-01
1.252999999999999670e-01
4.450000000000001177e-02
5.199999999999999067e-02
9.819999999999998175e-02
8.049999999999998823e-02
6.300000000000002820e-02
1.400000000000000133e-01
1.754999999999999893e-01
7.249999999999999500e-02
8.480000000000000038e-02
7.850000000000004197e-02
1.444000000000000006e-01
1.265000000000000013e-01
9.729999999999998372e-02
1.242999999999999938e-01
1.530000000000000249e-01
6.230000000000001509e-02
9.160000000000000087e-02
6.729999999999998483e-02
1.502999999999999892e-01
1.081999999999999490e-01
1.582000000000000073e-01
1.552999999999999936e-01
1.208999999999999936e-01
7.810000000000000275e-02
7.550000000000003930e-02
6.780000000000001303e-02
1.249999999999999861e-01
6.220000000000001222e-02
1.225000000000000255e-01
6.199999999999995098e-02
1.008000000000000285e-01
6.849999999999997757e-02
6.279999999999996696e-02
4.440000000000002278e-02
1.075000000000000122e-01
9.540000000000001257e-02
1.116999999999999799e-01
3.195999999999999952e-01
1.180999999999999828e-01
1.444000000000000283e-01
1.717000000000000470e-01
9.009999999999997178e-02
5.009999999999994319e-02
1.441000000000000059e-01
9.469999999999999252e-02
9.070000000000003060e-02
7.010000000000003728e-02
1.194000000000000200e-01
1.213000000000000189e-01
1.115999999999999909e-01
3.940000000000000446e-02
1.436999999999999944e-01
7.589999999999999525e-02
4.080000000000002375e-02
6.010000000000000064e-02
1.114000000000000268e-01
1.246999999999999914e-01
3.280000000000000276e-02
1.416000000000000036e-01
1.215999999999999859e-01
1.234000000000000513e-01
1.017999999999999877e-01
1.811000000000000110e-01
1.341999999999999860e-01
1.161999999999999977e-01
7.150000000000000799e-02
2.245000000000000051e-01
3.208999999999999631e-01
3.918000000000000371e-01
5.726999999999999869e-01
5.792000000000000481e-01
3.276999999999999913e-01
1.492999999999999605e-01
1.444000000000000283e-01
9.210000000000001519e-02
5.650000000000001549e-02
9.960000000000002185e-02
9.549999999999998768e-02
1.083000000000000074e-01
8.699999999999998013e-02
1.821999999999999731e-01
1.226000000000000145e-01
1.890999999999999903e-01
8.199999999999998956e-02
1.053999999999999659e-01
1.572000000000000064e-01
1.378000000000000058e-01
1.280999999999999917e-01
1.622999999999999443e-01
1.265999999999999626e-01
5.650000000000000161e-02
8.459999999999998077e-02
1.345000000000000084e-01
1.073999999999999677e-01
7.699999999999998512e-02
1.231999999999999901e-01
1.200000000000000094e-01
9.890000000000000180e-02
7.009999999999998177e-02
1.020999999999999963e-01
1.116999999999999937e-01
1.299000000000000155e-01
1.424999999999999600e-01
8.560000000000000941e-02
1.616999999999999826e-01
1.231999999999999762e-01
1.018000000000000016e-01
1.142999999999999849e-01
1.349000000000000199e-01
2.232999999999999985e-01
9.880000000000002669e-02
8.540000000000000369e-02
8.610000000000000986e-02
6.920000000000001150e-02
1.091999999999999915e-01
5.960000000000000020e-02
7.829999999999998073e-02
1.131999999999999951e-01
1.188000000000000167e-01
5.489999999999999741e-02
8.190000000000002833e-02
6.740000000000001545e-02
1.509999999999999676e-01
7.120000000000001328e-02
7.870000000000001994e-02
1.392000000000000459e-01
9.430000000000003657e-02
5.400000000000000633e-02
5.089999999999997304e-02
1.517000000000000015e-01
1.617999999999999716e-01
4.089999999999999192e-02
1.390000000000000124e-01
9.480000000000002314e-02
5.749999999999998168e-02
2.609999999999998432e-02
7.799999999999998601e-02
1.188000000000000306e-01
8.860000000000001208e-02
8.940000000000000724e-02
1.716000000000000025e-01
8.350000000000000477e-02
7.659999999999998754e-02
8.630000000000001559e-02
1.797999999999999876e-01
6.909999999999999476e-02
1.127999999999999975e-01
7.539999999999996705e-02
1.441999999999999948e-01
1.127000000000000085e-01
7.330000000000000404e-02
2.520000000000002099e-02
1.373999999999999944e-01
1.049000000000000210e-01
8.349999999999999090e-02
5.400000000000002021e-02
1.093999999999999972e-01
1.273999999999999855e-01
7.290000000000000646e-02
8.240000000000001490e-02
1.071000000000000146e-01
9.060000000000002773e-02
1.480999999999999817e-01
1.826000000000000401e-01
1.291999999999999815e-01
1.610000000000000320e-01
8.077999999999998515e-01
4.394000000000000128e-01
8.799999999999999489e-02
1.508999999999999786e-01
1.354999999999999816e-01
1.538000000000000478e-01
1.390000000000000124e-01
2.556999999999999273e-01
1.415000000000000147e-01
4.920000000000000762e-02
1.053999999999999937e-01
1.003999999999999615e-01
9.270000000000000462e-02
5.400000000000000633e-02
1.755999999999999783e-01
5.989999999999998104e-02
6.980000000000002869e-02
4.820000000000002061e-02
1.246999999999999775e-01
1.514999999999999680e-01
1.143000000000000266e-01
5.269999999999999685e-02
1.452999999999999847e-01
1.222999999999999782e-01
6.680000000000005378e-02
1.414000000000000257e-01
1.451999999999999957e-01
5.129999999999998450e-02
8.859999999999997045e-02
2.245000000000000329e-01
7.530000000000000582e-02
1.234000000000000097e-01
6.940000000000003111e-02
1.552000000000000046e-01
1.443000000000000393e-01
1.265999999999999626e-01
1.719000000000000250e-01
1.849999999999999978e-01
7.020000000000001239e-02
3.049999999999997852e-02
1.494000000000000328e-01
5.430000000000002880e-02
8.210000000000003406e-02
1.083000000000000212e-01
1.447000000000000230e-01
4.900000000000000189e-02
8.399999999999999134e-02
1.305000000000000049e-01
7.049999999999997935e-02
7.679999999999999327e-02
2.146000000000000130e-01
7.850000000000001421e-02
6.899999999999999190e-02
3.699999999999999123e-02
9.899999999999999079e-02
1.050999999999999990e-01
6.880000000000001392e-02
1.184000000000000330e-01
1.296999999999999820e-01
8.829999999999997573e-02
8.959999999999995746e-02
5.779999999999998334e-02
1.270999999999999908e-01
9.539999999999997093e-02
1.366999999999999604e-01
1.202000000000000152e-01
1.400999999999999746e-01
1.200000000000000094e-01
5.799999999999997519e-02
8.689999999999997726e-02
1.062000000000000027e-01
1.210000000000000242e-01
1.735999999999999766e-01
6.108999999999999986e-01
6.402999999999999803e-01
2.071000000000000063e-01
1.751999999999999946e-01
3.198999999999999622e-01
1.680000000000000382e-01
1.185000000000000081e-01
3.197999999999999732e-01
1.977000000000000146e-01
1.677000000000000157e-01
6.849999999999997757e-02
1.793000000000000149e-01
9.029999999999999138e-02
1.155999999999999944e-01
8.940000000000000724e-02
1.337000000000000133e-01
7.039999999999999036e-02
4.279999999999999777e-02
9.559999999999999054e-02
1.387000000000000455e-01
1.098999999999999977e-01
1.119999999999999607e-01
7.839999999999998359e-02
9.510000000000001785e-02
6.979999999999997318e-02
6.679999999999999827e-02
6.049999999999999128e-02
1.269999999999999463e-01
8.599999999999995148e-02
7.189999999999999170e-02
1.476999999999999980e-01
6.649999999999998967e-02
7.300000000000003708e-02
5.639999999999999181e-02
5.540000000000000480e-02
9.579999999999996851e-02
1.174999999999999933e-01
4.789999999999999120e-02
1.188000000000000167e-01
9.229999999999997928e-02
1.027000000000000135e-01
3.350000000000001588e-02
6.199999999999999956e-02
1.206000000000000127e-01
9.340000000000001079e-02
8.779999999999998916e-02
7.230000000000000315e-02
9.539999999999999869e-02
1.435000000000000164e-01
1.604999999999999760e-01
1.181000000000000383e-01
5.910000000000001363e-02
8.849999999999998146e-02
1.949999999999999789e-01
9.529999999999999583e-02
6.020000000000000351e-02
7.119999999999999940e-02
1.205999999999999711e-01
8.870000000000000107e-02
5.180000000000002658e-02
1.029999999999999805e-01
1.658999999999999919e-01
6.239999999999998326e-02
2.729999999999998747e-02
6.299999999999997269e-02
1.437000000000000222e-01
6.560000000000001941e-02
4.439999999999997421e-02
1.246000000000000024e-01
1.642000000000000126e-01
3.810000000000000192e-02
6.340000000000001190e-02
7.260000000000002562e-02
1.011999999999999844e-01
6.439999999999997116e-02
1.338000000000000023e-01
9.819999999999998175e-02
7.919999999999999263e-02
5.879999999999997728e-02
8.250000000000003164e-02
1.075000000000000261e-01
1.193999999999999923e-01
8.980000000000000482e-02
1.170999999999999958e-01
8.519999999999999796e-02
4.750000000000000056e-02
5.059999999999999221e-02
8.490000000000001712e-02
9.999999999999999167e-02
6.840000000000004410e-02
4.609999999999999515e-02
1.363000000000000045e-01
9.000000000000001055e-02
5.480000000000000843e-02
8.399999999999996358e-02
1.482999999999999874e-01
5.709999999999999798e-02
1.045000000000000095e-01
2.192999999999999949e-01
8.970000000000001583e-02
3.129999999999998062e-02
5.349999999999997119e-02
1.245999999999999608e-01
1.067000000000000171e-01
5.149999999999995554e-02
7.230000000000000315e-02
2.081999999999999962e-01
6.629999999999999782e-02
6.779999999999997140e-02
4.009999999999999676e-02
1.539999999999999980e-01
1.112000000000000072e-01
3.950000000000002121e-02
7.980000000000002369e-02
1.559999999999999720e-01
5.980000000000001981e-02
7.839999999999996971e-02
2.729999999999999094e-02
1.396000000000000019e-01
7.990000000000002656e-02
7.799999999999998601e-02
1.128000000000000391e-01
9.579999999999999627e-02
5.019999999999998769e-02
7.100000000000000755e-02
1.005000000000000060e-01
8.999999999999999667e-02
6.060000000000001497e-02
1.191000000000000114e-01
8.329999999999999905e-02
6.239999999999998326e-02
3.850000000000000644e-02
1.099000000000000254e-01
1.389999999999999569e-01
7.080000000000001570e-02
5.380000000000000060e-02
1.985000000000000098e-01
9.619999999999999385e-02
3.840000000000001745e-02
1.870000000000000828e-02
1.342999999999999750e-01
1.100999999999999895e-01
6.700000000000000400e-02
1.242999999999999661e-01
8.520000000000002571e-02
2.810000000000004161e-02
8.149999999999998912e-02
7.359999999999999876e-02
1.655999999999999972e-01
4.999999999999999584e-02
5.570000000000001339e-02
1.524999999999999689e-01
9.859999999999999321e-02
5.879999999999998422e-02
6.469999999999997975e-02
2.041999999999999926e-01
1.028999999999999776e-01
1.247000000000000192e-01
1.350999999999999979e-01
1.004999999999999921e-01
6.829999999999999960e-02
9.160000000000001474e-02
3.486000000000000210e-01
7.110000000000000764e-01
3.169000000000000150e-01
2.275999999999999690e-01
1.928999999999999881e-01
1.693000000000000060e-01
5.129999999999999144e-02
4.239999999999997243e-02
7.680000000000002103e-02
1.646000000000000241e-01
1.038000000000000034e-01
6.539999999999998592e-02
2.295999999999999708e-01
1.267999999999999683e-01
5.130000000000002613e-02
9.999999999999997780e-02
2.738000000000000433e-01
3.180000000000000604e-01
2.328999999999999682e-01
2.879999999999999782e-01
1.565999999999999892e-01
2.303000000000000047e-01
1.859999999999999987e-01
1.280999999999999917e-01
1.591999999999999804e-01
1.325999999999999956e-01
8.429999999999998606e-02
1.110999999999999904e-01
8.880000000000000393e-02
1.276999999999999802e-01
3.569999999999997481e-02
1.669999999999997875e-02
1.795999999999999541e-01
9.819999999999999563e-02
7.750000000000002720e-02
1.234000000000000097e-01
1.273999999999999855e-01
1.050999999999999990e-01
6.179999999999999383e-02
2.147999999999999909e-01
1.072000000000000175e-01
2.720000000000003665e-02
6.569999999999998064e-02
1.405999999999999750e-01
1.562000000000000055e-01
6.329999999999998128e-02
1.064000000000000362e-01
1.763000000000000123e-01
2.920999999999999708e-01
1.666000000000000258e-01
1.746999999999999664e-01
8.240000000000001490e-02
1.148999999999999605e-01
1.053000000000000047e-01
1.150999999999999801e-01
1.158000000000000140e-01
3.540000000000000091e-02
4.500000000000001915e-02
1.085999999999999882e-01
9.800000000000004541e-02
1.146999999999999964e-01
4.659999999999997478e-02
1.293999999999999873e-01
7.020000000000002627e-02
1.021999999999999853e-01
5.869999999999998830e-02
7.830000000000000848e-02
1.865999999999999881e-01
1.246000000000000024e-01
7.550000000000001155e-02
9.450000000000002842e-02
1.129999999999999893e-01
1.091000000000000025e-01
5.240000000000000213e-02
3.340000000000000607e-02
3.619999999999999607e-02
1.299000000000000155e-01
1.166999999999999704e-01
1.234000000000000097e-01
3.059999999999999387e-01
5.383000000000000007e-01
1.165999999999999537e-01
1.481999999999999984e-01
1.576000000000000179e-01
8.360000000000000764e-02
8.490000000000000324e-02
1.090999999999999887e-01
1.925000000000000322e-01
7.660000000000000142e-02
1.278000000000000247e-01
5.174000000000000821e-01
3.327999999999999847e-01
3.093999999999999528e-01
1.880999999999999617e-01
1.645000000000000073e-01
1.591999999999999804e-01
8.190000000000001446e-02
8.450000000000001954e-02
1.507999999999999896e-01
1.239000000000000101e-01
5.290000000000003033e-02
1.784999999999999643e-01
1.112000000000000349e-01
6.600000000000000311e-02
1.112999999999999962e-01
1.828999999999999515e-01
5.210000000000002129e-02
8.050000000000004374e-02
1.986999999999999877e-01
5.320000000000001117e-02
4.729999999999997401e-02
7.379999999999997673e-02
1.704000000000000237e-01
1.415999999999999481e-01
6.180000000000000770e-02
1.565999999999999892e-01
9.429999999999996718e-02
7.310000000000001219e-02
2.959999999999996662e-02
8.359999999999997988e-02
1.185000000000000081e-01
7.599999999999994260e-02
8.360000000000003539e-02
2.000000000000000111e-01
6.690000000000000113e-02
6.910000000000002252e-02
7.659999999999997367e-02
1.192000000000000282e-01
9.119999999999998941e-02
1.971999999999999864e-01
1.096000000000000030e-01
5.650000000000002243e-02
3.589999999999998748e-02
9.429999999999999494e-02
1.875999999999999890e-01
5.070000000000002283e-02
1.770000000000001086e-02
1.290999999999999648e-01
1.568000000000000227e-01
6.769999999999996854e-02
7.900000000000001465e-02
6.300000000000000044e-02
1.198000000000000176e-01
6.820000000000001061e-02
2.055000000000000160e-01
1.374999999999999833e-01
4.949999999999998845e-02
7.630000000000003446e-02
1.122999999999999832e-01
1.524999999999999967e-01
5.629999999999996813e-02
5.479999999999997373e-02
1.221000000000000141e-01
9.719999999999996698e-02
5.460000000000003045e-02
1.030000000000000082e-01
9.819999999999998175e-02
1.158000000000000140e-01
9.460000000000000353e-02
1.833000000000000185e-01
1.496999999999999997e-01
1.299000000000000155e-01
5.299999999999998462e-02
2.246000000000000218e-01
7.639999999999999569e-02
1.291999999999999815e-01
2.089000000000000024e-01
1.131000000000000200e-01
4.170000000000000095e-02
9.809999999999997888e-02
7.050000000000000711e-02
1.612000000000000099e-01
1.151000000000000079e-01
5.920000000000000262e-02
2.320000000000000118e-01
1.600000000000000033e-01
3.900000000000000688e-02
3.809999999999996723e-02
1.643999999999999906e-01
1.746000000000000052e-01
6.000000000000001166e-02
1.526000000000000689e-01
6.309999999999994780e-02
1.187999999999999889e-01
2.246000000000000496e-01
6.311999999999999833e-01
8.129999999999998339e-01
5.100999999999999979e-01
7.144999999999999130e-01
2.292000000000000148e-01
1.746999999999999664e-01
1.715000000000000135e-01
1.135999999999999788e-01
9.289999999999996871e-02
1.172000000000000125e-01
1.244999999999999579e-01
1.409999999999999309e-01
1.756999999999999673e-01
9.920000000000001039e-02
1.338999999999999635e-01
1.155000000000000332e-01
4.490000000000001629e-02
2.134999999999999953e-01
1.965000000000000357e-01
1.040999999999999565e-01
9.879999999999997118e-02
1.012999999999999734e-01
1.369000000000000217e-01
8.800000000000002265e-02
6.350000000000000089e-02
9.400000000000000022e-02
8.569999999999999840e-02
7.830000000000005012e-02
1.897999999999999687e-01
7.789999999999999702e-02
4.840000000000001246e-02
3.900000000000001382e-02
1.006999999999999701e-01
1.222999999999999643e-01
6.510000000000003284e-02
3.600000000000001116e-02
9.850000000000001810e-02
2.401000000000000079e-01
1.431999999999999940e-01
5.246999999999999442e-01
1.125499999999999945e+00
4.183999999999999941e-01
1.756999999999999673e-01
2.093000000000000138e-01
1.269999999999999740e-01
8.680000000000001603e-02
2.620000000000000107e-01
9.459999999999998965e-02
7.639999999999999569e-02
5.029999999999999055e-02
1.785999999999999810e-01
9.479999999999999538e-02
9.290000000000003810e-02
1.456999999999999962e-01
1.491999999999999993e-01
7.350000000000000977e-02
6.260000000000004450e-02
3.529999999999999805e-02
9.470000000000002027e-02
1.030999999999999833e-01
3.709999999999998715e-02
7.839999999999999747e-02
1.939000000000000168e-01
8.540000000000000369e-02
3.199999999999995903e-02
2.640000000000001373e-02
1.768000000000000127e-01
1.603000000000000258e-01
3.879999999999997340e-02
1.733999999999999986e-01
5.660000000000000586e-01
4.363999999999999546e-01
6.854000000000000092e-01
1.070400000000000018e+00
2.192000000000000892e-01
3.600999999999999757e-01
2.672999999999999821e-01
2.848999999999999866e-01
1.837000000000000299e-01
1.239999999999999436e-01
1.153000000000000136e-01
1.440000000000000169e-01
1.918999999999999595e-01
1.976999999999999869e-01
1.712000000000000188e-01
9.869999999999998219e-02
5.670000000000001428e-02
1.408000000000000085e-01
1.589999999999999747e-01
1.337000000000000133e-01
1.168000000000000149e-01
3.860000000000000930e-02
1.517999999999999905e-01
1.223000000000000198e-01
2.065000000000000169e-01
9.199999999999997069e-02
1.358999999999999653e-01
1.253000000000000225e-01
7.239999999999999214e-02
6.500000000000002998e-02
1.163000000000000145e-01
9.759999999999997844e-02
7.039999999999999036e-02
7.209999999999996967e-02
5.929999999999996385e-02
1.025000000000000078e-01
2.151000000000000134e-01
9.270000000000000462e-02
2.539999999999997815e-02
5.159999999999999309e-02
9.779999999999998417e-02
1.537999999999999923e-01
7.449999999999998290e-02
8.989999999999997993e-02
1.499999999999999667e-01
7.920000000000000651e-02
7.580000000000004790e-02
6.780000000000002691e-02
1.088999999999999829e-01
6.670000000000003704e-02
6.970000000000001195e-02
1.435000000000000164e-01
8.240000000000002878e-02
7.749999999999998557e-02
7.730000000000000759e-02
1.011999999999999844e-01
9.629999999999999671e-02
7.387000000000000233e-01
7.556000000000000494e-01
8.169999999999991158e-02
1.516000000000000680e-01
2.917000000000000703e-01
3.089999999999999414e-01
2.409999999999999365e-01
2.511999999999999789e-01
1.905999999999999639e-01
1.111999999999999517e-01
6.510000000000004672e-02
1.088000000000000078e-01
9.700000000000001676e-02
2.326999999999999902e-01
1.192999999999999200e-01
1.389000000000000790e-01
1.274000000000000132e-01
2.050000000000000711e-01
6.349999999999995925e-02
1.002000000000000390e-01
2.156999999999999473e-01
1.260000000000000009e-01
1.577999999999999403e-01
1.573000000000000509e-01
9.799999999999998990e-02
8.690000000000000502e-02
8.780000000000001692e-02
5.810000000000004050e-02
1.568999999999999839e-01
6.740000000000004321e-02
1.507999999999999896e-01
1.145000000000000184e-01
1.775000000000000466e-01
3.221999999999999864e-01
2.685999999999999499e-01
2.006999999999999618e-01
6.869999999999999718e-02
