6.740000000000000158e-02
1.260000000000000009e-01
7.500000000000001110e-02
4.919999999999999374e-02
5.479999999999999455e-02
1.190999999999999975e-01
5.209999999999999354e-02
6.310000000000000331e-02
6.690000000000000113e-02
1.939000000000000168e-01
3.309999999999999054e-02
1.075999999999999873e-01
2.009999999999999634e-02
7.499999999999999722e-02
1.127000000000000085e-01
4.189999999999999281e-02
1.150000000000000050e-01
5.009999999999999870e-02
4.339999999999999414e-02
6.460000000000000464e-02
2.269999999999999796e-02
5.929999999999999855e-02
6.500000000000000222e-02
1.569000000000000117e-01
5.069999999999999507e-02
1.055000000000000104e-01
4.389999999999999458e-02
7.489999999999999436e-02
9.920000000000001039e-02
1.692000000000000171e-01
3.392999999999999905e-01
2.955999999999999739e-01
4.896000000000000352e-01
4.567999999999999838e-01
4.879000000000000559e-01
3.872999999999999776e-01
4.594999999999999085e-01
3.399999999999999689e-01
2.491999999999999493e-01
6.449999999999997402e-02
1.116000000000000048e-01
2.432000000000000273e-01
2.866000000000000214e-01
2.004999999999999838e-01
7.289999999999997871e-02
5.369999999999999774e-02
1.531000000000000139e-01
1.354000000000000203e-01
1.380000000000000115e-01
1.359000000000000208e-01
6.769999999999998241e-02
6.179999999999995913e-02
9.919999999999996876e-02
7.259999999999999787e-02
9.870000000000000995e-02
1.396999999999999909e-01
5.390000000000000346e-02
6.999999999999997891e-02
9.090000000000003633e-02
1.156000000000000083e-01
5.469999999999998475e-02
2.889999999999996391e-02
5.249999999999999112e-02
3.959999999999999631e-02
2.449999999999999054e-02
5.110000000000001347e-02
4.700000000000004868e-02
6.219999999999997059e-02
6.269999999999999185e-02
1.650000000000000355e-01
7.209999999999996967e-02
7.229999999999994764e-02
3.720000000000001777e-02
7.909999999999997589e-02
9.380000000000003613e-02
4.050000000000000128e-02
1.038000000000000173e-01
6.050000000000001904e-02
9.330000000000000793e-02
8.859999999999999820e-02
5.149999999999999023e-02
6.550000000000001654e-02
9.679999999999995552e-02
4.169999999999998708e-02
9.409999999999998921e-02
6.359999999999998987e-02
4.200000000000003036e-02
6.980000000000001481e-02
3.160000000000004472e-02
6.240000000000002489e-02
2.543999999999999595e-01
2.494999999999999996e-01
2.559000000000000163e-01
1.821999999999999731e-01
1.172999999999999876e-01
1.229999999999999982e-01
4.659999999999999559e-02
2.222999999999999976e-01
4.849999999999998757e-02
1.225999999999999868e-01
4.830000000000000959e-02
6.410000000000001807e-02
7.789999999999996927e-02
1.886999999999999789e-01
1.123000000000000248e-01
5.420000000000001206e-02
5.659999999999999060e-02
1.259000000000000119e-01
6.429999999999998217e-02
6.070000000000000395e-02
3.230000000000001620e-02
2.278000000000000025e-01
3.680000000000001326e-02
7.109999999999999654e-02
1.459999999999998625e-02
6.700000000000000400e-02
1.136999999999999955e-01
1.048000000000000181e-01
1.117999999999999827e-01
4.880000000000001004e-02
6.369999999999997886e-02
4.599999999999998535e-02
7.560000000000001441e-02
5.149999999999999023e-02
5.009999999999999176e-02
7.329999999999997629e-02
2.989999999999999603e-02
9.650000000000000244e-02
1.550000000000000336e-02
4.770000000000001322e-02
5.900000000000001077e-02
1.142999999999999988e-01
8.119999999999999440e-02
3.789999999999998925e-02
3.500000000000001027e-02
1.322000000000000119e-01
5.159999999999999309e-02
1.260000000000000009e-01
3.480000000000000454e-02
7.159999999999999698e-02
7.420000000000001594e-02
1.066999999999999893e-01
4.469999999999998280e-02
8.180000000000001159e-02
9.150000000000002576e-02
1.950000000000000067e-01
6.229999999999998733e-02
9.909999999999999365e-02
3.009999999999998788e-02
1.202000000000000013e-01
6.719999999999998197e-02
4.660000000000000253e-02
8.490000000000003100e-02
2.661999999999999922e-01
4.020000000000001350e-02
8.289999999999998759e-02
9.210000000000001519e-02
8.600000000000002087e-02
1.257000000000000062e-01
1.253000000000000225e-01
1.878999999999999559e-01
8.919999999999998763e-02
6.540000000000001368e-02
7.210000000000001130e-02
9.779999999999999805e-02
2.720000000000000889e-02
1.064999999999999836e-01
9.960000000000000797e-02
4.309999999999999942e-02
9.359999999999998876e-02
7.470000000000000251e-02
6.130000000000000726e-02
1.226000000000000145e-01
8.539999999999998981e-02
1.566000000000000170e-01
3.999999999999999389e-02
1.275000000000000022e-01
1.009000000000000036e-01
1.473000000000000143e-01
8.469999999999999751e-02
4.490000000000001629e-02
4.930000000000001742e-02
1.886999999999999789e-01
5.099999999999999672e-02
9.970000000000001084e-02
3.609999999999999321e-02
6.909999999999998088e-02
1.529000000000000081e-01
1.534999999999999976e-01
4.049000000000000377e-01
1.184999999999999942e-01
1.338999999999999913e-01
1.363999999999999935e-01
1.451000000000000068e-01
1.456000000000000072e-01
6.360000000000001763e-02
1.683000000000000052e-01
1.387000000000000177e-01
8.049999999999998823e-02
4.090000000000001967e-02
1.155000000000000193e-01
3.709999999999999409e-02
9.719999999999998086e-02
2.039999999999999453e-02
6.159999999999999504e-02
5.269999999999999685e-02
6.179999999999997995e-02
6.870000000000001106e-02
4.529999999999999305e-02
1.145999999999999935e-01
1.238000000000000073e-01
9.490000000000001212e-02
6.330000000000000904e-02
5.840000000000002134e-02
6.420000000000002094e-02
1.224999999999999839e-01
3.100000000000001366e-02
4.539999999999998204e-02
5.959999999999999326e-02
4.419999999999999624e-02
2.809999999999997916e-02
4.099999999999999478e-02
1.970000000000000570e-02
9.570000000000000728e-02
7.240000000000001990e-02
1.082999999999999796e-01
4.730000000000001564e-02
2.799999999999997977e-02
8.560000000000003717e-02
1.080999999999999739e-01
4.759999999999999648e-02
5.879999999999997728e-02
3.890000000000001096e-02
2.999999999999999889e-01
1.275999999999999912e-01
1.711000000000000298e-01
2.045000000000000151e-01
1.160000000000000198e-01
8.739999999999997771e-02
1.415999999999999759e-01
1.499000000000000055e-01
5.819999999999998785e-02
3.799999999999999906e-02
2.150000000000001216e-02
1.265000000000000013e-01
6.319999999999999230e-02
8.680000000000000215e-02
4.920000000000001456e-02
5.390000000000001734e-02
5.349999999999998507e-02
9.499999999999997335e-02
4.509999999999998038e-02
1.477999999999999869e-01
4.919999999999999374e-02
3.810000000000000886e-02
3.429999999999999716e-02
1.179999999999999938e-01
2.730000000000000482e-02
4.199999999999998873e-02
4.410000000000000725e-02
1.426000000000000045e-01
2.990000000000001684e-02
1.078000000000000208e-01
5.920000000000001650e-02
9.710000000000001963e-02
1.048999999999999932e-01
9.370000000000000551e-02
1.663999999999999924e-01
1.740000000000001268e-02
5.210000000000001436e-02
9.210000000000000131e-02
9.339999999999998304e-02
4.820000000000002061e-02
1.046999999999999875e-01
6.729999999999997096e-02
4.700000000000001399e-02
4.629999999999999394e-02
1.050999999999999851e-01
3.520000000000000906e-02
3.890000000000001790e-02
1.063000000000000056e-01
8.920000000000000151e-02
5.710000000000001186e-02
7.000000000000000666e-02
5.890000000000000097e-02
1.106000000000000039e-01
5.300000000000001238e-02
1.779000000000000026e-01
4.230000000000000426e-02
4.879999999999998228e-02
5.970000000000000306e-02
1.252999999999999670e-01
7.330000000000000404e-02
8.990000000000000768e-02
1.626999999999999835e-01
9.159999999999998699e-02
5.470000000000000556e-02
1.362000000000000155e-01
1.422999999999999821e-01
5.750000000000000944e-02
1.217999999999999777e-01
6.769999999999999629e-02
1.026999999999999719e-01
7.600000000000001199e-02
7.440000000000000779e-02
4.939999999999999947e-02
8.019999999999999352e-02
9.499999999999997335e-02
1.323000000000000009e-01
7.370000000000001550e-02
5.090000000000000080e-02
1.332999999999999741e-01
3.200000000000000067e-02
7.609999999999997322e-02
9.329999999999999405e-02
1.058999999999999941e-01
7.790000000000001090e-02
5.139999999999999430e-02
6.849999999999997757e-02
7.989999999999999880e-02
9.079999999999999183e-02
3.280000000000002358e-02
5.910000000000001363e-02
3.869999999999999829e-02
1.092000000000000054e-01
4.980000000000002480e-02
7.969999999999996532e-02
4.210000000000001935e-02
1.868999999999999551e-01
5.710000000000002573e-02
5.950000000000001121e-02
8.719999999999999973e-02
1.552000000000000046e-01
3.500000000000001027e-02
1.214999999999999969e-01
4.850000000000000144e-02
7.989999999999999880e-02
3.560000000000001358e-02
7.749999999999998557e-02
8.729999999999998872e-02
1.315999999999999948e-01
1.123000000000000109e-01
1.578999999999999848e-01
6.409999999999999032e-02
5.209999999999998660e-02
9.349999999999998590e-02
1.225000000000000117e-01
7.230000000000000315e-02
1.527999999999999914e-01
3.380000000000001753e-02
6.569999999999998064e-02
1.519000000000000072e-01
7.330000000000001792e-02
5.470000000000001250e-02
6.699999999999999012e-02
9.560000000000001830e-02
8.580000000000001514e-02
1.589000000000000135e-01
3.569999999999999563e-02
1.116999999999999937e-01
3.640000000000000180e-02
8.200000000000001732e-02
8.590000000000001801e-02
1.746999999999999664e-01
8.359999999999999376e-02
7.710000000000000187e-02
4.299999999999999656e-02
5.970000000000001694e-02
7.000000000000000666e-02
1.407000000000000195e-01
8.210000000000000631e-02
1.327000000000000124e-01
9.939999999999997449e-02
3.026000000000000356e-01
3.266000000000000014e-01
3.489999999999999769e-01
1.175999999999999268e-01
7.459999999999997189e-02
1.887000000000000344e-01
1.227999999999999786e-01
5.480000000000002924e-02
6.440000000000001279e-02
1.685000000000000109e-01
4.080000000000003069e-02
6.900000000000006128e-02
1.999000000000000221e-01
9.459999999999998965e-02
6.119999999999998358e-02
3.589999999999997360e-02
9.739999999999998659e-02
1.269000000000000128e-01
9.020000000000005791e-02
1.885999999999999899e-01
6.810000000000002163e-02
6.860000000000002207e-02
6.499999999999996059e-02
1.323999999999999899e-01
2.239999999999999283e-02
6.320000000000000617e-02
8.920000000000004314e-02
9.609999999999999098e-02
3.219999999999997864e-02
9.379999999999996674e-02
2.150000000000002603e-02
8.060000000000003273e-02
8.179999999999998384e-02
5.140000000000000818e-02
5.519999999999999213e-02
1.802999999999999881e-01
5.690000000000001307e-02
1.436999999999999944e-01
1.478000000000000147e-01
1.083999999999999825e-01
1.385000000000000120e-01
6.199999999999995792e-02
1.714999999999999580e-01
3.829999999999998683e-02
7.980000000000002369e-02
7.090000000000001856e-02
1.200999999999999845e-01
5.639999999999999181e-02
1.084999999999999992e-01
3.909999999999996118e-02
5.820000000000004337e-02
6.110000000000002235e-02
2.044999999999999596e-01
9.320000000000000506e-02
1.176999999999999991e-01
1.044999999999999957e-01
1.997000000000000441e-01
7.979999999999999594e-02
5.199999999999999067e-02
9.820000000000002338e-02
1.304000000000000159e-01
6.659999999999997866e-02
5.769999999999997353e-02
4.869999999999999329e-02
1.870000000000000273e-01
4.549999999999997102e-02
6.839999999999998859e-02
4.110000000000003928e-02
7.130000000000001614e-02
8.240000000000005653e-02
6.799999999999999101e-02
6.969999999999998419e-02
4.500000000000004691e-02
6.489999999999998548e-02
5.330000000000004179e-02
1.770999999999999797e-01
1.948999999999999899e-01
1.496999999999999997e-01
4.807000000000000162e-01
1.267000000000000348e-01
1.646999999999999853e-01
7.479999999999999150e-02
1.526000000000000134e-01
1.477999999999999592e-01
9.939999999999996061e-02
1.325999999999999956e-01
7.080000000000000182e-02
9.959999999999999409e-02
4.589999999999998248e-02
9.540000000000001257e-02
5.429999999999996635e-02
9.339999999999998304e-02
6.400000000000002909e-02
1.059999999999999692e-01
1.036000000000000254e-01
9.899999999999994915e-02
1.494000000000000328e-01
2.715000000000000191e-01
1.123000000000000109e-01
1.188000000000000028e-01
4.930000000000002436e-02
3.369999999999995915e-02
7.319999999999997342e-02
1.396000000000000019e-01
5.240000000000002989e-02
1.570000000000000284e-01
3.449999999999998901e-02
8.360000000000003539e-02
8.499999999999999223e-02
9.490000000000002600e-02
5.090000000000001468e-02
4.679999999999998050e-02
6.429999999999996829e-02
1.602999999999999980e-01
4.500000000000003303e-02
7.840000000000002522e-02
5.160000000000001391e-02
8.929999999999999050e-02
7.200000000000000844e-02
1.260000000000000009e-01
5.840000000000000746e-02
3.450000000000000289e-02
9.309999999999998832e-02
8.000000000000004330e-02
7.579999999999999238e-02
1.371999999999999886e-01
3.280000000000003052e-02
4.569999999999996287e-02
5.850000000000000339e-02
1.075000000000000122e-01
4.649999999999999273e-02
1.291000000000000481e-01
1.260000000000000009e-02
3.669999999999997570e-02
3.390000000000001346e-02
9.749999999999997558e-02
3.240000000000001212e-02
1.248999999999999555e-01
3.470000000000001555e-02
4.479999999999999261e-02
4.110000000000005316e-02
1.120000000000000162e-01
2.960000000000002213e-02
5.830000000000000460e-02
1.187000000000000000e-01
1.162000000000000255e-01
6.379999999999996785e-02
5.909999999999993731e-02
1.157999999999999724e-01
1.236999999999999766e-01
2.606999999999999873e-01
5.983000000000000540e-01
1.652999999999999470e-01
2.317000000000000171e-01
3.379999999999999671e-01
2.206999999999999795e-01
1.728000000000000091e-01
1.227000000000000035e-01
7.920000000000002038e-02
5.950000000000000427e-02
1.333000000000000296e-01
4.672000000000000597e-01
1.402900000000000036e+00
3.008999999999999453e-01
1.542000000000000037e-01
1.461000000000000631e-01
2.611999999999999877e-01
8.965000000000000746e-01
5.959000000000000963e-01
1.868000000000000216e-01
1.802999999999999603e-01
2.637000000000000455e-01
1.538999999999999813e-01
4.453000000000000291e-01
6.370000000000000662e-02
2.412000000000000255e-01
2.314999999999999836e-01
1.926999999999999824e-01
4.078000000000000513e-01
2.341999999999999638e-01
1.818000000000000171e-01
4.319999999999995371e-02
1.214999999999999553e-01
4.250000000000003775e-02
4.149999999999998829e-02
2.829999999999998836e-02
6.789999999999998814e-02
1.243000000000000077e-01
1.075000000000000122e-01
6.250000000000002776e-02
4.429999999999998522e-02
1.227999999999999647e-01
1.512999999999999901e-01
8.480000000000001426e-02
1.894000000000000128e-01
1.262999999999999678e-01
1.030999999999999972e-01
1.144000000000000017e-01
1.189000000000000196e-01
6.010000000000003534e-02
1.152999999999999858e-01
1.126000000000000612e-01
1.267999999999999683e-01
3.390000000000003427e-02
1.196000000000000257e-01
1.067999999999999505e-01
1.035999999999999838e-01
6.570000000000003615e-02
7.190000000000000557e-02
1.638999999999999901e-01
7.790000000000002478e-02
5.439999999999999003e-02
7.230000000000003091e-02
6.080000000000000682e-02
4.170000000000001483e-02
6.249999999999999306e-02
1.369999999999999829e-01
7.309999999999997056e-02
9.989999999999997493e-02
1.031999999999999723e-01
1.297999999999999987e-01
6.269999999999996410e-02
2.598000000000000309e-01
1.523999999999999799e-01
9.570000000000002116e-02
1.648000000000000020e-01
1.477000000000000535e-01
8.769999999999998630e-02
1.039999999999999813e-01
5.899999999999998301e-02
7.790000000000001090e-02
8.470000000000003915e-02
1.067999999999999644e-01
7.259999999999999787e-02
6.880000000000002780e-02
8.169999999999995322e-02
5.880000000000003280e-02
1.323000000000000287e-01
2.609999999999997045e-02
4.370000000000001661e-02
9.170000000000001761e-02
5.480000000000000149e-02
1.156999999999999973e-01
3.210000000000000353e-02
8.240000000000001490e-02
3.239999999999999825e-02
1.658000000000000307e-01
2.322000000000000453e-01
3.686000000000000387e-01
9.450000000000001454e-02
2.132000000000000006e-01
8.449999999999997791e-02
9.069999999999997509e-02
6.599999999999997535e-02
5.600000000000000810e-02
1.147999999999999854e-01
8.150000000000004463e-02
3.929999999999998772e-02
1.040999999999999842e-01
1.526000000000000134e-01
6.529999999999994142e-02
1.077000000000000179e-01
9.739999999999998659e-02
4.350000000000002476e-02
6.539999999999995817e-02
1.803000000000000158e-01
3.019999999999998033e-02
9.269999999999997686e-02
4.469999999999998974e-02
1.475999999999999812e-01
5.390000000000000346e-02
1.785999999999999810e-01
2.710000000000000950e-02
5.410000000000002307e-02
1.495000000000000218e-01
9.030000000000001914e-02
2.390999999999999792e-01
2.644000000000000239e-01
2.123999999999999777e-01
3.250000000000000666e-01
1.743999999999999995e-01
1.656999999999999862e-01
9.669999999999996654e-02
7.049999999999995159e-02
2.620000000000003576e-02
5.209999999999997966e-02
6.339999999999998415e-02
5.199999999999994904e-02
4.850000000000002920e-02
5.489999999999997660e-02
1.671000000000000263e-01
3.270000000000002072e-02
1.037000000000000283e-01
4.500000000000000527e-02
8.529999999999998694e-02
6.170000000000006035e-02
1.261000000000000176e-01
3.270000000000002072e-02
7.649999999999998468e-02
6.130000000000001420e-02
1.280999999999999917e-01
7.610000000000000098e-02
1.493999999999999773e-01
7.109999999999996878e-02
8.779999999999997529e-02
1.138000000000000123e-01
1.568000000000000227e-01
7.549999999999998379e-02
1.414000000000000257e-01
5.410000000000000919e-02
7.349999999999994038e-02
7.829999999999993909e-02
1.368000000000000049e-01
4.950000000000003703e-02
5.710000000000003267e-02
1.268999999999999573e-01
1.135999999999999927e-01
8.100000000000004419e-02
9.709999999999997800e-02
7.250000000000000888e-02
7.779999999999998028e-02
1.064000000000000223e-01
1.180000000000000215e-01
4.610000000000001597e-02
1.501000000000000389e-01
1.869000000000000106e-01
2.688999999999999724e-01
3.871999999999999886e-01
1.960999999999999688e-01
5.610999999999999321e-01
4.486999999999999877e-01
2.528000000000000247e-01
1.426999999999999935e-01
1.033000000000000168e-01
1.489000000000000601e-01
5.389999999999994101e-02
1.540000000000000258e-01
7.879999999999996729e-02
7.060000000000002385e-02
1.446999999999999675e-01
3.753999999999999559e-01
2.328999999999999959e-01
2.530999999999999917e-01
2.077999999999999847e-01
2.328999999999999959e-01
2.023000000000000353e-01
1.572000000000000342e-01
2.319000000000000505e-01
1.398999999999999966e-01
4.520000000000001100e-02
8.540000000000000369e-02
9.170000000000003149e-02
9.589999999999997138e-02
7.589999999999999525e-02
1.835999999999999854e-01
6.890000000000003066e-02
1.252000000000000335e-01
4.050000000000000128e-02
1.481999999999999984e-01
5.900000000000003852e-02
1.044999999999999679e-01
1.622999999999999998e-01
8.350000000000003253e-02
9.750000000000003109e-02
1.061999999999999889e-01
1.138999999999999735e-01
6.600000000000003086e-02
9.969999999999998308e-02
2.400000000000000744e-02
5.870000000000000218e-02
1.262999999999999956e-01
6.869999999999998330e-02
2.950000000000007477e-02
9.179999999999996496e-02
1.487000000000000544e-01
3.419999999999997348e-02
6.119999999999997664e-02
9.159999999999998699e-02
9.910000000000003528e-02
7.999999999999998779e-02
1.065999999999999726e-01
3.309999999999996972e-02
6.700000000000005951e-02
1.049000000000000210e-01
1.106000000000000039e-01
2.131999999999999729e-01
2.566000000000000503e-01
1.009000000000000175e-01
7.089999999999999081e-02
1.288999999999999591e-01
1.712999999999999801e-01
7.900000000000001465e-02
1.795000000000000207e-01
8.499999999999993672e-02
6.109999999999999459e-02
9.749999999999996170e-02
1.265000000000000013e-01
8.290000000000002922e-02
1.577000000000000068e-01
7.030000000000001525e-02
5.100000000000000366e-02
1.398999999999999966e-01
9.680000000000003879e-02
4.219999999999997364e-02
3.710000000000003573e-02
1.857000000000000595e-01
6.980000000000002869e-02
1.523000000000000742e-01
5.879999999999993565e-02
3.940000000000001834e-02
6.290000000000002534e-02
1.501000000000000112e-01
3.499999999999996170e-02
1.265999999999999903e-01
9.420000000000000595e-02
6.440000000000004055e-02
7.210000000000005294e-02
3.016999999999999682e-01
6.099999999999997091e-02
1.187000000000000277e-01
1.028000000000000164e-01
1.340999999999999970e-01
5.900000000000001771e-02
2.564999999999999503e-01
9.829999999999998461e-02
6.239999999999996938e-02
7.630000000000000671e-02
4.109000000000000430e-01
4.203999999999999959e-01
4.891999999999999682e-01
5.296000000000000707e-01
6.491999999999999993e-01
2.299999999999999822e-01
3.825999999999999956e-01
3.559999999999999831e-01
3.185000000000001164e-01
3.143000000000000238e-01
9.389999999999992797e-02
1.636999999999999567e-01
2.334999999999999853e-01
2.505000000000000004e-01
3.000999999999999779e-01
2.630000000000000115e-01
3.546000000000000263e-01
2.428999999999999493e-01
2.688999999999999724e-01
1.234000000000000374e-01
9.370000000000000551e-02
9.229999999999993765e-02
6.689999999999998725e-02
4.650000000000003436e-02
7.790000000000002478e-02
9.500000000000000111e-02
1.059000000000000219e-01
8.720000000000004137e-02
4.000000000000002165e-02
1.025999999999999968e-01
1.883000000000000507e-01
6.709999999999999298e-02
9.289999999999998259e-02
1.023999999999999633e-01
8.300000000000000433e-02
3.880000000000000115e-02
2.169999999999999707e-02
2.170000000000001095e-02
1.040999999999999842e-01
3.759999999999999454e-02
1.732999999999999818e-01
6.190000000000003832e-02
6.200000000000004119e-02
2.506999999999999229e-01
2.656999999999999917e-01
4.711999999999999522e-01
3.832999999999999741e-01
2.423999999999999766e-01
5.555999999999999828e-01
1.925000000000000044e-01
2.467000000000000026e-01
9.309999999999998832e-02
1.168000000000000288e-01
7.649999999999997080e-02
5.740000000000001351e-02
5.150000000000000411e-02
9.609999999999996323e-02
7.980000000000002369e-02
9.229999999999999316e-02
9.919999999999995488e-02
7.480000000000003313e-02
9.320000000000000506e-02
1.034999999999999809e-01
1.025999999999999968e-01
6.509999999999993570e-02
2.081999999999999684e-01
5.950000000000002509e-02
1.255999999999999894e-01
1.213000000000000467e-01
7.469999999999998863e-02
1.570000000000000562e-01
7.769999999999994966e-02
1.170000000000000068e-01
1.196000000000000119e-01
7.529999999999996418e-02
5.469999999999999862e-02
7.099999999999999367e-02
1.849999999999999423e-01
4.090000000000001273e-02
6.299999999999997269e-02
8.099999999999997480e-02
7.030000000000000138e-02
9.820000000000003726e-02
1.689999999999999142e-02
2.790000000000000813e-02
1.067999999999999783e-01
4.060000000000001802e-02
7.359999999999999876e-02
7.169999999999995821e-02
4.469999999999997586e-02
1.223000000000000059e-01
4.670000000000002621e-02
1.196999999999999870e-01
9.369999999999997775e-02
6.419999999999999318e-02
9.830000000000004012e-02
1.336999999999999855e-01
2.540000000000002672e-02
9.559999999999996279e-02
7.280000000000000360e-02
4.669999999999997764e-02
4.949999999999996070e-02
7.159999999999999698e-02
5.930000000000004712e-02
5.959999999999995857e-02
2.115999999999999548e-01
7.130000000000000226e-02
6.599999999999997535e-02
4.379999999999997090e-02
9.989999999999998881e-02
4.259999999999999898e-02
1.539999999999999702e-01
8.889999999999995128e-02
4.290000000000000063e-02
6.809999999999996612e-02
1.070999999999999869e-01
3.420000000000002899e-02
1.965999999999999970e-01
8.420000000000002482e-02
6.759999999999995179e-02
5.989999999999996022e-02
1.403999999999999970e-01
8.630000000000000171e-02
1.016000000000000097e-01
1.052000000000000712e-01
2.100000000000000200e-01
4.180000000000001770e-02
8.190000000000004221e-02
6.529999999999996918e-02
6.980000000000002869e-02
7.349999999999999589e-02
1.051000000000000267e-01
7.910000000000001752e-02
4.079999999999996824e-02
6.460000000000001852e-02
1.114999999999999603e-01
1.149999999999999911e-01
1.356999999999999873e-01
5.559999999999999665e-02
3.889999999999999708e-02
7.529999999999995031e-02
1.062000000000000166e-01
3.429999999999996940e-02
8.419999999999996931e-02
1.184999999999999942e-01
5.550000000000003542e-02
