7.259999999999999787e-02
6.750000000000000444e-02
7.979999999999999594e-02
4.009999999999999676e-02
4.469999999999998974e-02
6.479999999999999649e-02
6.069999999999999701e-02
8.320000000000001006e-02
4.059999999999999720e-02
6.200000000000001343e-02
7.220000000000000029e-02
5.189999999999998781e-02
4.029999999999998861e-02
8.700000000000002176e-02
8.249999999999999001e-02
3.409999999999999143e-02
7.970000000000000695e-02
3.769999999999999740e-02
7.139999999999999125e-02
6.450000000000000178e-02
1.036999999999999866e-01
9.559999999999999054e-02
1.384000000000000230e-01
1.035000000000000087e-01
8.890000000000000679e-02
9.179999999999999272e-02
6.289999999999999758e-02
8.050000000000000211e-02
1.086000000000000021e-01
1.979999999999998428e-02
1.822000000000000008e-01
1.310000000000000053e-01
1.474999999999999922e-01
1.217000000000000026e-01
6.250000000000000000e-02
7.430000000000000493e-02
5.559999999999999665e-02
4.389999999999999458e-02
1.111000000000000043e-01
5.219999999999999640e-02
6.459999999999999076e-02
7.879999999999999505e-02
4.750000000000000056e-02
6.910000000000000864e-02
4.989999999999999991e-02
6.550000000000000266e-02
3.570000000000000256e-02
6.709999999999997911e-02
9.239999999999998215e-02
8.550000000000000655e-02
1.034000000000000058e-01
9.879999999999999893e-02
5.309999999999999443e-02
4.040000000000000535e-02
7.170000000000001372e-02
9.719999999999998086e-02
5.520000000000001988e-02
1.216000000000000136e-01
6.220000000000001222e-02
1.233999999999999819e-01
4.139999999999999930e-02
8.909999999999998477e-02
3.559999999999999276e-02
1.256000000000000172e-01
8.000000000000000167e-02
9.499999999999998723e-02
1.597999999999999976e-01
5.990000000000000879e-02
1.762000000000000233e-01
7.830000000000000848e-02
9.139999999999998126e-02
8.930000000000000437e-02
6.320999999999999952e-01
8.949999999999999623e-02
2.966000000000000303e-01
3.166999999999999815e-01
1.964000000000000190e-01
2.272999999999999465e-01
8.029999999999999638e-02
1.896999999999999797e-01
1.818000000000000171e-01
8.879999999999999005e-02
2.610999999999999988e-01
6.340000000000003966e-02
1.813999999999999502e-01
1.563999999999999835e-01
1.388999999999999679e-01
1.336000000000000243e-01
1.991999999999999882e-01
1.440000000000000169e-01
1.440999999999999781e-01
4.529999999999999305e-02
7.600000000000001199e-02
1.170000000000000207e-01
3.909999999999998199e-02
3.349999999999998118e-02
8.309999999999999332e-02
7.860000000000003095e-02
1.542999999999999927e-01
7.130000000000004390e-02
1.719999999999999862e-01
1.140999999999999653e-01
9.360000000000000264e-02
5.480000000000000843e-02
1.214000000000000495e-01
1.245999999999999747e-01
1.983999999999999930e-01
4.574000000000000843e-01
1.841000000000000414e-01
3.423999999999999821e-01
2.253000000000000003e-01
1.602999999999999980e-01
6.220000000000000528e-02
1.510999999999999566e-01
2.227000000000000368e-01
1.846999999999999753e-01
1.097000000000000475e-01
1.563000000000000222e-01
8.250000000000001776e-02
1.565999999999999892e-01
5.810000000000001275e-02
9.620000000000000773e-02
7.709999999999997411e-02
8.350000000000001865e-02
5.519999999999995743e-02
4.759999999999997566e-02
5.550000000000002154e-02
3.420000000000000123e-02
9.059999999999995834e-02
1.085999999999999882e-01
6.350000000000001477e-02
7.539999999999996705e-02
4.949999999999998845e-02
5.069999999999997425e-02
5.530000000000004357e-02
4.189999999999997199e-02
1.082000000000000323e-01
8.839999999999997859e-02
1.035000000000000087e-01
6.130000000000003502e-02
6.329999999999999516e-02
6.519999999999998019e-02
7.960000000000000409e-02
7.950000000000001510e-02
7.510000000000001397e-02
8.950000000000003786e-02
1.080000000000000127e-01
1.039000000000000062e-01
1.003000000000000003e-01
9.879999999999998506e-02
5.070000000000001589e-02
8.669999999999997153e-02
7.079999999999998794e-02
3.660000000000000059e-02
9.559999999999997666e-02
9.770000000000005069e-02
5.849999999999994094e-02
3.359999999999997017e-02
1.151999999999999691e-01
3.480000000000002536e-02
9.630000000000002447e-02
5.989999999999998798e-02
3.049999999999997158e-02
1.261000000000000176e-01
6.169999999999999790e-02
3.850000000000004807e-02
6.799999999999997713e-02
5.759999999999999842e-02
6.809999999999997999e-02
4.480000000000002036e-02
3.130000000000000837e-02
6.349999999999998701e-02
5.409999999999997450e-02
4.459999999999999382e-02
6.439999999999999891e-02
7.689999999999998226e-02
3.689999999999998836e-02
5.929999999999999161e-02
5.240000000000002989e-02
2.760000000000000300e-02
8.900000000000003741e-02
5.349999999999995731e-02
3.599999999999995565e-02
6.879999999999997229e-02
5.710000000000003961e-02
5.089999999999998692e-02
5.780000000000001109e-02
4.679999999999998744e-02
6.520000000000002183e-02
4.930000000000002436e-02
9.009999999999998566e-02
4.459999999999999382e-02
3.820000000000005336e-02
5.989999999999995328e-02
2.650000000000000272e-02
4.150000000000002298e-02
6.809999999999997999e-02
4.250000000000003775e-02
7.360000000000008202e-02
7.299999999999998157e-02
4.879999999999996840e-02
4.069999999999997231e-02
1.389000000000000234e-01
7.590000000000000913e-02
7.800000000000001377e-02
7.109999999999999654e-02
2.003999999999999670e-01
8.630000000000008498e-02
1.543000000000000205e-01
1.504000000000000059e-01
7.510000000000002784e-02
1.092999999999999250e-01
1.065999999999999726e-01
8.289999999999998759e-02
1.026000000000000800e-01
8.900000000000007905e-02
7.000000000000006217e-02
9.519999999999997908e-02
5.789999999999995844e-02
6.380000000000003724e-02
1.327999999999999736e-01
6.429999999999999605e-02
8.429999999999995830e-02
1.052000000000000435e-01
2.560000000000000470e-02
1.043999999999999651e-01
3.380000000000002447e-02
5.079999999999994242e-02
4.599999999999998535e-02
5.070000000000002977e-02
6.510000000000000508e-02
6.350000000000000089e-02
5.779999999999999027e-02
9.830000000000002625e-02
5.819999999999998092e-02
9.729999999999996985e-02
5.490000000000004599e-02
5.309999999999995279e-02
9.969999999999996920e-02
8.100000000000000255e-02
6.129999999999997951e-02
8.689999999999997726e-02
5.429999999999998717e-02
4.320000000000002310e-02
3.279999999999996807e-02
4.770000000000000628e-02
2.350000000000002087e-02
2.989999999999998215e-02
5.149999999999995554e-02
5.800000000000000988e-02
6.940000000000004499e-02
2.409999999999998949e-02
3.760000000000000842e-02
3.579999999999998461e-02
2.540000000000003366e-02
4.919999999999997986e-02
3.449999999999996819e-02
5.370000000000003937e-02
5.269999999999994134e-02
3.350000000000000200e-02
3.509999999999998538e-02
8.800000000000000877e-02
8.340000000000004354e-02
8.630000000000000171e-02
3.950000000000002121e-02
5.989999999999992553e-02
7.149999999999988309e-02
5.610000000000001097e-02
9.190000000000007885e-02
3.459999999999996412e-02
1.318000000000000282e-01
8.530000000000001470e-02
9.309999999999997444e-02
1.157000000000000250e-01
7.009999999999996789e-02
1.038999999999999924e-01
8.409999999999993869e-02
2.154000000000000359e-01
1.595000000000000029e-01
1.693999999999999950e-01
1.754000000000000559e-01
3.749999999999998473e-02
1.042000000000000426e-01
1.078000000000000347e-01
9.210000000000001519e-02
5.840000000000000746e-02
9.050000000000001099e-02
8.190000000000001446e-02
9.120000000000003104e-02
1.191000000000000114e-01
4.130000000000003807e-02
4.080000000000000293e-02
5.100000000000004530e-02
2.439999999999992869e-02
4.329999999999994270e-02
4.190000000000004138e-02
1.131999999999999951e-01
9.550000000000002931e-02
5.190000000000002250e-02
1.051999999999999741e-01
7.340000000000006242e-02
7.679999999999992388e-02
6.739999999999998770e-02
4.059999999999996945e-02
4.390000000000003622e-02
6.550000000000001654e-02
6.700000000000000400e-02
3.170000000000004758e-02
9.090000000000006408e-02
6.840000000000004410e-02
1.979999999999996693e-02
1.161999999999999700e-01
5.979999999999994348e-02
3.739999999999999575e-02
5.599999999999998035e-02
2.250000000000004080e-02
3.739999999999992636e-02
8.330000000000008231e-02
8.969999999999991869e-02
8.200000000000008671e-02
8.039999999999999925e-02
6.320000000000006168e-02
6.199999999999998568e-02
3.440000000000009717e-02
6.070000000000008722e-02
9.859999999999999321e-02
4.250000000000000999e-02
1.212000000000000022e-01
6.599999999999994760e-02
5.469999999999996393e-02
9.329999999999999405e-02
4.140000000000006175e-02
6.929999999999998661e-02
1.105999999999999484e-01
1.226000000000000978e-01
1.677000000000000157e-01
1.105999999999999900e-01
4.939999999999997865e-02
8.849999999999991207e-02
7.879999999999998117e-02
6.990000000000003155e-02
2.110000000000000417e-02
6.089999999999994029e-02
7.609999999999991771e-02
6.320000000000013107e-02
1.562000000000000610e-01
3.800000000000007538e-02
7.950000000000007061e-02
6.609999999999993658e-02
4.629999999999989679e-02
4.770000000000006180e-02
4.029999999999996085e-02
5.460000000000003739e-02
6.040000000000003005e-02
7.710000000000001574e-02
8.160000000000001974e-02
5.349999999999997813e-02
4.670000000000003315e-02
1.234000000000000097e-01
3.080000000000001487e-02
6.099999999999995703e-02
6.000000000000001860e-02
5.960000000000004183e-02
9.689999999999995839e-02
1.054999999999999549e-01
8.280000000000004023e-02
1.020000000000000906e-01
2.570000000000002144e-02
7.499999999999999722e-02
7.279999999999996196e-02
6.279999999999996696e-02
1.067000000000000448e-01
5.169999999999996820e-02
3.549999999999998990e-02
7.679999999999997939e-02
4.649999999999992334e-02
8.049999999999997435e-02
1.026999999999999580e-01
5.129999999999995675e-02
7.400000000000001021e-02
9.090000000000006408e-02
5.749999999999995393e-02
7.600000000000002587e-02
7.569999999999993401e-02
4.759999999999999648e-02
4.850000000000006389e-02
5.130000000000002613e-02
6.420000000000003482e-02
5.540000000000004643e-02
5.069999999999998119e-02
8.260000000000006226e-02
4.529999999999999305e-02
6.380000000000000948e-02
2.040000000000000424e-01
7.060999999999999499e-01
5.502000000000000224e-01
1.805999999999999273e-01
5.299999999999997768e-02
1.906999999999999806e-01
7.840000000000002522e-02
5.670000000000008367e-02
4.919999999999986884e-02
9.790000000000000091e-02
5.900000000000001771e-02
5.820000000000007112e-02
3.560000000000002746e-02
7.169999999999998597e-02
2.165999999999999315e-01
8.839999999999999247e-02
7.949999999999991795e-02
8.080000000000005234e-02
6.510000000000001896e-02
6.620000000000002272e-02
8.919999999999997375e-02
5.519999999999997825e-02
7.410000000000004083e-02
9.400000000000001410e-02
6.250000000000001388e-02
4.329999999999997740e-02
8.430000000000001381e-02
5.000000000000003053e-02
8.429999999999994442e-02
5.879999999999999810e-02
6.549999999999997491e-02
1.104000000000000259e-01
4.629999999999993149e-02
5.799999999999994743e-02
9.760000000000003395e-02
5.739999999999995800e-02
8.319999999999998230e-02
6.170000000000000484e-02
1.158999999999999198e-01
5.379999999999995897e-02
7.810000000000000275e-02
7.940000000000008162e-02
3.009999999999992196e-02
6.089999999999999580e-02
7.390000000000000735e-02
3.569999999999997481e-02
1.167999999999999178e-01
6.130000000000000726e-02
8.879999999999999005e-02
4.850000000000005002e-02
7.259999999999997011e-02
4.510000000000000120e-02
7.059999999999999609e-02
5.660000000000009468e-02
1.345000000000000084e-01
8.769999999999998630e-02
4.869999999999999329e-02
2.669999999999999457e-02
9.730000000000005311e-02
4.819999999999993734e-02
1.064999999999999836e-01
8.579999999999998739e-02
3.900000000000006239e-02
1.072999999999999232e-01
7.020000000000004015e-02
4.570000000000001839e-02
1.186999999999999444e-01
8.460000000000000853e-02
1.979999999999999816e-01
6.489999999999994384e-02
3.850000000000008277e-02
8.650000000000010458e-02
5.849999999999989236e-02
8.739999999999994995e-02
5.759999999999997761e-02
6.829999999999994409e-02
3.909999999999992648e-02
6.660000000000010356e-02
6.169999999999999096e-02
3.119999999999996387e-02
5.009999999999997788e-02
8.130000000000001115e-02
9.340000000000003855e-02
1.196999999999999870e-01
4.790000000000000507e-02
5.419999999999992879e-02
5.599999999999995259e-02
6.589999999999998637e-02
7.550000000000001155e-02
5.090000000000005631e-02
9.799999999999987887e-02
5.440000000000008717e-02
4.430000000000002686e-02
1.122999999999999832e-01
6.289999999999998370e-02
7.189999999999997782e-02
6.600000000000000311e-02
5.050000000000001710e-02
9.210000000000000131e-02
4.070000000000004170e-02
7.470000000000001639e-02
4.210000000000010956e-02
6.209999999999990528e-02
5.470000000000001944e-02
6.769999999999995466e-02
2.259999999999995346e-02
6.260000000000011389e-02
4.220000000000003609e-02
7.140000000000000513e-02
7.599999999999997036e-02
3.420000000000000817e-02
4.410000000000004888e-02
1.048000000000000043e-01
4.970000000000004275e-02
8.409999999999989706e-02
8.150000000000001688e-02
4.300000000000001737e-02
1.275999999999999912e-01
9.720000000000000862e-02
5.809999999999995030e-02
5.099999999999993427e-02
1.114000000000000962e-01
4.590000000000001718e-02
9.369999999999999163e-02
1.150999999999998968e-01
7.749999999999987454e-02
1.442000000000000504e-01
5.659999999999990733e-02
5.840000000000002828e-02
5.299999999999994993e-02
8.500000000000006162e-02
7.429999999999996330e-02
8.519999999999995632e-02
5.620000000000001383e-02
1.453999999999999460e-01
7.030000000000000138e-02
5.220000000000006579e-02
6.869999999999998330e-02
7.770000000000004681e-02
4.410000000000000031e-02
9.119999999999997553e-02
7.019999999999995688e-02
1.193999999999999229e-01
1.294000000000000150e-01
7.980000000000000981e-02
3.700000000000004674e-02
7.679999999999997939e-02
7.589999999999989810e-02
5.199999999999996292e-02
5.380000000000001448e-02
1.133999999999999869e-01
6.180000000000002158e-02
6.449999999999998790e-02
8.280000000000010962e-02
4.439999999999999503e-02
7.219999999999995866e-02
5.389999999999996183e-02
9.299999999999968014e-03
5.489999999999996272e-02
6.049999999999989414e-02
4.469999999999989954e-02
9.950000000000001898e-02
9.370000000000000551e-02
5.889999999999995239e-02
5.950000000000008060e-02
3.380000000000003835e-02
1.316999999999999282e-01
4.439999999999999503e-02
1.736999999999999655e-01
5.580000000000004401e-02
2.699999999999993378e-02
1.349000000000000754e-01
6.899999999999992251e-02
5.970000000000003082e-02
6.880000000000000004e-02
4.660000000000002335e-02
8.169999999999991158e-02
4.219999999999999446e-02
4.460000000000002157e-02
4.089999999999995028e-02
1.025000000000000633e-01
6.470000000000004914e-02
3.629999999999995036e-02
1.274000000000000132e-01
9.229999999999999316e-02
6.439999999999999891e-02
2.639999999999997210e-02
4.000000000000002165e-02
1.770000000000000739e-02
6.709999999999988196e-02
6.629999999999991456e-02
4.890000000000004760e-02
6.270000000000000573e-02
1.201999999999999597e-01
4.689999999999988622e-02
6.980000000000005644e-02
1.032999999999999613e-01
4.480000000000007587e-02
3.850000000000003419e-02
1.295000000000000040e-01
9.509999999999999010e-02
4.060000000000001108e-02
2.250000000000003039e-02
8.889999999999990965e-02
3.260000000000012194e-02
8.859999999999995657e-02
4.980000000000002480e-02
8.189999999999995894e-02
5.600000000000010525e-02
3.039999999999994790e-02
4.239999999999998631e-02
4.230000000000003202e-02
8.689999999999994951e-02
8.270000000000000961e-02
7.909999999999997589e-02
5.979999999999995042e-02
5.970000000000000306e-02
5.300000000000000544e-02
4.980000000000003868e-02
5.100000000000000366e-02
1.213999999999999940e-01
7.810000000000005826e-02
8.690000000000006053e-02
6.859999999999992493e-02
6.730000000000005422e-02
6.469999999999993812e-02
4.100000000000009193e-02
3.839999999999993419e-02
2.630000000000000393e-02
1.087000000000000327e-01
5.209999999999994497e-02
5.629999999999994731e-02
3.890000000000000402e-02
1.095000000000000695e-01
6.239999999999989999e-02
5.819999999999993234e-02
5.500000000000004885e-02
4.300000000000005901e-02
8.599999999999999312e-02
5.330000000000007648e-02
5.790000000000002089e-02
7.409999999999991593e-02
8.420000000000002482e-02
2.969999999999994866e-02
4.259999999999995735e-02
3.859999999999994685e-02
7.080000000000008509e-02
1.005000000000000754e-01
7.139999999999996350e-02
6.240000000000003183e-02
6.359999999999996212e-02
9.240000000000000990e-02
8.379999999999994398e-02
6.809999999999996612e-02
1.101999999999999785e-01
3.729999999999999982e-01
1.003000000000000003e-01
1.065000000000000668e-01
4.539999999999998898e-02
8.149999999999997524e-02
1.015999999999999959e-01
5.760000000000010945e-02
6.279999999999993920e-02
3.569999999999992624e-02
8.599999999999996536e-02
7.589999999999999525e-02
6.979999999999991767e-02
6.049999999999996353e-02
1.186000000000000387e-01
5.149999999999994166e-02
8.859999999999995657e-02
5.579999999999989135e-02
4.010000000000005227e-02
4.000000000000002859e-02
2.450000000000006339e-02
1.041000000000000814e-01
1.015999999999999542e-01
6.430000000000005156e-02
4.920000000000002149e-02
1.010000000000000620e-01
1.164999999999999508e-01
2.376000000000000056e-01
9.379999999999998062e-02
1.581999999999998963e-01
5.649999999999998079e-02
1.154000000000000026e-01
7.179999999999991944e-02
7.889999999999994240e-02
1.131999999999999396e-01
3.400000000000000938e-02
6.210000000000000242e-02
2.480000000000003035e-02
5.979999999999997123e-02
3.229999999999995375e-02
8.449999999999999178e-02
6.020000000000000351e-02
5.100000000000003142e-02
7.330000000000003180e-02
6.650000000000003131e-02
2.699999999999991643e-02
3.399999999999991918e-02
3.289999999999991542e-02
6.670000000000007867e-02
8.140000000000005564e-02
5.949999999999992795e-02
5.250000000000001887e-02
5.810000000000006826e-02
6.230000000000004284e-02
6.750000000000004607e-02
4.670000000000003315e-02
4.740000000000009484e-02
7.950000000000002898e-02
7.470000000000001639e-02
5.379999999999999366e-02
6.890000000000000291e-02
4.159999999999996340e-02
5.499999999999997252e-02
1.491999999999999715e-01
1.834000000000000352e-01
2.179999999999999716e-01
8.339999999999998803e-02
9.430000000000005045e-02
1.392999999999999239e-01
7.600000000000003975e-02
1.059999999999999276e-01
7.470000000000007190e-02
1.179999999999999383e-01
1.186000000000000526e-01
1.213999999999999940e-01
7.820000000000007501e-02
7.440000000000004943e-02
1.348000000000000032e-01
9.170000000000007312e-02
1.212000000000000299e-01
8.180000000000001159e-02
1.019000000000000045e-01
9.350000000000008304e-02
1.756999999999999396e-01
1.825000000000000233e-01
1.376999999999999336e-01
1.049999999999999961e-01
1.256000000000000449e-01
8.909999999999995701e-02
8.659999999999996867e-02
8.909999999999992926e-02
9.620000000000004936e-02
7.440000000000002167e-02
3.249999999999998029e-02
5.999999999999997696e-02
8.259999999999992348e-02
6.539999999999998592e-02
9.879999999999997118e-02
9.879999999999995730e-02
6.699999999999994849e-02
5.250000000000006051e-02
6.850000000000006084e-02
4.420000000000008644e-02
2.940000000000011701e-02
1.107999999999999541e-01
6.330000000000003679e-02
6.519999999999999407e-02
9.130000000000006166e-02
4.470000000000012158e-02
5.800000000000010009e-02
3.680000000000005489e-02
1.839999999999999275e-02
9.960000000000002185e-02
9.929999999999995774e-02
1.841999999999999194e-01
1.215000000000000802e-01
4.510000000000009834e-02
2.909999999999993842e-02
3.530000000000001192e-02
2.190000000000009647e-02
8.580000000000007065e-02
7.019999999999998463e-02
8.970000000000005747e-02
1.370000000000000107e-01
1.600999999999999923e-01
4.529000000000000248e-01
2.279999999999999527e-01
2.748999999999999777e-01
2.130000000000000782e-01
1.307000000000000106e-01
4.779999999999996058e-02
7.259999999999997011e-02
8.759999999999994180e-02
7.679999999999997939e-02
5.709999999999994941e-02
3.930000000000001548e-02
1.110999999999999488e-01
6.879999999999990290e-02
4.620000000000002577e-02
9.850000000000003197e-02
5.870000000000003687e-02
5.280000000000009686e-02
3.730000000000006921e-02
5.220000000000001028e-02
4.779999999999995364e-02
1.346999999999999864e-01
8.319999999999996843e-02
7.579999999999999238e-02
5.359999999999996018e-02
8.539999999999993430e-02
5.479999999999992516e-02
1.203999999999999515e-01
2.472000000000000586e-01
1.805000000000000493e-01
7.740000000000001046e-02
8.830000000000001736e-02
9.570000000000003504e-02
5.510000000000001008e-02
1.059999999999998999e-01
6.100000000000006806e-02
3.149999999999993777e-02
3.139999999999998348e-02
5.210000000000001436e-02
9.819999999999994011e-02
9.620000000000002160e-02
1.019999999999999657e-01
1.200999999999999845e-01
9.830000000000001237e-02
8.739999999999993607e-02
1.013000000000000012e-01
7.189999999999999170e-02
1.439999999999999891e-01
5.520000000000004764e-02
1.893999999999998740e-01
2.869999999999999774e-01
2.671999999999999931e-01
2.993999999999999440e-01
1.704000000000000514e-01
1.055999999999999717e-01
3.259999999999996928e-02
5.680000000000000326e-02
9.860000000000002096e-02
5.659999999999990039e-02
2.322999999999999232e-01
8.760000000000006670e-02
9.290000000000002423e-02
3.339999999999998526e-02
9.030000000000007465e-02
9.989999999999991942e-02
5.600000000000000810e-02
3.050000000000004097e-02
5.349999999999989486e-02
1.699999999999995959e-02
2.919999999999992393e-02
4.239999999999996549e-02
7.339999999999996527e-02
6.239999999999995550e-02
7.139999999999993574e-02
2.010000000000002063e-02
9.809999999999992337e-02
1.128999999999998893e-01
6.779999999999999916e-02
4.619999999999991475e-02
6.800000000000008815e-02
8.740000000000006097e-02
9.050000000000002487e-02
7.110000000000003817e-02
6.650000000000000355e-02
6.780000000000002691e-02
1.022999999999999882e-01
3.708000000000000185e-01
1.530500000000000194e+00
1.349099999999999966e+00
6.213000000000001855e-01
3.813000000000000278e-01
1.721999999999999642e-01
1.162999999999999867e-01
9.560000000000004605e-02
1.062000000000000027e-01
1.193000000000000588e-01
7.210000000000006681e-02
1.096999999999999503e-01
9.700000000000010003e-02
1.191999999999998894e-01
6.459999999999994913e-02
7.310000000000012321e-02
4.749999999999988259e-02
5.889999999999992464e-02
6.159999999999998810e-02
1.019000000000000183e-01
6.410000000000010134e-02
6.659999999999989539e-02
5.659999999999999754e-02
1.091999999999999360e-01
8.499999999999997835e-02
3.059999999999999873e-02
4.089999999999999192e-02
2.419999999999998888e-02
1.040000000000000369e-01
1.014000000000000318e-01
1.117999999999999688e-01
5.559999999999998277e-02
5.989999999999996716e-02
9.829999999999995686e-02
5.980000000000000593e-02
5.119999999999994000e-02
3.360000000000000486e-02
6.950000000000010336e-02
8.379999999999993010e-02
6.930000000000001437e-02
4.290000000000006308e-02
1.048999999999999794e-01
4.649999999999997191e-02
6.480000000000001037e-02
5.070000000000000895e-02
5.019999999999991136e-02
2.329999999999995616e-02
2.289999999999993430e-02
8.680000000000007154e-02
9.589999999999998526e-02
5.439999999999997615e-02
4.979999999999999705e-02
6.619999999999996720e-02
4.110000000000016418e-02
3.370000000000006324e-02
4.989999999999998603e-02
1.702000000000000179e-01
1.102000000000000202e-01
2.355000000000000426e-01
1.293999999999999595e-01
1.330000000000000626e-01
4.150000000000009931e-02
5.740000000000012453e-02
6.999999999999992339e-02
5.430000000000002186e-02
4.200000000000017608e-02
2.779999999999992547e-02
6.640000000000001457e-02
4.860000000000000431e-02
7.439999999999999392e-02
5.799999999999994049e-02
7.410000000000011022e-02
4.500000000000001221e-02
3.159999999999990594e-02
6.300000000000002820e-02
3.629999999999992955e-02
2.173999999999999266e-01
2.562000000000000388e-01
4.944999999999999951e-01
2.381000000000000616e-01
7.719999999999994922e-02
2.929999999999993721e-02
4.959999999999986642e-02
1.084000000000000519e-01
5.600000000000004974e-02
3.420000000000002899e-02
1.959999999999984671e-02
3.209999999999992026e-02
6.900000000000004741e-02
