1.171999999999999986e-01
1.135000000000000037e-01
8.220000000000000917e-02
9.090000000000000857e-02
2.242999999999999994e-01
2.081999999999999684e-01
1.817000000000000004e-01
1.790999999999999814e-01
1.543999999999999817e-01
4.142000000000000126e-01
1.271000000000000185e-01
1.909999999999999754e-01
6.900000000000001965e-02
1.003000000000000280e-01
1.203999999999999931e-01
5.709999999999998410e-02
3.649999999999999772e-02
9.030000000000001914e-02
9.710000000000000575e-02
3.117000000000000326e-01
3.183000000000000274e-01
3.839000000000000190e-01
3.234000000000000208e-01
1.947999999999999177e-01
1.839000000000000079e-01
1.238999999999999546e-01
1.875000000000000000e-01
7.250000000000003664e-02
1.001999999999999974e-01
1.736000000000000321e-01
2.427000000000000268e-01
2.281000000000000250e-01
1.582999999999999963e-01
8.569999999999994289e-02
1.513000000000000178e-01
1.542000000000000315e-01
2.116999999999999993e-01
2.510999999999999899e-01
2.353000000000000091e-01
2.162000000000000033e-01
2.189000000000000112e-01
2.671000000000000041e-01
1.648999999999999910e-01
1.254000000000000115e-01
1.325000000000000344e-01
1.341000000000000247e-01
1.481000000000000649e-01
1.165000000000000202e-01
1.595000000000000306e-01
7.970000000000004858e-02
6.509999999999996345e-02
2.396000000000000629e-01
9.889999999999996017e-02
1.055999999999999994e-01
2.428000000000000713e-01
2.802000000000000046e-01
2.012000000000000455e-01
1.675999999999999712e-01
1.456000000000000072e-01
5.660000000000005305e-02
3.650000000000000466e-02
1.546999999999999487e-01
6.130000000000000032e-02
5.380000000000000754e-02
4.370000000000007212e-02
6.389999999999998459e-02
7.760000000000000231e-02
1.133000000000000673e-01
8.789999999999996427e-02
1.273999999999999855e-01
7.830000000000003624e-02
9.760000000000002007e-02
8.379999999999997173e-02
1.116999999999999799e-01
7.950000000000000122e-02
9.169999999999993434e-02
4.720000000000003360e-02
1.147999999999999715e-01
1.660000000000000364e-01
1.703000000000000069e-01
2.141999999999999738e-01
6.450000000000002953e-02
2.153999999999999804e-01
9.769999999999996743e-02
4.549999999999999878e-02
1.607999999999999985e-01
8.809999999999998388e-02
7.660000000000000142e-02
1.513000000000000456e-01
2.023000000000000076e-01
8.650000000000000744e-02
1.643000000000000016e-01
1.242999999999999244e-01
9.899999999999999079e-02
5.919999999999997486e-02
1.406999999999999917e-01
1.352999999999999758e-01
1.058999999999999941e-01
2.332000000000000184e-01
1.914999999999999758e-01
2.674999999999999600e-01
1.920999999999999652e-01
2.268000000000000016e-01
1.609999999999999765e-01
1.608999999999999875e-01
1.068000000000000338e-01
2.883000000000000007e-01
1.625999999999999945e-01
1.809999999999999942e-01
1.223000000000000476e-01
2.128999999999999504e-01
2.693999999999999728e-01
1.862999999999999656e-01
1.386999999999999900e-01
7.210000000000001130e-02
2.359000000000000541e-01
2.256000000000000227e-01
1.538999999999999813e-01
2.371000000000000052e-01
2.624999999999999556e-01
1.931999999999999273e-01
1.018999999999999351e-01
2.316000000000000281e-01
6.420000000000000706e-02
2.808999999999999830e-01
1.388999999999999679e-01
2.014000000000000234e-01
1.854999999999999982e-01
5.409999999999999531e-02
1.482000000000000262e-01
2.580999999999999961e-01
1.941000000000000225e-01
1.778000000000000136e-01
1.885000000000000009e-01
1.845000000000000251e-01
1.588999999999999857e-01
2.443000000000000171e-01
2.485999999999999599e-01
3.146999999999999797e-01
1.506999999999999729e-01
1.521000000000000130e-01
1.114000000000000268e-01
2.265000000000000069e-01
1.090000000000000274e-01
2.144999999999999685e-01
1.449000000000000288e-01
1.376000000000000278e-01
1.276000000000000190e-01
1.378000000000000336e-01
1.731000000000000039e-01
2.625000000000000111e-01
2.513000000000000234e-01
1.609000000000000430e-01
1.708000000000000074e-01
2.085000000000000187e-01
1.708000000000000351e-01
1.810000000000000220e-01
8.120000000000003604e-02
1.379000000000000226e-01
1.353999999999999648e-01
1.752000000000000224e-01
1.574999999999999734e-01
9.899999999999997691e-02
3.490999999999999659e-01
3.228000000000000314e-01
2.060000000000000164e-01
1.945000000000000062e-01
1.400000000000000133e-01
3.316000000000000614e-01
5.163999999999999702e-01
3.914000000000000257e-01
2.038999999999999702e-01
7.830000000000006399e-02
2.989999999999999603e-02
5.389999999999996183e-02
8.089999999999994418e-02
7.179999999999997495e-02
7.139999999999997737e-02
1.590999999999999914e-01
1.677000000000000157e-01
2.038999999999999979e-01
1.541000000000000147e-01
2.029999999999999583e-01
2.474999999999999978e-01
1.790999999999999814e-01
2.673999999999999710e-01
2.210000000000000298e-01
3.493000000000000549e-01
2.169999999999999984e-01
3.753999999999999559e-01
1.688999999999999946e-01
2.018999999999999961e-01
2.610999999999999988e-01
3.348000000000000420e-01
2.291999999999999871e-01
3.037000000000000255e-01
2.802000000000000601e-01
2.555999999999999939e-01
2.732999999999999874e-01
1.459999999999999909e-01
1.532000000000000028e-01
1.827000000000000290e-01
2.476000000000000423e-01
3.148000000000000242e-01
2.944999999999999840e-01
4.195999999999999730e-01
1.430000000000000160e-01
1.970000000000000362e-01
3.387999999999999901e-01
1.411999999999999922e-01
2.614999999999999547e-01
2.167000000000000037e-01
7.610000000000000098e-02
1.411000000000000032e-01
1.049999999999999684e-01
1.074000000000000093e-01
9.189999999999998170e-02
8.310000000000000719e-02
7.190000000000004721e-02
8.469999999999998364e-02
8.780000000000001692e-02
1.303999999999999881e-01
1.236000000000000154e-01
1.942999999999999450e-01
5.629999999999996119e-02
8.400000000000001910e-02
5.270000000000002460e-02
5.909999999999998588e-02
1.138999999999999735e-01
6.559999999999999165e-02
1.783000000000000418e-01
1.360000000000000098e-01
4.140000000000002012e-02
1.771999999999999964e-01
6.840000000000001634e-02
1.050000000000000239e-01
1.054000000000000214e-01
3.620000000000001689e-02
1.219999999999999557e-01
9.720000000000006413e-02
6.609999999999999210e-02
8.629999999999997395e-02
5.170000000000000290e-02
1.862000000000000322e-01
6.990000000000001767e-02
6.519999999999999407e-02
1.254000000000000392e-01
1.077999999999999931e-01
1.546000000000000152e-01
1.292000000000000370e-01
1.048999999999999655e-01
2.488000000000000489e-01
1.023999999999999494e-01
1.003000000000000141e-01
1.464999999999999636e-01
1.345999999999999419e-01
8.260000000000003451e-02
1.017000000000000126e-01
1.583999999999999853e-01
2.403000000000000136e-01
3.930000000000004323e-02
1.007000000000000117e-01
9.269999999999997686e-02
1.257000000000000339e-01
1.834000000000000075e-01
1.316000000000000225e-01
2.210999999999999910e-01
1.182000000000000550e-01
3.128999999999999559e-01
1.271999999999999797e-01
8.309999999999997944e-02
1.668000000000000038e-01
2.109999999999999654e-01
2.458999999999999519e-01
2.451999999999999458e-01
2.040000000000000147e-01
2.951000000000000290e-01
2.737000000000000544e-01
3.665999999999999814e-01
2.070999999999999508e-01
2.354999999999999871e-01
1.114000000000000129e-01
1.501000000000000112e-01
1.333000000000000296e-01
1.391999999999999904e-01
1.695000000000000395e-01
2.854999999999999760e-01
1.557999999999999940e-01
2.105000000000000482e-01
3.951999999999999957e-01
1.628999999999999893e-01
1.836000000000000132e-01
2.549000000000000155e-01
3.522000000000000131e-01
2.081999999999999962e-01
1.088999999999999968e-01
1.946000000000000507e-01
1.405999999999999750e-01
1.131999999999999673e-01
2.376000000000000334e-01
1.290000000000000313e-01
3.850000000000000089e-01
2.073000000000000398e-01
2.314999999999999836e-01
1.124000000000000277e-01
2.146999999999999742e-01
1.924000000000000155e-01
1.886999999999999789e-01
2.245999999999999941e-01
1.329000000000000181e-01
1.743000000000000105e-01
2.452000000000000568e-01
1.149999999999999911e-01
3.173999999999999599e-01
1.001000000000000362e-01
2.173000000000000487e-01
2.910999999999999699e-01
3.912000000000000477e-01
4.954999999999999960e-01
1.443000000000000393e-01
3.152999999999999692e-01
2.893000000000000016e-01
2.258999999999999897e-01
3.291999999999999371e-01
1.323999999999999622e-01
1.282000000000000084e-01
1.529999999999999416e-01
1.279999999999998916e-01
3.082999999999999075e-01
2.453999999999999793e-01
2.307000000000000162e-01
2.675000000000000155e-01
3.684999999999999942e-01
2.921999999999999598e-01
1.472000000000000253e-01
7.221000000000000751e-01
5.611000000000001542e-01
1.708999999999999853e+00
5.412000000000000144e-01
3.755999999999999339e-01
2.714000000000000301e-01
2.571999999999999842e-01
3.159000000000000696e-01
3.848000000000000309e-01
4.131000000000000227e-01
6.714999999999999858e-01
5.735000000000000098e-01
4.285999999999999810e-01
2.679000000000000270e-01
2.977999999999999536e-01
3.117000000000000326e-01
3.060999999999999277e-01
2.303000000000000047e-01
3.582999999999999519e-01
2.707999999999999852e-01
2.836999999999999522e-01
2.143999999999999795e-01
2.187999999999999945e-01
2.690000000000000169e-01
3.169999999999999485e-01
3.423999999999999821e-01
4.438000000000000278e-01
4.352000000000000313e-01
5.077000000000000401e-01
3.766000000000000458e-01
1.235999999999999877e-01
1.055000000000000104e-01
2.772000000000000020e-01
2.251000000000000223e-01
2.848000000000000531e-01
2.071000000000000063e-01
1.962000000000000133e-01
1.795000000000000207e-01
2.350000000000000144e-01
1.587999999999999967e-01
1.239000000000000518e-01
7.379999999999994897e-02
1.180999999999999828e-01
2.010000000000000397e-01
1.483999999999999764e-01
6.850000000000000533e-02
2.877000000000000113e-01
3.301999999999999935e-01
2.248000000000000276e-01
2.876000000000000223e-01
9.770000000000003681e-02
4.105999999999999650e-01
2.363999999999999990e-01
1.739000000000000545e-01
1.713999999999999968e-01
8.119999999999999440e-02
1.477000000000000257e-01
1.706000000000000294e-01
2.666999999999999371e-01
2.128000000000000447e-01
2.510999999999999899e-01
2.437000000000000555e-01
1.997999999999999776e-01
1.539999999999999702e-01
1.853000000000000480e-01
6.666999999999999593e-01
4.507000000000000450e-01
2.621999999999999331e-01
4.370000000000000551e-01
3.406000000000000139e-01
1.935000000000000053e-01
9.670000000000002205e-02
2.038999999999999702e-01
2.831000000000000183e-01
1.934999999999999221e-01
3.109000000000000097e-01
3.826999999999999846e-01
1.616999999999999549e-01
9.859999999999997933e-02
3.221999999999999309e-01
1.550999999999999879e-01
2.797999999999999376e-01
1.940999999999999948e-01
5.010000000000001258e-02
1.985000000000000098e-01
6.379999999999996785e-02
1.003999999999999337e-01
1.247000000000000053e-01
1.711000000000000298e-01
6.280000000000000859e-02
9.989999999999996105e-02
1.314000000000001001e-01
1.272000000000000630e-01
1.712000000000000466e-01
1.339999999999999525e-01
9.110000000000001430e-02
9.000000000000001055e-02
7.670000000000014306e-02
6.049999999999992883e-02
1.876000000000001000e-01
7.010000000000002340e-02
1.675000000000000655e-01
1.157999999999999446e-01
6.020000000000000351e-02
1.423000000000000376e-01
1.035000000000000364e-01
1.140000000000000596e-01
8.329999999999995741e-02
1.306000000000000216e-01
1.060999999999999582e-01
4.570000000000000451e-02
6.480000000000002425e-02
1.242000000000000048e-01
9.739999999999997271e-02
1.045000000000000095e-01
1.396999999999999909e-01
7.360000000000002651e-02
2.323999999999999955e-01
1.594999999999999751e-01
1.609999999999998932e-01
2.055000000000000437e-01
1.701000000000000012e-01
2.011999999999999900e-01
2.688999999999999724e-01
1.757999999999999841e-01
2.615000000000000102e-01
1.581999999999999518e-01
1.148999999999999744e-01
2.122999999999999610e-01
1.421000000000000041e-01
2.311000000000001386e-01
1.521999999999998909e-01
1.106999999999999651e-01
1.914000000000000146e-01
2.550000000000000044e-01
1.788999999999999480e-01
2.459999999999999409e-01
1.438999999999999169e-01
7.280000000000005911e-02
1.398000000000000353e-01
9.599999999999991873e-02
1.397999999999999521e-01
1.292999999999999150e-01
1.123999999999999999e-01
3.301999999999999380e-01
2.393000000000000127e-01
1.791999999999999982e-01
1.480000000000000204e-01
1.611000000000000210e-01
1.872000000000000330e-01
1.253999999999999559e-01
2.309000000000000496e-01
1.755000000000000171e-01
2.690000000000000169e-01
1.996000000000000829e-01
1.696999999999999342e-01
2.583999999999999631e-01
2.394000000000000572e-01
8.399999999999988032e-02
1.223999999999999255e-01
1.125000000000000167e-01
9.389999999999998348e-02
2.001999999999999891e-01
5.360000000000003650e-02
2.051000000000000878e-01
2.339000000000000523e-01
1.171999999999999847e-01
1.472999999999999310e-01
1.252999999999999947e-01
1.344000000000000750e-01
1.901999999999999247e-01
2.856000000000000205e-01
2.751000000000000112e-01
2.715999999999999526e-01
2.348000000000000642e-01
1.415000000000001257e-01
1.083000000000000768e-01
1.477999999999999314e-01
2.207000000000000350e-01
1.976000000000001089e-01
3.131000000000000449e-01
3.461000000000000187e-01
1.608999999999999597e-01
5.191000000000000059e-01
1.524999999999999689e-01
2.510000000000000009e-01
3.504000000000001003e-01
3.308000000000000940e-01
2.271999999999999853e-01
2.758000000000000451e-01
1.793000000000000149e-01
5.299000000000000377e-01
9.920999999999999819e-01
9.160999999999999144e-01
3.383000000000000451e-01
3.877999999999999226e-01
2.813999999999999280e-01
4.039999999999999147e-01
2.677999999999999825e-01
1.474000000000000032e-01
1.048000000000000459e-01
8.340000000000000191e-02
1.117999999999999411e-01
1.037999999999998230e-01
8.530000000000004245e-02
1.950000000000001177e-01
2.517000000000000348e-01
1.916000000000000481e-01
1.831000000000000405e-01
1.429999999999999605e-01
2.283000000000000029e-01
9.440000000000006719e-02
3.516000000000000236e-01
1.792999999999998484e-01
3.502999999999999448e-01
1.453999999999999182e-01
1.101000000000000589e-01
2.414000000000001145e-01
2.664999999999999591e-01
1.907999999999999974e-01
2.394999999999999352e-01
2.342000000000000193e-01
1.812999999999999334e-01
3.497000000000001219e-01
4.607999999999999874e-01
2.300000000000000933e-01
4.827000000000001290e-01
4.347000000000001974e-01
2.374000000000001387e-01
1.744999999999999329e-01
9.150000000000009515e-02
1.291000000000000203e-01
3.568000000000000060e-01
3.304999999999999050e-01
4.139999999999999236e-01
3.363000000000001544e-01
2.127999999999998781e-01
1.571999999999998954e-01
1.440000000000000446e-01
1.081999999999999212e-01
3.375000000000000222e-01
2.579000000000000181e-01
3.104999999999999427e-01
2.608999999999999098e-01
1.062000000000000027e-01
2.899999999999999800e-01
2.872999999999999443e-01
4.646999999999999464e-01
2.095000000000000473e-01
1.912000000000000366e-01
2.776999999999999469e-01
2.102000000000000535e-01
3.238999999999999657e-01
2.302999999999999770e-01
1.552000000000000324e-01
2.568000000000000282e-01
1.953999999999999349e-01
1.156999999999999557e-01
9.719999999999996698e-02
1.550999999999999046e-01
2.586000000000000520e-01
4.550000000000000711e-01
4.214999999999999858e-01
1.675000000000000100e-01
4.279000000000000581e-01
2.241000000000000214e-01
1.538999999999999535e-01
1.880000000000000560e-01
1.947000000000000119e-01
2.071000000000000063e-01
6.856999999999999762e-01
2.165000000000000813e-01
3.503000000000000003e-01
5.124999999999999556e-01
5.142999999999999794e-01
2.216999999999999804e-01
4.598000000000000975e-01
3.724999999999999423e-01
4.309999999999999387e-01
3.781000000000001027e-01
4.133000000000000007e-01
1.930000000000000049e-01
1.293999999999999595e-01
1.366999999999999882e-01
2.527000000000000357e-01
4.475000000000000089e-01
1.646999999999998743e-01
3.805999999999999384e-01
3.901000000000000023e-01
3.553000000000000602e-01
2.548999999999999599e-01
1.989000000000000767e-01
5.210000000000000742e-02
2.627999999999999226e-01
1.272000000000000630e-01
2.613000000000001433e-01
1.697000000000001285e-01
2.043000000000001204e-01
1.121999999999999387e-01
2.154000000000000914e-01
2.545999999999998264e-01
1.451000000000001455e-01
1.291000000000000481e-01
1.007999999999998619e-01
1.193000000000000171e-01
1.489999999999999380e-01
2.353000000000000647e-01
1.071999999999999342e-01
1.096000000000001001e-01
1.816000000000000947e-01
1.213000000000000467e-01
1.139000000000000429e-01
1.521999999999998909e-01
1.428999999999998327e-01
1.706000000000000294e-01
1.747999999999999832e-01
1.800000000000000211e-01
2.940000000000000391e-01
1.679999999999999272e-01
2.320999999999998620e-01
2.094000000000000028e-01
1.296999999999998432e-01
1.262999999999999678e-01
2.648999999999999133e-01
9.240000000000012093e-02
1.625000000000001166e-01
1.213999999999999801e-01
1.343000000000000860e-01
2.620000000000001772e-01
2.159999999999998310e-01
1.695000000000000118e-01
8.929999999999990723e-02
3.061999999999999167e-01
3.420000000000000817e-01
2.483999999999998709e-01
1.751999999999999946e-01
2.993999999999999995e-01
3.334000000000000852e-01
1.903000000000001080e-01
1.932999999999999718e-01
2.049999999999999600e-01
1.877999999999998559e-01
1.926000000000000489e-01
3.281999999999998252e-01
2.029000000000000525e-01
1.137999999999999845e-01
1.787000000000000810e-01
2.662999999999999812e-01
1.766000000000000347e-01
3.621999999999998554e-01
2.406999999999999140e-01
1.914000000000000146e-01
2.371999999999999109e-01
2.243999999999999884e-01
1.228999999999999676e-01
3.429000000000000381e-01
3.201999999999998181e-01
2.841000000000000192e-01
1.547000000000000597e-01
2.450000000000000233e-01
2.856999999999999540e-01
5.961999999999999522e-01
5.170000000000001261e-01
2.766000000000000680e-01
4.380999999999999894e-01
6.764999999999999902e-01
3.969000000000000306e-01
4.332999999999999630e-01
1.861000000000000432e-01
4.294000000000000039e-01
2.512000000000000344e-01
1.686999999999999056e-01
1.190000000000000502e-01
1.790000000000000202e-01
1.557000000000000606e-01
1.610999999999999654e-01
1.239999999999999991e-01
2.078000000000000125e-01
1.401000000000000023e-01
3.405999999999999583e-01
2.501999999999999780e-01
2.299999999999999822e-01
2.427000000000000268e-01
2.181999999999999496e-01
1.784000000000000308e-01
1.137000000000000510e-01
2.667000000000000481e-01
1.547999999999999932e-01
1.741999999999999937e-01
1.575999999999999623e-01
1.608000000000000540e-01
2.015000000000000124e-01
1.719000000000001083e-01
2.192999999999999394e-01
1.890000000000000013e-01
2.778000000000000469e-01
1.388000000000000345e-01
1.445000000000000173e-01
1.654000000000001025e-01
8.119999999999993889e-02
1.758999999999998343e-01
3.005000000000000449e-01
2.267999999999999461e-01
1.544000000000000095e-01
1.591999999999999804e-01
1.208000000000000185e-01
2.023000000000001464e-01
8.390000000000003011e-02
7.249999999999993949e-02
1.893999999999998740e-01
9.990000000000003044e-02
1.315000000000000335e-01
1.443999999999999728e-01
1.756999999999999118e-01
1.794000000000001704e-01
1.264000000000000679e-01
2.950000000000000400e-01
1.504000000000000892e-01
6.979999999999995930e-02
1.696999999999999065e-01
8.899999999999992639e-02
3.429999999999998328e-02
7.709999999999997411e-02
5.920000000000015528e-02
3.139999999999988634e-02
9.669999999999993878e-02
8.869999999999995943e-02
5.119999999999998164e-02
8.060000000000006048e-02
6.110000000000004317e-02
8.680000000000001603e-02
1.198000000000000453e-01
5.219999999999982987e-02
8.199999999999982303e-02
5.209999999999992415e-02
6.380000000000003724e-02
8.029999999999998250e-02
9.190000000000003721e-02
5.250000000000014377e-02
4.119999999999983398e-02
9.399999999999998634e-02
1.238999999999998575e-01
1.232999999999999097e-01
2.103000000000000702e-01
1.521000000000000407e-01
1.300000000000001710e-01
1.302999999999999992e-01
1.687000000000000166e-01
1.872999999999998000e-01
1.645999999999998575e-01
3.263999999999999124e-01
9.779999999999985927e-02
1.706999999999998519e-01
1.405999999999998085e-01
2.021999999999998798e-01
1.275000000000000577e-01
1.463000000000000411e-01
7.699999999999987410e-02
1.632999999999999452e-01
1.574999999999998068e-01
1.125999999999998946e-01
1.269999999999999740e-01
1.301000000000000489e-01
1.681000000000000549e-01
2.817000000000000615e-01
3.759999999999988352e-02
4.849999999999984185e-02
3.139000000000001234e-01
2.830000000000000293e-01
2.329000000000000792e-01
2.795999999999999042e-01
2.253999999999999337e-01
2.579000000000000181e-01
1.480999999999999817e-01
2.354999999999999594e-01
1.838000000000000189e-01
5.956000000000000183e-01
4.672000000000000042e-01
2.000999999999999446e-01
2.038000000000000367e-01
1.292999999999999705e-01
2.165999999999999870e-01
1.704000000000000514e-01
2.245000000000000329e-01
2.738000000000000433e-01
1.805000000000000493e-01
1.531999999999999751e-01
2.227000000000000091e-01
4.517000000000001014e-01
3.626999999999999114e-01
2.373999999999999166e-01
2.963999999999999968e-01
1.631999999999999562e-01
2.039999999999999591e-01
3.129999999999999449e-01
3.296000000000000041e-01
2.861999999999999544e-01
4.271000000000000352e-01
1.859000000000000652e-01
2.972999999999999532e-01
2.868999999999999329e-01
1.584000000000000130e-01
2.073999999999999733e-01
3.953000000000000957e-01
1.974000000000000754e-01
2.003999999999999670e-01
3.917000000000001592e-01
3.013000000000000123e-01
3.745000000000001106e-01
4.070999999999999064e-01
2.357000000000000484e-01
5.678999999999998494e-01
1.905000000000000582e-01
2.147000000000000297e-01
1.932999999999999718e-01
3.049999999999999933e-01
2.975999999999999757e-01
3.159000000000000141e-01
4.194999999999999840e-01
3.145000000000000018e-01
4.151000000000001355e-01
2.025000000000000133e-01
3.956000000000000627e-01
2.657000000000000473e-01
1.008999999999999064e-01
1.657999999999999474e-01
1.191000000000000392e-01
2.016000000000000292e-01
1.641999999999999849e-01
3.048000000000000709e-01
2.363999999999999435e-01
1.322000000000000675e-01
1.604999999999999205e-01
9.209999999999994580e-02
1.296000000000000485e-01
1.882000000000000062e-01
1.288000000000000256e-01
1.404000000000001636e-01
2.109999999999999654e-01
2.772999999999999909e-01
1.240000000000000130e-01
1.567000000000000060e-01
2.620999999999999996e-01
2.654000000000000803e-01
2.361999999999999933e-01
1.796000000000000374e-01
4.022000000000000575e-01
1.965999999999999970e-01
1.559999999999999998e-01
1.561999999999999778e-01
3.003999999999998893e-01
1.758000000000000396e-01
2.103000000000000980e-01
2.155999999999999861e-01
1.622999999999998888e-01
2.958999999999999408e-01
1.881999999999999507e-01
1.760999999999999788e-01
2.881000000000000782e-01
4.615999999999998438e-01
1.442999999999999006e-01
3.237999999999999767e-01
1.622999999999999998e-01
1.414000000000001089e-01
2.623999999999999666e-01
2.950000000000000400e-01
9.524000000000000243e-01
4.995999999999999330e-01
3.740999999999999881e-01
1.389000000000000512e-01
2.789000000000000368e-01
1.914000000000001256e-01
1.663000000000001144e-01
2.685999999999998944e-01
2.151999999999999469e-01
1.943999999999999340e-01
2.144999999999999407e-01
4.564000000000000279e-01
4.207999999999998963e-01
2.961999999999999078e-01
1.308000000000000274e-01
1.777999999999998748e-01
2.270999999999999130e-01
2.489999999999999436e-01
1.886000000000000454e-01
2.587999999999999745e-01
1.985000000000000653e-01
1.893999999999999850e-01
2.601999999999998758e-01
1.398000000000001464e-01
2.098000000000001530e-01
1.866000000000000714e-01
3.027000000000000801e-01
2.906999999999998474e-01
2.043000000000000926e-01
2.237000000000000099e-01
