1.865999999999999881e-01
2.365999999999999770e-01
1.929000000000000159e-01
3.878000000000000336e-01
2.026999999999999913e-01
2.375999999999999779e-01
1.935000000000000331e-01
4.497999999999999776e-01
4.371999999999999775e-01
4.930999999999999828e-01
4.513000000000000900e-01
4.954999999999999960e-01
3.778000000000000247e-01
2.386000000000000343e-01
2.133999999999999786e-01
3.732999999999999652e-01
4.768999999999999906e-01
2.876000000000000778e-01
4.513000000000000345e-01
3.941999999999999948e-01
6.795999999999999819e-01
5.267999999999999350e-01
4.761999999999999567e-01
3.314000000000000279e-01
4.325000000000000511e-01
5.719000000000000750e-01
4.616000000000000103e-01
6.927999999999998604e-01
5.492000000000000215e-01
6.303999999999998494e-01
6.137999999999999012e-01
4.091000000000000192e-01
1.144999999999999907e-01
3.053000000000000158e-01
9.940000000000001612e-02
1.824999999999999678e-01
4.517999999999999794e-01
1.678000000000000047e-01
8.300000000000001821e-02
1.914999999999999480e-01
1.525999999999999579e-01
3.167999999999999705e-01
2.539000000000000701e-01
3.997999999999999887e-01
1.355599999999999916e+00
9.241000000000001435e-01
1.422700000000000076e+00
7.067999999999999838e-01
1.996999999999999054e-01
8.694999999999998286e-01
5.779000000000000803e-01
1.389999999999999847e-01
2.419000000000000039e-01
1.107899999999999885e+00
5.115999999999999437e-01
5.812999999999999279e-01
2.582999999999999741e-01
2.873000000000000553e-01
2.768999999999999795e-01
1.820999999999999841e-01
2.745999999999999552e-01
2.331999999999999629e-01
2.748999999999999222e-01
1.853999999999999537e-01
4.359000000000000652e-01
3.760999999999999344e-01
8.009000000000000563e-01
4.648000000000001020e-01
1.035699999999999843e+00
5.434999999999999831e-01
2.775999999999999579e-01
3.297999999999999821e-01
1.600999999999999368e-01
2.149000000000000077e-01
2.210000000000000853e-01
1.598000000000000809e-01
3.084000000000000075e-01
2.136000000000000398e-01
3.488999999999999879e-01
1.909000000000000696e-01
2.572999999999999732e-01
1.682000000000000439e-01
3.795999999999999375e-01
2.296000000000000263e-01
2.141999999999998905e-01
4.443000000000000282e-01
6.850000000000000533e-01
3.001000000000000334e-01
5.098999999999999089e-01
1.709999999999999576e-01
1.756000000000000616e-01
3.423999999999999821e-01
2.892999999999999461e-01
3.018999999999998352e-01
2.753999999999999782e-01
1.612000000000000099e-01
3.544999999999999818e-01
3.228999999999999093e-01
1.992000000000000715e-01
2.267999999999999183e-01
2.844000000000000417e-01
1.327599999999999891e+00
1.427699999999999747e+00
8.933000000000000940e-01
1.070500000000000229e+00
5.879999999999998561e-01
6.411999999999999922e-01
3.789000000000000146e-01
5.252999999999998781e-01
1.387000000000000455e-01
2.758999999999999786e-01
3.707999999999999630e-01
3.951999999999999957e-01
3.006999999999999673e-01
1.624000000000000721e-01
1.764999999999999625e-01
3.790000000000007252e-02
1.242999999999999383e-01
2.134000000000000341e-01
1.942999999999998617e-01
3.123999999999999000e-01
3.023999999999999466e-01
1.685999999999999721e-01
2.236000000000000487e-01
3.432000000000001161e-01
1.197999999999999343e-01
1.970999999999999974e-01
1.640000000000000069e-01
1.505999999999999006e-01
2.756999999999999451e-01
2.013999999999998847e-01
7.359999999999995712e-02
1.991999999999999049e-01
1.959999999999999243e-01
2.359000000000000541e-01
2.999999999999999889e-01
3.164000000000001256e-01
8.790000000000014468e-02
3.239000000000000767e-01
3.146000000000001018e-01
2.558000000000001384e-01
4.517999999999999794e-01
7.869999999999993667e-02
2.188999999999999280e-01
7.139000000000000901e-01
3.333999999999999186e-01
6.223000000000000753e-01
2.739999999999999658e-01
8.909999999999990150e-02
3.460999999999998522e-01
5.937999999999999945e-01
4.057999999999998275e-01
4.308999999999999497e-01
1.355000000000000093e-01
2.257999999999998342e-01
6.793999999999998929e-01
2.903999999999998805e-01
6.870000000000000551e-01
4.183000000000000607e-01
4.167000000000001259e-01
4.799999999999998712e-01
2.553000000000000269e-01
3.548999999999999377e-01
5.467000000000000748e-01
5.413000000000001144e-01
4.136000000000000232e-01
3.109000000000000652e-01
8.785999999999999366e-01
7.144999999999999130e-01
6.096000000000000307e-01
1.105500000000000149e+00
9.733999999999999320e-01
5.659999999999998366e-01
1.338399999999999812e+00
4.543999999999998041e-01
6.301000000000001044e-01
4.929999999999999938e-01
2.595899999999999874e+00
7.577599999999998559e+00
3.294599999999999085e+00
2.959800000000000431e+00
2.285999999999999588e+00
1.193999999999999950e+00
1.982000000000000206e+00
2.876500000000000057e+00
1.165699999999999736e+00
9.071000000000000174e-01
2.127899999999999903e+00
1.514100000000000223e+00
1.940500000000000336e+00
1.507900000000000018e+00
6.597000000000002862e-01
1.057899999999999840e+00
6.738000000000001766e-01
2.556999999999999829e-01
5.579000000000000625e-01
8.140000000000001679e-01
2.952999999999999514e-01
1.863199999999999967e+00
2.487400000000000055e+00
2.567999999999999616e+00
2.338700000000000223e+00
3.254200000000000426e+00
3.720699999999999896e+00
5.141599999999999504e+00
2.764000000000000234e+00
1.288600000000000190e+00
2.636000000000000121e+00
2.548799999999999955e+00
2.109799999999999898e+00
1.589700000000000335e+00
1.068300000000000693e+00
8.005999999999998673e-01
5.021099999999999675e+00
4.170399999999999885e+00
1.899900000000000144e+00
9.778999999999997694e-01
6.055000000000003713e-01
5.179000000000001380e-01
9.153999999999999915e-01
9.470999999999996088e-01
6.428999999999995829e-01
4.052000000000002267e-01
2.328999999999998294e-01
2.850000000000000866e-01
2.507499999999999840e+00
5.323800000000000310e+00
5.906900000000000261e+00
6.410000000000000142e+00
4.213800000000000878e+00
3.296999999999999709e+00
1.476300000000000168e+00
6.258999999999999009e-01
4.685000000000003051e-01
1.802000000000003044e-01
4.472999999999998089e-01
9.083999999999999853e-01
5.966000000000002412e-01
3.411999999999997812e-01
3.491999999999999993e+00
2.115099999999999980e+00
3.602000000000000313e+00
2.915600000000000414e+00
1.416199999999999903e+00
6.271599999999999397e+00
2.142799999999999816e+00
3.238699999999999690e+00
2.343899999999999650e+00
7.763000000000001011e-01
1.446199999999999708e+00
3.428900000000000503e+00
1.239700000000000024e+00
5.255999999999996231e-01
2.002700000000000369e+00
1.701600000000000446e+00
2.518799999999999706e+00
1.651599999999999957e+00
7.431999999999994166e-01
1.901699999999999502e+00
2.339000000000000412e+00
1.237400000000000055e+00
1.743099999999999428e+00
1.858099999999999863e+00
2.047499999999999876e+00
3.303499999999999659e+00
2.925000000000000711e+00
1.876299999999999635e+00
5.213000000000005407e-01
1.334900000000000198e+00
3.200999999999995516e-01
3.540999999999995262e-01
2.031000000000005024e-01
2.155000000000000526e-01
3.907000000000000473e-01
1.368000000000007266e-01
3.844000000000002970e-01
3.185999999999999388e-01
3.355999999999996763e-01
2.539999999999996150e-01
3.040000000000002700e-01
4.312999999999999057e-01
2.222999999999997756e-01
3.735999999999998211e-01
5.821000000000000618e-01
2.147999999999998522e-01
3.497000000000004549e-01
4.989999999999994440e-01
2.627999999999994785e-01
4.618999999999999773e-01
4.409000000000002362e-01
3.278999999999997472e-01
2.115999999999998715e-01
2.613000000000000878e-01
1.616999999999996773e-01
1.341999999999997362e-01
2.922000000000003483e-01
2.991999999999997994e-01
3.065000000000002722e-01
4.454999999999993965e-01
6.255999999999994898e-01
4.097000000000005082e-01
5.661999999999997035e-01
1.159399999999999764e+00
3.592000000000006299e-01
2.416999999999998872e-01
3.429999999999999161e-01
4.834999999999999853e-01
5.788000000000002032e-01
3.622999999999998444e-01
3.019999999999997131e-01
5.210999999999992305e-01
5.161000000000008914e-01
4.052999999999999936e-01
5.622000000000002551e-01
2.206000000000002403e-01
1.335000000000002851e-01
9.299999999999922218e-02
1.387999999999994793e-01
1.500999999999999557e-01
2.490999999999992665e-01
6.540000000000020797e-02
2.569999999999998397e-01
1.759000000000000563e-01
9.320000000000024099e-02
1.370999999999994445e-01
1.972000000000003750e-01
1.684000000000005215e-01
1.284999999999994480e-01
1.870999999999997943e-01
1.795000000000002982e-01
1.779999999999999916e-01
1.916000000000005477e-01
2.524000000000001243e-01
9.800000000000064215e-02
1.577000000000001734e-01
2.850000000000008638e-01
3.753999999999996229e-01
8.115000000000003322e-01
1.962000000000003186e-01
4.851999999999995206e-01
2.893000000000005012e-01
3.385999999999998455e-01
6.779000000000002801e-01
2.050000000000003764e-01
9.151999999999997915e-01
8.377999999999997671e-01
2.345000000000006524e-01
1.859999999999994991e-01
3.603000000000002867e-01
5.510999999999994792e-01
5.122000000000002107e-01
8.122999999999996890e-01
1.076099999999999390e+00
4.448999999999997401e-01
5.232999999999997653e-01
2.050000000000000711e-01
9.609999999999926934e-02
4.625999999999999002e-01
2.491999999999995330e-01
3.358000000000000984e-01
6.206999999999996964e-01
6.628999999999997117e-01
4.537000000000001032e-01
3.775999999999995471e-01
4.017000000000006676e-01
4.158999999999998809e-01
6.324000000000004063e-01
2.592999999999999750e-01
1.343000000000004190e-01
5.837999999999999856e-01
3.083999999999997854e-01
3.101000000000001533e-01
6.831999999999999185e-01
2.188999999999999835e-01
4.743000000000002214e-01
3.138000000000000789e-01
1.770000000000002960e-01
2.778000000000001579e-01
3.400999999999996803e-01
2.762000000000004452e-01
2.973999999999999977e-01
1.598999999999994870e-01
2.169000000000000372e-01
3.608999999999998876e-01
2.186000000000002386e-01
3.336999999999993305e-01
1.886000000000002674e-01
2.252999999999997505e-01
7.685000000000001830e-01
2.311999999999998501e-01
4.899999999999997136e-01
2.543999999999998485e-01
7.264000000000002677e-01
4.804999999999997051e-01
6.542999999999998817e-01
4.033999999999998698e-01
9.267999999999997351e-01
6.069000000000001060e-01
9.160000000000001474e-01
3.610999999999994770e-01
2.093000000000001526e-01
3.472000000000005082e-01
7.527999999999998026e-01
3.212000000000004851e-01
3.603000000000003977e-01
6.115999999999995884e-01
2.976000000000003642e-01
3.515000000000003677e-01
5.315000000000000835e-01
3.629999999999996008e-01
4.443000000000000838e-01
3.582999999999994523e-01
2.875999999999999668e-01
3.883999999999995234e-01
1.567000000000000060e-01
3.058999999999998387e-01
1.010999999999999538e-01
2.332000000000000461e-01
1.657999999999998364e-01
1.481999999999999429e-01
1.395999999999998908e-01
4.093000000000001082e-01
3.389999999999997460e-01
7.600000000000035894e-02
3.450000000000004730e-01
2.441000000000000947e-01
1.597000000000004527e-01
2.252999999999997505e-01
1.551999999999997548e-01
2.781000000000004579e-01
1.231999999999993378e-01
2.167999999999994376e-01
4.278000000000004022e-01
3.378000000000004333e-01
2.520000000000002238e-01
3.782000000000002027e-01
7.277999999999998915e-01
4.633999999999994235e-01
6.209000000000002295e-01
7.756000000000000671e-01
4.290000000000000480e-01
1.018300000000000205e+00
2.859999999999995879e-01
4.935000000000003273e-01
2.158999999999999253e-01
1.686999999999993782e-01
7.233999999999994879e-01
9.998999999999997890e-01
1.690999999999995007e-01
4.000999999999995671e-01
6.387999999999997014e-01
3.418000000000002148e-01
5.769999999999989582e-01
9.666000000000005699e-01
3.272999999999995357e-01
3.918999999999999706e-01
6.187999999999999057e-01
2.189999999999996394e-01
3.811000000000000498e-01
3.055000000000003824e-01
2.676000000000005041e-01
1.423000000000000931e-01
1.591000000000000747e-01
1.432999999999998997e-01
2.675000000000001821e-01
1.848999999999998700e-01
1.191999999999995286e-01
2.061999999999993005e-01
2.273000000000000576e-01
1.859000000000004260e-01
4.847000000000001863e-01
2.591000000000003300e-01
2.107000000000003037e-01
1.070000000000003726e-01
1.709999999999994025e-01
2.789999999999999702e-01
3.045999999999997598e-01
2.464000000000000912e-01
2.373999999999995558e-01
1.726000000000005030e-01
9.920000000000007978e-02
2.825000000000005840e-01
3.154999999999991700e-01
2.301999999999997382e-01
3.661999999999993594e-01
1.903000000000001635e-01
8.800000000000048062e-02
1.717000000000006854e-01
4.220000000000000417e-01
3.511000000000000787e-01
3.527000000000007907e-01
2.579999999999992299e-01
1.071000000000003338e-01
1.026000000000000939e-01
2.649999999999998468e-01
2.933999999999996611e-01
1.737999999999997880e-01
3.307000000000002160e-01
1.927999999999998604e-01
9.570000000000050688e-02
8.475000000000005862e-01
3.120999999999999885e-01
3.158000000000006913e-01
5.026999999999999247e-01
1.139000000000002233e-01
2.707999999999996521e-01
1.758000000000000118e-01
3.364999999999999103e-01
3.117999999999995220e-01
1.898000000000003573e-01
3.724999999999998312e-01
3.684000000000007269e-01
2.078999999999997517e-01
4.504000000000003556e-01
4.041999999999993931e-01
3.625000000000005440e-01
3.754000000000000670e-01
4.383000000000001339e-01
2.523999999999999022e-01
3.447000000000003395e-01
1.937999999999994727e-01
2.806999999999998385e-01
1.622000000000000108e-01
2.063000000000000389e-01
2.127000000000002777e-01
1.409999999999999309e-01
7.020000000000004015e-02
2.527000000000007018e-01
5.872999999999997112e-01
3.423999999999999266e-01
3.445000000000002505e-01
2.361000000000002541e-01
2.391000000000003678e-01
2.768999999999995909e-01
1.135999999999992571e-01
3.715000000000003300e-01
3.321999999999999398e-01
2.836000000000005183e-01
3.000999999999999224e-01
1.480000000000001315e-01
7.665999999999996151e-01
9.819999999999935725e-02
3.611000000000001431e-01
2.796000000000007368e-01
6.453000000000000957e-01
5.888000000000003231e-01
3.594999999999995977e-01
7.269999999999999796e-01
4.563000000000000389e-01
1.596999999999997866e-01
4.298000000000000709e-01
3.462999999999999412e-01
3.427000000000003932e-01
3.173000000000000265e-01
2.465000000000004687e-01
6.153999999999995030e-01
2.542000000000005366e-01
6.218999999999997863e-01
3.381999999999997231e-01
6.800000000000036571e-02
6.972999999999995868e-01
3.661999999999996369e-01
5.739999999999992886e-01
3.095000000000002194e-01
7.579999999999953442e-02
4.201000000000001400e-01
3.770999999999999908e-01
3.936999999999997168e-01
4.130000000000009219e-01
1.405999999999990868e-01
2.340999999999996695e-01
4.099000000000000421e-01
2.868000000000001104e-01
4.169999999999998708e-01
1.711000000000006127e-01
1.619000000000003492e-01
5.320000000000003615e-01
4.292999999999995153e-01
6.268999999999993467e-01
2.043000000000006200e-01
4.336000000000003740e-01
4.328000000000000735e-01
4.855000000000000426e-01
4.020999999999999019e-01
2.310999999999997223e-01
2.420000000000005203e-01
5.386000000000000787e-01
7.095000000000001306e-01
3.015999999999999792e-01
6.791000000000004810e-01
2.108999999999998376e-01
4.159000000000001585e-01
6.858000000000000762e-01
5.748000000000003107e-01
4.112000000000001210e-01
4.441000000000000503e-01
7.532000000000003137e-01
5.460000000000005960e-01
3.928000000000000380e-01
2.120999999999995667e-01
4.420999999999994934e-01
6.384999999999998455e-01
3.158000000000000806e-01
6.399999999999992362e-01
2.658999999999991370e-01
3.723000000000003529e-01
4.640000000000001901e-01
4.849999999999998201e-01
4.322000000000005837e-01
2.568000000000002503e-01
4.323000000000003507e-01
7.427000000000003599e-01
4.979000000000005643e-01
5.846000000000003416e-01
1.991999999999996829e-01
6.375000000000000666e-01
7.557000000000001494e-01
5.147999999999999243e-01
5.575000000000005507e-01
2.215999999999998249e-01
7.571999999999997621e-01
7.256000000000004668e-01
1.320999999999998842e-01
8.821000000000003283e-01
3.160999999999994925e-01
1.742000000000008264e-01
5.414000000000001034e-01
6.342000000000000970e-01
7.546000000000001595e-01
4.373999999999997335e-01
3.249999999999998446e-01
5.872999999999999332e-01
9.317000000000001947e-01
3.307999999999992058e-01
6.253999999999994008e-01
5.362000000000004540e-01
2.434000000000000052e-01
5.253000000000005443e-01
7.415000000000002700e-01
4.068000000000001615e-01
6.810000000000004938e-01
2.883999999999999897e-01
1.251000000000003221e-01
7.172000000000000597e-01
6.196000000000004837e-01
6.204999999999999405e-01
3.717000000000004190e-01
1.882999999999997176e-01
5.390999999999999126e-01
6.748000000000000664e-01
6.649999999999997025e-01
4.412000000000005362e-01
1.499999999999996336e-01
5.654999999999998916e-01
5.467000000000001858e-01
6.484000000000000874e-01
3.752000000000000890e-01
7.579999999999979809e-02
4.297000000000000264e-01
6.864000000000005652e-01
8.037999999999998479e-01
4.543000000000001481e-01
1.938999999999997947e-01
3.906999999999993811e-01
9.034000000000004249e-01
5.310000000000001386e-01
4.039000000000002033e-01
6.146999999999999131e-01
4.152999999999998915e-01
1.112400000000000055e+00
7.458000000000000185e-01
2.268999999999996575e-01
3.657999999999997920e-01
3.199000000000003507e-01
1.060200000000000031e+00
8.171000000000007146e-01
6.356999999999994877e-01
1.198999999999992017e-01
1.173200000000000465e+00
3.446999999999993403e-01
9.601999999999993873e-01
3.803999999999996273e-01
1.667000000000001259e-01
8.919000000000003592e-01
5.141999999999997684e-01
3.886999999999994349e-01
1.708600000000000785e+00
6.895999999999997687e-01
3.917000000000000481e-01
7.590000000000000080e-01
6.027000000000000135e-01
6.421000000000003372e-01
6.820999999999997065e-01
3.032000000000002471e-01
9.175999999999995271e-01
5.136000000000002785e-01
4.718000000000004412e-01
7.542999999999996374e-01
3.836000000000002186e-01
1.842999999999999639e-01
9.367000000000004212e-01
4.697000000000002840e-01
9.011000000000007892e-01
4.853999999999994985e-01
3.946000000000002839e-01
6.786000000000003141e-01
3.106000000000004313e-01
4.525000000000006239e-01
2.096999999999999420e-01
2.069999999999991569e-01
4.632999999999993235e-01
1.731999999999992712e-01
1.199000000000000621e-01
8.450999999999995183e-01
5.675000000000000044e-01
5.060999999999997723e-01
8.589999999999995417e-01
3.523999999999993249e-01
3.273000000000004794e-01
1.954999999999998961e-01
2.989000000000005541e-01
8.581000000000000849e-01
6.263000000000000789e-01
2.944999999999999840e-01
2.351000000000003642e-01
3.619999999999997109e-01
1.504000000000001447e-01
2.043999999999997486e-01
2.550999999999998824e-01
1.236000000000005428e-01
1.522899999999999476e+00
5.845000000000000195e-01
4.328000000000000735e-01
1.884299999999999642e+00
3.493000000000004990e-01
5.333599999999999675e+00
6.394000000000007455e-01
1.466999999999999638e+00
1.501299999999998525e+00
1.992000000000000437e+00
9.555000000000006821e-01
4.623999999999992561e-01
4.054000000000004267e-01
2.954999999999994853e-01
4.892000000000003568e-01
6.437999999999995948e-01
3.149000000000000687e-01
3.447000000000003950e-01
2.543000000000001370e-01
3.516999999999998461e-01
1.485999999999992882e-01
5.747000000000005437e-01
5.177999999999995939e-01
7.985000000000002096e-01
1.076399999999999801e+00
1.070700000000000429e+00
6.958999999999996300e-01
2.294200000000000017e+00
1.550300000000000455e+00
1.377499999999999503e+00
6.447000000000004949e-01
8.544999999999999263e-01
4.748000000000004439e-01
4.439999999999995062e-01
8.150999999999992696e-01
2.570000000000008944e-01
1.831000000000000683e-01
3.033000000000005136e-01
1.878999999999999004e-01
4.601000000000002865e-01
3.855999999999994432e-01
2.230000000000006422e-01
3.633000000000003449e-01
2.938999999999994395e-01
4.717000000000000082e-01
4.226000000000001977e-01
2.152999999999996583e-01
1.174000000000000599e-01
1.011999999999993460e-01
3.007999999999998453e-01
4.159000000000000474e-01
1.205999999999996519e-01
3.047000000000001929e-01
3.156999999999998696e-01
1.747999999999999277e-01
2.935000000000003162e-01
3.420000000000005258e-01
2.718999999999988648e-01
4.270999999999998686e-01
1.822999999999993792e-01
1.091000000000001968e-01
3.778999999999996806e-01
3.881000000000002226e-01
1.757999999999999285e-01
2.591999999999996529e-01
5.745000000000004547e-01
4.264999999999998792e-01
6.564999999999998614e-01
5.133000000000000895e-01
2.896000000000005237e-01
4.396000000000004349e-01
2.495000000000004714e-01
2.050999999999998935e-01
3.798000000000001375e-01
2.620000000000000107e-01
2.406999999999996087e-01
2.232999999999998875e-01
1.766000000000002568e-01
1.640000000000004510e-01
2.520999999999992136e-01
4.086000000000000743e-01
3.617999999999995664e-01
1.760000000000005449e-01
1.218000000000000332e-01
3.370000000000007989e-01
2.593999999999998529e-01
2.664000000000000812e-01
2.539999999999996705e-01
1.557000000000006157e-01
2.692999999999997618e-01
4.751999999999999003e-01
2.262000000000004563e-01
2.058000000000006491e-01
4.543999999999995820e-01
2.390999999999999237e-01
1.552000000000004210e-01
3.754000000000001225e-01
4.384000000000000119e-01
1.831000000000002348e-01
6.566999999999996174e-01
1.905999999999997974e-01
4.057000000000002826e-01
2.879999999999997007e-01
4.280999999999997030e-01
2.853000000000005532e-01
1.177999999999990999e-01
3.066999999999993065e-01
3.532000000000003470e-01
2.266999999999996795e-01
2.984000000000004427e-01
1.438000000000002332e-01
1.785000000000004083e-01
3.619999999999994333e-01
6.281999999999995365e-01
1.097799999999999665e+00
6.249000000000000110e-01
4.814999999999995950e-01
5.353000000000005532e-01
1.019100000000000783e+00
5.407999999999992813e-01
1.773000000000001242e-01
2.692999999999992067e-01
7.362000000000002986e-01
4.300999999999997048e-01
4.728999999999995985e-01
6.972999999999998089e-01
4.632000000000004447e-01
3.110000000000004428e-01
8.762999999999997458e-01
3.518000000000000571e-01
8.343000000000000416e-01
2.757999999999997676e-01
3.700000000000001621e-01
1.954999999999995075e-01
3.753000000000006886e-01
2.315000000000000113e-01
6.737000000000005207e-01
3.906999999999996032e-01
2.784000000000003139e-01
4.537999999999997591e-01
2.084000000000005293e-01
4.133000000000004448e-01
7.704999999999995186e-01
1.564000000000002333e-01
4.904999999999999916e-01
4.976000000000005419e-01
2.607000000000002649e-01
2.763000000000004341e-01
3.527000000000004021e-01
2.788000000000006029e-01
4.983999999999992880e-01
3.046000000000000374e-01
2.190000000000005276e-01
2.839000000000002077e-01
6.061000000000001942e-01
3.825999999999996071e-01
6.232999999999999652e-01
5.111000000000001098e-01
3.216999999999995419e-01
5.005999999999999339e-01
8.588999999999999968e-01
2.852000000000004531e-01
5.952999999999996072e-01
2.510000000000000564e-01
2.414000000000000035e-01
9.158999999999996033e-01
9.291000000000005921e-01
8.715000000000004965e-01
5.611999999999993660e-01
1.211000000000007348e-01
6.865000000000007763e-01
5.574999999999999956e-01
7.837000000000005073e-01
5.364999999999998659e-01
2.392000000000002458e-01
6.282000000000004247e-01
9.409000000000001807e-01
7.625000000000005107e-01
6.382999999999995344e-01
2.326999999999997404e-01
2.565999999999997727e-01
9.188999999999997170e-01
4.602999999999995429e-01
7.798000000000002707e-01
3.115999999999995995e-01
6.052999999999999492e-01
1.317800000000000082e+00
8.361000000000005095e-01
8.448000000000001064e-01
1.545999999999998209e-01
2.526999999999995916e-01
2.022999999999999798e-01
4.402999999999998582e-01
2.342999999999995642e-01
1.941999999999997895e-01
8.221999999999997089e-01
3.834999999999999520e-01
6.299999999999998934e-01
3.880999999999995564e-01
3.768000000000001348e-01
1.267999999999999405e-01
6.224999999999992761e-01
4.052999999999996605e-01
2.641999999999997129e-01
2.727000000000002755e-01
2.519000000000004569e-01
2.561999999999998168e-01
2.861000000000004651e-01
3.446999999999993403e-01
1.325999999999998569e-01
3.588999999999993307e-01
1.897000000000005349e-01
2.105999999999994821e-01
9.749999999999961475e-02
3.164999999999991709e-01
1.219999999999999418e-01
