1.518000000000000183e-01
3.059999999999998832e-02
8.499999999999999223e-02
7.710000000000000187e-02
1.507999999999999896e-01
3.389999999999999680e-01
1.297999999999999710e-01
1.743999999999999995e-01
4.236999999999999655e-01
2.560999999999999943e-01
2.339999999999999858e-01
3.554000000000000492e-01
1.153999999999999887e-01
7.209999999999999742e-02
8.930000000000001825e-02
5.450000000000000677e-02
5.899999999999999689e-02
1.905999999999999917e-01
1.353999999999999926e-01
1.131999999999999951e-01
1.759000000000000008e-01
1.063000000000000056e-01
9.380000000000000837e-02
1.575999999999999901e-01
1.340999999999999970e-01
1.795999999999999819e-01
5.990000000000000185e-02
7.840000000000002522e-02
8.549999999999999267e-02
7.380000000000000449e-02
2.486000000000000432e-01
2.263999999999999901e-01
2.358999999999999986e-01
1.462999999999999856e-01
1.368999999999999939e-01
3.029000000000000026e-01
6.080000000000000682e-02
1.328999999999999904e-01
1.542000000000000037e-01
7.390000000000000735e-02
1.587999999999999967e-01
1.556000000000000161e-01
2.945999999999999730e-01
1.370000000000000107e-01
4.739999999999999769e-02
7.879999999999998117e-02
1.413000000000000089e-01
2.429999999999999938e-01
1.163000000000000145e-01
8.899999999999999578e-02
1.047000000000000014e-01
3.679999999999999938e-02
1.051999999999999880e-01
9.030000000000001914e-02
2.182999999999999940e-01
9.640000000000001346e-02
1.202000000000000013e-01
2.074999999999999900e-01
6.719999999999998197e-02
6.619999999999999496e-02
3.286000000000000032e-01
1.698999999999999955e-01
7.589999999999999525e-02
5.640000000000000568e-02
9.499999999999998723e-02
2.165000000000000258e-01
7.850000000000001421e-02
1.423999999999999710e-01
1.406000000000000028e-01
1.688999999999999946e-01
1.146000000000000074e-01
2.140000000000000235e-01
8.770000000000000018e-02
1.393000000000000071e-01
1.554999999999999716e-01
1.809000000000000052e-01
5.569999999999998563e-02
1.086000000000000021e-01
2.156000000000000139e-01
9.629999999999999671e-02
2.268999999999999906e-01
8.010000000000001841e-02
8.900000000000000966e-02
1.396000000000000019e-01
1.378999999999999948e-01
1.265000000000000013e-01
7.550000000000001155e-02
6.439999999999998503e-02
2.812999999999999945e-01
1.307000000000000106e-01
7.770000000000001905e-02
6.509999999999999121e-02
1.190999999999999975e-01
5.819999999999999479e-02
1.208999999999999936e-01
9.070000000000000284e-02
1.162000000000000116e-01
7.509999999999998621e-02
7.150000000000002187e-02
8.919999999999997375e-02
4.299999999999999656e-02
1.328000000000000014e-01
1.617999999999999994e-01
1.092999999999999944e-01
2.289999999999999813e-01
1.413999999999999979e-01
2.840000000000000302e-01
1.070000000000000118e-01
1.292000000000000370e-01
2.575999999999999401e-01
1.872000000000000330e-01
9.349999999999998590e-02
2.457000000000000017e-01
2.137999999999999901e-01
1.474999999999999922e-01
9.710000000000001963e-02
7.570000000000001728e-02
1.037000000000000144e-01
1.046999999999999875e-01
1.522000000000000020e-01
5.579999999999999544e-02
1.026999999999999996e-01
1.127999999999999975e-01
4.870000000000000023e-02
2.740000000000001115e-02
8.460000000000000853e-02
7.459999999999998577e-02
6.049999999999999822e-02
1.215999999999999859e-01
9.219999999999996254e-02
9.950000000000000511e-02
6.429999999999999605e-02
5.479999999999999455e-02
2.459999999999999687e-01
7.669999999999996265e-02
5.859999999999999931e-02
2.394000000000000017e-01
2.419000000000000039e-01
9.319999999999999118e-02
2.175000000000000266e-01
2.560000000000000053e-01
7.119999999999998552e-02
2.215000000000000302e-01
2.393999999999999739e-01
2.249999999999999778e-01
1.850999999999999868e-01
2.278000000000000025e-01
7.279999999999998972e-02
7.389999999999997959e-02
2.460000000000000728e-02
9.769999999999999518e-02
6.700000000000000400e-02
6.209999999999998854e-02
9.129999999999997840e-02
8.270000000000005125e-02
1.909000000000000141e-01
7.120000000000002716e-02
3.839999999999997582e-02
9.639999999999997182e-02
2.444999999999999951e-01
5.289999999999999564e-02
1.026999999999999302e-01
2.801999999999998936e-01
4.469999999999999668e-02
7.289999999999997871e-02
8.649999999999995193e-02
2.988999999999999435e-01
1.422999999999999821e-01
6.500000000000005773e-02
1.915000000000000036e-01
1.308000000000000551e-01
6.289999999999999758e-02
6.580000000000002514e-02
1.869000000000000106e-01
1.115999999999999770e-01
2.040000000000000424e-01
2.765000000000000790e-01
1.455999999999999517e-01
4.620000000000000495e-02
5.389999999999996183e-02
6.480000000000005200e-02
8.700000000000002176e-02
4.070000000000001394e-02
3.320000000000003504e-02
1.543000000000000205e-01
4.220000000000003609e-02
1.953999999999999904e-01
7.639999999999999569e-02
3.200000000000001454e-02
4.539999999999995428e-02
9.450000000000005618e-02
2.115000000000000213e-01
6.090000000000003050e-02
1.191999999999999865e-01
2.093999999999999750e-01
1.732000000000000206e-01
9.720000000000003637e-02
5.200000000000001149e-02
1.119000000000000272e-01
1.444999999999999618e-01
9.920000000000003815e-02
9.700000000000007228e-02
7.880000000000003668e-02
2.975000000000000422e-01
1.162999999999999867e-01
7.789999999999995539e-02
2.169999999999998319e-02
1.554000000000000103e-01
1.358000000000000318e-01
6.839999999999994695e-02
6.170000000000006729e-02
5.809999999999997111e-02
3.869999999999998441e-02
1.090999999999999748e-01
1.012000000000000260e-01
1.179000000000000048e-01
6.039999999999999536e-02
6.940000000000001723e-02
1.156999999999999834e-01
8.039999999999999925e-02
1.323000000000000009e-01
3.539999999999997315e-02
1.300000000000000044e-01
1.015999999999999959e-01
1.432999999999999829e-01
1.435000000000000164e-01
2.884999999999999787e-01
4.390000000000002234e-02
6.299999999999998657e-02
8.459999999999998077e-02
1.326999999999999846e-01
4.150000000000001604e-02
9.360000000000004428e-02
1.708999999999999964e-01
1.566000000000000447e-01
1.112000000000000210e-01
9.300000000000001321e-02
1.837000000000000022e-01
9.840000000000002911e-02
2.989999999999999880e-01
1.264999999999999458e-01
1.012999999999999595e-01
1.000000000000000333e-01
3.957999999999999852e-01
1.529999999999999694e-01
8.530000000000002858e-02
1.550000000000000544e-01
2.470999999999999863e-01
5.360000000000000875e-02
1.200999999999999568e-01
3.364999999999999658e-01
1.229999999999999843e-01
4.160000000000003972e-02
1.592000000000000082e-01
1.243999999999999967e-01
4.120000000000004214e-02
1.089999999999999719e-01
6.579999999999998350e-02
1.285000000000000031e-01
7.589999999999999525e-02
1.387000000000000455e-01
2.057000000000000495e-01
2.475999999999999590e-01
7.589999999999996749e-02
4.910000000000002557e-02
1.395000000000000129e-01
1.393999999999999684e-01
5.530000000000000193e-02
9.330000000000002180e-02
2.449000000000000343e-01
2.467000000000000026e-01
2.529000000000000692e-01
1.026000000000000106e-01
9.859999999999999321e-02
1.370999999999999719e-01
2.457000000000000017e-01
6.679999999999999827e-02
7.410000000000002696e-02
2.463999999999999524e-01
8.699999999999996625e-02
8.589999999999997637e-02
6.439999999999999891e-02
1.239999999999999991e-01
1.285000000000000031e-01
1.187000000000000277e-01
2.767999999999999905e-01
1.077999999999999792e-01
9.549999999999998768e-02
1.110000000000000014e-01
7.339999999999997915e-02
9.540000000000002645e-02
3.219999999999998558e-02
7.740000000000001046e-02
2.190000000000002014e-02
4.209999999999998466e-02
1.178999999999999909e-01
2.006000000000000005e-01
8.060000000000003273e-02
1.579999999999999113e-02
1.981999999999999873e-01
4.659999999999999559e-02
5.439999999999997615e-02
1.091999999999999638e-01
1.353000000000000591e-01
1.363999999999999657e-01
1.000999999999999945e-01
1.831999999999999740e-01
2.892000000000000126e-01
1.487999999999999878e-01
4.329999999999998433e-02
1.680999999999999717e-01
1.691999999999999893e-01
1.900999999999999635e-01
2.542000000000000370e-01
8.139999999999998626e-02
2.507000000000000339e-01
6.280000000000000859e-02
1.228999999999999676e-01
4.347999999999999643e-01
2.588999999999999080e-01
3.759000000000000119e-01
3.170999999999999930e-01
8.820000000000001450e-02
1.995000000000000107e-01
1.724999999999999867e-01
8.270000000000002349e-02
8.229999999999998428e-02
5.589999999999997748e-02
3.259999999999996928e-02
8.820000000000002838e-02
1.178999999999999493e-01
1.133999999999999175e-01
2.247999999999999998e-01
2.770000000000000240e-01
1.830000000000000238e-01
1.055000000000000104e-01
2.840999999999999637e-01
5.909999999999998588e-02
8.929999999999999050e-02
1.373999999999999666e-01
1.418999999999999984e-01
1.349000000000000199e-01
8.820000000000002838e-02
9.460000000000001741e-02
2.245999999999999941e-01
6.389999999999998459e-02
9.909999999999996589e-02
1.221000000000000418e-01
5.600000000000001504e-02
1.324000000000000177e-01
1.021999999999999992e-01
1.136999999999999678e-01
2.479999999999997831e-02
5.629999999999995425e-02
5.850000000000001033e-02
1.384000000000000230e-01
1.149999999999999911e-01
2.152999999999999914e-01
1.251000000000000167e-01
1.766000000000000347e-01
2.195999999999999897e-01
1.367000000000000159e-01
8.459999999999995302e-02
6.910000000000002252e-02
1.675999999999999435e-01
1.226000000000000145e-01
6.389999999999999847e-02
3.409999999999999143e-02
6.039999999999998148e-02
2.808000000000000496e-01
1.406000000000000028e-01
6.140000000000004482e-02
9.659999999999997755e-02
1.465999999999999526e-01
1.166000000000000369e-01
5.109999999999995796e-02
6.510000000000006060e-02
7.570000000000003115e-02
5.859999999999993686e-02
8.429999999999998606e-02
1.312000000000000111e-01
1.531999999999999751e-01
1.600000000000000727e-02
5.859999999999998543e-02
1.444000000000000006e-01
9.879999999999999893e-02
5.530000000000000193e-02
1.895999999999999908e-01
1.733999999999999708e-01
1.857999999999999652e-01
6.339999999999997027e-02
4.067000000000000615e-01
6.759999999999997955e-02
8.590000000000004576e-02
9.340000000000001079e-02
2.064999999999999891e-01
1.773999999999999466e-01
6.560000000000004716e-02
2.533999999999999586e-01
1.275999999999999912e-01
4.040000000000000535e-02
7.719999999999999085e-02
1.197000000000000008e-01
1.268000000000000238e-01
4.579999999999997962e-02
1.111999999999999933e-01
1.009999999999999926e-01
1.531999999999999196e-01
7.580000000000000626e-02
6.649999999999997580e-02
5.282999999999999918e-01
1.577000000000000624e-01
3.091999999999999194e-01
1.072999999999999649e-01
1.707999999999999796e-01
2.140000000000000513e-01
1.436000000000000332e-01
5.869999999999996748e-02
9.390000000000001124e-02
2.470000000000001014e-02
1.438999999999999724e-01
7.970000000000000695e-02
9.719999999999998086e-02
1.858000000000000207e-01
8.649999999999999356e-02
4.559999999999993919e-02
8.509999999999998122e-02
1.022000000000000131e-01
5.240000000000005764e-02
7.350000000000003753e-02
5.599999999999998035e-02
8.050000000000001599e-02
8.750000000000000833e-02
1.096999999999999781e-01
1.625000000000000056e-01
1.612000000000000099e-01
1.381000000000000005e-01
1.008999999999999897e-01
1.353999999999999926e-01
1.082999999999999519e-01
1.724999999999999867e-01
2.453999999999999793e-01
2.134000000000000896e-01
7.630000000000003446e-02
1.290000000000000313e-01
2.658999999999999697e-01
1.942000000000000393e-01
1.106999999999999651e-01
6.450000000000000178e-02
1.969999999999999529e-01
2.801000000000000156e-01
9.080000000000001958e-02
1.199999999999999400e-01
2.716000000000000636e-01
1.266999999999999793e-01
5.919999999999996099e-02
1.050000000000000100e-01
1.248000000000000220e-01
1.718999999999999695e-01
1.022999999999999188e-01
2.259000000000000175e-01
4.739999999999999769e-02
6.860000000000002207e-02
1.801999999999999991e-01
1.048000000000000181e-01
5.689999999999999919e-02
2.110000000000000764e-01
7.969999999999999307e-02
2.690000000000010438e-02
6.419999999999999318e-02
1.515999999999999570e-01
1.057000000000000300e-01
4.639999999999996905e-02
6.500000000000002998e-02
7.800000000000001377e-02
3.470000000000010576e-02
1.371999999999999609e-01
1.047000000000000430e-01
4.600000000000002698e-02
7.009999999999996789e-02
1.123000000000000109e-01
7.809999999999997500e-02
5.490000000000003211e-02
4.229999999999997651e-02
9.550000000000005707e-02
1.102999999999999953e-01
6.619999999999995333e-02
1.375999999999999446e-01
2.080000000000001015e-01
7.059999999999994058e-02
7.200000000000003619e-02
9.919999999999992712e-02
2.303000000000000602e-01
6.260000000000001674e-02
7.649999999999998468e-02
2.989999999999999325e-01
1.287999999999999701e-01
3.939999999999998365e-02
5.249999999999994255e-02
1.153000000000000136e-01
1.348000000000000309e-01
5.619999999999999996e-02
1.135000000000000731e-01
2.032000000000000195e-01
2.327000000000000179e-01
2.009999999999999842e-01
7.920000000000004814e-02
5.790000000000002783e-02
1.288999999999999591e-01
1.870999999999999330e-01
1.450000000000000733e-01
2.319999999999999563e-01
8.129999999999988625e-02
4.210000000000008874e-02
7.319999999999997342e-02
1.542999999999999927e-01
1.621000000000000774e-01
7.680000000000010429e-02
1.817999999999999616e-01
2.167999999999999372e-01
8.320000000000003781e-02
1.264000000000000123e-01
1.130999999999999645e-01
1.691999999999999615e-01
1.617000000000000104e-01
1.958000000000000296e-01
8.550000000000002043e-02
1.205999999999999295e-01
1.355000000000001203e-01
2.077999999999999570e-01
6.959999999999993969e-02
6.820000000000001061e-02
1.526999999999999746e-01
2.561000000000001053e-01
1.538000000000001033e-01
1.668999999999999373e-01
9.469999999999996476e-02
2.810000000000005202e-02
5.010000000000001952e-02
7.089999999999990754e-02
2.835000000000000853e-01
1.041999999999999732e-01
2.648000000000000353e-01
1.207999999999999352e-01
4.680000000000008459e-02
1.015999999999999959e-01
9.810000000000000664e-02
1.179999999999999105e-01
3.110000000000007203e-02
7.119999999999994389e-02
6.810000000000002163e-02
1.251000000000000445e-01
3.229999999999999538e-02
8.160000000000003362e-02
6.240000000000007346e-02
7.170000000000008311e-02
5.750000000000000944e-02
1.839000000000000079e-01
1.042999999999999344e-01
1.217000000000001414e-01
1.705000000000000127e-01
8.330000000000009619e-02
1.012999999999999456e-01
7.759999999999990516e-02
7.339999999999999303e-02
1.973999999999999366e-01
1.688999999999999946e-01
1.343000000000000027e-01
1.748999999999999444e-01
1.624999999999999778e-01
5.919999999999996099e-02
6.729999999999997096e-02
2.525000000000000022e-01
9.299999999999995770e-02
2.433999999999999220e-01
1.039000000000000895e-01
7.159999999999999698e-02
8.809999999999997000e-02
8.909999999999997089e-02
1.141000000000000625e-01
1.573000000000001619e-01
2.184000000000000385e-01
1.457999999999999574e-01
3.999999999999993144e-02
5.499999999999999334e-02
1.113999999999999713e-01
2.420000000000000207e-01
6.759999999999997955e-02
8.859999999999998432e-02
2.453999999999999515e-01
1.174000000000000182e-01
1.080000000000000404e-01
5.019999999999993912e-02
1.611999999999998989e-01
2.031000000000000583e-01
1.089999999999999303e-01
1.504000000000000614e-01
1.448000000000000675e-01
5.599999999999994565e-02
7.800000000000006928e-02
1.224999999999999145e-01
2.113999999999999768e-01
4.407999999999999696e-01
1.186000000000000387e-01
6.979999999999997318e-02
1.610000000000000320e-01
9.869999999999998219e-02
5.140000000000002900e-02
2.074999999999999623e-01
4.860000000000003900e-02
5.460000000000007903e-02
2.200000000000002301e-02
1.151999999999999830e-01
1.059000000000000080e-01
1.154000000000000581e-01
8.640000000000010172e-02
7.110000000000003817e-02
2.008999999999999952e-01
1.549000000000000654e-01
9.190000000000000946e-02
9.759999999999996456e-02
1.388000000000000345e-01
1.152000000000000246e-01
1.407999999999999807e-01
1.580000000000000848e-01
2.363999999999998880e-01
9.750000000000007272e-02
6.979999999999991767e-02
3.705000000000001070e-01
7.189999999999993618e-02
5.360000000000000181e-02
3.549999999999998990e-02
1.108000000000000373e-01
4.719999999999992257e-02
5.269999999999987195e-02
7.610000000000007037e-02
1.042000000000000426e-01
6.949999999999999234e-02
6.840000000000001634e-02
1.147999999999999993e-01
7.070000000000001283e-02
1.087999999999999384e-01
9.120000000000005880e-02
4.090000000000013070e-02
2.599999999999998979e-01
8.609999999999998210e-02
1.448000000000000675e-01
2.900000000000006739e-02
3.336000000000000076e-01
9.549999999999994604e-02
3.356000000000000094e-01
2.701999999999999957e-01
1.015000000000000069e-01
2.180999999999999051e-01
9.469999999999997864e-02
2.787000000000000033e-01
1.306999999999999829e-01
5.709999999999994247e-02
1.618999999999999884e-01
2.749999999999999667e-01
1.637999999999998901e-01
1.323000000000000564e-01
3.782000000000000361e-01
1.930000000000000049e-01
7.910000000000003140e-02
5.119999999999996082e-02
7.870000000000003382e-02
1.843000000000000194e-01
1.226000000000000145e-01
6.680000000000002602e-02
1.033000000000000168e-01
8.519999999999997020e-02
1.485999999999999543e-01
8.059999999999996334e-02
1.605000000000000315e-01
2.733999999999999764e-01
1.277999999999999969e-01
1.674999999999999822e-01
5.510000000000005171e-02
2.331000000000000016e-01
2.740000000000001462e-02
1.155000000000001303e-01
1.427000000000000490e-01
8.460000000000010567e-02
1.284999999999999754e-01
1.346999999999999864e-01
1.564999999999999725e-01
7.510000000000006948e-02
1.990999999999999992e-01
2.322000000000000175e-01
1.093000000000000083e-01
1.103999999999999149e-01
1.714999999999999580e-01
2.915000000000000924e-01
1.020999999999999686e-01
3.589000000000001078e-01
1.695999999999999452e-01
3.510000000000006171e-02
1.178999999999999493e-01
5.289999999999996788e-02
1.116999999999999660e-01
6.680000000000008153e-02
3.010000000000009890e-02
5.789999999999994457e-02
2.250000000000006856e-02
3.579999999999997767e-02
9.799999999999993439e-02
6.169999999999997015e-02
2.420000000000004092e-02
6.970000000000001195e-02
1.261000000000000176e-01
1.110000000000000986e-01
9.490000000000006763e-02
3.810000000000011988e-02
1.481999999999999984e-01
8.429999999999993054e-02
6.769999999999998241e-02
1.050000000000000100e-01
2.373000000000000109e-01
4.540000000000004449e-02
1.207000000000000850e-01
2.979999999999999316e-01
1.380000000000000393e-01
2.592000000000000970e-01
2.778999999999999804e-01
2.308999999999999941e-01
1.001000000000000223e-01
9.870000000000003770e-02
1.832999999999999630e-01
1.610999999999999099e-01
1.809000000000000052e-01
1.261000000000000176e-01
2.489999999999999714e-01
2.105999999999999539e-01
4.399999999999997663e-02
7.220000000000006968e-02
5.460000000000004433e-02
1.209000000000000352e-01
5.370000000000003937e-02
1.399000000000000798e-01
7.739999999999995495e-02
2.913000000000000034e-01
1.121999999999999942e-01
7.850000000000004197e-02
3.389999999999992325e-02
8.359999999999997988e-02
4.329999999999994964e-02
1.410000000000011244e-02
2.940000000000004415e-02
5.549999999999998684e-02
6.470000000000011853e-02
5.929999999999997773e-02
1.594000000000000139e-01
1.021000000000000241e-01
4.670000000000003315e-02
1.885999999999999899e-01
5.109999999999995102e-02
1.232999999999999374e-01
4.539999999999989877e-02
2.701000000000000068e-01
1.189999999999999808e-01
6.289999999999994207e-02
1.204000000000000764e-01
2.564000000000000168e-01
8.450000000000003342e-02
2.217999999999999972e-01
6.960000000000005071e-02
1.756999999999999951e-01
3.789999999999996150e-02
1.258000000000000229e-01
2.229999999999997262e-02
1.746000000000000330e-01
9.199999999999991518e-02
6.120000000000001134e-02
7.959999999999994857e-02
1.050999999999999990e-01
8.439999999999997504e-02
1.498000000000000720e-01
5.590000000000001218e-02
2.158000000000000473e-01
9.189999999999992619e-02
3.989999999999993552e-02
1.175000000000000211e-01
7.329999999999997629e-02
1.481999999999999429e-01
7.969999999999996532e-02
1.038999999999998397e-01
1.701000000000001122e-01
5.520000000000003376e-02
5.320000000000006668e-02
1.335999999999999965e-01
2.561000000000001053e-01
1.017999999999998628e-01
1.861000000000000432e-01
1.302000000000000379e-01
2.040999999999999759e-01
2.141999999999999182e-01
1.821000000000000396e-01
1.297000000000000097e-01
1.129999999999999338e-01
9.410000000000004472e-02
3.080000000000003568e-02
3.350000000000012690e-02
1.464999999999999081e-01
1.351999999999999313e-01
1.418000000000000926e-01
1.022000000000000131e-01
7.560000000000002829e-02
1.222999999999999365e-01
1.997999999999999776e-01
3.230000000000000926e-02
1.091999999999999499e-01
1.088000000000000078e-01
1.509999999999998843e-01
7.110000000000013531e-02
1.017000000000000265e-01
1.226999999999999480e-01
9.959999999999999409e-02
1.433000000000000385e-01
2.458000000000000462e-01
1.264999999999999458e-01
1.633000000000000007e-01
3.999999999999999667e-01
1.625000000000000888e-01
1.282999999999999141e-01
8.649999999999997968e-02
6.069999999999992069e-02
9.979999999999990268e-02
1.927999999999999992e-01
3.749999999999993616e-02
2.549999999999999489e-01
3.650000000000000466e-02
1.370999999999999996e-01
1.127999999999999697e-01
2.204000000000000958e-01
7.929999999999998161e-02
4.150000000000003686e-02
1.744999999999999329e-01
3.729999999999990268e-02
1.958000000000000018e-01
9.419999999999997820e-02
1.769999999999999907e-01
1.616999999999999271e-01
2.175000000000000266e-01
1.492999999999999883e-01
9.800000000000007316e-02
1.814999999999998836e-01
6.419999999999993767e-02
7.180000000000003046e-02
1.655999999999999694e-01
1.559999999999999165e-01
1.258999999999999564e-01
8.990000000000007707e-02
5.720000000000000084e-02
1.289999999999999758e-01
2.302000000000000435e-01
1.370999999999999441e-01
1.191999999999999449e-01
1.526000000000000689e-01
1.083000000000000074e-01
9.510000000000007336e-02
7.260000000000002562e-02
9.010000000000002729e-02
1.616999999999998994e-01
1.631999999999998729e-01
2.145999999999999575e-01
1.623000000000000276e-01
4.390000000000000152e-02
1.889000000000000679e-01
6.790000000000004365e-02
1.310999999999999666e-01
2.034999999999999309e-01
6.370000000000000662e-02
1.029999999999999527e-01
2.594000000000000195e-01
1.153000000000000136e-01
3.999999999999999389e-02
1.161999999999999422e-01
6.859999999999988329e-02
2.867999999999998328e-01
1.318000000000000005e-01
1.077000000000000457e-01
8.060000000000007436e-02
2.388000000000000123e-01
2.374999999999999889e-01
3.058000000000000718e-01
2.772999999999999354e-01
5.940000000000007774e-02
1.847999999999999365e-01
2.051999999999999102e-01
6.609999999999992271e-02
2.430999999999999828e-01
9.060000000000005549e-02
1.059999999999999970e-01
8.279999999999991533e-02
8.039999999999991598e-02
1.663000000000000034e-01
2.731999999999999984e-01
5.829999999999996296e-02
8.949999999999996847e-02
1.145000000000001572e-01
5.000000000000001110e-01
1.578999999999999848e-01
5.030000000000008770e-02
1.318000000000000282e-01
1.680000000000000382e-01
9.469999999999986762e-02
1.050999999999999435e-01
2.239999999999999214e-01
1.372000000000000719e-01
3.179999999999999494e-02
6.520000000000003570e-02
4.940000000000008273e-02
1.012999999999999040e-01
2.900000000000011249e-02
8.469999999999995588e-02
1.312999999999998058e-01
1.130000000000000726e-01
1.108999999999999153e-01
5.280000000000004134e-02
3.790000000000000591e-01
1.107000000000000206e-01
7.700000000000002676e-02
1.419999999999999041e-01
8.500000000000003386e-02
3.550000000000003153e-02
7.709999999999994635e-02
1.838000000000000467e-01
1.476000000000000645e-01
6.449999999999997402e-02
3.360000000000000486e-02
1.737000000000000210e-01
1.058999999999999664e-01
7.929999999999998161e-02
1.569999999999999729e-01
1.420999999999999486e-01
8.180000000000009486e-02
1.068999999999999811e-01
2.470999999999999863e-01
1.487000000000000544e-01
1.705999999999999739e-01
9.629999999999998284e-02
1.559000000000001218e-01
5.020000000000004320e-02
8.279999999999998472e-02
1.005999999999999672e-01
