8.340000000000000191e-02
7.920000000000000651e-02
1.103000000000000091e-01
5.550000000000000072e-02
1.454999999999999905e-01
9.546999999999999931e-01
3.757600000000000051e+00
2.274099999999999788e+00
9.725999999999999091e-01
2.497000000000001441e-01
4.813000000000001721e-01
4.885999999999998678e-01
1.190000000000001057e-01
2.056000000000000050e-01
2.570999999999998842e-01
2.078999999999999737e-01
2.907999999999999474e-01
1.480999999999999539e-01
7.089999999999996305e-02
1.520000000000001072e-01
1.354999999999999261e-01
1.413000000000000367e-01
5.999999999999988676e-02
7.529999999999999194e-02
5.919999999999989160e-02
9.749999999999980904e-02
1.449000000000001953e-01
1.259999999999997788e-01
1.522000000000001685e-01
1.441000000000000336e-01
9.370000000000007490e-02
8.700000000000000788e-02
1.351999999999999313e-01
4.020000000000005513e-02
8.050000000000001599e-02
2.770000000000003015e-02
4.267999999999999572e-01
3.393000000000000460e-01
4.253000000000000114e-01
1.253000000000000225e-01
1.164000000000001422e-01
2.301999999999999602e-01
1.068000000000000893e-01
9.629999999999996896e-02
9.989999999999996105e-02
9.999999999999992228e-02
5.549999999999996603e-02
9.380000000000005000e-02
1.864000000000000656e-01
7.759999999999990516e-02
1.275000000000000577e-01
1.416000000000000036e-01
1.220000000000000251e-01
7.649999999999998468e-02
1.313999999999999058e-01
1.259000000000000674e-01
2.969999999999996948e-02
8.240000000000001490e-02
5.890000000000004954e-02
5.690000000000011715e-02
8.299999999999982392e-02
1.280000000000002525e-01
7.399999999999981593e-02
1.129000000000000004e-01
6.740000000000014035e-02
3.830000000000013949e-02
5.779999999999996252e-02
1.821999999999999731e-01
1.180000000000000215e-01
1.013000000000000844e-01
4.180000000000004545e-02
1.127000000000001889e-01
9.379999999999988347e-02
1.534000000000000918e-01
1.489000000000000601e-01
1.254000000000001780e-01
3.050000000000008260e-02
5.540000000000008806e-02
3.950000000000009059e-02
1.896000000000000185e-01
4.730000000000009891e-02
2.040000000000000702e-01
2.956000000000000849e-01
1.290000000000000036e-01
4.500000000000008160e-02
2.073000000000000398e-01
3.773999999999999022e-01
1.566000000000001002e-01
7.599999999999998423e-02
1.114999999999998492e-01
1.260000000000000842e-01
1.724999999999999867e-01
9.689999999999995839e-02
5.359999999999992548e-02
4.660000000000026621e-02
6.130000000000005583e-02
6.310000000000012821e-02
9.269999999999987972e-02
1.107999999999998708e-01
5.300000000000018585e-02
9.759999999999995068e-02
4.670000000000010254e-02
7.230000000000007254e-02
5.020000000000011953e-02
1.386999999999999067e-01
7.749999999999993006e-02
6.339999999999994251e-02
4.179999999999996912e-02
8.770000000000005569e-02
6.380000000000002336e-02
7.980000000000006533e-02
6.980000000000008420e-02
3.060000000000009934e-02
5.870000000000002993e-02
8.149999999999986422e-02
4.109999999999994214e-02
9.110000000000001430e-02
1.105000000000001259e-01
7.850000000000001421e-02
8.890000000000006231e-02
1.187000000000000277e-01
8.799999999999996714e-02
8.300000000000005984e-02
5.060000000000018650e-02
8.939999999999999336e-02
1.016999999999999571e-01
2.693999999999999728e-01
9.470000000000007578e-02
1.625000000000000888e-01
1.106999999999999512e-01
1.190000000000000918e-01
1.976999999999998758e-01
1.459000000000000297e-01
6.589999999999990310e-02
8.790000000000011693e-02
9.409999999999986431e-02
1.017000000000000542e-01
1.521999999999999464e-01
5.149999999999999717e-02
1.611999999999998434e-01
1.295000000000000040e-01
5.560000000000014930e-02
4.770000000000002016e-02
5.729999999999990656e-02
3.880000000000004279e-02
5.579999999999991911e-02
1.614000000000002377e-01
1.057999999999998803e-01
6.929999999999984783e-02
2.161000000000002086e-01
1.782000000000001361e-01
1.698499999999999899e+00
9.930999999999999828e-01
3.346999999999999531e+00
2.482099999999999973e+00
5.853299999999999059e+00
4.756999999999999673e+00
1.846000000000000085e+00
2.155000000000002469e-01
5.491000000000002546e-01
2.970000000000002638e-01
1.350000000000000644e-01
1.125000000000000999e-01
1.595999999999997698e-01
6.300000000000013922e-02
2.035999999999997534e-01
2.731000000000000094e-01
1.244999999999999718e-01
5.320000000000012913e-02
6.209999999999997466e-02
5.719999999999995921e-02
1.142000000000000792e-01
9.400000000000008349e-02
1.070000000000003865e-01
5.770000000000019558e-02
3.170000000000001983e-02
7.409999999999998532e-02
6.990000000000003155e-02
4.230000000000019855e-02
8.229999999999992877e-02
1.220999999999999586e-01
7.530000000000028337e-02
5.139999999999994573e-02
9.969999999999989981e-02
8.749999999999993894e-02
9.710000000000035270e-02
1.371000000000000552e-01
8.329999999999980476e-02
5.780000000000037885e-02
7.749999999999973577e-02
1.357999999999999208e-01
7.060000000000025977e-02
6.569999999999981410e-02
1.138999999999996959e-01
7.710000000000002962e-02
9.950000000000019940e-02
1.995000000000002049e-01
1.673999999999999100e-01
1.872999999999999388e-01
8.770000000000033324e-02
1.093999999999995948e-01
8.709999999999962217e-02
7.710000000000002962e-02
1.643000000000003347e-01
7.399999999999964939e-02
1.892000000000003401e-01
2.208000000000001628e-01
8.249999999999996225e-02
5.980000000000006144e-02
6.399999999999977929e-02
7.470000000000009965e-02
7.879999999999999505e-02
1.244999999999996804e-01
1.545000000000002205e-01
1.531999999999999751e-01
1.431999999999999940e-01
9.159999999999986209e-02
4.370000000000009294e-02
1.078000000000001041e-01
2.909999999999989678e-02
6.810000000000024367e-02
3.349999999999984934e-02
4.109999999999980336e-02
4.560000000000008491e-02
6.909999999999999476e-02
3.879999999999984850e-02
9.840000000000000135e-02
6.349999999999968170e-02
7.719999999999981044e-02
1.067000000000001142e-01
7.590000000000034219e-02
9.600000000000023792e-02
7.630000000000003446e-02
1.131999999999997730e-01
6.930000000000015314e-02
7.730000000000028515e-02
1.107999999999999541e-01
7.870000000000007545e-02
1.028999999999998111e-01
2.112000000000001099e-01
9.940000000000004388e-02
8.189999999999998670e-02
1.947999999999996956e-01
2.270999999999998853e-01
3.142000000000000348e-01
1.589999999999998359e-01
2.909999999999999809e-01
1.247999999999997722e-01
7.240000000000025582e-02
3.559999999999964582e-02
1.018999999999998796e-01
1.264999999999998348e-01
6.300000000000002820e-02
5.080000000000008814e-02
1.109999999999998349e-01
3.520000000000014090e-02
8.440000000000028035e-02
4.819999999999993734e-02
1.080000000000001098e-01
1.352000000000002922e-01
1.494999999999999107e-01
9.759999999999972864e-02
2.592000000000004301e-01
1.062000000000001970e-01
7.369999999999976570e-02
1.989000000000003820e-01
1.204999999999996213e-01
2.099000000000000310e-01
1.634999999999997566e-01
1.142999999999999433e-01
2.627999999999997005e-01
5.210000000000020171e-02
1.107999999999998292e-01
7.809999999999998888e-02
2.088999999999998636e-01
1.952000000000000401e-01
9.420000000000001983e-02
1.615000000000001434e-01
1.010999999999999677e-01
5.770000000000014007e-02
5.479999999999994598e-02
3.840000000000010072e-02
6.980000000000007032e-02
1.653999999999999082e-01
1.000999999999999529e-01
4.530000000000033306e-02
2.965000000000002078e-01
6.959999999999981479e-02
6.050000000000009537e-02
4.449999999999990075e-02
7.630000000000006222e-02
7.300000000000039790e-02
1.653999999999998249e-01
8.180000000000006710e-02
2.339999999999998193e-01
7.210000000000034437e-02
6.119999999999974766e-02
5.059999999999990200e-02
1.544000000000000927e-01
3.454000000000001513e-01
1.193999999999997841e-01
1.940999999999998282e-01
5.860000000000020054e-02
2.720000000000031420e-02
2.510000000000013262e-02
6.200000000000019384e-02
6.229999999999977223e-02
1.547999999999998821e-01
7.220000000000026397e-02
9.719999999999975882e-02
1.395000000000000129e-01
4.419999999999995460e-02
8.079999999999977478e-02
4.120000000000002827e-02
4.300000000000003819e-02
2.550000000000015102e-02
1.008000000000000840e-01
1.077000000000001290e-01
1.238999999999999546e-01
8.940000000000009051e-02
2.373000000000003162e-01
6.149999999999988809e-02
7.860000000000005871e-02
1.215000000000001912e-01
1.633000000000003338e-01
1.664999999999998703e-01
1.175000000000000211e-01
8.840000000000000635e-02
1.748000000000000109e-01
1.363999999999999102e-01
4.709999999999989195e-02
6.230000000000035509e-02
6.560000000000015818e-02
3.779999999999975047e-02
5.639999999999988078e-02
8.389999999999991909e-02
1.494000000000000605e-01
9.770000000000018947e-02
3.508000000000000007e-01
1.086000000000000992e-01
8.799999999999993938e-02
4.719999999999975604e-02
1.190999999999997894e-01
1.775000000000001577e-01
1.026999999999999857e-01
2.097000000000001918e-01
1.483999999999998376e-01
8.730000000000008586e-02
5.019999999999982809e-02
1.027999999999999470e-01
1.802999999999997383e-01
1.319000000000000172e-01
1.524999999999999134e-01
1.067999999999996869e-01
4.620000000000022700e-02
6.269999999999983920e-02
5.659999999999994202e-02
1.314000000000000445e-01
1.601999999999998425e-01
1.491999999999999993e-01
1.651000000000000245e-01
1.131999999999995649e-01
3.060000000000046017e-02
1.015999999999996767e-01
8.509999999999981468e-02
1.699999999999998179e-01
1.339999999999999525e-01
1.878000000000001612e-01
1.235000000000001097e-01
8.959999999999977705e-02
3.460000000000013065e-02
7.520000000000012785e-02
1.188999999999999779e-01
1.458000000000004015e-01
3.579999999999982502e-02
2.298999999999998267e-01
7.690000000000030145e-02
6.820000000000002449e-02
2.920000000000008700e-02
6.420000000000004869e-02
1.279000000000002357e-01
8.329999999999986027e-02
1.669000000000001038e-01
1.187999999999996975e-01
8.969999999999986318e-02
7.030000000000018179e-02
9.369999999999989448e-02
1.055000000000002741e-01
8.069999999999970253e-02
9.819999999999982909e-02
5.180000000000029026e-02
1.887999999999999956e-01
1.062000000000000999e-01
1.664999999999998148e-01
2.273000000000000298e-01
3.084999999999999964e-01
1.863999999999997881e-01
9.660000000000018572e-02
9.329999999999996629e-02
8.090000000000005520e-02
1.410999999999999199e-01
7.890000000000002567e-02
5.770000000000041762e-02
1.055999999999997219e-01
1.982000000000002926e-01
1.070999999999997232e-01
7.929999999999992610e-02
9.249999999999997113e-02
9.109999999999976450e-02
9.100000000000024736e-02
2.025999999999998913e-01
9.389999999999999736e-02
7.199999999999981415e-02
3.009999999999987685e-02
6.600000000000011413e-02
6.520000000000014673e-02
1.238999999999999824e-01
1.446999999999999953e-01
1.009999999999999232e-01
5.330000000000009730e-02
1.524999999999999689e-01
8.670000000000016582e-02
5.980000000000017246e-02
5.019999999999993912e-02
5.369999999999998386e-02
6.669999999999987050e-02
2.458000000000003515e-01
1.316999999999999282e-01
1.046999999999997516e-01
9.460000000000005904e-02
7.449999999999952494e-02
1.079999999999996935e-01
7.589999999999967606e-02
1.296000000000001873e-01
1.428000000000001490e-01
1.070999999999999730e-01
9.019999999999994689e-02
8.130000000000031646e-02
1.135999999999998122e-01
6.469999999999964668e-02
4.129999999999993399e-02
3.109999999999974243e-02
8.569999999999992901e-02
9.869999999999992668e-02
7.670000000000003204e-02
6.239999999999999714e-02
3.099000000000001753e-01
8.809999999999990061e-02
8.469999999999988649e-02
1.733999999999997765e-01
9.890000000000027935e-02
6.049999999999980393e-02
1.359999999999998155e-01
1.183000000000002383e-01
5.600000000000000117e-02
3.599999999999998340e-02
3.969999999999974938e-02
8.919999999999975171e-02
1.432000000000001882e-01
1.164000000000001422e-01
1.436000000000003940e-01
5.770000000000002904e-02
4.869999999999970186e-02
1.122999999999999970e-01
2.480000000000004076e-02
8.549999999999977063e-02
1.394000000000000794e-01
7.000000000000006217e-02
2.430999999999998717e-01
1.554999999999999161e-01
9.930000000000005489e-02
6.700000000000010114e-02
1.063000000000001166e-01
7.110000000000024634e-02
1.768999999999997241e-01
5.949999999999996958e-02
1.403000000000003411e-01
1.254000000000004833e-01
6.849999999999996370e-02
3.400000000000003714e-02
1.443000000000000671e-01
1.946000000000001617e-01
1.272999999999999132e-01
1.683999999999997443e-01
6.230000000000007754e-02
7.249999999999992562e-02
8.480000000000025018e-02
3.849999999999994399e-02
1.112000000000000766e-01
1.163999999999999480e-01
7.459999999999999964e-02
1.513999999999998958e-01
1.054000000000000770e-01
5.110000000000006204e-02
5.689999999999983959e-02
9.650000000000000244e-02
1.273999999999999022e-01
1.414999999999997371e-01
6.560000000000029696e-02
2.201000000000004064e-01
9.109999999999995879e-02
5.059999999999996445e-02
7.469999999999984985e-02
4.880000000000006555e-02
1.283000000000000806e-01
1.220000000000002333e-01
1.736999999999999100e-01
1.544000000000000650e-01
6.239999999999979591e-02
6.590000000000009739e-02
8.220000000000005080e-02
1.140999999999999792e-01
1.168999999999999484e-01
6.340000000000022007e-02
2.109000000000000319e-01
7.290000000000007585e-02
5.499999999999986150e-02
6.840000000000032165e-02
4.969999999999997337e-02
1.580000000000000848e-01
1.729000000000000536e-01
1.191999999999999865e-01
1.781999999999999140e-01
8.000000000000020983e-02
5.569999999999988849e-02
4.869999999999997942e-02
1.107000000000001594e-01
2.109999999999997711e-01
8.869999999999993168e-02
2.297999999999998932e-01
1.792999999999997929e-01
9.220000000000030949e-02
8.639999999999992131e-02
1.791000000000001757e-01
1.215999999999999442e-01
1.112999999999997880e-01
2.151000000000000412e-01
6.549999999999991940e-02
5.759999999999969311e-02
9.300000000000024913e-02
2.221000000000001029e-01
2.184999999999998610e-01
3.156000000000004357e-01
4.156999999999997919e-01
1.479000000000001425e-01
2.085999999999996746e-01
2.090999999999997860e-01
1.984000000000000485e-01
9.189999999999996783e-02
1.638999999999998791e-01
2.063999999999999724e-01
7.520000000000022500e-02
1.001999999999999558e-01
8.680000000000004379e-02
1.970000000000001472e-01
1.213000000000002687e-01
2.349000000000002197e-01
8.990000000000003544e-02
6.239999999999978897e-02
4.630000000000036864e-02
1.472000000000001918e-01
1.742999999999999550e-01
4.980000000000019134e-02
2.257000000000003448e-01
7.789999999999987212e-02
5.929999999999979732e-02
6.560000000000032472e-02
2.789999999999985547e-02
1.668999999999998818e-01
1.100000000000001532e-01
6.559999999999974185e-02
1.903999999999999859e-01
4.769999999999967322e-02
6.980000000000038951e-02
3.279999999999995419e-02
9.020000000000027995e-02
2.087999999999999856e-01
5.989999999999989777e-02
1.834999999999999409e-01
1.444999999999999341e-01
6.130000000000000032e-02
3.469999999999978657e-02
4.600000000000019351e-02
2.103000000000000980e-01
6.200000000000017997e-02
1.481000000000001759e-01
9.489999999999987335e-02
6.470000000000028506e-02
5.259999999999966092e-02
1.133999999999995151e-01
1.859000000000000097e-01
5.280000000000001359e-02
2.348999999999997756e-01
6.510000000000015774e-02
7.109999999999985776e-02
3.710000000000004267e-02
9.570000000000000728e-02
1.590999999999999082e-01
5.420000000000003981e-02
1.873999999999999000e-01
1.146999999999997050e-01
6.420000000000006257e-02
4.760000000000005893e-02
8.909999999999998477e-02
1.970999999999999974e-01
1.109000000000002623e-01
1.542000000000000870e-01
5.980000000000038757e-02
2.189999999999958646e-02
4.700000000000030542e-02
2.739999999999990707e-02
7.279999999999986482e-02
1.587000000000003963e-01
6.619999999999974516e-02
1.062999999999999085e-01
1.545999999999999042e-01
5.539999999999974112e-02
5.910000000000027037e-02
8.929999999999976845e-02
3.579999999999988053e-02
6.270000000000008900e-02
2.890000000000003677e-02
1.350999999999998868e-01
7.350000000000027345e-02
1.266000000000000458e-01
1.105000000000000981e-01
5.520000000000017254e-02
7.790000000000017744e-02
1.002999999999999725e-01
2.076999999999998570e-01
1.378999999999999948e-01
1.938000000000003886e-01
1.997000000000000997e-01
1.889000000000000123e-01
1.868999999999999551e-01
3.674000000000003374e-01
8.049999999999958578e-02
1.435000000000002940e-01
6.349999999999980660e-02
9.650000000000033551e-02
1.838000000000000467e-01
9.210000000000026499e-02
1.066000000000000975e-01
1.063999999999997031e-01
1.164000000000002671e-01
6.299999999999994493e-02
1.457000000000001350e-01
9.600000000000008527e-02
1.458999999999997521e-01
1.762999999999997902e-01
1.070999999999999591e-01
4.059999999999991394e-02
6.730000000000027627e-02
8.410000000000006359e-02
1.864999999999999991e-01
2.079000000000000015e-01
1.724000000000003308e-01
1.938000000000004164e-01
5.749999999999987066e-02
6.090000000000003050e-02
8.419999999999962237e-02
2.800000000000000405e-02
1.985999999999999710e-01
1.553999999999998716e-01
5.640000000000003344e-02
1.596999999999996755e-01
2.575999999999996626e-01
1.656000000000001915e-01
1.566000000000000447e-01
2.520000000000002793e-01
1.584999999999998632e-01
1.109000000000001651e-01
1.573999999999998733e-01
5.739999999999993718e-02
6.120000000000013624e-02
7.678999999999999160e-01
1.017399999999999860e+00
2.188000000000003276e-01
7.849999999999970890e-02
2.237000000000003430e-01
9.460000000000017006e-02
5.389999999999997571e-02
7.000000000000015932e-02
1.108999999999998182e-01
3.110000000000019693e-02
6.829999999999998572e-02
2.420000000000022133e-02
2.739999999999975788e-02
1.425999999999999768e-01
1.057000000000000162e-01
1.269000000000001238e-01
2.719000000000001416e-01
1.124999999999999889e-01
9.429999999999993943e-02
1.029000000000000470e-01
1.383000000000000895e-01
1.413000000000001199e-01
7.529999999999983928e-02
2.356999999999998541e-01
9.829999999999974869e-02
9.210000000000018172e-02
3.999999999999987593e-02
8.640000000000032376e-02
3.090000000000001079e-02
1.835000000000000242e-01
8.139999999999986136e-02
9.459999999999998965e-02
1.524000000000000354e-01
6.599999999999975331e-02
1.067000000000000448e-01
2.929999999999979843e-02
2.211000000000001298e-01
1.122000000000003550e-01
2.150000000000002742e-01
7.780000000000020233e-02
5.369999999999969936e-02
8.600000000000021516e-02
1.455000000000001292e-01
1.351000000000000534e-01
5.829999999999999072e-02
2.598000000000001419e-01
9.730000000000030291e-02
4.820000000000002061e-02
6.889999999999982250e-02
1.636999999999999844e-01
1.564000000000001500e-01
4.669999999999993601e-02
1.822999999999998511e-01
1.033000000000002250e-01
8.339999999999987701e-02
2.830000000000013061e-02
5.449999999999998596e-02
2.364999999999998770e-01
8.230000000000009530e-02
8.240000000000013980e-02
2.703000000000003178e-01
6.709999999999965992e-02
5.890000000000010505e-02
3.610000000000004872e-02
1.466000000000003689e-01
1.581999999999998407e-01
4.719999999999990870e-02
1.812000000000001387e-01
1.432999999999999552e-01
7.239999999999999214e-02
8.440000000000000280e-02
4.350000000000026068e-02
1.642999999999998906e-01
1.477999999999998204e-01
9.680000000000008042e-02
1.933000000000003882e-01
1.016000000000000653e-01
6.309999999999987841e-02
8.429999999999980564e-02
7.139999999999976921e-02
2.063999999999999724e-01
8.579999999999984861e-02
1.057000000000001549e-01
9.300000000000037403e-02
2.183000000000000496e-01
1.514000000000000623e-01
1.419000000000001649e-01
7.689999999999998226e-02
1.726000000000004198e-01
1.493999999999998107e-01
7.610000000000005649e-02
1.025999999999998857e-01
1.881000000000001005e-01
1.248000000000001886e-01
5.090000000000000774e-02
3.690000000000016184e-02
1.029999999999998417e-01
1.232000000000001289e-01
4.429999999999995053e-02
1.677000000000002933e-01
6.249999999999988898e-02
6.989999999999990665e-02
2.482999999999999374e-01
1.194999999999999118e-01
6.490000000000023528e-02
5.870000000000014789e-02
9.320000000000031037e-02
2.172999999999999376e-01
8.410000000000017462e-02
3.369999999999995222e-02
9.580000000000001015e-02
5.579999999999994686e-02
1.953000000000000291e-01
9.799999999999990663e-02
1.102000000000002145e-01
8.339999999999990477e-02
1.644999999999999241e-01
1.627999999999999725e-01
1.446000000000000618e-01
1.874999999999999167e-01
5.840000000000022257e-02
5.069999999999996732e-02
7.290000000000027014e-02
4.740000000000008790e-02
1.984000000000001318e-01
1.225999999999998757e-01
1.593999999999999306e-01
9.380000000000009164e-02
4.600000000000007555e-02
4.720000000000008911e-02
7.180000000000025251e-02
1.769999999999998519e-01
7.050000000000003486e-02
2.298999999999998822e-01
8.219999999999998141e-02
9.439999999999970637e-02
4.480000000000032567e-02
5.450000000000015943e-02
1.722000000000000752e-01
1.159000000000002806e-01
6.659999999999971498e-02
2.256999999999997897e-01
9.480000000000002314e-02
7.049999999999972955e-02
4.209999999999997078e-02
5.769999999999995965e-02
5.759999999999987352e-02
1.544000000000000372e-01
1.436000000000001720e-01
2.386000000000002563e-01
9.329999999999981364e-02
7.119999999999998552e-02
4.770000000000007567e-02
8.529999999999994531e-02
9.849999999999986544e-02
8.779999999999986426e-02
1.512000000000001398e-01
5.410000000000022430e-02
4.369999999999974599e-02
5.110000000000027021e-02
5.479999999999962679e-02
2.279999999999980653e-02
1.110999999999999904e-01
1.224999999999996370e-01
7.660000000000000142e-02
1.580000000000002514e-01
1.524000000000000354e-01
7.919999999999988161e-02
1.043000000000002675e-01
9.009999999999998566e-02
2.450000000000001066e-01
7.699999999999979083e-02
1.742000000000001603e-01
2.274000000000000743e-01
1.009999999999999509e-01
1.018000000000000294e-01
6.579999999999953941e-02
2.071999999999999953e-01
1.349000000000003530e-01
1.999999999999999278e-01
3.460000000000022780e-02
6.420000000000006257e-02
4.559999999999972409e-02
4.700000000000000011e-02
8.610000000000014864e-02
1.122999999999998721e-01
1.169000000000001704e-01
1.408999999999998864e-01
9.380000000000005000e-02
4.809999999999978876e-02
3.039999999999987157e-02
1.861000000000000987e-01
6.930000000000002824e-02
7.300000000000006484e-02
1.797000000000002207e-01
4.389999999999945335e-02
8.010000000000040699e-02
3.629999999999980465e-02
4.460000000000013953e-02
5.650000000000043876e-02
1.818999999999997563e-01
6.120000000000000440e-02
1.964999999999998970e-01
3.990000000000026859e-02
3.499999999999998945e-02
4.549999999999990163e-02
9.439999999999948432e-02
3.160000000000029452e-02
2.245000000000002272e-01
1.337999999999999745e-01
1.756999999999999118e-01
1.340999999999999415e-01
6.140000000000010727e-02
6.239999999999980285e-02
4.729999999999984217e-02
9.970000000000012186e-02
9.430000000000013372e-02
8.469999999999980322e-02
2.153000000000001579e-01
7.300000000000002320e-02
4.970000000000003582e-02
5.450000000000006228e-02
5.380000000000015326e-02
1.478000000000000980e-01
9.909999999999968834e-02
1.445000000000001283e-01
1.037000000000001670e-01
4.409999999999954234e-02
8.030000000000027394e-02
3.440000000000027758e-02
8.510000000000017550e-02
1.143999999999999184e-01
4.409999999999986153e-02
2.624999999999999556e-01
6.350000000000015354e-02
1.125999999999997003e-01
2.890000000000030045e-02
5.299999999999982503e-02
1.313999999999997670e-01
5.759999999999992903e-02
2.348999999999997756e-01
4.639999999999999680e-02
5.920000000000003038e-02
4.279999999999975491e-02
6.219999999999986651e-02
1.616000000000000214e-01
6.050000000000008149e-02
1.733999999999999708e-01
8.160000000000028342e-02
6.620000000000006435e-02
3.599999999999986544e-02
8.780000000000018345e-02
1.465999999999997305e-01
2.520000000000038876e-02
2.117000000000000548e-01
1.004000000000003223e-01
7.910000000000000364e-02
4.709999999999948950e-02
1.443000000000000393e-01
1.170000000000001039e-01
3.349999999999947464e-02
2.161000000000002086e-01
8.550000000000017308e-02
7.229999999999987825e-02
2.419999999999997153e-02
3.920000000000004037e-02
6.349999999999988987e-02
1.846999999999998088e-01
8.170000000000032792e-02
1.143999999999998629e-01
2.147000000000001407e-01
