1.106000000000000039e-01
4.009999999999999676e-02
1.406999999999999917e-01
7.090000000000000469e-02
5.790000000000000008e-02
8.160000000000000586e-02
1.254000000000000115e-01
3.769999999999999740e-02
1.335999999999999965e-01
4.119999999999999357e-02
5.149999999999999717e-02
1.512000000000000011e-01
4.980000000000001092e-02
9.550000000000000155e-02
6.919999999999999762e-02
7.980000000000000981e-02
6.150000000000001299e-02
9.740000000000000047e-02
3.459999999999999187e-02
1.401000000000000023e-01
4.749999999999998668e-02
3.760000000000000842e-02
9.489999999999998437e-02
8.899999999999999578e-02
7.639999999999999569e-02
5.829999999999999072e-02
1.198000000000000037e-01
4.080000000000001681e-02
1.089999999999999997e-01
6.280000000000002247e-02
8.780000000000001692e-02
1.481999999999999984e-01
8.119999999999999440e-02
5.640000000000000568e-02
1.537999999999999923e-01
5.249999999999999806e-02
6.470000000000000751e-02
1.307999999999999996e-01
6.250000000000000000e-02
3.369999999999999385e-02
3.710000000000000103e-02
8.470000000000001139e-02
1.251999999999999780e-01
5.529999999999999499e-02
1.131999999999999951e-01
1.055999999999999994e-01
3.899999999999999301e-02
1.112000000000000072e-01
5.500000000000000722e-02
7.410000000000001308e-02
5.490000000000000435e-02
2.839999999999998775e-02
8.330000000000001292e-02
6.959999999999999520e-02
2.190000000000000627e-02
8.889999999999999292e-02
5.150000000000000411e-02
7.340000000000000691e-02
4.670000000000000540e-02
1.288999999999999868e-01
1.170000000000000207e-01
8.089999999999999969e-02
4.999999999999998890e-02
6.410000000000000420e-02
1.200000000000000094e-01
9.620000000000000773e-02
8.330000000000001292e-02
6.640000000000001457e-02
4.819999999999999979e-02
9.529999999999999583e-02
5.220000000000001028e-02
3.299999999999998768e-02
1.098000000000000087e-01
6.029999999999999943e-02
8.370000000000002438e-02
7.119999999999998552e-02
1.132999999999999979e-01
1.590000000000000024e-01
3.929999999999998078e-02
6.070000000000000395e-02
1.403000000000000358e-01
8.049999999999998823e-02
1.520000000000000240e-01
5.949999999999999734e-02
6.360000000000000375e-02
1.680999999999999717e-01
6.759999999999999343e-02
1.135999999999999927e-01
8.840000000000000635e-02
8.830000000000001736e-02
9.539999999999999869e-02
9.900000000000000466e-02
7.029999999999997362e-02
6.429999999999999605e-02
7.620000000000001772e-02
6.840000000000001634e-02
6.190000000000001057e-02
1.143000000000000127e-01
9.110000000000001430e-02
1.413999999999999979e-01
8.610000000000000986e-02
8.379999999999999949e-02
1.963999999999999913e-01
5.100000000000001060e-02
1.335999999999999965e-01
6.129999999999999338e-02
1.043999999999999928e-01
9.429999999999999494e-02
5.990000000000000185e-02
7.490000000000000824e-02
8.479999999999998650e-02
8.010000000000000453e-02
1.100000000000000006e-01
8.920000000000000151e-02
7.209999999999998355e-02
1.609999999999999765e-01
5.289999999999999564e-02
9.870000000000000995e-02
1.062999999999999917e-01
5.319999999999999729e-02
1.297000000000000097e-01
5.830000000000000460e-02
5.890000000000000790e-02
9.979999999999999982e-02
7.049999999999997935e-02
1.615000000000000047e-01
8.600000000000000699e-02
6.869999999999999718e-02
1.591000000000000192e-01
5.970000000000001000e-02
1.184000000000000052e-01
7.029999999999998750e-02
8.250000000000001776e-02
6.220000000000000528e-02
1.397999999999999798e-01
5.650000000000000855e-02
2.119999999999998969e-02
1.350000000000000366e-01
6.550000000000000266e-02
6.950000000000000622e-02
1.116000000000000048e-01
6.559999999999999165e-02
1.410000000000000142e-01
7.989999999999999880e-02
4.120000000000000051e-02
1.857000000000000040e-01
4.819999999999998591e-02
1.290999999999999925e-01
2.010000000000000328e-02
7.669999999999999041e-02
1.030999999999999972e-01
6.300000000000000044e-02
7.439999999999999392e-02
3.980000000000001592e-02
6.450000000000000178e-02
1.126999999999999946e-01
1.739999999999999186e-02
1.572999999999999954e-01
4.840000000000001246e-02
1.382999999999999785e-01
6.790000000000000202e-02
5.119999999999999551e-02
1.192000000000000004e-01
7.600000000000001199e-02
9.649999999999997469e-02
1.054999999999999966e-01
7.749999999999998557e-02
1.057000000000000023e-01
8.490000000000000324e-02
7.579999999999999238e-02
3.190000000000000474e-02
8.099999999999998868e-02
4.629999999999999394e-02
1.028000000000000025e-01
8.369999999999999662e-02
8.490000000000000324e-02
1.227999999999999925e-01
6.250000000000000000e-02
5.179999999999999882e-02
1.338000000000000023e-01
5.489999999999999741e-02
1.531000000000000139e-01
4.900000000000000189e-02
7.880000000000000893e-02
1.118000000000000105e-01
7.389999999999999347e-02
1.265000000000000013e-01
7.620000000000001772e-02
4.769999999999999241e-02
1.005000000000000060e-01
6.559999999999999165e-02
5.659999999999999060e-02
6.930000000000000049e-02
8.310000000000000719e-02
6.759999999999999343e-02
3.589999999999999442e-02
1.178999999999999770e-01
3.130000000000002225e-02
1.749999999999999889e-01
5.570000000000000645e-02
5.099999999999998979e-02
1.436000000000000054e-01
5.019999999999998769e-02
1.124999999999999889e-01
6.690000000000001501e-02
5.629999999999998894e-02
1.466999999999999971e-01
4.420000000000000318e-02
9.559999999999999054e-02
5.140000000000001512e-02
7.550000000000001155e-02
6.920000000000001150e-02
1.113999999999999851e-01
6.430000000000000993e-02
2.669999999999998416e-02
1.390000000000000124e-01
6.770000000000001017e-02
7.799999999999999989e-02
9.439999999999998392e-02
1.244000000000000106e-01
8.610000000000003761e-02
8.530000000000000082e-02
1.447999999999999843e-01
1.726999999999999924e-01
1.673000000000000043e-01
2.613999999999999657e-01
3.349999999999999645e-01
1.548999999999999821e-01
1.348999999999999644e-01
1.907999999999999974e-01
8.510000000000000897e-02
2.127000000000000002e-01
2.207000000000000073e-01
1.061999999999999611e-01
3.857000000000000428e-01
2.670000000000000151e-01
2.772000000000000020e-01
4.334000000000000075e-01
9.307999999999999607e-01
5.132999999999999785e-01
1.666000000000000258e-01
1.445000000000000173e-01
1.010999999999999815e-01
1.022999999999999327e-01
9.699999999999998901e-02
8.409999999999998033e-02
5.619999999999997914e-02
7.329999999999997629e-02
8.020000000000006291e-02
8.190000000000002833e-02
4.519999999999998325e-02
5.749999999999996780e-02
4.420000000000004481e-02
3.359999999999994935e-02
1.276999999999999524e-01
1.184999999999999803e-01
1.035999999999999560e-01
1.273999999999999577e-01
3.660000000000004916e-02
3.679999999999998550e-02
4.970000000000000112e-02
5.160000000000002085e-02
4.940000000000002722e-02
2.839999999999998775e-02
5.410000000000005083e-02
4.959999999999999826e-02
4.989999999999999297e-02
3.279999999999996807e-02
2.570000000000004226e-02
5.639999999999997793e-02
3.130000000000004307e-02
4.379999999999992927e-02
9.619999999999995222e-02
1.288000000000000811e-01
7.520000000000001683e-02
1.158000000000000002e-01
4.060000000000001108e-02
4.120000000000000051e-02
6.129999999999995869e-02
4.609999999999998127e-02
6.709999999999996523e-02
8.649999999999997968e-02
4.249999999999994060e-02
9.550000000000000155e-02
6.140000000000001013e-02
4.479999999999999261e-02
2.450000000000001135e-02
2.979999999999999316e-02
1.054000000000000214e-01
5.919999999999998180e-02
7.739999999999998270e-02
4.709999999999997522e-02
4.439999999999997421e-02
3.880000000000002891e-02
8.819999999999994511e-02
6.670000000000000928e-02
1.222000000000000031e-01
4.500000000000001915e-02
2.620000000000004270e-02
1.076999999999999902e-01
9.180000000000002047e-02
7.220000000000004192e-02
1.259999999999999454e-01
4.059999999999995557e-02
2.849999999999995592e-02
1.139999999999999902e-01
4.800000000000004263e-02
1.911999999999999533e-01
3.109999999999997489e-02
1.500000000000004108e-02
1.020999999999999686e-01
1.126999999999999946e-01
8.579999999999997351e-02
1.255000000000000004e-01
6.310000000000001719e-02
7.340000000000002078e-02
1.136000000000000065e-01
7.010000000000003728e-02
8.299999999999994882e-02
8.640000000000000457e-02
4.939999999999998559e-02
8.039999999999999925e-02
8.200000000000007283e-02
1.028000000000000719e-01
1.046999999999999598e-01
4.129999999999996868e-02
9.699999999999996125e-02
1.316999999999999837e-01
6.059999999999996639e-02
1.732000000000000206e-01
7.029999999999994587e-02
4.580000000000002125e-02
1.211999999999999744e-01
6.159999999999998116e-02
1.111999999999999933e-01
6.689999999999998725e-02
4.390000000000000846e-02
8.739999999999999158e-02
8.350000000000003253e-02
7.289999999999999258e-02
9.690000000000004166e-02
2.919999999999997944e-02
3.069999999999998425e-02
9.499999999999997335e-02
6.060000000000000109e-02
2.043000000000000371e-01
4.159999999999998421e-02
4.170000000000003565e-02
1.346999999999999587e-01
7.520000000000000295e-02
1.416999999999999926e-01
6.700000000000001787e-02
6.949999999999997846e-02
1.336000000000000520e-01
6.799999999999997713e-02
1.340000000000000080e-01
7.440000000000002167e-02
3.630000000000002669e-02
1.022000000000000408e-01
6.199999999999999262e-02
1.178000000000000436e-01
5.320000000000003892e-02
4.530000000000003468e-02
1.017000000000000404e-01
8.139999999999997238e-02
6.740000000000000158e-02
1.431999999999999940e-01
4.129999999999998256e-02
8.990000000000000768e-02
9.779999999999999805e-02
6.220000000000003304e-02
1.629000000000000448e-01
3.740000000000000963e-02
7.180000000000003046e-02
7.509999999999995846e-02
5.789999999999997926e-02
8.300000000000001821e-02
1.089000000000000523e-01
8.930000000000003213e-02
3.269999999999997908e-02
9.579999999999999627e-02
5.689999999999999225e-02
9.280000000000004912e-02
7.440000000000004943e-02
4.049999999999998046e-02
1.513000000000000178e-01
4.330000000000000515e-02
1.129999999999999616e-01
8.930000000000005989e-02
6.839999999999998859e-02
8.310000000000003495e-02
6.579999999999995575e-02
6.139999999999996849e-02
1.545000000000000262e-01
5.210000000000000742e-02
9.500000000000000111e-02
5.920000000000001650e-02
9.770000000000003681e-02
1.419000000000000261e-01
7.970000000000002083e-02
2.250000000000001305e-02
1.294000000000000428e-01
4.860000000000003206e-02
1.920000000000000040e-01
3.850000000000002032e-02
9.510000000000001785e-02
9.090000000000006408e-02
1.602999999999999425e-01
6.279999999999999472e-02
4.730000000000003646e-02
7.099999999999999367e-02
1.047000000000000153e-01
9.760000000000003395e-02
6.640000000000001457e-02
4.059999999999999720e-02
5.260000000000000786e-02
9.079999999999999183e-02
4.649999999999997191e-02
4.640000000000005231e-02
1.109000000000000125e-01
6.230000000000004284e-02
7.439999999999999392e-02
7.749999999999997169e-02
1.141999999999999682e-01
7.730000000000004923e-02
5.089999999999995917e-02
2.130000000000001337e-02
1.182999999999999607e-01
2.079999999999998517e-02
1.075999999999999318e-01
4.560000000000008491e-02
2.880000000000009636e-02
1.579999999999999738e-01
5.229999999999998539e-02
9.730000000000001148e-02
1.141000000000000486e-01
1.294000000000000428e-01
9.909999999999993814e-02
1.227999999999999925e-01
9.990000000000004432e-02
6.509999999999999121e-02
9.570000000000000728e-02
5.100000000000000366e-02
4.350000000000002476e-02
1.187999999999999889e-01
3.300000000000007094e-02
1.069000000000000505e-01
7.359999999999995712e-02
9.199999999999994293e-02
1.292999999999999983e-01
6.829999999999997184e-02
9.440000000000005331e-02
8.119999999999999440e-02
4.510000000000001508e-02
1.861999999999999766e-01
5.679999999999994081e-02
4.660000000000005110e-02
1.067999999999999644e-01
4.279999999999999777e-02
1.864000000000000379e-01
6.399999999999998745e-02
6.640000000000004232e-02
1.242999999999998967e-01
6.930000000000000049e-02
2.001999999999999891e-01
5.260000000000002174e-02
8.440000000000004443e-02
1.279999999999999194e-01
6.289999999999995595e-02
1.973999999999999644e-01
1.095999999999999475e-01
4.020000000000005513e-02
1.363999999999999380e-01
5.409999999999991205e-02
1.899000000000000410e-01
9.550000000000000155e-02
4.550000000000001960e-02
1.031000000000000388e-01
6.969999999999990092e-02
1.100999999999999202e-01
6.990000000000007319e-02
4.429999999999990890e-02
1.230999999999999039e-01
7.110000000000002429e-02
7.349999999999995426e-02
1.283999999999999586e-01
2.209999999999995648e-02
9.019999999999998852e-02
6.289999999999998370e-02
6.029999999999999249e-02
1.621000000000000218e-01
4.610000000000002984e-02
5.750000000000000944e-02
9.259999999999997400e-02
8.240000000000002878e-02
2.624000000000000221e-01
9.240000000000003766e-02
2.600000000000004391e-02
1.285000000000000031e-01
8.570000000000001228e-02
1.077999999999999792e-01
1.358000000000000040e-01
4.720000000000001278e-02
6.169999999999997015e-02
1.098999999999999699e-01
5.119999999999994694e-02
7.550000000000001155e-02
1.139000000000000845e-01
7.420000000000005758e-02
3.400000000000004408e-02
5.639999999999999181e-02
8.489999999999997549e-02
1.717999999999999805e-01
6.040000000000001618e-02
3.030000000000000054e-02
1.231000000000000427e-01
7.040000000000001812e-02
1.573999999999999844e-01
5.890000000000010505e-02
7.769999999999994966e-02
1.307999999999999996e-01
8.350000000000001865e-02
1.356999999999999873e-01
7.850000000000001421e-02
3.769999999999999740e-02
7.910000000000000364e-02
7.539999999999995317e-02
5.040000000000001423e-02
1.343999999999999917e-01
3.759999999999995290e-02
5.089999999999995223e-02
1.360000000000001139e-02
6.429999999999999605e-02
3.509999999999993681e-02
1.384000000000000230e-01
4.670000000000006091e-02
7.169999999999990270e-02
8.050000000000007150e-02
6.060000000000004272e-02
9.549999999999994604e-02
6.549999999999997491e-02
5.029999999999992810e-02
9.220000000000005969e-02
8.070000000000002172e-02
8.619999999999999885e-02
7.030000000000000138e-02
3.570000000000003726e-02
1.227000000000000035e-01
8.089999999999999969e-02
1.554000000000000381e-01
7.560000000000000053e-02
4.880000000000005167e-02
1.197000000000000147e-01
6.040000000000008556e-02
1.243999999999999967e-01
9.619999999999997997e-02
1.099000000000000116e-01
2.119999999999997928e-02
1.019999999999999934e-01
5.109999999999994408e-02
1.559999999999999720e-01
4.769999999999997159e-02
3.800000000000001987e-02
1.299999999999999489e-01
7.070000000000006835e-02
1.152999999999999858e-01
4.959999999999997744e-02
9.389999999999995572e-02
8.800000000000002265e-02
6.139999999999994768e-02
1.241999999999999771e-01
5.279999999999999277e-02
2.159999999999994216e-02
1.204999999999999960e-01
6.859999999999995268e-02
1.498999999999999777e-01
7.800000000000001377e-02
7.079999999999990468e-02
3.850000000000007583e-02
7.679999999999995164e-02
7.629999999999997895e-02
1.323000000000000287e-01
5.510000000000003784e-02
3.190000000000001862e-02
1.355000000000000648e-01
5.929999999999999161e-02
9.570000000000006279e-02
1.525999999999999024e-01
5.699999999999996736e-02
1.124999999999999056e-01
9.510000000000001785e-02
7.969999999999995144e-02
1.303000000000000269e-01
8.790000000000000591e-02
1.082999999999999796e-01
5.560000000000003828e-02
1.046999999999999875e-01
1.262999999999999678e-01
5.359999999999997405e-02
1.244000000000000522e-01
4.980000000000001092e-02
8.420000000000001095e-02
1.308000000000000274e-01
9.850000000000008749e-02
6.999999999999993727e-02
7.270000000000001461e-02
4.590000000000002411e-02
1.708999999999999964e-01
7.200000000000006395e-02
4.619999999999999107e-02
1.294999999999999762e-01
8.339999999999997415e-02
1.916000000000000481e-01
7.770000000000000517e-02
4.910000000000001169e-02
1.067999999999999644e-01
5.639999999999992242e-02
6.220000000000003998e-02
7.350000000000003753e-02
3.320000000000003504e-02
5.649999999999993916e-02
8.390000000000003011e-02
7.159999999999996922e-02
1.171000000000000513e-01
5.749999999999989841e-02
5.500000000000000722e-02
6.609999999999997822e-02
1.061999999999999611e-01
9.860000000000007647e-02
1.010000000000000064e-01
7.420000000000001594e-02
1.920000000000005730e-02
1.009999999999998954e-01
5.629999999999998200e-02
1.095999999999999752e-01
5.829999999999996296e-02
5.809999999999998499e-02
3.009999999999996012e-02
1.015999999999999959e-01
6.639999999999995905e-02
8.959999999999998521e-02
1.305999999999999661e-01
5.929999999999996385e-02
4.480000000000000648e-02
1.289000000000000701e-01
5.840000000000001440e-02
1.233000000000000485e-01
6.330000000000007843e-02
4.130000000000002419e-02
8.460000000000003628e-02
1.099999999999999728e-01
8.290000000000008473e-02
1.327999999999999736e-01
5.250000000000001887e-02
3.659999999999997977e-02
3.599999999999999034e-02
9.199999999999999845e-02
1.015999999999999126e-01
8.600000000000010414e-02
5.260000000000009113e-02
7.800000000000001377e-02
9.499999999999994560e-02
9.349999999999999978e-02
6.000000000000004635e-02
9.629999999999991345e-02
2.749999999999994810e-02
9.680000000000005267e-02
9.139999999999995350e-02
6.479999999999991322e-02
1.506000000000000394e-01
5.969999999999997531e-02
7.210000000000008069e-02
1.393999999999999684e-01
8.809999999999995612e-02
1.989999999999999825e-01
1.116999999999999382e-01
2.090000000000002273e-02
4.050000000000007067e-02
7.909999999999997589e-02
6.220000000000003304e-02
1.003000000000000003e-01
9.779999999999994253e-02
1.035999999999999838e-01
4.330000000000001903e-02
1.075000000000000677e-01
8.839999999999990921e-02
9.319999999999999118e-02
9.159999999999995923e-02
3.739999999999996799e-02
8.199999999999998956e-02
6.529999999999992755e-02
4.319999999999998841e-02
9.450000000000000067e-02
6.920000000000001150e-02
8.829999999999993410e-02
8.800000000000002265e-02
5.700000000000004369e-02
1.132999999999999563e-01
5.379999999999994509e-02
1.050000000000000655e-01
2.690000000000004887e-02
9.560000000000000442e-02
7.719999999999999085e-02
7.319999999999997342e-02
5.809999999999995723e-02
6.539999999999998592e-02
9.569999999999997953e-02
7.799999999999998601e-02
5.680000000000000326e-02
1.444999999999999896e-01
7.139999999999999125e-02
5.240000000000001601e-02
4.600000000000001310e-02
1.078999999999999820e-01
1.763000000000000678e-01
6.050000000000005373e-02
5.169999999999996126e-02
7.380000000000006000e-02
1.051000000000001100e-01
1.680000000000000382e-01
8.490000000000012814e-02
2.341999999999999360e-01
3.412999999999999923e-01
2.665000000000000147e-01
6.469999999999993812e-02
5.659999999999996978e-02
8.009999999999997677e-02
7.120000000000006879e-02
5.010000000000002646e-02
1.422000000000000486e-01
4.750000000000004219e-02
1.475999999999999812e-01
1.507000000000000839e-01
8.210000000000006182e-02
6.730000000000002647e-02
8.439999999999997504e-02
7.110000000000001041e-02
8.310000000000003495e-02
9.560000000000005993e-02
1.278999999999999582e-01
6.649999999999996192e-02
5.810000000000005438e-02
6.089999999999991254e-02
7.779999999999995253e-02
1.174000000000000182e-01
1.199999999999999956e-01
1.970000000000000917e-02
1.468999999999999750e-01
5.399999999999996469e-02
1.647999999999999465e-01
9.059999999999990283e-02
4.529999999999990284e-02
7.529999999999992255e-02
7.249999999999998113e-02
5.459999999999999576e-02
7.560000000000000053e-02
5.279999999999997196e-02
4.499999999999993588e-02
3.379999999999996896e-02
1.644999999999999796e-01
8.650000000000002132e-02
1.814999999999999392e-01
8.340000000000000191e-02
6.569999999999995288e-02
1.185999999999999693e-01
6.790000000000001590e-02
6.750000000000000444e-02
9.299999999999992994e-02
3.799999999999998518e-02
4.590000000000009350e-02
7.900000000000007017e-02
9.189999999999999558e-02
8.569999999999999840e-02
6.309999999999993392e-02
2.690000000000000724e-02
1.059000000000000496e-01
6.769999999999999629e-02
9.169999999999994822e-02
8.370000000000006601e-02
4.880000000000004473e-02
1.031999999999999862e-01
8.519999999999998408e-02
1.410000000000000697e-01
6.290000000000001146e-02
3.050000000000008260e-02
5.559999999999998971e-02
1.286999999999999811e-01
6.600000000000005862e-02
2.256999999999999562e-01
9.049999999999996936e-02
4.539999999999998898e-02
7.339999999999995139e-02
6.810000000000002163e-02
6.999999999999997891e-02
1.076000000000000012e-01
3.600000000000003197e-02
3.950000000000004896e-02
1.052999999999999631e-01
6.179999999999992444e-02
8.230000000000006755e-02
1.304000000000000159e-01
1.056999999999999051e-01
3.290000000000001951e-02
1.745999999999999774e-01
8.939999999999991009e-02
9.039999999999999425e-02
1.147000000000000797e-01
5.139999999999998737e-02
9.109999999999990328e-02
8.679999999999997440e-02
7.879999999999995342e-02
1.503999999999999782e-01
4.330000000000001903e-02
3.729999999999989574e-02
5.720000000000003554e-02
1.035000000000000087e-01
7.679999999999995164e-02
2.224000000000000143e-01
7.960000000000001796e-02
3.779999999999995863e-02
1.505999999999999006e-01
6.189999999999992730e-02
1.599999999999999756e-01
4.910000000000000475e-02
4.739999999999996300e-02
1.374999999999998446e-01
7.510000000000000009e-02
1.299999999999999489e-01
6.400000000000002909e-02
5.430000000000001492e-02
4.220000000000004997e-02
9.970000000000006635e-02
7.449999999999998290e-02
6.640000000000001457e-02
7.270000000000000073e-02
3.420000000000003593e-02
4.109999999999994214e-02
1.130999999999999783e-01
6.350000000000002864e-02
1.930999999999999384e-01
3.599999999999997646e-02
5.769999999999993190e-02
4.640000000000008007e-02
9.590000000000001301e-02
7.360000000000008202e-02
6.190000000000007996e-02
9.960000000000010512e-02
4.539999999999999591e-02
5.170000000000007229e-02
1.415000000000000147e-01
5.320000000000001117e-02
1.949999999999999789e-01
1.061999999999999056e-01
3.720000000000009410e-02
1.282000000000000084e-01
6.260000000000003062e-02
1.022999999999999882e-01
5.020000000000006402e-02
3.579999999999999155e-02
8.970000000000002971e-02
6.749999999999990730e-02
4.559999999999993919e-02
1.230999999999999872e-01
5.850000000000006584e-02
7.100000000000003531e-02
9.099999999999999756e-02
5.980000000000006144e-02
6.039999999999993985e-02
1.186000000000000110e-01
7.280000000000005911e-02
4.839999999999992919e-02
8.660000000000009357e-02
6.610000000000010312e-02
6.389999999999994296e-02
1.146000000000000490e-01
5.019999999999992524e-02
4.789999999999997038e-02
1.056999999999999468e-01
7.650000000000001243e-02
1.048000000000000320e-01
4.880000000000003085e-02
3.920000000000001261e-02
1.256999999999999784e-01
7.790000000000005254e-02
1.509999999999999676e-01
7.059999999999999609e-02
5.839999999999994501e-02
6.769999999999999629e-02
9.219999999999992091e-02
8.120000000000002216e-02
9.340000000000009406e-02
4.960000000000000520e-02
1.379999999999997895e-02
1.276000000000001022e-01
5.200000000000003925e-02
1.470000000000000473e-01
4.110000000000007397e-02
4.199999999999996791e-02
1.059000000000001052e-01
5.410000000000006470e-02
9.860000000000007647e-02
7.280000000000018401e-02
6.029999999999980514e-02
4.800000000000011202e-02
9.789999999999998703e-02
3.930000000000007099e-02
1.812000000000000277e-01
5.900000000000003852e-02
4.750000000000002831e-02
8.229999999999995652e-02
7.880000000000006444e-02
1.654000000000001025e-01
6.820000000000008000e-02
4.390000000000006397e-02
3.239999999999991498e-02
1.095999999999998364e-01
5.189999999999999475e-02
1.276000000000000467e-01
4.299999999999990635e-02
5.989999999999996022e-02
8.609999999999995435e-02
8.559999999999989839e-02
1.049000000000001598e-01
1.552999999999999103e-01
1.464999999999999358e-01
4.399999999999994887e-02
1.011999999999999011e-01
4.679999999999994581e-02
1.360999999999999432e-01
4.510000000000008447e-02
4.280000000000007410e-02
1.085000000000001102e-01
5.470000000000003332e-02
9.620000000000020202e-02
1.479999999999998261e-01
5.609999999999998321e-02
9.449999999999988964e-02
6.850000000000006084e-02
8.050000000000012701e-02
1.712999999999997858e-01
7.090000000000001856e-02
7.529999999999999194e-02
8.460000000000000853e-02
1.397000000000000464e-01
1.752000000000000224e-01
7.409999999999997145e-02
