7.869999999999999218e-02
2.318000000000000060e-01
1.116999999999999799e-01
6.310000000000000331e-02
1.041000000000000120e-01
6.909999999999999476e-02
8.220000000000002305e-02
1.587999999999999967e-01
1.479000000000000037e-01
8.580000000000002902e-02
3.549999999999999684e-02
6.980000000000000093e-02
9.939999999999998836e-02
4.610000000000000209e-02
7.680000000000000715e-02
1.461999999999999966e-01
3.869999999999999829e-02
4.080000000000000987e-02
2.980000000000000704e-02
4.769999999999999241e-02
6.050000000000001904e-02
9.239999999999998215e-02
5.619999999999998608e-02
1.461999999999999966e-01
5.219999999999999640e-02
5.069999999999998813e-02
2.120000000000001744e-02
5.459999999999999576e-02
8.999999999999999667e-02
5.690000000000001307e-02
2.979999999999999663e-02
2.192999999999999949e-01
3.619999999999998913e-02
3.510000000000002007e-02
9.710000000000001963e-02
3.340000000000000607e-02
8.360000000000000764e-02
5.149999999999999717e-02
2.810000000000000692e-02
1.292000000000000093e-01
6.109999999999998765e-02
4.730000000000000870e-02
4.379999999999997784e-02
1.699999999999999428e-02
1.514999999999999958e-01
5.500000000000000722e-02
2.789999999999999772e-02
1.907999999999999696e-01
7.289999999999999258e-02
1.969999999999999529e-02
3.020000000000000115e-02
3.400000000000001632e-02
6.320000000000000617e-02
4.250000000000000999e-02
6.129999999999999338e-02
7.380000000000000449e-02
9.149999999999999800e-02
6.220000000000000528e-02
5.289999999999998176e-02
2.429999999999999521e-02
5.489999999999999047e-02
5.939999999999999447e-02
6.079999999999999988e-02
6.909999999999999476e-02
8.719999999999999973e-02
1.204000000000000070e-01
6.399999999999998745e-02
3.100000000000001366e-02
3.530000000000000498e-02
9.830000000000002625e-02
5.619999999999999996e-02
3.439999999999998614e-02
1.063999999999999946e-01
1.350000000000000089e-01
8.019999999999997964e-02
1.679999999999998508e-02
1.738000000000000100e-01
2.340000000000000413e-02
3.070000000000000506e-02
2.118999999999999773e-01
4.130000000000000338e-02
5.800000000000001682e-02
1.072000000000000036e-01
8.380000000000001337e-02
5.139999999999998737e-02
1.865999999999999881e-01
2.729999999999999094e-02
5.460000000000002351e-02
1.177999999999999881e-01
7.419999999999998819e-02
8.770000000000000018e-02
1.163999999999999757e-01
1.064000000000000223e-01
3.710000000000002185e-02
8.640000000000000457e-02
2.419999999999999235e-02
8.870000000000000107e-02
4.789999999999999813e-02
5.370000000000000467e-02
1.185999999999999971e-01
4.910000000000001863e-02
3.999999999999999389e-02
6.250000000000001388e-02
3.720000000000001084e-02
1.033000000000000168e-01
6.469999999999999363e-02
4.270000000000000184e-02
9.229999999999999316e-02
9.559999999999999054e-02
9.140000000000000902e-02
4.779999999999998833e-02
7.350000000000000977e-02
6.759999999999999343e-02
7.329999999999997629e-02
2.260000000000000897e-02
6.190000000000000363e-02
1.282999999999999696e-01
5.560000000000001746e-02
3.619999999999997525e-02
3.490000000000002128e-02
2.270000000000000143e-02
6.840000000000001634e-02
6.069999999999999007e-02
3.830000000000000071e-02
5.979999999999999899e-02
1.142999999999999849e-01
7.890000000000002567e-02
7.550000000000002542e-02
3.950000000000000733e-02
7.100000000000002143e-02
7.199999999999998068e-02
4.190000000000000668e-02
3.559999999999999970e-02
1.389999999999999847e-01
1.120000000000000162e-01
6.129999999999999338e-02
2.079999999999998864e-02
1.263000000000000234e-01
5.469999999999998475e-02
5.040000000000001423e-02
1.454000000000000015e-01
7.570000000000001728e-02
4.030000000000000249e-02
5.409999999999999531e-02
1.229000000000000092e-01
5.600000000000000117e-02
2.890000000000000555e-02
1.438000000000000111e-01
1.184999999999999942e-01
6.349999999999997313e-02
1.910000000000000933e-02
1.689999999999999836e-01
4.990000000000000685e-02
5.750000000000000250e-02
1.205000000000000099e-01
9.169999999999998985e-02
8.149999999999998912e-02
5.760000000000000536e-02
8.949999999999999623e-02
5.830000000000001154e-02
1.610000000000000667e-02
8.509999999999999509e-02
1.566000000000000170e-01
7.049999999999997935e-02
1.979999999999999816e-02
9.929999999999999938e-02
6.140000000000000319e-02
3.899999999999999301e-02
8.989999999999999380e-02
1.011999999999999983e-01
1.232000000000000040e-01
9.259999999999998788e-02
5.870000000000000218e-02
1.421000000000000041e-01
4.140000000000000624e-02
5.020000000000001544e-02
1.408000000000000085e-01
3.910000000000000281e-02
6.540000000000002756e-02
3.849999999999999256e-02
8.349999999999999090e-02
9.779999999999998417e-02
2.890000000000000902e-02
2.940000000000001987e-02
2.298000000000000043e-01
6.709999999999999298e-02
4.639999999999999680e-02
1.713000000000000078e-01
3.279999999999999583e-02
5.410000000000000919e-02
6.529999999999999694e-02
1.597000000000000086e-01
6.300000000000002820e-02
3.769999999999998352e-02
1.200999999999999845e-01
4.639999999999999680e-02
7.289999999999999258e-02
1.035999999999999976e-01
8.799999999999999489e-02
5.619999999999999996e-02
7.079999999999998794e-02
2.569999999999999021e-02
7.679999999999997939e-02
9.420000000000000595e-02
4.009999999999999676e-02
5.390000000000000346e-02
1.159999999999999920e-01
4.800000000000000100e-02
7.549999999999998379e-02
6.429999999999999605e-02
2.960000000000000131e-02
1.446000000000000063e-01
7.619999999999997609e-02
7.020000000000001239e-02
9.400000000000002798e-02
8.989999999999997993e-02
1.390000000000000124e-01
5.900000000000001771e-02
5.210000000000000048e-02
1.222000000000000031e-01
5.960000000000000714e-02
2.850000000000000103e-02
1.023999999999999772e-01
8.549999999999997879e-02
7.740000000000001046e-02
6.730000000000002647e-02
3.620000000000000995e-02
1.718000000000000083e-01
6.750000000000000444e-02
2.730000000000000482e-02
1.625999999999999945e-01
6.910000000000000864e-02
3.959999999999999631e-02
1.517000000000000015e-01
6.929999999999998661e-02
6.099999999999999173e-02
1.215999999999999998e-01
1.524000000000000077e-01
3.859999999999998155e-02
5.589999999999999136e-02
1.670999999999999985e-01
4.740000000000001157e-02
4.810000000000001080e-02
2.273999999999999910e-01
5.180000000000001964e-02
6.390000000000001235e-02
1.754000000000000281e-01
5.539999999999999092e-02
4.209999999999999853e-02
1.602000000000000091e-01
5.769999999999999435e-02
4.809999999999998999e-02
1.661000000000000254e-01
4.589999999999999636e-02
9.310000000000000220e-02
1.396000000000000019e-01
4.799999999999998712e-02
1.401000000000000023e-01
6.390000000000001235e-02
3.819999999999999785e-02
3.499999999999998945e-02
2.159999999999999976e-01
5.699999999999999512e-02
2.529999999999999957e-02
1.686000000000000276e-01
7.280000000000000360e-02
3.620000000000002383e-02
1.136000000000000343e-01
1.649999999999999800e-01
7.320000000000000118e-02
4.109999999999999765e-02
1.209000000000000075e-01
7.250000000000000888e-02
8.979999999999997706e-02
4.999999999999998890e-02
9.220000000000000417e-02
6.130000000000000726e-02
5.820000000000000173e-02
1.237999999999999934e-01
9.799999999999997602e-02
4.810000000000000386e-02
1.244000000000000106e-01
1.006999999999999840e-01
5.150000000000001799e-02
5.540000000000000480e-02
1.683000000000000052e-01
3.750000000000001249e-02
4.530000000000000693e-02
1.195999999999999841e-01
7.820000000000000562e-02
3.899999999999999994e-02
1.026999999999999996e-01
1.284999999999999754e-01
7.560000000000001441e-02
2.549999999999999142e-02
6.690000000000001501e-02
9.600000000000002975e-02
5.480000000000001537e-02
2.729999999999999094e-02
1.226000000000000145e-01
7.810000000000000275e-02
3.919999999999999873e-02
6.510000000000000508e-02
3.959999999999999631e-02
1.288000000000000256e-01
7.090000000000000469e-02
7.930000000000000937e-02
9.219999999999999030e-02
1.154000000000000026e-01
6.979999999999998705e-02
5.319999999999999729e-02
4.939999999999999947e-02
1.028999999999999915e-01
3.899999999999999301e-02
3.799999999999999212e-02
1.304000000000000159e-01
1.268999999999999850e-01
3.990000000000000491e-02
2.839999999999998775e-02
1.135000000000000453e-01
3.999999999999997308e-02
4.750000000000000056e-02
9.759999999999999232e-02
8.449999999999999178e-02
6.030000000000002025e-02
7.570000000000000340e-02
6.420000000000000706e-02
1.205999999999999711e-01
4.169999999999997320e-02
7.900000000000000078e-02
1.101000000000000034e-01
1.507999999999999896e-01
8.660000000000001030e-02
4.020000000000001350e-02
1.957999999999999741e-01
3.889999999999999014e-02
3.980000000000000204e-02
1.417000000000000204e-01
4.410000000000000725e-02
7.840000000000002522e-02
4.119999999999998663e-02
1.391000000000000292e-01
6.869999999999998330e-02
4.000000000000000083e-02
6.210000000000000242e-02
1.149000000000000021e-01
6.149999999999998523e-02
5.930000000000001242e-02
6.449999999999997402e-02
9.390000000000001124e-02
4.799999999999998712e-02
3.830000000000000765e-02
8.429999999999999993e-02
1.213999999999999940e-01
4.519999999999999712e-02
6.240000000000003183e-02
8.550000000000000655e-02
1.277999999999999969e-01
2.440000000000000155e-02
4.109999999999999071e-02
1.646999999999999853e-01
5.850000000000001726e-02
6.209999999999998854e-02
8.759999999999998344e-02
9.469999999999999252e-02
9.529999999999999583e-02
3.819999999999998397e-02
4.410000000000002113e-02
1.834999999999999964e-01
8.749999999999999445e-02
3.490000000000000741e-02
1.207000000000000295e-01
5.459999999999998882e-02
5.790000000000000702e-02
6.919999999999999762e-02
8.620000000000001272e-02
9.039999999999998037e-02
8.360000000000000764e-02
3.119999999999998469e-02
1.381000000000000005e-01
7.739999999999999658e-02
7.760000000000000231e-02
1.247000000000000192e-01
3.019999999999999074e-02
1.591000000000000192e-01
8.699999999999999400e-02
6.859999999999999432e-02
5.359999999999998099e-02
5.769999999999998741e-02
1.206000000000000127e-01
2.440000000000000502e-02
5.190000000000000169e-02
1.764999999999999902e-01
4.610000000000001597e-02
6.829999999999998572e-02
8.420000000000001095e-02
4.549999999999998490e-02
1.472999999999999865e-01
2.599999999999999187e-02
6.779999999999999916e-02
1.975999999999999979e-01
6.339999999999999802e-02
8.959999999999998521e-02
7.699999999999999900e-02
7.370000000000000162e-02
1.062999999999999917e-01
3.279999999999999583e-02
4.149999999999998829e-02
1.973000000000000309e-01
6.690000000000001501e-02
5.969999999999998919e-02
1.192000000000000143e-01
6.719999999999996809e-02
4.129999999999998950e-02
3.159999999999998921e-02
1.373999999999999666e-01
1.010999999999999954e-01
5.830000000000001847e-02
6.790000000000000202e-02
1.202000000000000013e-01
8.390000000000000235e-02
5.939999999999999447e-02
4.139999999999999236e-02
1.123999999999999999e-01
5.930000000000001936e-02
9.159999999999998699e-02
3.310000000000002524e-02
1.275999999999999912e-01
4.760000000000001036e-02
3.339999999999999913e-02
4.039999999999997760e-02
1.320000000000000062e-01
4.850000000000000144e-02
3.570000000000002338e-02
6.269999999999999185e-02
1.179000000000000048e-01
4.919999999999999374e-02
1.730000000000000981e-02
5.790000000000000702e-02
1.267999999999999960e-01
7.750000000000001332e-02
3.439999999999998614e-02
6.089999999999998886e-02
9.620000000000000773e-02
2.529999999999998223e-02
5.170000000000000290e-02
1.050999999999999851e-01
5.050000000000000322e-02
6.519999999999999407e-02
3.889999999999999014e-02
1.193000000000000033e-01
6.510000000000000508e-02
3.769999999999999740e-02
4.959999999999999826e-02
1.431999999999999940e-01
7.499999999999998335e-02
7.529999999999999194e-02
4.229999999999999039e-02
1.609999999999999765e-01
5.809999999999999887e-02
7.290000000000000646e-02
1.305000000000000049e-01
6.650000000000000355e-02
8.219999999999999529e-02
7.820000000000000562e-02
4.650000000000001354e-02
1.681000000000000272e-01
9.849999999999999034e-02
4.669999999999999152e-02
6.170000000000000484e-02
1.421999999999999931e-01
5.809999999999999887e-02
9.280000000000003524e-02
2.850000000000003919e-02
6.839999999999998859e-02
9.089999999999998082e-02
2.480000000000000260e-02
1.544999999999999707e-01
9.450000000000001454e-02
8.129999999999998339e-02
6.050000000000000516e-02
8.250000000000001776e-02
7.309999999999999831e-02
4.340000000000000108e-02
8.620000000000002660e-02
1.115999999999999770e-01
6.389999999999998459e-02
7.380000000000000449e-02
1.345000000000000084e-01
1.187000000000000000e-01
1.072000000000000036e-01
5.689999999999999225e-02
7.080000000000000182e-02
1.100000000000000144e-01
9.690000000000001390e-02
5.619999999999999996e-02
4.570000000000000451e-02
1.112999999999999823e-01
5.329999999999999322e-02
6.439999999999999891e-02
5.919999999999999568e-02
1.519999999999999962e-01
4.899999999999999495e-02
5.390000000000000346e-02
9.309999999999998832e-02
7.259999999999999787e-02
1.743999999999999995e-01
5.389999999999998265e-02
3.080000000000002180e-02
1.373999999999999944e-01
1.006000000000000227e-01
6.719999999999996809e-02
5.229999999999999927e-02
5.150000000000000411e-02
1.176999999999999991e-01
9.500000000000001499e-02
2.690000000000000030e-02
6.160000000000001585e-02
1.070000000000000118e-01
3.960000000000001019e-02
7.739999999999999658e-02
7.590000000000002300e-02
7.380000000000000449e-02
1.499000000000000055e-01
5.590000000000001218e-02
5.229999999999999927e-02
5.749999999999998168e-02
1.367999999999999772e-01
8.840000000000000635e-02
1.185000000000000220e-01
7.969999999999999307e-02
1.095999999999999891e-01
8.189999999999997282e-02
5.020000000000000850e-02
1.269999999999998214e-02
1.009000000000000036e-01
1.243999999999999967e-01
8.529999999999998694e-02
6.110000000000001541e-02
1.285000000000000031e-01
7.740000000000002434e-02
8.849999999999998146e-02
8.679999999999998828e-02
4.509999999999998732e-02
1.504999999999999671e-01
1.083000000000000074e-01
9.170000000000000373e-02
1.016000000000000236e-01
1.125000000000000028e-01
5.370000000000000467e-02
3.289999999999999175e-02
7.280000000000000360e-02
1.416000000000000036e-01
6.750000000000000444e-02
6.440000000000001279e-02
1.078999999999999959e-01
1.599999999999998646e-02
1.525000000000000244e-01
8.579999999999998739e-02
4.330000000000001209e-02
6.179999999999997995e-02
1.238999999999999962e-01
8.079999999999999682e-02
1.030000000000000082e-01
4.939999999999997865e-02
8.029999999999999638e-02
1.042999999999999761e-01
5.040000000000000036e-02
5.169999999999998208e-02
1.184999999999999803e-01
1.547999999999999932e-01
9.390000000000001124e-02
2.949999999999998457e-02
1.068000000000000060e-01
9.470000000000000639e-02
6.529999999999999694e-02
2.529999999999999263e-02
2.069999999999999271e-02
1.223000000000000198e-01
9.959999999999996634e-02
5.830000000000001847e-02
6.499999999999997446e-02
1.179999999999999660e-01
6.090000000000000274e-02
3.080000000000000793e-02
1.759000000000000008e-01
1.729000000000000259e-01
8.779999999999998916e-02
3.490000000000001434e-02
1.421999999999999931e-01
1.092999999999999944e-01
7.799999999999998601e-02
4.589999999999998942e-02
7.030000000000000138e-02
1.958999999999999631e-01
1.204000000000000209e-01
4.879999999999998922e-02
8.880000000000000393e-02
2.549999999999999836e-02
1.889000000000000123e-01
9.780000000000001192e-02
6.170000000000000484e-02
5.369999999999999080e-02
1.389000000000000234e-01
6.530000000000002469e-02
6.060000000000001497e-02
9.079999999999996407e-02
7.670000000000001816e-02
1.117999999999999827e-01
7.040000000000000424e-02
2.100000000000001865e-02
1.031999999999999862e-01
1.154000000000000026e-01
6.230000000000002203e-02
5.999999999999999778e-02
2.440000000000000155e-02
1.126000000000000056e-01
1.178000000000000019e-01
5.370000000000000467e-02
4.370000000000001661e-02
1.021999999999999853e-01
1.026000000000000245e-01
6.539999999999998592e-02
5.960000000000001408e-02
2.689999999999998642e-02
1.399000000000000243e-01
9.290000000000001035e-02
3.329999999999999627e-02
3.790000000000000313e-02
1.762999999999999845e-01
1.063999999999999946e-01
7.150000000000002187e-02
8.620000000000001272e-02
5.049999999999998934e-02
1.318000000000000282e-01
6.870000000000001106e-02
2.350000000000000006e-02
1.713000000000000078e-01
9.929999999999998550e-02
7.170000000000001372e-02
1.989000000000000212e-01
8.719999999999999973e-02
4.580000000000000737e-02
4.870000000000000717e-02
1.276999999999999802e-01
6.369999999999999274e-02
8.340000000000000191e-02
1.390000000000000124e-01
8.800000000000000877e-02
6.669999999999999540e-02
1.257000000000000062e-01
1.013999999999999901e-01
5.770000000000002210e-02
9.149999999999997025e-02
3.579999999999999155e-02
1.065999999999999864e-01
1.207000000000000017e-01
6.229999999999999427e-02
4.950000000000000233e-02
8.329999999999999905e-02
2.029999999999999860e-01
6.850000000000000533e-02
6.569999999999999452e-02
1.253000000000000225e-01
1.236000000000000015e-01
5.139999999999998737e-02
3.519999999999998130e-02
1.713000000000000078e-01
9.790000000000001479e-02
5.639999999999999181e-02
4.070000000000001394e-02
4.250000000000000999e-02
6.799999999999999101e-02
1.267000000000000071e-01
7.349999999999998201e-02
5.479999999999999455e-02
1.010000000000000064e-01
7.660000000000001530e-02
1.087000000000000188e-01
1.144000000000000017e-01
2.940000000000002334e-02
1.885999999999999899e-01
7.769999999999999130e-02
4.499999999999999833e-02
9.459999999999998965e-02
1.098999999999999977e-01
5.659999999999999060e-02
8.290000000000000147e-02
7.720000000000000473e-02
1.423999999999999710e-01
5.090000000000002162e-02
4.580000000000000737e-02
1.315000000000000058e-01
8.579999999999998739e-02
7.209999999999999742e-02
7.720000000000000473e-02
1.238000000000000073e-01
9.459999999999998965e-02
9.949999999999997735e-02
1.628999999999999893e-01
2.667999999999999816e-01
3.933000000000000385e-01
2.081999999999999962e-01
1.242000000000000048e-01
2.023000000000000353e-01
8.660000000000001030e-02
1.163999999999999896e-01
1.915999999999999925e-01
1.443999999999999728e-01
2.467000000000000026e-01
8.660000000000001030e-02
3.790000000000000313e-02
9.010000000000001341e-02
1.209999999999999964e-01
1.435000000000000164e-01
5.080000000000001181e-02
2.407000000000000250e-01
7.769999999999996354e-02
3.769999999999996271e-02
7.730000000000002147e-02
9.139999999999998126e-02
1.174000000000000044e-01
9.390000000000001124e-02
1.321999999999999842e-01
1.275000000000000022e-01
5.760000000000000536e-02
5.789999999999997926e-02
5.529999999999997418e-02
7.430000000000001881e-02
1.333999999999999631e-01
7.939999999999998448e-02
4.210000000000001241e-02
1.617999999999999994e-01
1.399999999999999856e-01
4.619999999999997026e-02
6.180000000000001464e-02
1.660999999999999699e-01
8.500000000000000611e-02
3.490000000000001434e-02
6.150000000000000605e-02
2.134999999999999953e-01
9.820000000000000950e-02
7.189999999999999170e-02
6.619999999999998108e-02
4.109999999999996989e-02
1.715999999999999470e-01
7.999999999999998779e-02
7.320000000000004281e-02
7.349999999999999589e-02
8.390000000000001623e-02
1.229000000000000231e-01
1.320999999999999952e-01
4.589999999999999636e-02
1.392999999999999794e-01
1.207999999999999907e-01
1.087999999999999939e-01
7.030000000000000138e-02
1.552000000000000046e-01
1.486000000000000099e-01
6.440000000000001279e-02
6.750000000000001832e-02
5.039999999999996566e-02
4.110000000000000459e-02
1.991999999999999882e-01
1.097000000000000058e-01
4.540000000000002367e-02
1.968999999999999917e-01
9.880000000000001281e-02
9.459999999999998965e-02
9.790000000000001479e-02
1.392999999999999794e-01
1.277000000000000079e-01
3.149999999999999328e-02
2.229999999999999344e-02
2.006999999999999895e-01
8.180000000000001159e-02
6.500000000000000222e-02
1.253000000000000225e-01
8.499999999999999223e-02
5.280000000000001359e-02
3.549999999999998990e-02
8.150000000000001688e-02
1.239000000000000101e-01
1.161999999999999839e-01
1.259999999999998795e-02
1.401999999999999913e-01
4.860000000000000431e-02
2.010000000000002063e-02
1.519999999999999962e-01
6.489999999999999936e-02
7.239999999999999214e-02
7.309999999999999831e-02
1.664999999999999813e-01
5.009999999999999870e-02
4.070000000000000007e-02
1.595999999999999919e-01
3.082000000000000295e-01
4.256999999999999673e-01
1.157999999999999863e-01
1.708000000000000074e-01
5.439999999999997615e-02
3.300000000000000849e-02
1.885999999999999621e-01
3.750000000000001943e-02
4.679999999999997357e-02
1.013999999999999901e-01
6.239999999999997632e-02
4.020000000000002044e-02
1.844000000000000083e-01
4.919999999999999374e-02
3.849999999999998562e-02
1.696999999999999897e-01
1.186000000000000248e-01
1.016999999999999987e-01
7.039999999999999036e-02
1.200000000000000094e-01
4.429999999999997828e-02
7.449999999999996902e-02
5.830000000000000460e-02
5.280000000000001359e-02
1.369999999999999829e-01
7.250000000000000888e-02
5.069999999999998119e-02
8.190000000000000058e-02
1.185000000000000220e-01
1.024000000000000188e-01
8.309999999999999332e-02
6.959999999999999520e-02
3.969999999999999224e-02
1.118999999999999995e-01
6.579999999999999738e-02
3.370000000000000773e-02
8.950000000000001010e-02
1.332999999999999741e-01
8.029999999999999638e-02
8.749999999999999445e-02
3.269999999999999296e-02
1.311000000000000221e-01
8.329999999999998517e-02
7.780000000000000804e-02
1.007000000000000256e-01
1.138999999999999735e-01
1.316000000000000225e-01
9.780000000000002580e-02
6.290000000000001146e-02
6.360000000000000375e-02
4.979999999999998317e-02
1.381000000000000005e-01
4.139999999999998542e-02
3.229999999999999538e-02
1.911999999999999811e-01
6.960000000000003684e-02
7.849999999999997258e-02
1.713999999999999968e-01
1.139999999999999902e-01
8.269999999999999574e-02
2.049999999999998351e-02
1.706999999999999906e-01
9.350000000000001366e-02
2.190000000000000974e-02
7.939999999999999836e-02
1.282000000000000361e-01
6.960000000000002296e-02
2.340000000000001454e-02
1.192999999999999894e-01
6.920000000000001150e-02
9.370000000000001938e-02
7.489999999999999436e-02
1.276999999999999802e-01
9.089999999999998082e-02
4.259999999999999204e-02
5.789999999999997926e-02
1.141999999999999821e-01
9.960000000000002185e-02
1.316999999999999837e-01
6.770000000000001017e-02
1.421000000000000041e-01
5.730000000000000371e-02
3.710000000000000103e-02
1.142999999999999988e-01
1.076999999999999763e-01
8.330000000000001292e-02
7.830000000000000848e-02
1.195000000000000229e-01
1.127000000000000085e-01
4.649999999999999967e-02
3.160000000000001696e-02
1.554999999999999993e-01
5.919999999999998874e-02
6.570000000000000839e-02
6.639999999999998681e-02
5.229999999999998539e-02
1.110000000000000292e-01
6.499999999999998834e-02
7.990000000000001268e-02
1.668999999999999928e-01
9.110000000000001430e-02
7.779999999999999416e-02
1.406000000000000028e-01
1.167999999999999872e-01
6.199999999999999956e-02
6.679999999999999827e-02
1.297999999999999987e-01
7.910000000000000364e-02
7.780000000000002192e-02
1.280000000000000582e-02
1.222000000000000031e-01
1.255999999999999894e-01
6.099999999999998479e-02
5.029999999999998361e-02
1.988999999999999935e-01
7.670000000000004592e-02
5.549999999999997297e-02
1.239000000000000101e-01
1.253999999999999559e-01
3.970000000000001306e-02
4.039999999999999147e-02
2.094999999999999918e-01
6.110000000000000153e-02
8.699999999999999400e-02
8.749999999999999445e-02
8.539999999999998981e-02
5.430000000000000104e-02
1.909999999999999198e-02
1.038999999999999924e-01
7.409999999999999920e-02
6.399999999999998745e-02
7.869999999999997831e-02
7.850000000000001421e-02
1.557999999999999940e-01
9.750000000000000333e-02
8.629999999999997395e-02
8.389999999999997460e-02
6.080000000000000682e-02
1.022000000000000131e-01
1.009999999999999926e-01
6.530000000000001081e-02
1.391999999999999904e-01
6.689999999999998725e-02
3.029999999999999707e-02
2.540000000000001285e-02
1.313000000000000278e-01
8.159999999999997811e-02
6.770000000000002405e-02
8.369999999999998275e-02
3.960000000000001713e-02
