1.728999999999999981e-01
1.073000000000000065e-01
1.406000000000000028e-01
1.016999999999999987e-01
7.210000000000001130e-02
4.630000000000000088e-02
6.699999999999997624e-02
1.079999999999999988e-01
1.197000000000000147e-01
8.949999999999999623e-02
9.000000000000001055e-02
5.749999999999999556e-02
5.150000000000000411e-02
6.810000000000000775e-02
9.720000000000000862e-02
9.020000000000001628e-02
1.741999999999999937e-01
8.790000000000000591e-02
7.090000000000000469e-02
5.569999999999999951e-02
3.509999999999999926e-02
6.210000000000000242e-02
1.060000000000000109e-01
9.099999999999999756e-02
1.497999999999999887e-01
8.730000000000000260e-02
4.629999999999999394e-02
5.609999999999999709e-02
3.910000000000000281e-02
4.599999999999999922e-02
6.579999999999999738e-02
1.714999999999999858e-01
1.421999999999999931e-01
1.250999999999999890e-01
7.309999999999999831e-02
9.819999999999999563e-02
9.879999999999999893e-02
1.821000000000000119e-01
1.151000000000000079e-01
1.496000000000000107e-01
1.073999999999999955e-01
1.297000000000000097e-01
1.325999999999999956e-01
6.450000000000000178e-02
1.059999999999999970e-01
3.829999999999999377e-02
8.440000000000000280e-02
4.140000000000000624e-02
8.280000000000001248e-02
1.000000000000000194e-01
1.791999999999999982e-01
1.204999999999999960e-01
7.580000000000000626e-02
4.919999999999998680e-02
4.569999999999999063e-02
6.609999999999999210e-02
1.265000000000000013e-01
8.920000000000000151e-02
9.279999999999999361e-02
1.106999999999999929e-01
8.399999999999999134e-02
2.490000000000000546e-02
7.469999999999998863e-02
1.205999999999999989e-01
1.283999999999999864e-01
1.318000000000000005e-01
1.122999999999999832e-01
6.439999999999999891e-02
3.500000000000000333e-02
7.180000000000000271e-02
1.152999999999999997e-01
9.390000000000001124e-02
1.149999999999999911e-01
1.115000000000000158e-01
7.259999999999998399e-02
3.060000000000000220e-02
9.879999999999999893e-02
1.346999999999999864e-01
1.089999999999999997e-01
1.175999999999999962e-01
1.250000000000000000e-01
6.970000000000001195e-02
3.320000000000002116e-02
9.020000000000000240e-02
1.332000000000000128e-01
1.602999999999999980e-01
1.062000000000000027e-01
8.369999999999999662e-02
8.079999999999998295e-02
2.459999999999999687e-02
9.219999999999997642e-02
1.355000000000000093e-01
1.826999999999999735e-01
9.990000000000000269e-02
8.590000000000000413e-02
6.270000000000000573e-02
5.709999999999999798e-02
8.309999999999997944e-02
9.799999999999998990e-02
1.436999999999999944e-01
1.524999999999999967e-01
4.770000000000002016e-02
6.240000000000000407e-02
1.038000000000000173e-01
1.047000000000000153e-01
1.294000000000000150e-01
1.516000000000000125e-01
1.181999999999999856e-01
2.820000000000000978e-02
7.939999999999999836e-02
1.174999999999999933e-01
9.389999999999998348e-02
1.638000000000000012e-01
1.193000000000000033e-01
9.380000000000002225e-02
2.029999999999997085e-02
1.134999999999999898e-01
1.089999999999999858e-01
1.001000000000000223e-01
1.090000000000000274e-01
1.213999999999999801e-01
6.099999999999997785e-02
2.070000000000001006e-02
1.355999999999999983e-01
1.255999999999999894e-01
1.505999999999999839e-01
1.209999999999999964e-01
6.079999999999997906e-02
3.849999999999998562e-02
4.939999999999997865e-02
1.069999999999999979e-01
9.699999999999997513e-02
1.164000000000000035e-01
1.285000000000000031e-01
8.870000000000001494e-02
5.379999999999999366e-02
2.529999999999998916e-02
9.380000000000000837e-02
1.045000000000000095e-01
9.670000000000003593e-02
1.264999999999999736e-01
7.369999999999997387e-02
6.080000000000002763e-02
4.540000000000000979e-02
1.233999999999999958e-01
9.689999999999998614e-02
1.879000000000000115e-01
3.174999999999999489e-01
1.704999999999999849e-01
8.104000000000000092e-01
1.552000000000000046e-01
3.708000000000000185e-01
1.131999999999999396e-01
6.290000000000003921e-02
5.330000000000000709e-02
4.359999999999998599e-02
6.429999999999998217e-02
1.068000000000000060e-01
1.147999999999999993e-01
8.770000000000000018e-02
7.459999999999997189e-02
1.051999999999999741e-01
4.220000000000000140e-02
1.283000000000000251e-01
8.290000000000000147e-02
1.025999999999999968e-01
1.222999999999999782e-01
9.120000000000000329e-02
7.730000000000000759e-02
4.609999999999998127e-02
7.569999999999998952e-02
7.589999999999999525e-02
1.503000000000000169e-01
6.650000000000000355e-02
1.289000000000000146e-01
1.027000000000000135e-01
5.820000000000000173e-02
4.779999999999999527e-02
1.700000000000001510e-02
6.699999999999999012e-02
1.120000000000000301e-01
1.160000000000000475e-01
1.819000000000000061e-01
9.770000000000003681e-02
1.902999999999999969e-01
1.416000000000000036e-01
8.640000000000000457e-02
3.454999999999999738e-01
2.224000000000000143e-01
1.612999999999999989e-01
1.388999999999999957e-01
1.644999999999999796e-01
1.439000000000000001e-01
1.001999999999999974e-01
2.729999999999997359e-02
4.139999999999999930e-02
3.979999999999999510e-02
4.089999999999999192e-02
8.599999999999996536e-02
8.950000000000002398e-02
1.538000000000000200e-01
1.463999999999999746e-01
1.038000000000000311e-01
4.920000000000000762e-02
5.219999999999998946e-02
7.010000000000000953e-02
4.750000000000001443e-02
1.449000000000000288e-01
1.342000000000000137e-01
1.389000000000000234e-01
1.079999999999999710e-01
7.510000000000001397e-02
8.759999999999998344e-02
4.020000000000001350e-02
6.409999999999999032e-02
1.062000000000000166e-01
8.460000000000000853e-02
1.763000000000000123e-01
1.431000000000000050e-01
8.470000000000001139e-02
2.049999999999999739e-02
5.929999999999999161e-02
8.529999999999998694e-02
8.390000000000000235e-02
1.829999999999999960e-01
1.246000000000000163e-01
9.559999999999999054e-02
3.130000000000000143e-02
9.480000000000002314e-02
1.006999999999999701e-01
1.028000000000000302e-01
1.255000000000000282e-01
9.480000000000000926e-02
5.479999999999999455e-02
6.810000000000000775e-02
1.166999999999999982e-01
1.316999999999999837e-01
1.507000000000000006e-01
8.719999999999999973e-02
4.830000000000000265e-02
5.999999999999997002e-02
1.131999999999999951e-01
9.470000000000000639e-02
2.061000000000000054e-01
1.258000000000000229e-01
4.360000000000001374e-02
4.790000000000001201e-02
5.850000000000002420e-02
9.299999999999998546e-02
1.076999999999999763e-01
1.760999999999999788e-01
1.147999999999999993e-01
5.080000000000001181e-02
5.939999999999999447e-02
1.048999999999999932e-01
9.539999999999999869e-02
1.288000000000000256e-01
1.281999999999999806e-01
7.360000000000002651e-02
3.260000000000000397e-02
1.023000000000000020e-01
1.327999999999999736e-01
1.238999999999999824e-01
1.195000000000000229e-01
1.081999999999999629e-01
3.320000000000000728e-02
4.729999999999998095e-02
8.240000000000002878e-02
1.309000000000000163e-01
1.217000000000000304e-01
1.633000000000000007e-01
8.080000000000001070e-02
4.270000000000000878e-02
5.970000000000000306e-02
1.025999999999999968e-01
1.268000000000000238e-01
1.174999999999999795e-01
1.105000000000000010e-01
5.079999999999999793e-02
1.159999999999997838e-02
9.350000000000001366e-02
1.250999999999999890e-01
1.340000000000000080e-01
1.008999999999999897e-01
4.109999999999999765e-02
4.369999999999999579e-02
1.081999999999999906e-01
8.420000000000001095e-02
1.096999999999999365e-01
1.144000000000000017e-01
5.700000000000001593e-02
3.680000000000000632e-02
7.340000000000000691e-02
1.114999999999999603e-01
1.002000000000000252e-01
2.182000000000000051e-01
2.540999999999999925e-01
1.797000000000000264e-01
7.350000000000000977e-02
4.566000000000001169e-01
8.609999999999995435e-02
1.678999999999999382e-01
8.130000000000001115e-02
2.420000000000001317e-02
1.141000000000000208e-01
9.540000000000001257e-02
1.967000000000000137e-01
1.502000000000000279e-01
9.870000000000002383e-02
6.060000000000002884e-02
6.969999999999999807e-02
5.029999999999997667e-02
1.190999999999999698e-01
1.251999999999999780e-01
1.060999999999999860e-01
1.391000000000000014e-01
8.449999999999996403e-02
4.180000000000001076e-02
2.430000000000001603e-02
1.058000000000000329e-01
1.192999999999999755e-01
1.173999999999999766e-01
1.340999999999999692e-01
9.639999999999999958e-02
3.129999999999999449e-02
5.500000000000000722e-02
1.449000000000000010e-01
1.042999999999999344e-01
1.088999999999999968e-01
1.476000000000000090e-01
9.019999999999997464e-02
2.770000000000000934e-02
2.160000000000001502e-02
1.352000000000000146e-01
1.095000000000000140e-01
1.193000000000000171e-01
1.175999999999999684e-01
7.469999999999998863e-02
1.069999999999998383e-02
2.960000000000001172e-02
5.299999999999999850e-02
1.064999999999999697e-01
1.388000000000000345e-01
1.972000000000000419e-01
1.058999999999999803e-01
6.019999999999997575e-02
5.100000000000000366e-02
3.360000000000001180e-02
4.399999999999996969e-02
1.301000000000000212e-01
1.510000000000000231e-01
9.309999999999998832e-02
5.439999999999997615e-02
4.740000000000003239e-02
2.280000000000000082e-02
7.540000000000002256e-02
1.175000000000000211e-01
1.507000000000000006e-01
1.416999999999999926e-01
7.490000000000002212e-02
4.850000000000000144e-02
3.949999999999999345e-02
6.260000000000001674e-02
1.285999999999999921e-01
1.413999999999999702e-01
9.010000000000001341e-02
9.709999999999997800e-02
8.490000000000000324e-02
3.169999999999998513e-02
3.559999999999999970e-02
1.007999999999999868e-01
9.820000000000005114e-02
1.326000000000000234e-01
1.116000000000000048e-01
6.189999999999999669e-02
2.170000000000000054e-02
3.809999999999998804e-02
8.669999999999999929e-02
6.280000000000002247e-02
1.012000000000000122e-01
9.930000000000002713e-02
9.039999999999999425e-02
3.619999999999999607e-02
2.469999999999997892e-02
1.191000000000000114e-01
1.342000000000000137e-01
1.519999999999999685e-01
1.202999999999999903e-01
5.629999999999997506e-02
7.500000000000001110e-02
1.023999999999999910e-01
1.049999999999999961e-01
1.772000000000000242e-01
1.033999999999999919e-01
2.539999999999999203e-02
4.030000000000000943e-02
6.500000000000001610e-02
1.190000000000000224e-01
7.649999999999997080e-02
1.698999999999999955e-01
1.272000000000000075e-01
3.040000000000001382e-02
4.090000000000000580e-02
2.619999999999999413e-02
3.779999999999999333e-02
1.291000000000000481e-01
1.409999999999999587e-01
1.335000000000000075e-01
1.222999999999999921e-01
7.100000000000003531e-02
6.130000000000000032e-02
3.690000000000001612e-02
1.240999999999999881e-01
9.919999999999999651e-02
1.199000000000000066e-01
1.602000000000000091e-01
9.739999999999995883e-02
3.219999999999999252e-02
4.489999999999998159e-02
9.630000000000002447e-02
1.149999999999999634e-01
1.031999999999999862e-01
1.371999999999999886e-01
1.083999999999999825e-01
3.270000000000001378e-02
7.209999999999996967e-02
4.070000000000002088e-02
1.214000000000000357e-01
9.409999999999997533e-02
1.994999999999999829e-01
1.135000000000000453e-01
6.249999999999995837e-02
6.010000000000002840e-02
5.939999999999999447e-02
1.405000000000000138e-01
1.265999999999999903e-01
1.202000000000000013e-01
1.628999999999999893e-01
1.256000000000000172e-01
1.329999999999999793e-01
1.307000000000000106e-01
3.217000000000000415e-01
1.829999999999999960e-01
4.129999999999996174e-02
4.779999999999997445e-02
6.740000000000001545e-02
4.879999999999996840e-02
3.139999999999994185e-02
2.780000000000002955e-02
1.229999999999999843e-01
9.900000000000001854e-02
1.341999999999999860e-01
1.253999999999999837e-01
9.210000000000001519e-02
9.530000000000002358e-02
3.910000000000000281e-02
5.219999999999998946e-02
4.359999999999995129e-02
1.295000000000000595e-01
1.550999999999999601e-01
2.031999999999999640e-01
1.391000000000000292e-01
9.190000000000000946e-02
1.182000000000000134e-01
4.979999999999997623e-02
3.040000000000000341e-02
1.163000000000000422e-01
1.432000000000000217e-01
1.389000000000000234e-01
1.287000000000000366e-01
1.263999999999999846e-01
7.569999999999998952e-02
4.449999999999997014e-02
7.070000000000001283e-02
1.063999999999999529e-01
1.145000000000000462e-01
1.358000000000000318e-01
7.479999999999999150e-02
5.640000000000000568e-02
3.259999999999997622e-02
3.770000000000001128e-02
2.290000000000002103e-02
6.979999999999997318e-02
1.128000000000000114e-01
1.083000000000000074e-01
1.111999999999999794e-01
9.740000000000004210e-02
8.290000000000000147e-02
6.390000000000001235e-02
6.079999999999995824e-02
2.172000000000000042e-01
1.512999999999999345e-01
1.728000000000000091e-01
1.216999999999999749e-01
9.950000000000006062e-02
7.889999999999999791e-02
5.030000000000000027e-01
2.639999999999999569e-01
1.365000000000000380e-01
1.679999999999999549e-01
9.400000000000000022e-02
8.390000000000003011e-02
1.464999999999999636e-01
1.764000000000000012e-01
8.519999999999999796e-02
9.139999999999993963e-02
1.074999999999999983e-01
1.151999999999999968e-01
8.110000000000000542e-02
8.079999999999998295e-02
1.300000000000000044e-01
1.150000000000000189e-01
1.852999999999999647e-01
1.393000000000000349e-01
7.169999999999997209e-02
3.690000000000000918e-02
4.279999999999999083e-02
1.500000000000000500e-01
1.125999999999999640e-01
1.542999999999999927e-01
1.174000000000000044e-01
1.121999999999999664e-01
2.530000000000000304e-02
7.029999999999997362e-02
1.287000000000000088e-01
1.064999999999999697e-01
9.470000000000000639e-02
1.079999999999999988e-01
1.004999999999999782e-01
3.760000000000000842e-02
1.001000000000000084e-01
1.265999999999999626e-01
1.422000000000000208e-01
1.040999999999999842e-01
1.092999999999999666e-01
6.899999999999996414e-02
2.569999999999997981e-02
3.629999999999998506e-02
1.662000000000000699e-01
1.285000000000000031e-01
1.392999999999999794e-01
2.351000000000000312e-01
2.671000000000000041e-01
2.325999999999999734e-01
1.383000000000000340e-01
1.466999999999999416e-01
1.935999999999999943e-01
1.449999999999999900e-01
6.190000000000003139e-02
3.670000000000001733e-02
1.533999999999999531e-01
1.586000000000000187e-01
2.234000000000000152e-01
6.329999999999993965e-02
1.243000000000000216e-01
4.384000000000000119e-01
2.270999999999999963e-01
1.592000000000000082e-01
5.239999999999998825e-02
1.150000000000002062e-02
9.479999999999996763e-02
1.199999999999999678e-01
1.497000000000000552e-01
1.193999999999999784e-01
8.120000000000002216e-02
6.089999999999999580e-02
3.089999999999998304e-02
1.231000000000000150e-01
1.213999999999999801e-01
1.838999999999999801e-01
1.216000000000000136e-01
7.850000000000002809e-02
4.649999999999999967e-02
8.599999999999999312e-02
1.145000000000000184e-01
1.044000000000000344e-01
1.086000000000000021e-01
5.370000000000000467e-02
5.139999999999999430e-02
4.150000000000000910e-02
1.159999999999999920e-01
1.016000000000000375e-01
1.651999999999999580e-01
8.040000000000004088e-02
9.810000000000000664e-02
4.819999999999999285e-02
8.000000000000000167e-02
1.193000000000000171e-01
6.149999999999998523e-02
1.413999999999999702e-01
1.317999999999999727e-01
4.590000000000002411e-02
2.930000000000000659e-02
1.429999999999999882e-01
1.097000000000000058e-01
8.800000000000002265e-02
8.950000000000006561e-02
4.679999999999998744e-02
3.450000000000001676e-02
9.219999999999994866e-02
1.152000000000000107e-01
1.962000000000000133e-01
1.446000000000000063e-01
6.240000000000003183e-02
4.270000000000001572e-02
6.780000000000001303e-02
1.021999999999999853e-01
9.419999999999997820e-02
1.710999999999999743e-01
1.448000000000000398e-01
7.519999999999998908e-02
9.429999999999999494e-02
1.937000000000000111e-01
2.544000000000000150e-01
3.151000000000000467e-01
3.057000000000000828e-01
1.384000000000000230e-01
4.509999999999997344e-02
5.859999999999999931e-02
1.327000000000000401e-01
9.429999999999999494e-02
8.770000000000000018e-02
9.679999999999996940e-02
7.260000000000005338e-02
5.339999999999998220e-02
4.419999999999997542e-02
1.067000000000000309e-01
9.319999999999997731e-02
1.688999999999999946e-01
1.171000000000000096e-01
1.067999999999999783e-01
6.100000000000001255e-02
4.670000000000006091e-02
9.109999999999997267e-02
1.252000000000000335e-01
9.950000000000001898e-02
1.005000000000000338e-01
9.640000000000001346e-02
5.710000000000002573e-02
4.919999999999997292e-02
6.099999999999999867e-02
1.047999999999999765e-01
1.066000000000000281e-01
7.159999999999994147e-02
1.423000000000000653e-01
2.369999999999999885e-01
1.964000000000000190e-01
1.915000000000000036e-01
2.411000000000000087e-01
1.832999999999999907e-01
1.493000000000000438e-01
2.251999999999999835e-01
1.325000000000000067e-01
9.339999999999998304e-02
1.678000000000000047e-01
1.465000000000000191e-01
2.831000000000000183e-01
6.279999999999996696e-02
8.450000000000004730e-02
5.300000000000000544e-02
1.065999999999999864e-01
9.450000000000001454e-02
1.646999999999999853e-01
9.119999999999998941e-02
4.840000000000004715e-02
6.870000000000001106e-02
4.540000000000002367e-02
1.264000000000000401e-01
1.018000000000000016e-01
1.593000000000000527e-01
1.052000000000000018e-01
8.219999999999996754e-02
5.169999999999996126e-02
2.830000000000003346e-02
4.469999999999997586e-02
1.158999999999999753e-01
9.739999999999997271e-02
1.157000000000000389e-01
9.019999999999998852e-02
5.819999999999999479e-02
6.310000000000003106e-02
3.410000000000001918e-02
1.172000000000000264e-01
8.560000000000002329e-02
2.039999999999999591e-01
1.166999999999999843e-01
5.940000000000000835e-02
5.459999999999999576e-02
3.509999999999997844e-02
1.359000000000000208e-01
1.209999999999999964e-01
1.403000000000000635e-01
1.344000000000000195e-01
7.250000000000000888e-02
4.749999999999997280e-02
4.639999999999998292e-02
1.248000000000000081e-01
9.889999999999997404e-02
1.138999999999999596e-01
7.509999999999998621e-02
7.520000000000000295e-02
5.840000000000002134e-02
5.629999999999998894e-02
3.259999999999996928e-02
3.620000000000000995e-02
1.352999999999999758e-01
1.357000000000000428e-01
2.059999999999999609e-01
1.660999999999999699e-01
8.319999999999996843e-02
9.550000000000001543e-02
2.591999999999999860e-01
1.864999999999999991e-01
1.355000000000000093e-01
1.969999999999999529e-01
2.747999999999999887e-01
1.499000000000000332e-01
2.492000000000000326e-01
1.190000000000000085e-01
4.309999999999999942e-02
5.210000000000002129e-02
1.134000000000000147e-01
9.330000000000000793e-02
1.636999999999999844e-01
7.600000000000002587e-02
6.990000000000000380e-02
7.139999999999999125e-02
2.720000000000001583e-02
1.210000000000000520e-01
9.419999999999992268e-02
1.659000000000000197e-01
1.394999999999999574e-01
1.030000000000000360e-01
7.160000000000001086e-02
6.550000000000005818e-02
1.480000000000000204e-01
1.188999999999999224e-01
1.060999999999999999e-01
1.029999999999999666e-01
5.769999999999996659e-02
5.370000000000002549e-02
1.088000000000000217e-01
9.240000000000000990e-02
1.311999999999999833e-01
1.221999999999999892e-01
7.260000000000002562e-02
2.639999999999997210e-02
4.300000000000003125e-02
2.709999999999998521e-02
1.014999999999999653e-01
9.570000000000003504e-02
1.318999999999999062e-01
9.170000000000000373e-02
7.239999999999999214e-02
4.120000000000001439e-02
5.430000000000002186e-02
1.352999999999999758e-01
9.569999999999997953e-02
1.695000000000000673e-01
8.900000000000002354e-02
8.519999999999997020e-02
5.499999999999997946e-02
2.559999999999998041e-02
1.236999999999999489e-01
1.251000000000000445e-01
1.616000000000000769e-01
9.110000000000001430e-02
1.048000000000000043e-01
5.490000000000001129e-02
5.369999999999996998e-02
3.700000000000000511e-02
6.249999999999999306e-02
1.041999999999999871e-01
1.091000000000000303e-01
1.156000000000000083e-01
8.930000000000001825e-02
7.739999999999999658e-02
2.990000000000001337e-02
8.640000000000001845e-02
1.391999999999999627e-01
1.008000000000000423e-01
9.120000000000003104e-02
9.679999999999999716e-02
7.910000000000001752e-02
2.509999999999999037e-02
3.980000000000002980e-02
1.101999999999999924e-01
9.669999999999991103e-02
1.058000000000000052e-01
1.014000000000000318e-01
6.179999999999999383e-02
2.279999999999998347e-02
4.520000000000002488e-02
1.217000000000000165e-01
8.860000000000003983e-02
1.234999999999999432e-01
7.080000000000002958e-02
5.759999999999998455e-02
3.659999999999997283e-02
5.760000000000004700e-02
1.228999999999999954e-01
7.080000000000005733e-02
1.652000000000000135e-01
9.460000000000000353e-02
5.199999999999996986e-02
6.550000000000003042e-02
5.969999999999998919e-02
1.313000000000000000e-01
1.020999999999999963e-01
1.495999999999999552e-01
1.226999999999999758e-01
6.540000000000001368e-02
4.840000000000001940e-02
6.400000000000001521e-02
1.518999999999999795e-01
9.339999999999995528e-02
1.490999999999999825e-01
1.054999999999999827e-01
3.949999999999995182e-02
4.299999999999999656e-02
3.579999999999998461e-02
1.431000000000000050e-01
1.489999999999999658e-01
1.955000000000000071e-01
1.466000000000000081e-01
1.619000000000000161e-01
1.874999999999999445e-01
6.659999999999997866e-02
1.032000000000000001e-01
1.765999999999999515e-01
1.253000000000000502e-01
2.048999999999999710e-01
1.788000000000000145e-01
1.018999999999999628e-01
7.889999999999997016e-02
2.367000000000000215e-01
1.504999999999999671e-01
2.541999999999999815e-01
4.949999999999997458e-02
5.690000000000001307e-02
2.809999999999999304e-02
8.790000000000001978e-02
1.035999999999999976e-01
1.586999999999999800e-01
1.159000000000000308e-01
3.919999999999999180e-02
7.470000000000001639e-02
3.410000000000001918e-02
8.190000000000000058e-02
1.512000000000000011e-01
1.354000000000000481e-01
1.052000000000000157e-01
8.929999999999997662e-02
5.029999999999996974e-02
5.209999999999999354e-02
8.460000000000000853e-02
1.512999999999999901e-01
1.508000000000000729e-01
9.869999999999999607e-02
6.190000000000001057e-02
2.779999999999999485e-02
2.589999999999999594e-02
8.220000000000002305e-02
1.633999999999999897e-01
1.645999999999999963e-01
1.232999999999999791e-01
8.989999999999996605e-02
6.649999999999994804e-02
3.480000000000001148e-02
9.509999999999999010e-02
1.295999999999999930e-01
1.701000000000000012e-01
1.520000000000000517e-01
5.379999999999997978e-02
5.300000000000000544e-02
3.700000000000004674e-02
1.199999999999999817e-01
1.320999999999999952e-01
1.800999999999999823e-01
1.384000000000000508e-01
5.669999999999999346e-02
4.339999999999997332e-02
4.220000000000000140e-02
3.310000000000000442e-02
1.084999999999999715e-01
1.226000000000000145e-01
1.137999999999999845e-01
1.710999999999999743e-01
1.647000000000000131e-01
1.572999999999999676e-01
7.409999999999999920e-02
1.271999999999999797e-01
1.093000000000000221e-01
4.500000000000002609e-02
1.030000000000000221e-01
1.305000000000000049e-01
1.148000000000000548e-01
3.594999999999999307e-01
1.794000000000000317e-01
2.624000000000000776e-01
1.310999999999998833e-01
6.710000000000002074e-02
6.659999999999999254e-02
1.198000000000000731e-01
1.208999999999999797e-01
1.383000000000000618e-01
1.319000000000000172e-01
7.369999999999997387e-02
4.530000000000001387e-02
3.259999999999999010e-02
6.539999999999998592e-02
1.012000000000000122e-01
7.579999999999999238e-02
1.872999999999999665e-01
1.350999999999999979e-01
4.750000000000000749e-02
3.300000000000005707e-02
5.169999999999995433e-02
2.869999999999999288e-02
1.511000000000000121e-01
1.366000000000000270e-01
1.201999999999999735e-01
9.870000000000000995e-02
5.769999999999999435e-02
4.780000000000000221e-02
2.469999999999996851e-02
1.358000000000000040e-01
1.097999999999999671e-01
1.345000000000000084e-01
1.167999999999999872e-01
7.310000000000005382e-02
3.549999999999997602e-02
2.930000000000000313e-02
1.334000000000000186e-01
9.069999999999997509e-02
1.340999999999999415e-01
1.284000000000000141e-01
6.960000000000003684e-02
4.640000000000000374e-02
6.760000000000002118e-02
1.400999999999999746e-01
8.229999999999992877e-02
1.141999999999999404e-01
1.112000000000000349e-01
5.529999999999997418e-02
4.039999999999999147e-02
