1.335999999999999965e-01
6.289999999999999758e-02
5.960000000000001408e-02
2.197000000000000064e-01
6.450000000000000178e-02
8.250000000000000389e-02
2.113999999999999768e-01
1.352000000000000424e-01
8.630000000000001559e-02
2.431000000000000105e-01
1.413999999999999979e-01
5.100000000000000366e-02
1.068999999999999950e-01
1.708000000000000351e-01
1.088999999999999968e-01
2.187000000000000055e-01
7.529999999999999194e-02
8.610000000000000986e-02
1.334999999999999798e-01
2.722999999999999865e-01
1.236999999999999905e-01
2.023999999999999688e-01
8.479999999999998650e-02
2.535999999999999921e-01
7.759999999999998843e-02
3.009999999999998094e-02
1.008999999999999897e-01
2.237000000000000099e-01
1.318999999999999895e-01
5.330000000000000016e-02
2.093000000000000138e-01
2.026000000000000023e-01
3.490000000000001434e-02
5.709999999999999798e-02
1.310999999999999943e-01
1.701999999999999902e-01
5.740000000000001351e-02
2.620000000000000107e-01
9.579999999999999627e-02
3.049999999999999933e-02
4.269999999999999490e-02
2.110000000000000209e-01
1.223999999999999810e-01
3.879999999999998728e-02
1.933000000000000274e-01
1.441000000000000059e-01
5.400000000000000633e-02
4.770000000000001322e-02
1.446999999999999953e-01
1.295000000000000040e-01
1.559000000000000108e-01
1.567999999999999949e-01
3.609999999999999321e-02
1.529999999999999243e-02
9.629999999999999671e-02
1.319000000000000172e-01
8.350000000000000477e-02
1.247999999999999943e-01
9.700000000000000289e-02
4.660000000000000253e-02
8.200000000000001732e-02
1.087999999999999939e-01
1.034999999999999948e-01
2.008999999999999952e-01
1.426999999999999935e-01
2.890000000000000208e-02
3.269999999999998602e-02
1.202000000000000013e-01
1.537000000000000033e-01
7.099999999999997979e-02
3.360000000000001874e-02
2.449000000000000066e-01
1.396000000000000019e-01
4.969999999999998030e-02
7.430000000000000493e-02
2.210999999999999632e-01
1.022000000000000131e-01
1.069000000000000089e-01
1.991999999999999882e-01
1.119999999999999885e-01
4.150000000000000910e-02
1.746000000000000052e-01
1.532999999999999918e-01
6.220000000000001222e-02
2.205999999999999628e-01
1.352000000000000146e-01
3.419999999999999429e-02
1.489999999999999936e-01
1.014999999999999791e-01
7.470000000000000251e-02
2.058000000000000385e-01
1.146999999999999825e-01
5.860000000000001319e-02
9.169999999999998985e-02
1.815999999999999837e-01
8.849999999999999534e-02
2.344000000000000250e-01
1.073999999999999955e-01
2.100000000000000130e-02
2.960000000000001172e-02
1.881999999999999784e-01
1.129000000000000004e-01
7.599999999999999811e-02
1.771999999999999964e-01
5.590000000000000524e-02
3.550000000000001071e-02
1.532999999999999918e-01
5.919999999999998874e-02
5.689999999999999225e-02
1.242999999999999938e-01
6.859999999999999432e-02
1.289000000000000146e-01
1.237000000000000044e-01
2.400000000000000397e-02
1.365999999999999992e-01
1.543999999999999817e-01
2.020000000000000961e-02
7.839999999999999747e-02
1.116000000000000048e-01
1.781000000000000361e-01
9.400000000000000022e-02
1.759000000000000008e-01
2.086999999999999689e-01
5.890000000000000097e-02
4.089999999999999192e-02
1.112999999999999962e-01
1.469999999999999918e-01
1.250000000000000000e-01
5.609999999999999709e-02
2.389999999999999902e-01
8.490000000000000324e-02
2.739999999999999727e-02
8.599999999999999312e-02
1.534000000000000086e-01
6.490000000000001323e-02
1.482999999999999874e-01
1.733999999999999986e-01
4.059999999999999720e-02
5.699999999999998818e-02
1.796999999999999986e-01
1.013000000000000012e-01
1.060999999999999999e-01
1.915000000000000036e-01
1.071000000000000008e-01
4.539999999999999591e-02
7.159999999999999698e-02
1.351999999999999869e-01
5.629999999999998894e-02
1.319999999999999785e-01
1.711000000000000021e-01
2.959999999999999090e-02
4.309999999999999942e-02
1.828999999999999793e-01
1.137000000000000233e-01
5.149999999999999717e-02
1.058000000000000052e-01
2.426999999999999713e-01
2.580000000000001042e-02
5.260000000000000092e-02
1.527999999999999914e-01
1.282999999999999974e-01
1.107000000000000067e-01
1.996999999999999886e-01
4.149999999999998829e-02
3.910000000000000281e-02
9.750000000000000333e-02
1.925000000000000044e-01
4.730000000000001564e-02
2.589999999999999941e-02
2.691000000000000059e-01
8.519999999999999796e-02
2.790000000000000466e-02
1.412000000000000199e-01
1.819999999999999951e-01
3.379999999999999671e-02
1.727000000000000202e-01
1.101999999999999924e-01
5.659999999999998366e-02
8.579999999999998739e-02
1.137999999999999845e-01
1.144999999999999907e-01
4.829999999999998878e-02
2.661999999999999922e-01
7.489999999999999436e-02
3.309999999999999748e-02
2.128999999999999782e-01
1.234999999999999987e-01
1.432999999999999829e-01
1.096000000000000030e-01
3.689999999999999530e-02
5.490000000000000435e-02
1.571000000000000174e-01
3.150000000000000022e-02
2.419999999999999929e-01
4.570000000000001145e-02
4.210000000000001241e-02
7.529999999999999194e-02
2.226999999999999535e-01
1.990000000000001490e-02
4.680000000000001520e-02
1.891999999999999793e-01
9.239999999999998215e-02
4.830000000000000265e-02
1.786000000000000087e-01
1.122000000000000081e-01
5.970000000000000306e-02
2.528000000000000247e-01
4.760000000000000342e-02
4.700000000000000011e-02
6.950000000000000622e-02
1.633999999999999897e-01
2.949999999999998804e-02
1.110000000000000014e-01
1.592999999999999972e-01
1.179999999999999938e-01
6.349999999999998701e-02
2.088999999999999746e-01
7.599999999999998423e-02
1.138999999999999735e-01
2.152000000000000024e-01
1.431999999999999940e-01
3.670000000000001039e-02
6.939999999999998948e-02
1.761000000000000065e-01
4.280000000000000471e-02
1.658999999999999919e-01
1.486000000000000099e-01
4.590000000000001024e-02
2.006000000000000005e-01
1.072999999999999926e-01
3.620000000000000301e-02
2.310000000000000941e-02
1.323999999999999899e-01
2.121000000000000107e-01
2.270000000000000073e-01
1.756999999999999673e-01
1.668999999999999928e-01
2.233999999999999875e-01
2.084999999999999631e-01
2.069000000000000006e-01
1.824000000000000066e-01
3.769999999999996965e-02
8.609999999999995435e-02
1.694000000000000228e-01
2.463000000000000189e-01
2.230000000000000315e-01
8.669999999999999929e-02
1.439999999999999891e-01
1.053000000000000186e-01
1.433999999999999719e-01
2.814999999999999725e-01
3.446000000000000174e-01
1.205999999999999572e-01
1.597999999999999976e-01
1.854000000000000092e-01
9.810000000000002052e-02
8.609999999999998210e-02
9.619999999999997997e-02
1.115000000000000019e-01
3.090000000000000038e-02
1.169000000000000039e-01
3.239999999999999131e-02
1.244000000000000106e-01
3.109999999999999570e-02
1.301999999999999824e-01
4.870000000000000023e-02
2.550000000000000044e-01
8.630000000000000171e-02
7.169999999999998597e-02
6.209999999999999548e-02
9.750000000000000333e-02
1.378000000000000336e-01
9.919999999999999651e-02
2.684000000000000274e-01
1.173000000000000015e-01
5.940000000000000141e-02
6.229999999999998733e-02
1.834999999999999964e-01
1.286999999999999811e-01
2.099999999999999922e-01
1.270999999999999908e-01
5.449999999999999983e-02
3.910000000000000281e-02
1.790000000000000202e-01
7.380000000000000449e-02
6.519999999999999407e-02
1.431999999999999940e-01
6.150000000000000605e-02
7.579999999999997851e-02
6.800000000000000488e-02
1.265000000000000013e-01
3.629999999999999893e-02
2.637999999999999790e-01
1.034000000000000058e-01
3.419999999999998735e-02
4.330000000000000515e-02
2.066000000000000059e-01
1.506000000000000116e-01
1.830999999999999850e-01
1.901999999999999802e-01
4.630000000000000782e-02
5.309999999999999443e-02
2.042000000000000204e-01
5.839999999999999358e-02
6.159999999999998116e-02
3.141000000000000458e-01
7.050000000000000711e-02
6.199999999999999956e-02
1.830999999999999850e-01
1.906999999999999806e-01
1.066000000000000003e-01
2.242999999999999994e-01
7.489999999999999436e-02
3.210000000000000353e-02
1.501000000000000112e-01
1.502999999999999892e-01
7.130000000000003002e-02
2.476000000000000423e-01
9.129999999999997840e-02
3.519999999999999518e-02
1.415000000000000147e-01
1.693999999999999950e-01
4.220000000000000140e-02
2.617000000000000437e-01
5.010000000000000564e-02
6.120000000000000440e-02
4.559999999999998777e-02
1.906000000000000194e-01
3.939999999999999059e-02
2.262000000000000122e-01
6.779999999999999916e-02
3.289999999999999175e-02
1.041999999999999871e-01
1.855999999999999872e-01
6.010000000000000064e-02
1.544999999999999984e-01
9.709999999999999187e-02
6.419999999999999318e-02
1.789000000000000035e-01
9.849999999999999034e-02
9.879999999999999893e-02
2.086000000000000076e-01
7.320000000000000118e-02
1.030999999999999972e-01
2.084000000000000297e-01
6.980000000000000093e-02
1.736000000000000321e-01
1.696000000000000008e-01
5.139999999999999430e-02
1.875000000000000000e-01
1.192000000000000004e-01
4.200000000000000955e-02
1.966999999999999860e-01
7.169999999999999984e-02
3.449999999999999595e-02
1.920000000000000040e-01
7.459999999999999964e-02
5.049999999999998934e-02
2.559000000000000163e-01
5.310000000000000830e-02
1.129000000000000142e-01
1.353999999999999926e-01
1.461999999999999966e-01
9.910000000000000753e-02
2.585999999999999965e-01
2.560000000000001164e-02
4.019999999999999962e-02
1.446000000000000063e-01
1.439999999999999614e-01
8.929999999999999050e-02
2.157999999999999918e-01
4.479999999999999954e-02
5.000000000000000278e-02
1.025000000000000078e-01
1.467000000000000248e-01
4.199999999999999567e-02
1.416000000000000036e-01
2.238999999999999879e-01
5.739999999999999963e-02
8.490000000000000324e-02
1.491999999999999993e-01
1.762999999999999845e-01
2.142000000000000015e-01
1.250999999999999890e-01
3.120000000000000898e-02
2.499999999999999098e-02
2.106000000000000094e-01
8.140000000000002789e-02
1.689000000000000223e-01
2.713999999999999746e-01
4.699999999999999317e-02
1.202000000000000013e-01
1.890999999999999903e-01
1.064000000000000085e-01
1.832000000000000017e-01
1.441999999999999948e-01
2.840000000000000163e-02
5.329999999999999322e-02
1.171999999999999986e-01
8.339999999999998803e-02
2.109999999999999931e-01
1.210000000000000485e-02
4.969999999999999418e-02
2.249999999999999917e-02
1.274000000000000132e-01
2.520000000000000018e-02
1.255999999999999894e-01
6.729999999999999871e-02
4.730000000000000870e-02
5.600000000000000117e-02
1.040999999999999981e-01
9.559999999999999054e-02
8.060000000000000497e-02
1.683000000000000052e-01
1.867999999999999938e-01
2.839999999999999816e-02
6.030000000000000637e-02
2.318000000000000060e-01
1.405000000000000138e-01
1.097999999999999948e-01
1.943000000000000005e-01
2.401999999999999691e-01
5.420000000000001206e-02
1.714999999999999858e-01
2.986999999999999655e-01
1.596000000000000196e-01
1.509000000000000341e-01
2.769000000000000350e-01
3.360000000000000486e-02
7.130000000000000226e-02
1.262999999999999956e-01
1.366999999999999882e-01
5.160000000000000697e-02
2.722999999999999865e-01
6.209999999999999548e-02
2.370000000000000578e-02
8.740000000000000546e-02
1.905000000000000027e-01
3.579999999999999849e-02
1.758000000000000118e-01
4.279999999999999083e-02
5.630000000000000282e-02
7.680000000000000715e-02
1.232000000000000040e-01
1.257999999999999952e-01
1.938000000000000000e-01
2.370000000000000231e-02
4.630000000000000782e-02
9.960000000000000797e-02
9.870000000000000995e-02
5.200000000000000455e-02
1.210000000000000103e-01
2.857999999999999430e-01
1.286999999999999811e-01
1.969000000000000195e-01
2.947999999999999510e-01
1.148000000000000270e-01
9.120000000000003104e-02
2.402000000000000246e-01
1.911999999999999811e-01
9.600000000000000200e-02
2.895999999999999686e-01
4.240000000000001407e-02
9.020000000000000240e-02
1.555999999999999606e-01
1.271000000000000185e-01
2.393000000000000127e-01
2.010000000000000120e-01
5.049999999999998934e-02
9.670000000000000817e-02
2.631000000000000005e-01
1.416999999999999926e-01
2.640000000000000124e-01
1.312000000000000111e-01
7.000000000000000666e-02
2.970000000000000417e-02
1.609999999999999765e-01
7.370000000000001550e-02
2.126000000000000112e-01
1.137999999999999845e-01
1.839999999999998928e-02
5.359999999999999487e-02
2.084000000000000019e-01
7.860000000000000320e-02
1.776000000000000356e-01
1.131999999999999951e-01
4.219999999999998752e-02
8.019999999999999352e-02
4.970000000000000806e-02
4.889999999999998515e-02
1.358999999999999930e-01
8.140000000000000013e-02
2.432000000000000273e-01
5.670000000000001428e-02
5.259999999999998704e-02
9.489999999999999825e-02
1.820999999999999841e-01
1.110999999999999904e-01
8.489999999999997549e-02
2.135999999999999843e-01
1.248999999999999971e-01
4.479999999999998567e-02
1.837000000000000022e-01
5.770000000000000129e-02
1.202000000000000013e-01
2.104000000000000037e-01
2.669999999999998069e-02
4.439999999999998115e-02
7.709999999999998799e-02
1.401000000000000023e-01
4.989999999999999991e-02
2.419000000000000039e-01
6.870000000000001106e-02
5.409999999999999531e-02
1.062000000000000166e-01
2.301000000000000267e-01
4.939999999999998559e-02
7.190000000000001945e-02
1.068000000000000060e-01
2.951999999999999624e-01
2.920000000000001414e-02
1.084000000000000241e-01
1.629999999999999782e-01
2.497000000000000053e-01
6.010000000000002146e-02
2.609000000000000208e-01
1.188000000000000028e-01
2.930000000000001700e-02
9.220000000000000417e-02
1.683000000000000052e-01
8.480000000000001426e-02
2.812000000000000055e-01
1.430000000000000715e-02
3.740000000000003044e-02
1.372999999999999776e-01
2.427000000000000268e-01
3.099999999999999978e-02
2.179999999999999993e-01
1.127000000000000085e-01
6.039999999999997454e-02
2.860000000000000042e-02
1.602000000000000091e-01
6.860000000000000819e-02
5.439999999999999003e-02
1.637000000000000122e-01
6.119999999999999052e-02
6.669999999999999540e-02
4.879999999999999616e-02
7.040000000000001812e-02
1.093999999999999972e-01
2.479999999999998178e-02
9.030000000000000526e-02
1.312000000000000111e-01
1.919000000000000150e-01
6.339999999999998415e-02
1.268999999999999850e-01
1.441000000000000059e-01
2.712999999999999856e-01
1.090000000000000135e-01
2.573000000000000287e-01
1.887999999999999678e-01
8.060000000000000497e-02
3.540000000000000785e-02
1.983000000000000040e-01
4.509999999999998732e-02
1.326999999999999846e-01
1.359000000000000208e-01
5.309999999999996667e-02
7.339999999999999303e-02
2.014999999999999847e-01
8.699999999999998013e-02
6.500000000000001610e-02
2.086000000000000076e-01
1.536000000000000143e-01
4.059999999999997639e-02
9.239999999999998215e-02
1.565999999999999892e-01
7.280000000000000360e-02
2.027000000000000191e-01
5.390000000000001734e-02
4.769999999999999241e-02
4.010000000000001064e-02
9.170000000000001761e-02
1.161999999999999977e-01
7.350000000000000977e-02
1.771999999999999964e-01
9.219999999999997642e-02
5.059999999999999915e-02
7.829999999999999460e-02
6.519999999999999407e-02
1.307999999999999996e-01
4.600000000000001310e-02
2.099999999999999922e-01
5.050000000000000322e-02
5.229999999999999233e-02
1.527999999999999914e-01
1.136999999999999955e-01
4.189999999999999974e-02
1.265999999999999903e-01
2.245999999999999663e-01
4.190000000000000668e-02
8.299999999999999045e-02
1.585999999999999910e-01
1.994000000000000217e-01
6.489999999999998548e-02
1.807999999999999885e-01
2.389000000000000012e-01
9.800000000000003153e-02
6.620000000000003659e-02
1.782999999999999863e-01
1.435000000000000164e-01
4.880000000000001004e-02
2.131000000000000116e-01
4.589999999999998942e-02
3.100000000000003100e-02
1.525000000000000244e-01
1.020999999999999963e-01
4.490000000000000241e-02
1.900000000000000022e-01
9.360000000000003040e-02
5.389999999999998265e-02
5.870000000000000218e-02
1.426000000000000045e-01
6.980000000000001481e-02
2.086999999999999966e-01
4.460000000000001463e-02
9.600000000000011302e-03
8.809999999999998388e-02
1.357000000000000151e-01
2.690000000000000377e-02
1.476000000000000090e-01
6.550000000000000266e-02
1.129999999999999234e-02
6.790000000000002978e-02
1.002999999999999725e-01
9.320000000000000506e-02
3.589999999999999442e-02
2.526000000000000467e-01
1.353999999999999648e-01
3.519999999999998130e-02
1.312000000000000388e-01
2.236000000000000210e-01
5.369999999999998386e-02
1.685000000000000386e-01
2.073999999999999733e-01
9.559999999999997666e-02
5.579999999999999544e-02
2.654000000000000248e-01
1.167000000000000259e-01
7.140000000000000513e-02
2.707000000000000517e-01
1.130999999999999922e-01
5.199999999999998374e-02
2.017999999999999794e-01
1.209000000000000213e-01
4.999999999999999584e-02
2.964999999999999858e-01
3.389999999999999958e-02
9.250000000000001277e-02
1.536000000000000143e-01
1.320000000000000062e-01
2.506000000000000449e-01
6.279999999999999472e-02
4.710000000000000298e-02
3.830000000000000765e-02
1.905999999999999917e-01
3.119000000000000106e-01
3.476999999999999535e-01
1.839999999999999969e-01
1.179000000000000048e-01
1.637000000000000122e-01
1.245000000000000134e-01
2.505999999999999894e-01
1.678999999999999937e-01
1.553999999999999826e-01
3.236999999999999877e-01
8.800000000000000877e-02
3.049000000000000044e-01
1.172999999999999876e-01
5.390000000000001040e-02
1.834000000000000075e-01
1.976999999999999869e-01
5.640000000000000568e-02
1.946999999999999842e-01
2.031999999999999917e-01
3.789999999999998925e-02
9.049999999999999711e-02
2.194000000000000117e-01
1.300999999999999657e-01
1.090999999999999748e-01
2.600999999999999979e-01
6.079999999999996518e-02
8.300000000000004596e-02
1.612999999999999989e-01
9.999999999999997780e-02
1.337999999999999745e-01
1.905000000000000027e-01
5.589999999999997055e-02
7.100000000000000755e-02
6.079999999999999988e-02
1.369000000000000217e-01
4.550000000000001266e-02
8.209999999999999243e-02
2.253999999999999893e-01
1.702000000000000179e-01
4.689999999999997643e-02
1.054999999999999827e-01
1.688000000000000334e-01
2.612999999999999767e-01
3.069999999999998425e-02
1.262999999999999956e-01
8.929999999999999050e-02
8.609999999999998210e-02
2.683000000000000385e-01
1.717999999999999805e-01
2.929999999999998231e-02
2.016000000000000014e-01
1.874000000000000110e-01
1.164000000000000035e-01
1.973999999999999921e-01
1.275999999999999912e-01
6.709999999999999298e-02
1.657000000000000139e-01
9.959999999999998022e-02
1.319999999999999785e-01
2.266000000000000236e-01
7.320000000000000118e-02
9.770000000000000906e-02
8.899999999999999578e-02
1.874000000000000110e-01
9.910000000000002141e-02
2.338000000000000078e-01
5.879999999999999116e-02
2.990000000000002031e-02
2.390000000000001498e-02
1.173000000000000015e-01
7.690000000000001001e-02
1.254000000000000115e-01
7.759999999999998843e-02
1.960000000000000631e-02
6.900000000000000577e-02
1.781000000000000083e-01
2.519999999999999324e-02
1.689999999999999836e-01
1.218999999999999945e-01
1.134999999999999898e-01
2.021000000000000019e-01
1.000000000000000056e-01
1.696999999999999897e-01
7.370000000000000162e-02
2.686999999999999944e-01
1.003000000000000280e-01
2.184999999999999998e-01
2.428000000000000158e-01
1.807000000000000550e-01
6.259999999999998899e-02
2.797000000000000042e-01
7.370000000000001550e-02
1.153000000000000413e-01
2.318999999999999673e-01
1.529000000000000081e-01
7.030000000000000138e-02
3.059999999999999942e-01
6.330000000000002292e-02
2.410000000000001724e-02
1.187999999999999889e-01
1.678999999999999937e-01
2.759999999999999953e-02
2.997999999999999554e-01
2.609999999999998432e-02
4.650000000000000661e-02
1.310000000000000053e-01
2.445999999999999841e-01
4.750000000000002137e-02
2.357000000000000206e-01
1.275999999999999912e-01
2.489999999999999158e-02
9.859999999999999321e-02
2.149999999999999689e-01
3.469999999999998780e-02
1.510000000000000231e-01
1.151000000000000079e-01
6.290000000000001146e-02
1.635999999999999677e-01
1.369999999999999829e-01
4.329999999999999127e-02
1.959999999999999520e-01
1.243000000000000216e-01
8.620000000000002660e-02
1.530999999999999583e-01
9.170000000000003149e-02
5.219999999999999640e-02
2.330000000000000127e-01
2.989999999999999603e-02
1.091000000000000025e-01
1.435000000000000164e-01
7.650000000000001243e-02
1.979000000000000203e-01
1.307999999999999718e-01
4.269999999999999490e-02
7.499999999999998335e-02
1.784000000000000030e-01
8.139999999999998626e-02
2.833999999999999853e-01
7.230000000000000315e-02
3.320000000000000034e-02
1.645000000000000351e-01
1.395000000000000129e-01
1.391999999999999627e-01
1.962000000000000133e-01
3.030000000000000054e-02
9.639999999999998570e-02
1.907999999999999696e-01
6.700000000000003175e-02
2.609000000000000208e-01
7.639999999999999569e-02
4.900000000000000883e-02
5.739999999999999269e-02
1.842000000000000304e-01
3.189999999999999086e-02
1.335999999999999965e-01
1.118000000000000105e-01
5.999999999999999084e-02
1.221999999999999753e-01
9.929999999999999938e-02
8.690000000000000502e-02
1.094000000000000111e-01
4.430000000000000604e-02
1.219000000000000083e-01
1.320999999999999952e-01
7.500000000000001110e-02
1.222000000000000169e-01
2.129000000000000059e-01
6.739999999999998770e-02
1.105000000000000149e-01
2.733999999999999764e-01
1.454999999999999627e-01
1.144999999999999629e-01
2.964999999999999858e-01
1.645999999999999963e-01
3.749999999999999167e-02
1.631000000000000227e-01
1.941999999999999837e-01
5.880000000000000504e-02
2.496999999999999775e-01
1.852000000000000035e-01
6.590000000000001412e-02
4.709999999999997522e-02
2.401999999999999968e-01
8.889999999999997904e-02
1.614999999999999769e-01
7.649999999999999856e-02
6.739999999999998770e-02
6.639999999999998681e-02
1.119999999999999885e-01
3.360000000000001874e-02
4.529999999999999999e-02
1.493999999999999773e-01
8.190000000000001446e-02
6.680000000000001215e-02
1.217000000000000165e-01
1.649999999999999800e-01
1.144000000000000017e-01
2.303999999999999937e-01
8.240000000000000102e-02
3.519999999999998824e-02
3.070000000000000853e-02
1.444000000000000006e-01
5.989999999999999492e-02
7.589999999999999525e-02
1.712000000000000188e-01
9.420000000000000595e-02
6.390000000000001235e-02
2.041000000000000036e-01
4.389999999999998764e-02
4.170000000000000095e-02
1.351999999999999869e-01
2.481999999999999762e-01
5.679999999999998939e-02
2.250999999999999668e-01
1.656999999999999584e-01
9.770000000000000906e-02
3.033000000000000140e-01
1.421000000000000041e-01
6.530000000000001081e-02
1.113000000000000100e-01
2.202000000000000068e-01
5.330000000000000016e-02
2.366999999999999937e-01
1.376000000000000001e-01
4.159999999999999115e-02
1.790000000000000480e-01
1.058999999999999803e-01
6.999999999999999278e-02
1.264999999999999736e-01
5.680000000000000326e-02
7.049999999999997935e-02
1.415000000000000147e-01
4.949999999999998845e-02
1.547999999999999932e-01
1.176999999999999991e-01
4.389999999999999458e-02
7.190000000000000557e-02
9.690000000000000002e-02
8.710000000000001075e-02
1.755999999999999783e-01
1.580000000000000501e-02
5.510000000000000314e-02
5.539999999999999786e-02
9.160000000000001474e-02
1.873999999999999833e-01
1.450000000000000178e-01
2.730000000000000135e-02
1.145999999999999935e-01
2.095000000000000195e-01
1.019999999999999934e-01
1.577999999999999958e-01
2.079999999999999905e-01
4.860000000000001819e-02
2.699999999999998929e-02
2.708999999999999186e-01
8.249999999999999001e-02
8.219999999999999529e-02
1.554999999999999993e-01
9.370000000000000551e-02
1.539000000000000368e-01
2.110999999999999543e-01
4.320000000000002310e-02
1.236999999999999905e-01
1.130000000000000171e-01
2.429999999999999868e-02
7.799999999999999989e-02
8.560000000000002329e-02
1.349999999999999811e-01
5.509999999999999620e-02
1.940999999999999948e-01
8.200000000000001732e-02
1.590000000000000441e-02
5.989999999999999492e-02
1.413000000000000089e-01
4.809999999999998999e-02
7.630000000000000671e-02
1.593999999999999861e-01
1.748999999999999999e-01
6.110000000000000153e-02
1.639999999999999791e-01
