6.629999999999999782e-02
4.950000000000000233e-02
4.489999999999999547e-02
1.336999999999999855e-01
1.226000000000000145e-01
9.909999999999999365e-02
7.930000000000000937e-02
8.109999999999999154e-02
5.310000000000000137e-02
3.039999999999999647e-02
5.690000000000000613e-02
4.229999999999999732e-02
1.304999999999999771e-01
8.480000000000004201e-02
9.319999999999999118e-02
9.390000000000001124e-02
8.889999999999999292e-02
6.900000000000000577e-02
4.649999999999999967e-02
5.899999999999999689e-02
4.709999999999999604e-02
6.229999999999999427e-02
1.472999999999999865e-01
8.089999999999999969e-02
1.093000000000000083e-01
1.533999999999999808e-01
6.000000000000001166e-02
3.469999999999999474e-02
2.790000000000000119e-02
1.925999999999999934e-01
9.149999999999999800e-02
3.420000000000001511e-02
1.827999999999999903e-01
8.939999999999999336e-02
7.449999999999998290e-02
8.580000000000000127e-02
5.190000000000000863e-02
3.440000000000000002e-02
1.638999999999999901e-01
8.659999999999998255e-02
2.689999999999998642e-02
1.499000000000000332e-01
1.088999999999999968e-01
7.330000000000000404e-02
5.350000000000000588e-02
7.560000000000000053e-02
6.909999999999999476e-02
1.114999999999999880e-01
8.999999999999999667e-02
9.840000000000000135e-02
1.059999999999999831e-02
1.482999999999999874e-01
4.609999999999998821e-02
1.129000000000000281e-01
7.900000000000000078e-02
6.550000000000001654e-02
9.059999999999999998e-02
1.920000000000000040e-01
1.272000000000000075e-01
6.709999999999997911e-02
1.059000000000000219e-01
1.522000000000000020e-01
1.095000000000000140e-01
7.420000000000001594e-02
7.910000000000000364e-02
1.755000000000000171e-01
1.000999999999999807e-01
1.639999999999999791e-02
2.668000000000000371e-01
8.630000000000001559e-02
5.599999999999999423e-02
6.980000000000000093e-02
8.219999999999999529e-02
2.042999999999999816e-01
6.840000000000001634e-02
5.079999999999999793e-02
1.059000000000000080e-01
2.167999999999999650e-01
1.217000000000000026e-01
2.520000000000000712e-02
6.790000000000001590e-02
1.506000000000000116e-01
1.881999999999999784e-01
8.630000000000004334e-02
1.291999999999999815e-01
1.681000000000000272e-01
1.522000000000000020e-01
6.910000000000002252e-02
3.370000000000001467e-02
9.100000000000001144e-02
1.927000000000000102e-01
7.039999999999997649e-02
2.409999999999998949e-02
1.356999999999999873e-01
1.154000000000000026e-01
1.181999999999999995e-01
8.929999999999997662e-02
1.001999999999999835e-01
1.711000000000000298e-01
6.619999999999999496e-02
2.479999999999997484e-02
2.095999999999999530e-01
8.619999999999999885e-02
6.250000000000000000e-02
3.339999999999999913e-02
9.829999999999999849e-02
1.476999999999999980e-01
1.186000000000000110e-01
1.317000000000000115e-01
6.069999999999997620e-02
9.390000000000001124e-02
5.970000000000001000e-02
4.689999999999999725e-02
5.999999999999999084e-02
1.185999999999999971e-01
1.009000000000000175e-01
2.849999999999998368e-02
1.512000000000000011e-01
4.119999999999999357e-02
9.230000000000002092e-02
6.279999999999999472e-02
5.269999999999999685e-02
3.800000000000001293e-02
1.207999999999999907e-01
1.358000000000000040e-01
9.629999999999999671e-02
2.809999999999998610e-02
1.495999999999999830e-01
1.038999999999999924e-01
5.460000000000000270e-02
5.100000000000000366e-02
5.879999999999997728e-02
6.270000000000000573e-02
1.051999999999999741e-01
1.067000000000000309e-01
4.839999999999998470e-02
1.074999999999999845e-01
1.182000000000000273e-01
6.379999999999999560e-02
5.240000000000000907e-02
7.570000000000000340e-02
7.140000000000001901e-02
1.164000000000000035e-01
9.500000000000000111e-02
3.239999999999999825e-02
6.250000000000002776e-02
1.127999999999999836e-01
1.227000000000000035e-01
7.039999999999996261e-02
6.090000000000002356e-02
8.730000000000000260e-02
1.108000000000000235e-01
1.247999999999999804e-01
1.015999999999999959e-01
9.049999999999998324e-02
7.489999999999998048e-02
1.544000000000000095e-01
1.562000000000000055e-01
9.130000000000000615e-02
5.720000000000000084e-02
1.837000000000000022e-01
1.828999999999999793e-01
8.320000000000002394e-02
1.124000000000000138e-01
1.634000000000000175e-01
1.247999999999999804e-01
7.689999999999999614e-02
4.909999999999999781e-02
2.811000000000000165e-01
9.389999999999998348e-02
3.849999999999999256e-02
8.409999999999999420e-02
2.011000000000000010e-01
8.569999999999999840e-02
6.219999999999999141e-02
5.830000000000000460e-02
1.844999999999999973e-01
1.118999999999999856e-01
4.879999999999999616e-02
5.930000000000000548e-02
1.602999999999999980e-01
7.480000000000000537e-02
1.001999999999999974e-01
7.539999999999999480e-02
7.810000000000000275e-02
2.132000000000000006e-01
1.003000000000000003e-01
1.308999999999999608e-01
1.386999999999999900e-01
9.009999999999998566e-02
5.870000000000000218e-02
5.559999999999999665e-02
8.050000000000000211e-02
1.531000000000000139e-01
1.453000000000000125e-01
7.999999999999996003e-02
1.526000000000000134e-01
9.909999999999999365e-02
9.870000000000002383e-02
6.890000000000000291e-02
5.749999999999998862e-02
5.949999999999999734e-02
5.429999999999999410e-02
1.473000000000000420e-01
1.389000000000000234e-01
7.820000000000000562e-02
1.258999999999999841e-01
1.432000000000000217e-01
9.240000000000000990e-02
7.990000000000002656e-02
6.369999999999997886e-02
1.391000000000000014e-01
1.207000000000000156e-01
8.849999999999999534e-02
3.610000000000000014e-02
1.631000000000000227e-01
8.710000000000002462e-02
1.694000000000000505e-01
7.409999999999999920e-02
4.630000000000000782e-02
1.143000000000000127e-01
1.345999999999999974e-01
1.146999999999999686e-01
6.660000000000000642e-02
1.498999999999999777e-01
1.359000000000000208e-01
1.287000000000000088e-01
4.719999999999999890e-02
5.030000000000000443e-02
1.780000000000000332e-02
2.516999999999999793e-01
1.150000000000000050e-01
7.010000000000002340e-02
7.320000000000001505e-02
1.880000000000000004e-01
8.990000000000000768e-02
1.010000000000000342e-01
7.630000000000000671e-02
4.130000000000000338e-02
1.862999999999999934e-01
1.251000000000000167e-01
7.190000000000001945e-02
4.090000000000000580e-02
2.138000000000000456e-01
1.088000000000000078e-01
1.058000000000000329e-01
7.079999999999998794e-02
7.159999999999999698e-02
1.628000000000000003e-01
1.199999999999999956e-01
3.559999999999997888e-02
1.199000000000000066e-01
1.559999999999999720e-01
1.751000000000000056e-01
6.459999999999999076e-02
1.236000000000000154e-01
2.046000000000000041e-01
1.353000000000000036e-01
1.053999999999999798e-01
3.159999999999999476e-01
1.794000000000000039e-01
1.027999999999999886e-01
7.679999999999999327e-02
4.300000000000001737e-02
2.583999999999999631e-01
9.550000000000000155e-02
6.400000000000000133e-02
4.959999999999997744e-02
2.394000000000000017e-01
8.999999999999998279e-02
2.829999999999999530e-02
1.129999999999999893e-01
2.146000000000000130e-01
1.272000000000000353e-01
2.749999999999999667e-02
2.389000000000000012e-01
1.573999999999999566e-01
4.420000000000000318e-02
3.559999999999999970e-02
1.231000000000000011e-01
1.604999999999999760e-01
6.370000000000002049e-02
9.820000000000003726e-02
7.340000000000006242e-02
2.456999999999999740e-01
1.610000000000000042e-01
7.280000000000001747e-02
5.389999999999999653e-02
1.427999999999999825e-01
1.371999999999999886e-01
1.634999999999999787e-01
1.023000000000000020e-01
2.506999999999999784e-01
3.104000000000000092e-01
9.579999999999999627e-02
1.720000000000001389e-02
6.790000000000000202e-02
1.725000000000000144e-01
1.996999999999999886e-01
1.300999999999999934e-01
2.091000000000000081e-01
2.424000000000000321e-01
9.249999999999999889e-02
4.309999999999998554e-02
3.110999999999999877e-01
1.708999999999999964e-01
8.349999999999996314e-02
3.496999999999999553e-01
2.150000000000000244e-01
3.220000000000000639e-02
4.929999999999998966e-02
5.229999999999999233e-02
3.482000000000000095e-01
2.034000000000000252e-01
1.311999999999999833e-01
3.492999999999999439e-01
2.678999999999999715e-01
1.188000000000000167e-01
3.830000000000000071e-02
4.909999999999999087e-02
2.932000000000000162e-01
2.480999999999999872e-01
9.310000000000001608e-02
1.838999999999999801e-01
3.804000000000000159e-01
7.569999999999996176e-02
4.729999999999998095e-02
4.949999999999996764e-02
2.787999999999999923e-01
1.570999999999999897e-01
1.067000000000000171e-01
9.659999999999999143e-02
4.011000000000000121e-01
3.779999999999999333e-02
3.989999999999999797e-02
3.569999999999997481e-02
2.424999999999999933e-01
1.897999999999999965e-01
8.719999999999999973e-02
7.260000000000002562e-02
2.856000000000000205e-01
6.779999999999998528e-02
4.129999999999996174e-02
3.690000000000002306e-02
3.551000000000000267e-01
2.333999999999999686e-01
1.439000000000000001e-01
4.133000000000000007e-01
3.097000000000000863e-01
5.629999999999998894e-02
5.519999999999997131e-02
4.240000000000000019e-02
3.663000000000000145e-01
1.354999999999999816e-01
8.949999999999999623e-02
2.662999999999999812e-01
3.474000000000000421e-01
4.530000000000002081e-02
4.980000000000001092e-02
2.462999999999999912e-01
3.626999999999999669e-01
1.205000000000000515e-01
3.668000000000000149e-01
3.643999999999999462e-01
1.228999999999999954e-01
3.549999999999998296e-02
6.650000000000000355e-02
1.898999999999999855e-01
3.377000000000000002e-01
1.552999999999999936e-01
4.287999999999999590e-01
2.385999999999999510e-01
1.021000000000000241e-01
1.086999999999999911e-01
1.144000000000000294e-01
3.290999999999999481e-01
1.562000000000000055e-01
1.110000000000000431e-01
3.532000000000000139e-01
7.319999999999997342e-02
1.102000000000000340e-01
3.589999999999998748e-02
1.254999999999999727e-01
3.215999999999999970e-01
2.091999999999999971e-01
1.058000000000000052e-01
3.726999999999999758e-01
1.204000000000000070e-01
1.270000000000000295e-01
9.369999999999999163e-02
5.040000000000002117e-02
3.165000000000000591e-01
2.707000000000000517e-01
8.939999999999993785e-02
3.686999999999999167e-01
3.400000000000000244e-01
6.339999999999995639e-02
8.650000000000000744e-02
2.920000000000000373e-02
2.352000000000000202e-01
2.809000000000000385e-01
1.837000000000000022e-01
1.467999999999999583e-01
3.365000000000001323e-01
8.300000000000000433e-02
1.127999999999999975e-01
8.229999999999998428e-02
7.510000000000002784e-02
1.046000000000000263e-01
3.354000000000000314e-01
1.360999999999999988e-01
1.750999999999999779e-01
2.252999999999999725e-01
1.226000000000000006e-01
9.900000000000000466e-02
8.620000000000002660e-02
1.145000000000000323e-01
3.109000000000000097e-01
2.207000000000000628e-01
6.239999999999994162e-02
3.649999999999999911e-01
1.582999999999999963e-01
1.268999999999999850e-01
8.430000000000001381e-02
6.520000000000000795e-02
1.449999999999999033e-02
4.128999999999999337e-01
2.593000000000000860e-01
9.270000000000001850e-02
3.149000000000000132e-01
2.527999999999999692e-01
1.491000000000000103e-01
8.879999999999999005e-02
9.370000000000000551e-02
4.839999999999998470e-02
3.622000000000000219e-01
2.123000000000000165e-01
1.332999999999999741e-01
1.851999999999999480e-01
2.578999999999999626e-01
2.262000000000000122e-01
9.210000000000004294e-02
3.249999999999998029e-02
2.998999999999999444e-01
2.564000000000000168e-01
1.646999999999999853e-01
2.855999999999999650e-01
3.325999999999999512e-01
1.396999999999999909e-01
8.670000000000002705e-02
3.510000000000000620e-02
2.739000000000000323e-01
3.461000000000000187e-01
1.421000000000000041e-01
2.031000000000000028e-01
3.302999999999999825e-01
1.930000000000000049e-01
9.090000000000000857e-02
4.029999999999999555e-02
2.109000000000000041e-01
3.097000000000000308e-01
9.199999999999998457e-02
3.395999999999999575e-01
1.928999999999999881e-01
6.050000000000001904e-02
4.360000000000001374e-02
3.718000000000000194e-01
2.726999999999999980e-01
9.960000000000006348e-02
4.612999999999999878e-01
9.990000000000001656e-02
8.430000000000001381e-02
5.189999999999998087e-02
3.742000000000000326e-01
2.852999999999999980e-01
1.183000000000000163e-01
1.867000000000000326e-01
3.556000000000000827e-01
1.747999999999999554e-01
8.369999999999999662e-02
4.500000000000002609e-02
3.270000000000000129e-01
2.276999999999999580e-01
1.224000000000000365e-01
1.573000000000000231e-01
4.039999999999999702e-01
1.945000000000000062e-01
6.110000000000002235e-02
4.959999999999999132e-02
8.140000000000000013e-02
4.732999999999999430e-01
1.446999999999999953e-01
8.890000000000002067e-02
1.580000000000000016e-01
4.458999999999999631e-01
1.653000000000000025e-01
7.869999999999999218e-02
4.949999999999998151e-02
3.091999999999999749e-01
3.329999999999999627e-01
1.590000000000000024e-01
1.693000000000000893e-01
4.235999999999999766e-01
1.514999999999999958e-01
1.180000000000000215e-01
6.849999999999997757e-02
1.847999999999999921e-01
4.057999999999999940e-01
2.026000000000000023e-01
1.083000000000000074e-01
3.791999999999998705e-01
2.294000000000000206e-01
1.270999999999999908e-01
7.989999999999997105e-02
5.149999999999999023e-02
3.240000000000000657e-01
2.787000000000000033e-01
1.405000000000000138e-01
1.686999999999999611e-01
3.817999999999999727e-01
1.784000000000000030e-01
1.165999999999999537e-01
7.029999999999998750e-02
4.030000000000000249e-02
4.386999999999999789e-01
2.391000000000000070e-01
1.731000000000000039e-01
2.715000000000000191e-01
2.951999999999999624e-01
5.489999999999999047e-02
8.119999999999996665e-02
1.297999999999999987e-01
4.034000000000000363e-01
1.603000000000000258e-01
2.878999999999999893e-01
2.303999999999999937e-01
1.522999999999999909e-01
4.840000000000000552e-02
8.630000000000000171e-02
2.880000000000000615e-02
3.811999999999999833e-01
3.513999999999999346e-01
9.929999999999998550e-02
3.309999999999999609e-01
1.751999999999999946e-01
1.827999999999999903e-01
5.750000000000003719e-02
7.819999999999999174e-02
2.589999999999997859e-02
3.904999999999999027e-01
3.040000000000000480e-01
1.260000000000000009e-01
3.010000000000000453e-01
2.542000000000000370e-01
1.966999999999999860e-01
8.200000000000001732e-02
8.079999999999998295e-02
4.410000000000002113e-02
3.912999999999999812e-01
2.007999999999999785e-01
1.358999999999999375e-01
2.330999999999999739e-01
4.113999999999999879e-01
1.731000000000000316e-01
1.027999999999999747e-01
3.199999999999997985e-02
1.969000000000000195e-01
4.173999999999999932e-01
2.081000000000000072e-01
5.029999999999998361e-02
4.262000000000000233e-01
2.151999999999999746e-01
1.313000000000000278e-01
4.030000000000001636e-02
3.729999999999997207e-02
3.465999999999999082e-01
2.528000000000000247e-01
1.313999999999999613e-01
3.809999999999999498e-02
4.029000000000000359e-01
1.813000000000000167e-01
1.340999999999999970e-01
7.050000000000000711e-02
4.759999999999999648e-02
3.597999999999999532e-01
2.501999999999999780e-01
6.430000000000002380e-02
3.754000000000000115e-01
2.757000000000000561e-01
5.849999999999999645e-02
6.859999999999999432e-02
2.541999999999999815e-01
3.950000000000000178e-01
1.234999999999999709e-01
1.101999999999999924e-01
4.298000000000000709e-01
2.213999999999999857e-01
6.319999999999999230e-02
4.329999999999999127e-02
1.057999999999999774e-01
4.733000000000000540e-01
2.218999999999999861e-01
5.229999999999998539e-02
4.317000000000000282e-01
2.949000000000000510e-01
1.300000000000000044e-01
4.619999999999997720e-02
1.263999999999999846e-01
4.258000000000000673e-01
2.662999999999999812e-01
1.144999999999999907e-01
3.497999999999999998e-01
3.888000000000000345e-01
1.351999999999999869e-01
7.779999999999998028e-02
1.831999999999999740e-01
4.948000000000000731e-01
2.455999999999999850e-01
1.110000000000000153e-01
5.593000000000001304e-01
3.515999999999999681e-01
1.125999999999999779e-01
1.650999999999999690e-01
5.372000000000000108e-01
4.208999999999999964e-01
1.842000000000000304e-01
3.572000000000000730e-01
5.297999999999999376e-01
1.304000000000000159e-01
1.071000000000000285e-01
2.446000000000000396e-01
7.256000000000000227e-01
2.672000000000000486e-01
8.240000000000001490e-02
3.242999999999999772e-01
4.327000000000000846e-01
5.710000000000000492e-02
9.149999999999997025e-02
8.820000000000000062e-02
5.533000000000000140e-01
2.006000000000000005e-01
2.131999999999999729e-01
3.722000000000000863e-01
1.916000000000000203e-01
1.040999999999999981e-01
7.189999999999999170e-02
6.839999999999998859e-02
1.098999999999999838e-01
4.862000000000000766e-01
2.929999999999999827e-01
2.539000000000000146e-01
3.242999999999999217e-01
1.742999999999999550e-01
8.530000000000000082e-02
8.709999999999999687e-02
6.120000000000001827e-02
3.114000000000000101e-01
4.692000000000000060e-01
1.638000000000000012e-01
2.956000000000000294e-01
3.004999999999999893e-01
2.101999999999999702e-01
1.049000000000000349e-01
1.717000000000000193e-01
2.310999999999999721e-01
6.249999999999998890e-01
3.508000000000000007e-01
1.718000000000000360e-01
8.760000000000003895e-02
4.304999999999999938e-01
2.137000000000000011e-01
1.668999999999999928e-01
5.890000000000002178e-02
1.001999999999999835e-01
1.689999999999999836e-01
4.237000000000000210e-01
1.497000000000000275e-01
5.520000000000002682e-02
4.040999999999999592e-01
1.985999999999999988e-01
1.595000000000000029e-01
2.111000000000000099e-01
1.112000000000000210e-01
1.595000000000000029e-01
5.310000000000000275e-01
2.348000000000000642e-01
8.770000000000005569e-02
4.229000000000000536e-01
2.738000000000000433e-01
1.346000000000000252e-01
1.032999999999999891e-01
8.689999999999997726e-02
7.200000000000000844e-02
2.988999999999999435e-01
2.029999999999999860e-01
2.128999999999999782e-01
3.399000000000000354e-01
2.862999999999999989e-01
9.639999999999998570e-02
6.709999999999997911e-02
2.909999999999998005e-02
1.576000000000000179e-01
3.602000000000000757e-01
1.597999999999999976e-01
9.630000000000001059e-02
3.748000000000000775e-01
2.586999999999999855e-01
1.225000000000000255e-01
7.679999999999996552e-02
4.829999999999996796e-02
3.622999999999999554e-01
3.896000000000000019e-01
1.538000000000000478e-01
2.068999999999999728e-01
5.486999999999999655e-01
2.162999999999999923e-01
7.560000000000000053e-02
9.709999999999999187e-02
1.812000000000000000e-01
5.562000000000001387e-01
2.114999999999999658e-01
7.999999999999996003e-02
4.431999999999999829e-01
3.118000000000000216e-01
1.212999999999999912e-01
1.201000000000000401e-01
5.831999999999999407e-01
3.780000000000000027e-01
1.472000000000000253e-01
3.542000000000000148e-01
4.827000000000000179e-01
1.043000000000000038e-01
8.240000000000001490e-02
7.240000000000001990e-02
6.415000000000001812e-01
2.525999999999999912e-01
9.459999999999998965e-02
5.324999999999999734e-01
3.833999999999999631e-01
8.759999999999999731e-02
8.349999999999999090e-02
1.080999999999999739e-01
6.169000000000000039e-01
2.688000000000000389e-01
1.133000000000000118e-01
4.487000000000000433e-01
4.413000000000000256e-01
2.159999999999999698e-01
4.651000000000000689e-01
6.450000000000000178e-01
3.399999999999999689e-01
1.047000000000000153e-01
1.721999999999999642e-01
5.122999999999999776e-01
5.979999999999997123e-02
7.480000000000000537e-02
8.180000000000001159e-02
5.719999999999999529e-01
3.318000000000000949e-01
5.360000000000004344e-02
4.737999999999999989e-01
2.513000000000000234e-01
9.859999999999996545e-02
8.419999999999999707e-02
3.520000000000001600e-02
3.352999999999999869e-01
4.799000000000001043e-01
1.218999999999999806e-01
4.664999999999999702e-01
3.882999999999999785e-01
1.231000000000000150e-01
1.940999999999999948e-01
2.930000000000000313e-02
3.452999999999999958e-01
5.628000000000000780e-01
2.023000000000000353e-01
1.519000000000000350e-01
4.891999999999999682e-01
2.590999999999999970e-01
8.949999999999996847e-02
9.699999999999997513e-02
4.459999999999999382e-02
6.790000000000004365e-02
1.802999999999999881e-01
4.343999999999998973e-01
3.017999999999999572e-01
7.810000000000001663e-02
5.050999999999999934e-01
2.513000000000000234e-01
1.214999999999999969e-01
7.260000000000001175e-02
8.409999999999999420e-02
4.260000000000000592e-02
4.981999999999999762e-01
3.507000000000000117e-01
1.703000000000000069e-01
2.866000000000000214e-01
4.699999999999999734e-01
1.975000000000000089e-01
9.089999999999999469e-02
7.169999999999995821e-02
1.428999999999999715e-01
5.526000000000000911e-01
2.602999999999999758e-01
1.249999999999999861e-01
4.023999999999999799e-01
3.697000000000000841e-01
1.759999999999999898e-01
1.248000000000000081e-01
5.490000000000000435e-02
4.656999999999998918e-01
4.129000000000000448e-01
1.161999999999999422e-01
3.671999999999999709e-01
4.895999999999999241e-01
1.250999999999999890e-01
6.070000000000003171e-02
6.920000000000003926e-02
3.017000000000000237e-01
5.506000000000000894e-01
1.700000000000000122e-01
3.415000000000001368e-01
6.570999999999997954e-01
1.954999999999999516e-01
5.740000000000002045e-02
6.020000000000001045e-02
2.914999999999999813e-01
5.656999999999998696e-01
1.819000000000000061e-01
2.572999999999999732e-01
5.195999999999999508e-01
2.457000000000000017e-01
3.870000000000000523e-02
8.360000000000000764e-02
5.265000000000000790e-01
3.420000000000000262e-01
1.426999999999999380e-01
7.144999999999999130e-01
7.642999999999999794e-01
1.635999999999999677e-01
1.895999999999999908e-01
3.306000000000000050e-01
6.998999999999999666e-01
2.143999999999999795e-01
1.706000000000000016e-01
7.089000000000000856e-01
2.466999999999999749e-01
8.979999999999999094e-02
7.339999999999997915e-02
3.733999999999999542e-01
5.172999999999999821e-01
1.799000000000000044e-01
2.804999999999999716e-01
4.813000000000000056e-01
1.631000000000000227e-01
5.729999999999998983e-02
5.679999999999998245e-02
4.100000000000000311e-01
4.758000000000000562e-01
2.571999999999999842e-01
6.389999999999998459e-02
7.267999999999998906e-01
2.453999999999999515e-01
1.312000000000000388e-01
1.834000000000000075e-01
5.697999999999999732e-01
4.698999999999999844e-01
3.849999999999997868e-02
5.151999999999999913e-01
3.284000000000000252e-01
5.640000000000002650e-02
4.240000000000000019e-02
6.761000000000000343e-01
3.289000000000000257e-01
1.527000000000000579e-01
5.536999999999999700e-01
2.384000000000000008e-01
8.480000000000004201e-02
2.065000000000000446e-01
6.501999999999998892e-01
2.477999999999999925e-01
3.575999999999999734e-01
6.069999999999999840e-01
2.180999999999999606e-01
3.020000000000001850e-02
9.890000000000001568e-02
5.415999999999998593e-01
4.437999999999999723e-01
1.694999999999999563e-01
3.491999999999998994e-01
5.702000000000000401e-01
1.915999999999999925e-01
5.330000000000001403e-02
1.405000000000000138e-01
3.680000000000002713e-02
5.864000000000000323e-01
2.929000000000000492e-01
3.396000000000000685e-01
3.880000000000000115e-01
1.215999999999999998e-01
6.999999999999996503e-02
5.850000000000001033e-02
5.829999999999999627e-01
3.513999999999999901e-01
1.904000000000000137e-01
3.526000000000000245e-01
5.550999999999999268e-01
1.703000000000000069e-01
9.030000000000004690e-02
4.379999999999999172e-02
4.915000000000000480e-01
5.351000000000000201e-01
1.279000000000000137e-01
5.342999999999999972e-01
3.477000000000000091e-01
3.086999999999999744e-01
3.037000000000000255e-01
7.259000000000001007e-01
5.766999999999998794e-01
2.695000000000000173e-01
1.034000000000000613e-01
7.011000000000000565e-01
2.520000000000000018e-01
7.560000000000000053e-02
8.149999999999997524e-02
5.549999999999999378e-02
6.834000000000000075e-01
3.689000000000000057e-01
1.348000000000000309e-01
5.912000000000000588e-01
4.135999999999999677e-01
1.439999999999999891e-01
6.979999999999997318e-02
7.730000000000000759e-02
3.371999999999999442e-01
5.573000000000001286e-01
2.300999999999999712e-01
2.731000000000000094e-01
5.425999999999999712e-01
1.585000000000000020e-01
6.679999999999997051e-02
6.250000000000000000e-02
4.392999999999999683e-01
5.467000000000000748e-01
2.165999999999999870e-01
4.674000000000000377e-01
