6.750000000000000444e-02
5.379999999999998672e-02
7.349999999999999589e-02
5.829999999999999766e-02
1.531000000000000139e-01
9.149999999999999800e-02
4.880000000000000310e-02
1.190999999999999837e-01
6.369999999999997886e-02
1.260000000000000009e-02
7.610000000000000098e-02
1.286999999999999811e-01
4.630000000000001475e-02
8.099999999999998868e-02
8.090000000000001357e-02
6.999999999999999278e-02
5.739999999999999963e-02
4.189999999999999281e-02
1.678999999999999937e-01
5.169999999999998902e-02
6.890000000000001679e-02
1.818000000000000171e-01
9.099999999999999756e-02
8.740000000000000546e-02
7.249999999999998113e-02
1.592999999999999972e-01
9.839999999999998748e-02
9.510000000000000397e-02
1.063999999999999946e-01
6.790000000000001590e-02
5.480000000000000843e-02
1.622999999999999721e-01
1.125999999999999779e-01
7.340000000000000691e-02
1.024000000000000049e-01
1.201999999999999735e-01
5.579999999999998156e-02
1.731000000000000039e-01
4.489999999999999547e-02
9.439999999999999780e-02
1.421000000000000041e-01
8.010000000000001841e-02
7.300000000000000933e-02
1.200999999999999845e-01
1.014000000000000040e-01
8.310000000000000719e-02
1.275999999999999912e-01
9.620000000000000773e-02
5.679999999999998939e-02
6.639999999999998681e-02
1.754000000000000004e-01
7.750000000000001332e-02
1.315000000000000058e-01
1.517999999999999905e-01
1.214999999999999969e-01
5.620000000000000689e-02
6.540000000000001368e-02
1.365000000000000102e-01
1.229000000000000092e-01
1.448999999999999733e-01
1.468999999999999750e-01
1.003999999999999893e-01
1.100000000000000006e-01
5.279999999999999971e-02
2.080999999999999794e-01
1.003000000000000003e-01
7.789999999999999702e-02
2.016999999999999904e-01
8.340000000000000191e-02
1.016999999999999849e-01
2.609999999999999126e-02
9.870000000000000995e-02
1.300000000000000044e-01
7.999999999999998779e-02
8.229999999999999816e-02
1.710999999999999743e-01
9.560000000000001830e-02
7.810000000000000275e-02
5.279999999999999277e-02
7.919999999999997875e-02
1.082000000000000184e-01
8.739999999999999158e-02
1.280000000000000027e-01
1.625999999999999945e-01
5.510000000000000314e-02
9.850000000000000422e-02
5.070000000000000201e-02
1.593999999999999861e-01
1.305000000000000049e-01
6.770000000000001017e-02
1.552999999999999936e-01
1.388000000000000067e-01
2.529999999999999610e-02
9.790000000000002867e-02
6.350000000000000089e-02
1.439000000000000279e-01
1.055999999999999855e-01
7.889999999999999791e-02
1.869999999999999996e-01
1.074000000000000232e-01
5.539999999999999786e-02
8.910000000000001252e-02
2.609999999999999820e-02
1.638999999999999901e-01
6.250000000000001388e-02
8.909999999999998477e-02
1.745999999999999774e-01
7.069999999999999896e-02
1.140000000000000041e-01
9.300000000000001321e-02
5.399999999999997857e-02
1.793000000000000149e-01
8.240000000000000102e-02
8.380000000000001337e-02
1.439000000000000279e-01
1.368999999999999939e-01
1.163000000000000145e-01
5.379999999999997978e-02
1.112999999999999962e-01
1.660999999999999976e-01
7.220000000000001417e-02
1.139000000000000290e-01
7.799999999999999989e-02
1.529000000000000081e-01
7.689999999999999614e-02
5.749999999999999556e-02
1.159999999999999920e-01
9.660000000000001918e-02
1.000000000000000056e-01
8.470000000000001139e-02
6.070000000000000395e-02
7.829999999999999460e-02
1.056999999999999884e-01
1.072999999999999926e-01
1.484999999999999931e-01
1.029999999999999943e-01
1.056000000000000133e-01
1.723999999999999977e-01
9.460000000000000353e-02
7.409999999999998532e-02
6.880000000000000004e-02
1.731000000000000039e-01
9.359999999999998876e-02
6.910000000000002252e-02
1.118999999999999995e-01
1.180000000000000215e-01
7.129999999999997451e-02
1.136000000000000065e-01
2.199999999999999734e-01
2.238999999999999879e-01
1.078999999999999820e-01
5.100000000000001060e-02
2.301999999999999880e-01
1.194999999999999951e-01
8.659999999999998255e-02
5.189999999999998087e-02
7.389999999999999347e-02
2.365999999999999770e-01
1.638999999999999901e-01
8.400000000000001910e-02
1.062000000000000166e-01
1.794999999999999929e-01
1.744999999999999885e-01
3.390000000000000652e-02
1.382999999999999785e-01
1.207000000000000017e-01
7.959999999999999021e-02
1.173000000000000015e-01
1.571999999999999786e-01
1.118000000000000244e-01
8.560000000000000941e-02
1.102000000000000063e-01
2.003999999999999948e-01
1.161999999999999977e-01
6.840000000000003022e-02
1.738000000000000100e-01
1.024999999999999939e-01
1.240999999999999742e-01
6.829999999999999960e-02
1.690000000000000113e-01
1.431999999999999940e-01
9.099999999999999756e-02
1.302000000000000102e-01
1.444999999999999896e-01
1.587000000000000077e-01
8.400000000000000522e-02
2.559999999999998388e-02
2.515000000000000568e-01
9.989999999999997493e-02
7.619999999999998996e-02
2.520000000000000018e-01
1.929000000000000159e-01
8.349999999999999090e-02
3.210000000000001741e-02
1.271999999999999797e-01
1.489999999999999936e-01
6.369999999999999274e-02
5.990000000000002267e-02
1.425000000000000155e-01
1.371999999999999886e-01
1.078999999999999820e-01
4.240000000000000713e-02
1.601999999999999813e-01
1.733999999999999986e-01
6.209999999999998854e-02
1.080000000000000127e-01
5.970000000000001000e-02
1.704999999999999849e-01
5.899999999999999689e-02
6.989999999999998992e-02
7.940000000000001223e-02
1.097999999999999809e-01
1.426000000000000045e-01
8.840000000000003411e-02
1.107000000000000206e-01
1.451000000000000068e-01
6.169999999999999790e-02
5.590000000000000524e-02
1.331999999999999851e-01
7.121000000000000663e-01
3.807000000000000384e-01
3.654999999999999916e-01
1.188000000000000167e-01
1.534000000000000086e-01
1.834000000000000075e-01
4.929999999999997579e-02
8.970000000000002971e-02
1.814000000000000057e-01
1.044000000000000206e-01
8.319999999999999618e-02
1.587000000000000077e-01
1.729999999999999871e-01
1.158999999999999891e-01
9.149999999999999800e-02
2.147999999999999909e-01
1.400000000000000133e-01
1.027999999999999747e-01
3.539999999999998703e-02
6.589999999999998637e-02
2.524000000000000132e-01
1.161999999999999839e-01
7.060000000000000997e-02
1.381000000000000005e-01
8.780000000000000304e-02
9.070000000000000284e-02
1.375000000000000389e-01
1.529000000000000359e-01
1.599999999999999756e-01
1.509999999999999676e-01
7.789999999999999702e-02
1.506999999999999729e-01
1.751000000000000334e-01
5.179999999999996413e-02
3.890000000000000402e-02
2.041000000000000036e-01
8.780000000000000304e-02
8.039999999999999925e-02
1.163999999999999757e-01
1.668000000000000038e-01
1.475999999999999812e-01
1.065999999999999726e-01
8.509999999999999509e-02
2.587999999999999745e-01
9.550000000000002931e-02
7.220000000000000029e-02
1.620999999999999941e-01
1.633000000000000007e-01
1.892999999999999960e-01
3.759999999999998760e-02
1.113999999999999713e-01
5.129999999999999838e-02
6.389999999999999847e-02
5.310000000000001524e-02
1.847000000000000308e-01
1.218999999999999945e-01
7.769999999999999130e-02
1.307999999999999996e-01
1.234999999999999987e-01
8.369999999999999662e-02
1.234000000000000097e-01
6.969999999999998419e-02
2.625999999999999446e-01
8.649999999999999356e-02
7.739999999999998270e-02
2.643999999999999684e-01
8.479999999999998650e-02
8.590000000000000413e-02
5.770000000000001517e-02
7.520000000000001683e-02
1.557000000000000051e-01
1.225999999999999729e-01
7.889999999999999791e-02
1.003000000000000003e-01
1.627000000000000113e-01
1.175999999999999962e-01
8.270000000000000961e-02
1.037000000000000005e-01
1.657000000000000139e-01
3.880000000000000115e-02
7.479999999999999150e-02
1.285999999999999921e-01
8.739999999999997771e-02
9.610000000000001874e-02
2.669999999999998069e-02
1.237000000000000044e-01
2.109000000000000041e-01
9.889999999999998792e-02
8.310000000000000719e-02
2.602000000000000424e-01
1.714999999999999858e-01
1.265999999999999903e-01
6.700000000000001787e-02
5.939999999999997365e-02
2.072999999999999565e-01
9.450000000000001454e-02
6.230000000000000121e-02
2.101999999999999980e-01
1.759999999999999898e-01
9.979999999999999982e-02
5.500000000000002109e-02
1.433999999999999719e-01
3.919999999999998486e-02
2.291000000000000258e-01
1.550999999999999601e-01
1.358999999999999930e-01
2.852999999999999980e-01
7.109999999999996878e-02
3.980000000000000204e-01
3.532000000000000139e-01
4.131000000000000227e-01
3.322000000000000508e-01
3.095999999999999863e-01
5.752000000000000446e-01
9.534000000000000252e-01
1.833399999999999697e+00
8.214999999999998970e-01
1.485300000000000065e+00
3.623999999999999666e+00
2.112899999999999778e+00
8.117000000000000881e-01
7.319999999999999840e-01
3.645000000000001572e-01
2.622000000000000997e-01
3.255999999999998340e-01
4.245000000000000440e-01
5.997000000000001219e-01
6.474999999999999645e-01
3.217999999999996974e-01
3.540000000000001479e-01
3.268000000000000904e-01
2.328000000000000069e-01
1.660000000000000364e-01
7.240000000000028357e-02
2.030999999999997252e-01
2.163999999999996759e-01
7.640999999999996684e-01
4.868999999999998884e-01
1.193999999999997980e-01
1.800000000000001599e-01
1.480999999999997596e-01
1.068000000000002836e-01
4.810000000000022591e-02
5.540000000000006031e-02
8.350000000000004641e-02
6.609999999999999210e-02
5.350000000000004752e-02
6.710000000000021503e-02
1.921000000000000207e-01
1.361999999999996824e-01
9.159999999999973719e-02
1.314000000000002111e-01
1.343999999999998529e-01
1.045000000000003704e-01
6.880000000000024984e-02
3.070000000000022711e-02
1.531000000000002637e-01
1.478999999999999204e-01
1.070000000000000118e-01
3.609999999999999321e-01
1.146999999999998576e-01
1.178999999999998799e-01
1.932000000000003714e-01
1.058999999999997721e-01
1.274999999999999467e-01
1.589999999999998637e-01
1.688000000000000056e-01
2.357999999999997875e-01
2.654000000000000803e-01
7.709999999999998799e-02
6.829999999999998572e-02
1.134999999999997400e-01
2.311000000000002497e-01
1.321000000000000230e-01
2.767000000000002791e-01
2.562000000000000388e-01
7.600000000000040057e-02
8.399999999999968603e-02
2.929000000000002712e-01
1.846999999999998643e-01
7.459999999999983311e-02
3.387999999999998790e-01
2.046999999999997988e-01
9.379999999999980020e-02
7.890000000000021996e-02
2.405000000000000748e-01
1.483999999999996988e-01
7.869999999999993667e-02
2.071999999999999120e-01
2.498000000000000220e-01
5.989999999999995328e-02
7.559999999999972298e-02
6.960000000000032827e-02
1.104999999999999039e-01
1.426000000000000045e-01
9.999999999999995004e-02
1.712999999999997580e-01
2.176000000000000434e-01
8.860000000000001208e-02
1.247999999999997722e-01
6.810000000000016041e-02
2.013000000000001455e-01
1.965999999999997194e-01
1.584000000000001518e-01
1.485000000000002429e-01
2.834000000000000963e-01
1.615999999999996883e-01
5.909999999999993037e-02
3.829999999999997295e-02
7.900000000000023670e-02
2.931999999999995721e-01
2.032000000000003803e-01
8.899999999999957945e-02
1.285999999999998256e-01
3.184000000000001274e-01
9.359999999999979448e-02
9.429999999999982840e-02
6.149999999999986033e-02
2.006000000000000005e-01
1.500000000000001055e-01
6.200000000000008282e-02
2.390999999999999237e-01
1.438000000000002609e-01
9.699999999999994738e-02
1.081000000000002237e-01
5.209999999999975762e-02
2.115999999999999548e-01
1.943999999999999617e-01
8.410000000000011910e-02
1.785999999999998145e-01
1.765000000000001013e-01
9.870000000000003770e-02
1.098999999999997201e-01
6.004000000000002668e-01
1.123199999999999754e+00
7.929999999999999272e-01
1.648300000000000098e+00
1.293699999999999628e+00
5.464999999999996527e-01
1.143299999999999983e+00
1.136500000000000288e+00
7.527000000000001467e-01
1.051100000000000367e+00
1.764299999999999979e+00
1.711600000000000232e+00
5.379800000000001248e+00
1.748300000000000409e+00
7.979000000000000536e-01
1.780600000000000183e+00
6.991000000000001657e-01
7.350000000000000977e-01
4.346000000000000418e-01
4.100000000000002531e-01
3.688000000000002387e-01
3.473999999999999311e-01
3.122999999999999110e-01
7.070000000000012386e-02
6.269999999999982532e-02
1.322999999999999732e-01
2.297000000000002373e-01
2.075000000000003231e-01
3.543999999999997708e-01
9.649999999999994693e-02
1.294999999999997264e-01
1.468999999999999750e-01
1.637999999999999179e-01
1.476000000000001477e-01
2.633000000000000895e-01
1.533000000000000473e-01
2.378000000000001224e-01
2.984999999999997655e-01
1.703000000000002290e-01
6.609999999999999210e-02
2.519999999999997936e-02
9.619999999999999385e-02
2.299999999999998712e-01
3.109999999999997766e-01
2.262000000000002342e-01
1.724000000000002197e-01
3.305000000000001270e-01
2.381999999999997453e-01
6.610000000000015863e-02
5.129999999999998450e-02
2.217000000000003135e-01
3.103000000000000203e-01
1.013000000000000705e-01
1.261999999999997568e-01
3.397000000000002240e-01
2.290000000000001756e-01
9.700000000000000289e-02
1.257000000000002560e-01
2.159000000000000086e-01
3.193000000000000838e-01
1.661999999999996536e-01
1.901000000000001022e-01
3.637999999999997347e-01
1.707999999999999519e-01
8.219999999999963447e-02
2.179000000000003434e-01
3.514999999999997016e-01
1.817000000000002502e-01
1.379000000000003556e-01
3.577999999999998404e-01
2.992999999999997329e-01
7.780000000000034110e-02
1.533000000000002416e-01
3.798999999999999044e-01
2.252000000000000668e-01
9.499999999999983458e-02
4.228999999999999426e-01
2.647000000000002684e-01
1.285000000000001696e-01
3.399000000000002020e-01
7.271000000000000796e-01
2.808999999999997055e-01
4.826999999999997404e-01
4.488000000000000878e-01
3.658000000000000140e-01
2.040999999999998926e-01
2.273000000000000576e-01
1.260999999999999344e-01
2.080999999999997019e-01
9.590000000000012403e-02
1.376999999999999891e-01
3.376999999999998892e-01
1.151000000000001050e-01
3.749999999999992228e-02
1.396000000000001129e-01
7.769999999999972762e-02
3.529000000000001580e-01
2.156999999999997808e-01
7.679999999999979898e-02
3.593999999999999972e-01
2.664999999999997371e-01
5.930000000000013038e-02
8.090000000000019398e-02
6.899999999999963107e-02
1.081000000000002514e-01
2.517999999999998018e-01
1.644000000000003514e-01
1.440999999999996173e-01
1.575999999999996848e-01
2.914000000000002144e-01
1.665999999999999148e-01
1.726000000000000867e-01
9.730000000000009475e-02
1.781000000000002581e-01
2.835999999999996857e-01
1.614000000000000434e-01
9.959999999999999409e-02
2.309999999999996501e-01
2.773000000000002130e-01
2.505000000000000560e-01
8.559999999999991227e-02
1.178000000000000436e-01
3.350999999999997314e-01
1.734000000000000263e-01
9.480000000000018967e-02
2.447000000000000008e-01
2.681000000000001160e-01
2.057999999999998719e-01
1.035999999999998589e-01
7.620000000000001772e-02
3.629000000000002224e-01
2.394999999999998519e-01
6.219999999999990120e-02
2.977999999999998426e-01
2.501000000000003221e-01
1.295999999999996322e-01
9.919999999999974671e-02
5.680000000000040572e-02
2.556999999999997608e-01
1.466000000000001191e-01
1.274999999999999190e-01
2.476999999999999480e-01
2.557000000000001494e-01
2.025999999999998913e-01
6.510000000000014386e-02
7.710000000000014064e-02
2.628999999999996895e-01
2.119000000000000328e-01
9.440000000000021985e-02
1.982999999999999208e-01
2.833000000000001628e-01
2.054000000000001380e-01
7.790000000000035785e-02
9.369999999999964468e-02
3.631000000000000894e-01
2.362999999999997880e-01
7.480000000000014415e-02
2.857000000000002871e-01
3.644000000000001127e-01
3.151999999999997026e-01
9.908000000000001251e-01
1.829299999999999926e+00
7.097999999999999865e-01
1.139000000000000151e-01
6.104000000000000536e-01
3.915999999999997816e-01
2.060000000000001275e-01
1.494999999999999940e-01
1.388999999999997736e-01
2.385000000000001286e-01
2.257999999999997787e-01
1.958999999999999908e-01
4.535999999999996146e-01
3.694999999999997176e-01
1.231000000000002093e-01
1.385000000000001508e-01
1.580999999999999073e-01
2.778000000000002689e-01
3.184999999999997833e-01
2.295999999999998598e-01
3.879999999999999005e-01
2.822999999999997733e-01
2.344999999999998475e-01
8.329999999999990190e-02
3.277999999999997582e-01
2.123999999999999500e-01
5.212999999999999856e-01
1.771400000000000308e+00
1.205699999999999772e+00
5.423999999999998822e-01
1.128100000000000325e+00
9.088000000000006073e-01
9.436999999999998723e-01
2.270999999999998575e-01
3.374000000000000887e-01
1.559000000000000385e-01
1.301999999999998159e-01
1.454000000000001958e-01
1.789000000000000590e-01
1.639000000000003510e-01
3.714999999999998859e-01
8.679999999999982174e-02
7.130000000000015492e-02
1.228000000000000619e-01
2.220000000000001417e-01
8.079999999999977478e-02
1.648999999999997412e-01
7.150000000000031330e-02
1.296999999999996211e-01
4.880000000000031535e-02
9.780000000000019234e-02
2.428999999999996995e-01
1.703000000000001180e-01
8.990000000000028524e-02
1.946000000000004115e-01
1.375999999999996670e-01
2.152000000000003632e-01
1.051999999999999602e-01
8.479999999999981997e-02
5.370000000000005325e-02
1.910000000000001419e-01
1.977999999999998093e-01
1.044999999999999818e-01
2.834999999999997522e-01
1.674000000000002986e-01
1.184999999999999110e-01
1.341999999999997917e-01
5.649999999999999467e-02
1.611000000000002430e-01
2.110999999999997323e-01
1.463000000000002077e-01
9.030000000000010241e-02
1.529999999999999694e-01
2.471999999999998920e-01
1.470000000000002971e-01
1.740999999999999215e-01
1.617000000000001214e-01
7.479999999999993598e-02
2.289000000000001589e-01
1.630999999999999950e-01
7.989999999999961022e-02
1.791999999999996651e-01
1.792999999999999317e-01
2.724000000000004751e-01
5.049999999999983669e-02
1.490999999999999548e-01
2.857000000000003426e-01
1.197999999999997678e-01
4.799999999999984834e-02
1.735000000000002929e-01
1.533000000000000751e-01
6.345000000000000639e-01
4.131999999999999007e-01
3.812000000000002053e-01
2.531999999999998696e-01
1.786000000000002030e-01
7.400000000000006573e-02
1.552000000000002544e-01
1.789000000000000867e-01
1.926000000000000489e-01
6.440000000000006830e-02
8.730000000000022464e-02
2.755999999999997341e-01
2.181000000000001271e-01
1.390999999999999182e-01
2.227000000000002311e-01
1.800999999999997603e-01
1.982999999999998930e-01
2.031999999999998807e-01
1.155999999999998140e-01
2.322999999999998955e-01
1.016000000000000514e-01
9.719999999999981433e-02
7.275999999999999135e-01
1.136000000000000121e+00
5.576999999999998625e-01
1.355999999999994432e-01
4.999000000000004551e-01
3.668999999999998374e-01
2.619999999999997886e-01
1.419000000000000539e-01
1.920000000000000873e-01
9.520000000000017337e-02
1.486999999999998323e-01
1.652000000000000968e-01
5.930000000000029692e-02
2.348999999999999977e-01
3.136999999999997568e-01
1.644000000000001294e-01
1.196000000000003172e-01
1.813999999999997281e-01
1.934000000000002384e-01
1.899999999999999745e-01
1.383000000000001450e-01
3.126999999999998670e-01
2.685000000000001830e-01
8.730000000000004423e-02
2.172000000000000874e-01
2.194999999999997509e-01
2.291000000000003312e-01
1.917999999999999705e-01
6.089999999999998193e-02
3.373000000000001553e-01
1.852000000000003643e-01
9.099999999999983102e-02
1.949000000000001565e-01
2.346999999999997699e-01
2.358000000000001206e-01
9.310000000000009934e-02
1.961000000000002741e-01
2.719999999999998530e-01
8.589999999999987923e-02
9.569999999999984075e-02
1.141000000000000902e-01
2.163999999999998702e-01
1.625000000000001166e-01
9.820000000000005114e-02
2.080999999999999239e-01
2.505000000000001670e-01
2.812999999999999390e-01
1.580000000000001126e-01
8.130000000000001115e-02
2.015000000000004010e-01
2.259999999999999787e-01
2.767999999999996019e-01
8.019999999999997964e-02
2.863000000000000544e-01
3.225000000000001754e-01
1.343999999999995199e-01
6.760000000000024323e-02
2.879000000000002668e-01
3.513999999999999901e-01
3.042999999999996263e-01
1.149999999999999911e-01
2.011999999999998789e-01
3.598000000000000087e-01
6.579999999999992799e-02
5.570000000000001616e-01
1.942000000000001503e-01
7.341000000000004189e-01
7.305000000000001492e-01
2.273000000000001686e-01
1.456999999999999962e-01
3.878000000000001446e-01
1.657999999999998642e-01
6.870000000000003881e-02
2.575999999999998846e-01
2.148999999999998689e-01
2.278999999999999360e-01
7.530000000000025562e-02
1.810000000000001052e-01
3.223000000000000864e-01
1.900999999999996859e-01
1.224999999999997202e-01
3.228000000000003089e-01
2.519000000000000128e-01
1.683999999999997998e-01
5.189999999999996005e-02
2.350000000000000144e-01
3.295000000000000706e-01
1.780999999999998973e-01
1.159000000000003916e-01
2.963999999999997192e-01
3.255000000000001226e-01
2.421000000000001762e-01
5.810000000000009601e-02
1.051000000000003876e-01
2.337999999999999245e-01
3.429999999999996385e-01
1.801000000000000933e-01
1.464999999999998803e-01
2.812000000000000055e-01
2.726999999999998314e-01
2.691000000000001169e-01
1.770999999999996466e-01
2.036999999999998534e-01
1.250999999999999612e-01
2.028000000000001191e-01
2.920999999999998042e-01
1.979000000000001036e-01
6.184999999999998277e-01
7.489999999999998881e-01
1.533600000000000074e+00
1.875600000000000378e+00
2.036000000000000310e-01
2.625000000000000666e-01
3.706999999999995299e-01
5.453000000000001180e-01
1.411999999999999700e+00
9.372000000000001441e-01
1.559800000000000075e+00
6.330999999999999961e-01
8.323999999999995847e-01
6.545000000000008589e-01
1.391200000000000214e+00
2.683899999999999952e+00
3.266000000000001680e-01
2.033199999999999896e+00
3.315999999999996728e-01
2.195000000000001117e-01
1.403999999999999970e-01
1.341999999999999305e-01
2.300999999999998602e-01
1.880000000000003613e-01
1.325999999999999956e-01
1.077000000000001845e-01
1.092000000000001025e-01
1.232999999999998542e-01
1.619999999999999496e-01
1.181999999999997358e-01
2.467000000000003079e-01
1.455000000000004623e-01
8.869999999999969575e-02
3.959999999999999631e-02
7.200000000000025824e-02
1.139000000000001123e-01
1.590999999999996306e-01
1.723999999999996924e-01
2.048000000000000376e-01
8.140000000000005564e-02
8.589999999999987923e-02
4.150000000000014788e-02
1.891999999999997573e-01
1.343000000000003635e-01
1.407000000000002138e-01
2.430999999999998162e-01
8.770000000000029161e-02
4.550000000000033878e-02
4.259999999999960346e-02
6.600000000000010025e-02
1.368000000000002547e-01
1.992000000000000159e-01
2.835999999999998522e-01
1.550000000000001377e-01
2.530000000000003357e-01
3.438999999999999280e-01
1.784999999999996589e-01
8.559999999999984288e-02
7.070000000000024876e-02
1.277999999999996361e-01
1.393000000000002570e-01
1.184999999999999110e-01
1.935999999999996057e-01
3.091000000000003189e-01
1.397999999999995635e-01
5.100000000000008693e-02
5.560000000000032971e-02
1.514000000000003121e-01
2.624999999999999556e-01
1.183999999999998110e-01
1.893999999999997352e-01
3.125999999999999335e-01
7.339999999999997915e-02
3.530000000000028254e-02
6.820000000000014939e-02
3.148999999999998467e-01
3.028999999999998360e-01
1.206000000000002348e-01
2.832999999999998297e-01
5.910000000000002751e-02
4.852000000000001867e-01
5.736000000000004428e-01
6.876000000000001000e-01
1.898000000000003018e-01
3.462999999999997192e-01
1.036000000000000254e-01
1.721000000000000307e-01
1.971999999999997644e-01
2.220000000000002527e-01
9.819999999999981521e-02
9.709999999999976983e-02
7.150000000000043821e-02
3.206999999999998185e-01
2.979000000000001092e-01
1.705999999999997518e-01
3.575999999999995849e-01
2.071000000000003394e-01
2.260999999999999954e-01
1.344000000000003525e-01
1.381999999999996565e-01
4.338000000000003520e-01
3.060999999999997057e-01
4.800000000000018141e-02
4.004000000000002557e-01
3.435999999999997945e-01
1.944000000000002393e-01
9.060000000000006937e-02
7.800000000000001377e-02
4.045000000000002482e-01
3.751000000000001000e-01
9.379999999999984184e-02
3.157000000000002582e-01
3.421999999999996711e-01
3.558000000000001717e-01
