5.447999999999999510e-01
6.502000000000001112e-01
6.528000000000000469e-01
2.822000000000000064e-01
2.996999999999999664e-01
2.678000000000000380e-01
2.328999999999999682e-01
1.257999999999999674e-01
2.461000000000000687e-01
8.809999999999991449e-02
2.110999999999999543e-01
1.770000000000001017e-01
3.314999999999999614e-01
1.569999999999999174e-01
9.680000000000001104e-02
1.509000000000000619e-01
1.230000000000000260e-01
1.040999999999999981e-01
1.789999999999999925e-01
1.272000000000000353e-01
1.180000000000000493e-01
1.705000000000000959e-01
1.783999999999999475e-01
5.889999999999998015e-02
8.380000000000005500e-02
7.570000000000010054e-02
8.819999999999993123e-02
1.536999999999999200e-01
7.580000000000002014e-02
6.250000000000006939e-02
2.022999999999999798e-01
1.691999999999998505e-01
1.065000000000000668e-01
1.568999999999999284e-01
7.299999999999996769e-02
1.956999999999999296e-01
1.080000000000000404e-01
3.730000000000002758e-02
2.178999999999998993e-01
2.179000000000000381e-01
9.409999999999994758e-02
5.599999999999995259e-02
8.649999999999996581e-02
9.979999999999993043e-02
1.813000000000000722e-01
9.969999999999981655e-02
1.755999999999998951e-01
1.920000000000001150e-01
9.699999999999989186e-02
4.610000000000005760e-02
1.212999999999998801e-01
2.319000000000000505e-01
5.870000000000009932e-02
2.096999999999999698e-01
1.228000000000000203e-01
6.229999999999999427e-02
7.760000000000004394e-02
9.499999999999993172e-02
2.209000000000000963e-01
8.040000000000006863e-02
2.423000000000000154e-01
1.189999999999998975e-01
1.792999999999999872e-01
3.269999999999984031e-02
5.580000000000001625e-02
2.170999999999999597e-01
1.013000000000001399e-01
2.348000000000000642e-01
6.030000000000010352e-02
3.779999999999997251e-02
5.849999999999995481e-02
6.940000000000003111e-02
7.930000000000012039e-02
1.212000000000001687e-01
4.489999999999993996e-02
3.877000000000000446e-01
4.652000000000000579e-01
6.348000000000000309e-01
2.381999999999999396e-01
4.792000000000000148e-01
2.083000000000000407e-01
3.841999999999999860e-01
2.046000000000000596e-01
1.553999999999999826e-01
2.611000000000000543e-01
2.082999999999999852e-01
1.168999999999999484e-01
1.992999999999999772e-01
1.688999999999999946e-01
2.083999999999999742e-01
2.373999999999998334e-01
1.256999999999999784e-01
2.404000000000000303e-01
2.420000000000001039e-01
2.226999999999998980e-01
8.280000000000002636e-02
8.870000000000001494e-02
1.146999999999998854e-01
2.095000000000001861e-01
8.690000000000017155e-02
1.348000000000000032e-01
1.591000000000001025e-01
6.669999999999989826e-02
5.700000000000020328e-02
4.039999999999988739e-02
3.949999999999986855e-02
4.790000000000009528e-02
1.290000000000000591e-01
7.720000000000004636e-02
1.603000000000001091e-01
5.639999999999985997e-02
2.960000000000022335e-02
8.180000000000012261e-02
7.739999999999991331e-02
5.269999999999998991e-02
1.026999999999998331e-01
1.223000000000001586e-01
8.040000000000008251e-02
1.954000000000000736e-01
5.720000000000008411e-02
2.180000000000005544e-02
7.589999999999993974e-02
9.250000000000005440e-02
1.819999999999999951e-01
6.780000000000012406e-02
2.187000000000000610e-01
7.459999999999984699e-02
2.720000000000002971e-02
8.610000000000021803e-02
9.829999999999988747e-02
1.207000000000000572e-01
7.339999999999993752e-02
2.463999999999998969e-01
1.639999999999983138e-02
5.219999999999980211e-02
7.339999999999996527e-02
7.519999999999991969e-02
1.129000000000001253e-01
5.599999999999974443e-02
1.696999999999999620e-01
8.879999999999976801e-02
3.770000000000001128e-02
8.949999999999980194e-02
4.609999999999989106e-02
1.978999999999997428e-01
6.590000000000015290e-02
1.192999999999999755e-01
1.603000000000002201e-01
6.969999999999980378e-02
7.160000000000001086e-02
8.660000000000013520e-02
1.726999999999999647e-01
1.307999999999999718e-01
7.979999999999995430e-02
2.080999999999998684e-01
4.000000000000002165e-02
5.940000000000014713e-02
7.010000000000002340e-02
2.061000000000001164e-01
1.328000000000000291e-01
1.209000000000001740e-01
1.602999999999998315e-01
4.739999999999996994e-02
8.979999999999992155e-02
4.560000000000016818e-02
1.594000000000000972e-01
9.999999999999989453e-02
2.159000000000000918e-01
7.369999999999994611e-02
4.390000000000013336e-02
4.889999999999995739e-02
2.639999999999990965e-02
6.710000000000002074e-02
1.284000000000000141e-01
9.599999999999996037e-02
2.129000000000000337e-01
1.195999999999999147e-01
1.062000000000000860e-01
8.740000000000008873e-02
9.399999999999994471e-02
1.138999999999999457e-01
1.274000000000001520e-01
8.149999999999989198e-02
2.703999999999999737e-01
1.201000000000001372e-01
4.949999999999983580e-02
5.450000000000003453e-02
6.570000000000000839e-02
2.476999999999998925e-01
1.083999999999999825e-01
1.275000000000000300e-01
1.215999999999999998e-01
5.909999999999990261e-02
5.129999999999983185e-02
5.040000000000008362e-02
5.009999999999997788e-02
1.269000000000000961e-01
8.070000000000018825e-02
1.020000000000000073e-01
1.114000000000000684e-01
4.190000000000004832e-02
2.619999999999997331e-02
6.940000000000011438e-02
7.923999999999999932e-01
1.652899999999999814e+00
2.416000000000000369e-01
1.704000000000000792e-01
1.172999999999998488e-01
1.188000000000000445e-01
1.290999999999999370e-01
1.459000000000000574e-01
1.994999999999999551e-01
6.010000000000007003e-02
1.690999999999999170e-01
1.625000000000000888e-01
5.570000000000019380e-02
4.839999999999980429e-02
7.360000000000016529e-02
1.494000000000000328e-01
8.419999999999991380e-02
1.065999999999998893e-01
8.540000000000011471e-02
1.770000000000007678e-02
6.039999999999995373e-02
4.270000000000021001e-02
3.439999999999998614e-02
1.442000000000000781e-01
5.919999999999990548e-02
1.647999999999998910e-01
9.160000000000004250e-02
6.210000000000012732e-02
5.390000000000017000e-02
6.169999999999983831e-02
7.729999999999992433e-02
8.089999999999979152e-02
7.420000000000004370e-02
5.760000000000010945e-02
1.776999999999999968e-01
3.579999999999994298e-02
5.620000000000016649e-02
1.790000000000002700e-02
1.268000000000000793e-01
1.800999999999999268e-01
6.910000000000006415e-02
2.554000000000000714e-01
1.258999999999998454e-01
2.340999999999998915e-01
1.892999999999999405e-01
1.075999999999999873e-01
2.709000000000001407e-01
1.468999999999998085e-01
2.012999999999998402e-01
2.706000000000000072e-01
1.705000000000000959e-01
3.709999999999999409e-01
2.964999999999998748e-01
4.360000000000000542e-01
3.150000000000000577e-01
1.427999999999999825e-01
1.069000000000000505e-01
5.409999999999996756e-02
1.255000000000000004e-01
1.174000000000000044e-01
1.854999999999999982e-01
1.367999999999999772e-01
6.830000000000002736e-02
9.589999999999997138e-02
1.898000000000000242e-01
1.995999999999998331e-01
1.167000000000000953e-01
2.213000000000000245e-01
1.654999999999999805e-01
5.709999999999998410e-02
1.113999999999999713e-01
1.240000000000001101e-01
2.100999999999999812e-01
6.930000000000016702e-02
1.740999999999998382e-01
2.600000000000007860e-02
6.630000000000013660e-02
1.217000000000001692e-01
1.982000000000000151e-01
5.620000000000002771e-02
1.929000000000000714e-01
1.110999999999998794e-01
5.249999999999975520e-02
8.490000000000003100e-02
6.410000000000004583e-02
2.359000000000001374e-01
4.619999999999976903e-02
2.316000000000000281e-01
3.710000000000013287e-02
4.049999999999998046e-02
8.650000000000007683e-02
1.052999999999998937e-01
1.645000000000001461e-01
1.061000000000000554e-01
1.998000000000001442e-01
4.789999999999983160e-02
5.110000000000006204e-02
4.569999999999990736e-02
1.701999999999998792e-01
4.660000000000014131e-02
2.444999999999999396e-01
3.990000000000001878e-02
8.550000000000007594e-02
5.559999999999998277e-02
1.774000000000000021e-01
1.093999999999999972e-01
2.172000000000001430e-01
7.339999999999993752e-02
9.479999999999988436e-02
8.330000000000001292e-02
1.176000000000000101e-01
1.367000000000000437e-01
1.035999999999999421e-01
1.049000000000001043e-01
5.290000000000005809e-02
5.869999999999997442e-02
6.120000000000008766e-02
1.542000000000001148e-01
1.110000000000000431e-01
2.854000000000000981e-01
2.173999999999998434e-01
7.500000000000012212e-02
1.308000000000000274e-01
1.269000000000000405e-01
1.968999999999998807e-01
7.750000000000009659e-02
2.185000000000000275e-01
5.380000000000001448e-02
3.069999999999983853e-02
4.829999999999981530e-02
2.979999999999988214e-02
5.809999999999992948e-02
1.260000000000001397e-01
2.800000000000010814e-02
2.119000000000000050e-01
5.749999999999985678e-02
5.560000000000009379e-02
5.970000000000003082e-02
2.320000000000013718e-02
1.658000000000000584e-01
1.297000000000000930e-01
8.990000000000011871e-02
1.685999999999998611e-01
5.210000000000020171e-02
7.789999999999985825e-02
1.129000000000000836e-01
3.949999999999997957e-02
3.439999999999998614e-01
2.177000000000000046e-01
2.641999999999998794e-01
1.854999999999999705e-01
2.538999999999999035e-01
2.143000000000001015e-01
1.184000000000001440e-01
2.113999999999999768e-01
1.372999999999998111e-01
1.241000000000000714e-01
8.679999999999993276e-02
2.929999999999998161e-01
2.085000000000001019e-01
5.900000000000010791e-02
3.690000000000015490e-02
6.169999999999983831e-02
1.076999999999999069e-01
7.300000000000003708e-02
1.010999999999999399e-01
5.850000000000013523e-02
2.547000000000000375e-01
6.890000000000004454e-02
3.830000000000000071e-02
3.629999999999991567e-02
5.560000000000012155e-02
3.699999999999989408e-02
1.408999999999998587e-01
5.139999999999997349e-02
2.496999999999998943e-01
5.920000000000005813e-02
6.209999999999998854e-02
7.989999999999991553e-02
7.420000000000001594e-02
1.445999999999998953e-01
1.147000000000000242e-01
1.776999999999998303e-01
1.859000000000000652e-01
5.859999999999992992e-02
7.489999999999996660e-02
7.389999999999993796e-02
2.096999999999999420e-01
1.271999999999998965e-01
6.429999999999991278e-02
1.971000000000000529e-01
5.189999999999997393e-02
5.539999999999986602e-02
5.570000000000008278e-02
4.990000000000002767e-02
1.179000000000000881e-01
7.339999999999988201e-02
1.619000000000000161e-01
1.211000000000000965e-01
4.080000000000005844e-02
5.010000000000006115e-02
5.149999999999996247e-02
7.199999999999986966e-02
1.410999999999999477e-01
1.156999999999999973e-01
1.963999999999999635e-01
1.398000000000000631e-01
4.869999999999999329e-02
5.150000000000007350e-02
7.860000000000000320e-02
2.160000000000009135e-02
1.617999999999999716e-01
1.316999999999999282e-01
1.962000000000000410e-01
1.361999999999998767e-01
3.209999999999996190e-02
9.420000000000017248e-02
9.710000000000004738e-02
1.643000000000000571e-01
1.370999999999999996e-01
2.418000000000000427e-01
1.142999999999997074e-01
8.970000000000011298e-02
8.200000000000001732e-02
1.512000000000000288e-01
1.178000000000000436e-01
6.220000000000014406e-02
1.540999999999999870e-01
4.150000000000012013e-02
6.910000000000007803e-02
5.290000000000003033e-02
1.285000000000000864e-01
1.172999999999999599e-01
1.817000000000000282e-01
1.276000000000001577e-01
1.734000000000001374e-01
1.014999999999999514e-01
1.710999999999999188e-01
1.299999999999999489e-01
2.247999999999999166e-01
2.672999999999998155e-01
1.468000000000000138e-01
1.066999999999999615e-01
1.513000000000001011e-01
6.240000000000001101e-02
1.292999999999999150e-01
8.289999999999991820e-02
4.679999999999989724e-02
1.274000000000000965e-01
1.612999999999999989e-01
1.556000000000001549e-01
7.029999999999983484e-02
5.509999999999981579e-02
1.759000000000000008e-01
1.295999999999998820e-01
1.358999999999998542e-01
1.847000000000001974e-01
5.009999999999989462e-02
1.950999999999999124e-01
1.502999999999999614e-01
5.380000000000012550e-02
3.979999999999997429e-02
7.919999999999996487e-02
1.284999999999998643e-01
1.879000000000000947e-01
8.700000000000004952e-02
1.880999999999997951e-01
5.899999999999999689e-02
7.929999999999989835e-02
8.480000000000015303e-02
7.810000000000011378e-02
1.934999999999999221e-01
8.560000000000017595e-02
2.323999999999999122e-01
2.470000000000005524e-02
9.800000000000003153e-02
1.318000000000000838e-01
1.480000000000000759e-01
1.448999999999999733e-01
1.182999999999998775e-01
1.591000000000000192e-01
5.320000000000005280e-02
6.140000000000014890e-02
1.669000000000000483e-01
1.555000000000000548e-01
6.290000000000015024e-02
2.348999999999999699e-01
2.620000000000011209e-02
1.333999999999999075e-01
7.790000000000008029e-02
1.318000000000000838e-01
1.417999999999997873e-01
1.132000000000000506e-01
1.564999999999998337e-01
5.920000000000000262e-02
8.310000000000000719e-02
4.659999999999989151e-02
1.176999999999999713e-01
1.617999999999998884e-01
9.199999999999985967e-02
1.292000000000000925e-01
2.819999999999994733e-02
8.879999999999999005e-02
4.669999999999985274e-02
1.112999999999997880e-01
1.256000000000001837e-01
5.059999999999997833e-02
2.685000000000000719e-01
1.899999999999993361e-02
1.214000000000000079e-01
1.197000000000000564e-01
3.007999999999999008e-01
1.292000000000000648e-01
1.210000000000000797e-01
1.698000000000000342e-01
1.320999999999999119e-01
1.147000000000001352e-01
1.093000000000000915e-01
1.547999999999998821e-01
1.116000000000001158e-01
1.692000000000001281e-01
2.822999999999997733e-01
9.970000000000001084e-02
1.039999999999999258e-01
1.103999999999998871e-01
2.110000000000001041e-01
8.800000000000007816e-02
1.847000000000001141e-01
1.888999999999999291e-01
1.148999999999999189e-01
7.389999999999996572e-02
5.020000000000018892e-02
1.347000000000001252e-01
1.078999999999999404e-01
7.940000000000013713e-02
2.430999999999997885e-01
3.979999999999991878e-02
4.910000000000006026e-02
7.820000000000007501e-02
1.326999999999999569e-01
1.233000000000001040e-01
1.330999999999999406e-01
8.820000000000002838e-02
4.729999999999995319e-02
5.020000000000016116e-02
7.870000000000001994e-02
1.062000000000000721e-01
5.109999999999970122e-02
1.471999999999998032e-01
1.908999999999999031e-01
1.008000000000000840e-01
1.054999999999998994e-01
1.834999999999999409e-01
1.767000000000001070e-01
9.070000000000005835e-02
2.127000000000001112e-01
6.090000000000003744e-02
7.900000000000001465e-02
7.619999999999990670e-02
1.186000000000000942e-01
1.084999999999998743e-01
8.309999999999992393e-02
1.780000000000000471e-01
6.230000000000004978e-02
5.899999999999994138e-02
7.599999999999998423e-02
8.059999999999994946e-02
6.589999999999995861e-02
3.469999999999995310e-02
1.596999999999998698e-01
6.470000000000006302e-02
4.080000000000014171e-02
5.389999999999986469e-02
1.593999999999998474e-01
6.080000000000015947e-02
3.290000000000000147e-01
9.140000000000009228e-02
1.077000000000001012e-01
8.120000000000002216e-02
1.657000000000000972e-01
1.372999999999999499e-01
5.770000000000014007e-02
2.066999999999997450e-01
2.860000000000015308e-02
9.209999999999987641e-02
8.599999999999999312e-02
1.692999999999998395e-01
1.292000000000001203e-01
1.880000000000001115e-01
9.279999999999993809e-02
7.659999999999994591e-02
6.229999999999999427e-02
1.484000000000000319e-01
9.579999999999985749e-02
7.279999999999980931e-02
1.585000000000000298e-01
5.530000000000001581e-02
9.630000000000016325e-02
5.489999999999978231e-02
2.263000000000000289e-01
5.399999999999993694e-02
2.259000000000000175e-01
5.090000000000008407e-02
4.260000000000013776e-02
6.379999999999991234e-02
1.359999999999998710e-01
1.159999999999999087e-01
1.239999999999999158e-01
5.530000000000007132e-02
4.950000000000007172e-02
4.649999999999987477e-02
6.920000000000003926e-02
9.719999999999992535e-02
5.859999999999990217e-02
1.665999999999997760e-01
2.869999999999980900e-02
3.800000000000006151e-02
6.579999999999994187e-02
6.609999999999982556e-02
7.950000000000015388e-02
2.388000000000000400e-01
9.116000000000000769e-01
1.829999999999999127e-01
3.976999999999999424e-01
1.656000000000001360e-01
1.707000000000001849e-01
2.746999999999997777e-01
2.368000000000000105e-01
1.965000000000000357e-01
1.074000000000000510e-01
9.589999999999995750e-02
8.959999999999992970e-02
1.347000000000001252e-01
1.126999999999998836e-01
5.499999999999991007e-02
3.489999999999998659e-02
3.199999999999997291e-02
1.689999999999998170e-01
9.250000000000010991e-02
8.669999999999991602e-02
6.879999999999988902e-02
3.119999999999995000e-02
3.209999999999990639e-02
4.479999999999997873e-02
4.850000000000001532e-02
4.989999999999999991e-02
2.659999999999995701e-02
1.477000000000001090e-01
1.103999999999998038e-01
1.794000000000000872e-01
7.229999999999989213e-02
5.140000000000011227e-02
6.190000000000009384e-02
1.047000000000000708e-01
1.112000000000001043e-01
1.219000000000000361e-01
4.639999999999999680e-02
2.348000000000000920e-01
8.890000000000006231e-02
3.249999999999997335e-02
2.209999999999986975e-02
6.629999999999997007e-02
1.835000000000000242e-01
9.979999999999991656e-02
1.020999999999999130e-01
1.394000000000000239e-01
3.729999999999991656e-02
7.229999999999983662e-02
7.360000000000008202e-02
1.625000000000000333e-01
9.320000000000008833e-02
1.104000000000002757e-01
1.355999999999998873e-01
6.570000000000011942e-02
1.539999999999997482e-01
1.525999999999997914e-01
1.377000000000001001e-01
4.680000000000011928e-02
1.689999999999998170e-01
4.280000000000000471e-02
6.830000000000011062e-02
5.960000000000006959e-02
1.255999999999999617e-01
5.779999999999985150e-02
2.414999999999998537e-01
2.051000000000001433e-01
4.519999999999999019e-02
8.410000000000006359e-02
1.169000000000000317e-01
1.555000000000001104e-01
6.259999999999985021e-02
1.542999999999999650e-01
2.031000000000000860e-01
2.819999999999997509e-02
1.237999999999998824e-01
1.015000000000001179e-01
1.323000000000000564e-01
1.222000000000001418e-01
2.800000000000002487e-02
1.638000000000000012e-01
9.109999999999990328e-02
4.380000000000003335e-02
5.720000000000013962e-02
4.490000000000018976e-02
1.361000000000001653e-01
5.249999999999979683e-02
1.350999999999999424e-01
1.267999999999998850e-01
1.909999999999997811e-02
5.529999999999996030e-02
6.519999999999986917e-02
1.436000000000001442e-01
5.619999999999988893e-02
1.565999999999998504e-01
1.285999999999999921e-01
6.829999999999999960e-02
8.610000000000009313e-02
1.458000000000000684e-01
1.438000000000000667e-01
5.330000000000018057e-02
2.337000000000000743e-01
2.990000000000000990e-02
2.090000000000002967e-02
3.300000000000002931e-02
1.366999999999998772e-01
1.008000000000000562e-01
1.209000000000000907e-01
7.500000000000001110e-02
6.009999999999987574e-02
8.960000000000001297e-02
7.340000000000007629e-02
7.400000000000012124e-02
1.684999999999998721e-01
3.000000000000005440e-02
2.191999999999998394e-01
7.530000000000008908e-02
8.300000000000018474e-02
3.820000000000023377e-02
7.979999999999989879e-02
1.108999999999998876e-01
8.860000000000006759e-02
4.280000000000003246e-02
1.427999999999999270e-01
3.800000000000006151e-02
5.930000000000004712e-02
4.920000000000010476e-02
8.750000000000010547e-02
2.011999999999999067e-01
5.950000000000008060e-02
2.260000000000000897e-01
3.520000000000012008e-02
3.709999999999996634e-02
6.369999999999981233e-02
7.060000000000002385e-02
7.539999999999993929e-02
1.514000000000000346e-01
5.659999999999995590e-02
1.532999999999999641e-01
9.319999999999992180e-02
4.160000000000002585e-02
8.989999999999997993e-02
5.950000000000008060e-02
1.370999999999999996e-01
1.629999999999999505e-01
1.969000000000000750e-01
1.860999999999998766e-01
4.379999999999986682e-02
4.039999999999988045e-02
1.731999999999999651e-01
1.134000000000001118e-01
7.980000000000006533e-02
1.976999999999999313e-01
4.279999999999997695e-02
6.440000000000017932e-02
6.380000000000005111e-02
1.114000000000000545e-01
6.830000000000002736e-02
4.629999999999992455e-02
1.207000000000001960e-01
8.210000000000000631e-02
5.609999999999998321e-02
7.019999999999998463e-02
4.309999999999994391e-02
1.442000000000000226e-01
4.230000000000003202e-02
8.389999999999994684e-02
1.379999999999999005e-01
4.559999999999989062e-02
6.620000000000003659e-02
4.380000000000006111e-02
1.788000000000001255e-01
5.970000000000019735e-02
1.490999999999999825e-01
1.301000000000001322e-01
2.689999999999997948e-02
4.500000000000009548e-02
4.459999999999994524e-02
1.538000000000001866e-01
2.669999999999997375e-02
1.125000000000000444e-01
1.702999999999999792e-01
5.650000000000007794e-02
5.750000000000002331e-02
5.069999999999991180e-02
1.548999999999998711e-01
5.670000000000008367e-02
1.360999999999998600e-01
1.540000000000000258e-01
8.910000000000001252e-02
9.860000000000007647e-02
5.610000000000001097e-02
3.170000000000000595e-01
7.359999999999997100e-02
1.908999999999999864e-01
1.260000000000000564e-01
6.930000000000000049e-02
6.759999999999999343e-02
1.061999999999999611e-01
2.967000000000001303e-01
1.483999999999998654e-01
2.278999999999999360e-01
1.850999999999998480e-01
4.197000000000001840e-01
2.234999999999998654e-01
1.983999999999996877e-01
3.851000000000002199e-01
2.500000000000001110e-01
2.204999999999999738e-01
4.991000000000001546e-01
5.593000000000000194e-01
3.190000000000001168e-01
2.450000000000001066e-01
2.097999999999999865e-01
4.683999999999999830e-01
5.190999999999997838e-01
2.858999999999998209e-01
3.037999999999999590e-01
3.719999999999999418e-01
1.572999999999999954e-01
2.654000000000000803e-01
3.381999999999998341e-01
1.157999999999999585e-01
2.878999999999999337e-01
1.572999999999999399e-01
1.796999999999998876e-01
1.791999999999999982e-01
1.634000000000000175e-01
1.743999999999999717e-01
9.100000000000010858e-02
4.769999999999982587e-02
1.050000000000000377e-01
3.130000000000001670e-01
1.254000000000001225e-01
3.520999999999999686e-01
1.473999999999999477e-01
6.759999999999982689e-02
9.539999999999998481e-02
2.188000000000000500e-01
1.504000000000000614e-01
1.021999999999998743e-01
1.256999999999998952e-01
1.331000000000001626e-01
2.971999999999999087e-01
1.146999999999999686e-01
2.319999999999999840e-02
5.440000000000011493e-02
9.960000000000007736e-02
1.666999999999999038e-01
1.881999999999999229e-01
5.169999999999999596e-02
2.798000000000000487e-01
4.360000000000008313e-02
7.840000000000013625e-02
3.740000000000009983e-02
5.809999999999992948e-02
6.319999999999997842e-02
1.569999999999999729e-01
8.960000000000020726e-02
2.234000000000002373e-01
3.809999999999996723e-02
5.899999999999983036e-02
8.420000000000005258e-02
2.433000000000000163e-01
7.810000000000000275e-02
2.111000000000000654e-01
7.050000000000000711e-02
7.869999999999993667e-02
7.109999999999988551e-02
6.459999999999987974e-02
1.586000000000000743e-01
8.249999999999996225e-02
2.366000000000000325e-01
9.060000000000012488e-02
8.799999999999980060e-02
1.764000000000001678e-01
4.030000000000000249e-02
2.063000000000000944e-01
1.388999999999999679e-01
5.350000000000004752e-02
2.308999999999999386e-01
6.279999999999985594e-02
7.470000000000004414e-02
5.980000000000001981e-02
1.216000000000000969e-01
1.692000000000000448e-01
5.145000000000000684e-01
7.463999999999998414e-01
3.266999999999999904e-01
2.186999999999998390e-01
1.657000000000001250e-01
1.160999999999997867e-01
1.096999999999999087e-01
7.189999999999982516e-02
4.490000000000005098e-02
5.040000000000011138e-02
9.739999999999984781e-02
2.490999999999997938e-01
1.139999999999998515e-01
7.780000000000011906e-02
5.199999999999999067e-02
1.761000000000000898e-01
2.245999999999999663e-01
1.443999999999998063e-01
3.956999999999998296e-01
1.113000000000000655e-01
1.069999999999999840e-01
3.152000000000002577e-01
1.814999999999998836e-01
1.181000000000000938e-01
1.869000000000000106e-01
4.105999999999999095e-01
2.750999999999999002e-01
1.155000000000000471e-01
1.089999999999998193e-01
5.250000000000021316e-02
1.769999999999999352e-02
3.400000000000003020e-02
5.040000000000000036e-02
8.919999999999977947e-02
1.269000000000000128e-01
8.789999999999989488e-02
2.929999999999985394e-02
9.600000000000014078e-02
