2.260999999999999954e-01
1.273899999999999810e+00
1.656199999999999894e+00
1.220699999999999896e+00
1.091299999999999937e+00
3.588000000000000078e-01
1.815999999999999281e-01
2.353000000000000647e-01
2.426999999999999713e-01
4.478999999999999093e-01
4.613999999999998658e-01
5.027999999999999137e-01
4.508000000000000895e-01
2.577999999999998071e-01
1.584000000000002073e-01
1.338999999999998247e-01
1.514000000000001178e-01
1.211000000000000826e-01
1.116000000000000603e-01
1.236999999999998656e-01
5.800000000000008621e-02
8.029999999999995475e-02
9.460000000000010068e-02
6.079999999999987498e-02
1.513000000000000456e-01
6.489999999999998548e-02
7.079999999999989080e-02
7.510000000000000009e-02
6.319999999999993678e-02
5.869999999999998830e-02
4.940000000000001334e-02
1.013999999999998791e-01
5.980000000000000593e-02
4.740000000000006014e-02
1.043999999999998957e-01
4.470000000000005219e-02
6.529999999999999694e-02
6.420000000000000706e-02
6.640000000000001457e-02
1.080999999999999184e-01
1.536000000000000143e-01
1.185000000000000775e-01
3.196999999999999842e-01
1.548000000000000764e-01
1.137999999999999012e-01
3.014999999999998792e-01
1.688000000000001166e-01
1.545999999999999597e-01
2.839000000000000412e-01
1.338000000000000300e-01
9.089999999999984204e-02
1.766999999999998294e-01
1.124000000000000832e-01
6.889999999999993352e-02
1.246000000000000579e-01
7.400000000000006573e-02
6.699999999999993461e-02
2.153000000000001024e-01
1.295999999999999375e-01
1.444000000000001394e-01
1.224999999999999561e-01
1.396999999999999076e-01
1.814000000000000057e-01
2.001999999999999891e-01
5.799999999999995437e-02
9.430000000000020310e-02
1.102000000000001173e-01
1.171999999999999154e-01
1.325000000000000622e-01
6.699999999999993461e-02
9.369999999999995000e-02
1.375000000000001221e-01
2.040999999999999481e-01
1.219000000000001749e-01
3.566999999999999060e-01
1.905999999999998806e-01
8.790000000000000591e-02
9.130000000000011717e-02
1.769999999999999907e-01
1.243999999999998995e-01
1.325000000000000344e-01
3.400999999999999024e-01
3.629999999999999893e-01
1.277000000000000912e-01
1.232000000000000733e-01
2.559999999999999498e-01
1.930999999999999661e-01
1.415000000000001257e-01
2.814000000000000390e-01
1.239999999999998187e-01
1.199000000000002009e-01
1.611000000000000765e-01
1.113000000000000517e-01
3.979999999999995347e-02
1.755000000000001004e-01
1.209999999999999409e-01
1.079000000000000237e-01
1.848000000000000753e-01
1.819000000000000061e-01
5.580000000000007176e-02
2.065999999999999781e-01
2.214000000000000412e-01
1.383000000000001173e-01
1.238999999999999407e-01
1.860999999999999877e-01
2.487999999999999656e-01
2.059999999999999609e-01
1.001999999999999141e-01
1.389000000000001067e-01
2.005999999999999173e-01
6.390000000000004010e-02
7.560000000000002829e-02
1.942000000000000948e-01
8.879999999999989291e-02
3.109999999999980835e-02
1.705999999999999184e-01
2.790000000000000119e-02
2.660000000000005416e-02
1.802000000000000268e-01
8.290000000000002922e-02
8.769999999999987528e-02
1.808999999999998387e-01
9.920000000000009366e-02
5.450000000000004841e-02
1.794999999999999096e-01
6.579999999999995575e-02
1.029000000000000331e-01
1.711000000000000854e-01
1.021000000000000241e-01
1.373000000000001442e-01
2.561999999999999278e-01
1.570999999999999897e-01
9.219999999999997642e-02
2.419999999999999374e-01
1.220999999999999724e-01
1.169999999999999096e-01
1.430000000000001825e-01
1.388000000000000900e-01
7.129999999999989124e-02
2.113000000000000711e-01
1.411999999999998812e-01
1.868000000000000771e-01
1.406000000000000028e-01
2.082999999999999297e-01
1.769000000000000850e-01
1.828999999999999515e-01
2.308000000000000607e-01
2.633999999999999120e-01
2.247999999999999443e-01
1.385000000000000397e-01
2.340999999999999470e-01
1.440999999999999781e-01
1.306000000000000216e-01
1.522999999999999909e-01
9.409999999999998921e-02
4.899999999999996719e-02
8.819999999999997287e-02
1.973999999999998811e-01
8.129999999999983074e-02
9.360000000000005815e-02
1.360000000000000098e-01
5.249999999999990091e-02
5.570000000000003421e-02
1.944000000000000727e-01
5.799999999999987110e-02
4.790000000000010916e-02
1.902000000000000357e-01
2.840000000000000163e-02
5.799999999999998906e-02
1.434000000000000830e-01
4.999999999999988481e-02
6.430000000000002380e-02
1.991000000000001102e-01
7.329999999999987914e-02
7.639999999999991243e-02
1.267000000000001458e-01
1.698999999999998012e-01
2.368999999999999995e-01
1.499999999999999944e-01
2.234999999999998377e-01
2.738000000000000433e-01
1.925000000000001155e-01
2.140000000000000235e-01
1.248999999999999833e-01
1.951000000000000512e-01
2.062000000000000222e-01
2.167000000000000592e-01
1.064999999999999558e-01
7.009999999999995401e-02
1.507000000000000006e-01
1.544999999999999429e-01
1.295000000000001705e-01
1.714999999999999858e-01
6.949999999999981193e-02
5.810000000000015152e-02
1.984999999999998987e-01
5.150000000000017064e-02
9.930000000000005489e-02
2.236999999999999267e-01
9.629999999999991345e-02
4.980000000000002480e-02
1.561000000000000165e-01
9.389999999999998348e-02
1.331999999999998185e-01
2.257000000000000117e-01
1.368000000000000327e-01
1.841000000000001524e-01
1.434999999999999609e-01
2.754000000000001447e-01
1.257999999999999119e-01
8.419999999999971951e-02
1.830999999999998740e-01
6.830000000000004123e-02
7.289999999999999258e-02
1.421000000000000041e-01
6.780000000000015181e-02
7.020000000000015117e-02
1.806000000000000105e-01
1.443000000000000949e-01
1.764000000000000012e-01
1.645000000000000628e-01
1.856999999999998374e-01
7.519999999999987805e-02
1.785000000000001030e-01
1.141000000000001041e-01
1.680999999999999717e-01
8.690000000000008828e-02
5.399999999999995082e-02
2.653999999999999138e-01
2.189000000000001223e-01
1.162999999999999590e-01
3.003000000000000114e-01
1.788999999999999480e-01
5.720000000000007023e-02
1.048999999999999100e-01
1.274000000000000410e-01
8.429999999999994442e-02
2.929999999999993027e-02
1.200000000000000233e-01
1.998000000000000331e-01
8.419999999999992768e-02
2.326000000000000290e-01
1.267000000000000348e-01
1.295000000000000873e-01
1.062999999999999640e-01
2.001000000000000001e-01
1.380999999999999450e-01
9.670000000000002205e-02
1.099999999999999867e-01
2.389999999999999902e-01
1.160000000000000475e-01
9.399999999999987532e-02
2.433999999999998942e-01
1.846000000000000418e-01
1.019000000000000600e-01
1.703000000000001180e-01
1.543000000000000205e-01
8.400000000000003297e-02
1.051000000000000406e-01
1.459999999999998799e-01
1.396999999999999909e-01
5.080000000000010896e-02
1.157999999999999863e-01
1.485000000000000764e-01
5.179999999999999882e-02
8.700000000000000788e-02
1.015000000000000346e-01
5.109999999999999265e-02
1.693000000000001171e-01
5.649999999999992528e-02
7.430000000000000493e-02
2.166999999999999205e-01
6.800000000000015754e-02
6.459999999999994913e-02
1.383000000000000618e-01
6.430000000000002380e-02
1.077000000000001567e-01
1.814000000000000334e-01
7.280000000000017013e-02
1.534999999999998588e-01
1.376000000000000001e-01
1.455999999999998684e-01
7.640000000000005120e-02
1.106000000000000177e-01
2.834999999999998632e-01
1.993000000000001437e-01
1.604000000000001536e-01
1.629999999999998117e-01
1.578999999999999848e-01
5.190000000000009189e-02
4.231000000000000871e-01
3.233999999999999098e-01
1.872000000000000330e-01
1.212000000000002242e-01
1.667999999999999483e-01
1.839999999999999414e-01
1.494000000000000050e-01
1.107000000000000345e-01
2.403999999999998916e-01
3.350999999999998979e-01
2.096999999999999975e-01
2.172999999999999932e-01
1.077999999999999098e-01
9.150000000000003963e-02
2.119000000000000328e-01
8.839999999999997859e-02
7.250000000000002276e-02
1.890999999999999903e-01
2.059999999999999609e-01
9.449999999999995903e-02
7.459999999999999964e-02
2.046000000000000596e-01
4.879999999999995453e-02
9.129999999999992288e-02
2.079999999999998239e-01
6.490000000000006875e-02
3.959999999999987835e-02
1.980999999999998595e-01
8.849999999999987044e-02
7.550000000000001155e-02
2.048000000000000098e-01
8.149999999999996136e-02
6.390000000000006786e-02
1.986999999999999600e-01
1.555000000000000548e-01
6.780000000000002691e-02
1.377999999999999226e-01
8.629999999999993232e-02
2.332000000000000184e-01
2.113000000000000711e-01
1.366000000000001657e-01
9.939999999999996061e-02
1.796999999999999986e-01
1.354999999999999261e-01
7.660000000000011244e-02
1.429000000000000825e-01
1.813999999999999502e-01
1.039000000000001589e-01
1.741000000000000325e-01
1.334000000000000463e-01
2.145999999999999575e-01
2.088999999999998913e-01
1.898000000000001353e-01
1.521000000000000407e-01
1.668999999999999373e-01
1.414999999999998481e-01
2.856000000000001315e-01
1.668000000000000038e-01
2.748000000000000442e-01
1.555999999999999328e-01
7.550000000000017808e-02
2.136000000000000676e-01
1.605999999999999095e-01
3.592000000000001858e-01
3.890999999999997794e-01
3.873999999999998556e-01
2.836999999999999522e-01
1.151999999999999968e-01
1.390000000000000124e-01
1.877000000000001445e-01
1.315999999999998837e-01
7.170000000000009699e-02
1.384000000000000785e-01
9.910000000000000753e-02
1.124999999999999195e-01
1.079000000000000514e-01
1.259999999999999454e-01
4.880000000000003779e-02
6.549999999999985001e-02
1.612999999999999157e-01
6.480000000000007976e-02
5.389999999999996183e-02
1.084000000000000935e-01
6.310000000000007270e-02
4.929999999999985089e-02
1.328999999999999904e-01
3.719999999999985818e-02
5.829999999999988664e-02
1.572000000000000064e-01
4.679999999999993887e-02
1.675000000000000377e-01
8.440000000000005831e-02
9.039999999999995262e-02
2.047000000000000486e-01
7.059999999999985731e-02
4.809999999999992060e-02
1.213999999999999246e-01
4.769999999999996465e-02
5.950000000000014305e-02
2.141999999999998350e-01
7.570000000000005891e-02
6.779999999999983262e-02
9.109999999999998654e-02
8.669999999999991602e-02
6.080000000000010396e-02
9.310000000000007159e-02
1.276000000000000467e-01
8.819999999999998674e-02
4.739999999999997687e-02
8.110000000000011644e-02
1.210000000000000242e-01
4.940000000000011049e-02
1.217999999999999361e-01
7.240000000000021418e-02
5.209999999999996578e-02
6.899999999999981148e-02
1.567999999999998839e-01
5.590000000000008851e-02
6.170000000000012280e-02
1.634999999999998954e-01
8.300000000000007372e-02
6.569999999999986962e-02
1.763000000000000400e-01
6.449999999999998790e-02
4.519999999999997631e-02
1.636000000000000232e-01
2.880999999999999672e-01
1.885999999999999899e-01
2.129999999999998839e-01
2.780000000000000249e-01
1.128999999999998199e-01
2.011999999999998234e-01
9.819999999999999563e-02
1.831999999999998630e-01
1.731999999999999651e-01
1.824999999999998845e-01
1.248999999999999971e-01
1.081000000000001821e-01
2.364000000000001100e-01
2.133999999999999231e-01
3.885000000000000675e-01
1.834999999999998577e-01
3.378000000000001002e-01
2.215000000000000024e-01
7.759999999999984965e-02
3.689999999999999947e-01
7.048000000000000931e-01
2.705999999999999517e-01
1.142000000000000237e-01
3.336000000000001187e-01
4.801999999999998492e-01
2.430000000000001603e-01
1.009999999999999509e-01
3.121999999999999220e-01
1.731000000000000871e-01
5.460999999999998078e-01
2.874000000000000998e-01
4.853000000000000647e-01
2.108999999999998654e-01
1.606000000000001038e-01
2.751000000000000112e-01
4.492000000000001547e-01
5.142999999999999794e-01
2.728999999999999204e-01
3.021000000000001462e-01
1.940999999999999392e-01
1.061000000000000554e-01
2.510000000000009793e-02
1.131999999999999534e-01
1.158999999999999198e-01
1.063000000000000334e-01
1.138000000000000955e-01
1.840999999999998749e-01
5.089999999999995223e-02
5.090000000000004937e-02
1.982999999999999208e-01
7.810000000000012765e-02
1.376999999999999891e-01
8.049999999999991884e-02
7.529999999999997806e-02
9.879999999999994342e-02
6.679999999999997051e-02
1.029999999999999666e-01
8.950000000000014888e-02
4.219999999999977935e-02
1.587000000000002020e-01
1.615999999999999104e-01
4.163000000000000589e-01
2.737999999999999323e-01
2.782000000000000028e-01
3.690999999999999837e-01
3.612000000000000766e-01
4.225999999999999757e-01
5.838999999999999746e-01
4.354000000000000092e-01
4.391000000000000458e-01
9.271000000000000352e-01
3.487000000000000655e-01
5.141999999999999904e-01
3.498999999999999888e-01
3.873000000000000886e-01
3.382999999999999341e-01
5.681999999999998163e-01
7.272999999999998355e-01
3.538000000000001144e-01
2.713999999999999191e-01
1.783000000000000973e-01
3.737000000000000322e-01
9.490000000000006763e-02
7.840000000000010849e-02
9.030000000000004690e-02
9.869999999999996831e-02
1.570000000000000284e-01
7.370000000000000162e-02
8.079999999999991356e-02
1.011000000000001064e-01
2.016999999999999904e-01
8.149999999999991973e-02
1.605000000000001148e-01
8.609999999999988496e-02
1.187999999999998779e-01
8.539999999999986491e-02
1.301999999999999824e-01
5.579999999999998156e-02
1.402000000000000468e-01
5.950000000000004591e-02
8.340000000000000191e-02
1.424999999999999600e-01
9.849999999999994871e-02
9.559999999999982401e-02
1.190999999999999420e-01
1.869999999999999440e-01
1.674000000000000210e-01
5.599999999999993872e-02
1.478000000000000702e-01
2.520000000000002099e-02
6.789999999999984936e-02
1.421300000000000230e+00
9.623000000000000442e-01
6.473999999999999755e-01
7.517000000000000348e-01
2.285999999999999699e-01
1.716999999999999915e-01
1.231000000000000288e-01
7.039999999999992097e-02
1.218999999999999806e-01
1.484000000000000041e-01
1.881999999999999229e-01
1.591000000000000747e-01
2.422000000000000819e-01
1.147000000000000380e-01
1.186000000000000942e-01
5.217999999999999305e-01
1.334000000000000741e-01
1.785000000000000198e-01
1.544999999999998874e-01
1.988999999999999657e-01
1.114999999999998631e-01
3.399999999999999134e-01
2.016000000000000292e-01
3.729000000000000092e-01
1.242999999999999661e-01
1.146000000000000074e-01
1.724999999999999312e-01
9.930000000000011040e-02
8.700000000000007727e-02
1.366999999999999327e-01
5.580000000000004401e-02
1.275000000000000855e-01
1.378000000000000336e-01
2.354999999999999871e-01
2.055999999999999495e-01
6.949999999999992295e-02
1.795999999999999264e-01
1.252000000000000057e-01
1.775999999999999246e-01
1.344999999999999529e-01
1.368999999999999662e-01
1.252999999999999114e-01
1.165999999999999814e-01
5.589999999999988728e-02
6.430000000000000993e-02
1.184000000000000330e-01
1.182999999999999469e-01
1.473000000000000143e-01
1.894999999999999463e-01
5.080000000000003263e-02
5.990000000000013369e-02
1.037999999999998646e-01
8.120000000000010543e-02
1.399000000000001076e-01
4.829999999999985694e-02
2.076999999999999402e-01
3.279999999999994031e-02
1.247000000000000469e-01
1.026999999999998747e-01
5.129999999999997062e-02
1.321999999999999564e-01
8.989999999999982727e-02
1.147999999999998189e-01
6.499999999999993283e-02
7.519999999999997520e-02
7.390000000000002123e-02
1.302000000000000102e-01
6.060000000000007048e-02
2.288000000000000034e-01
1.020999999999999130e-01
1.155000000000000471e-01
6.989999999999996216e-02
2.565000000000000058e-01
1.272000000000000908e-01
1.137999999999999151e-01
2.412999999999999590e-01
1.050999999999999435e-01
1.475999999999998702e-01
6.129999999999993787e-02
2.075999999999998680e-01
1.161000000000000920e-01
1.089000000000000246e-01
1.941000000000000225e-01
1.864999999999999714e-01
1.194999999999999951e-01
1.731000000000000316e-01
1.324000000000000732e-01
8.479999999999995874e-02
1.600999999999999646e-01
1.181999999999999995e-01
1.124000000000000554e-01
1.832000000000000572e-01
1.205000000000000793e-01
1.340999999999999137e-01
3.351999999999999424e-01
1.186999999999999583e-01
2.195000000000000284e-01
1.827000000000000013e-01
1.791999999999999427e-01
1.588000000000000245e-01
5.540000000000003255e-02
2.648999999999999688e-01
1.669000000000000483e-01
2.336999999999999633e-01
1.902999999999999414e-01
2.450000000000000511e-01
2.620000000000000107e-01
8.430000000000004157e-02
2.427999999999999048e-01
1.359000000000000763e-01
5.720000000000001472e-02
2.015000000000000124e-01
1.377999999999999226e-01
1.745999999999998109e-01
2.673000000000000376e-01
3.173000000000001375e-01
2.848999999999999866e-01
2.730000000000000204e-01
2.071999999999999953e-01
9.749999999999993394e-02
5.625000000000000000e-01
3.610999999999999766e-01
1.092999999999999944e-01
9.290000000000001035e-02
1.429000000000000270e-01
1.610999999999999932e-01
1.911999999999999256e-01
1.360999999999999988e-01
8.680000000000014093e-02
1.052999999999998937e-01
1.226000000000000423e-01
1.462000000000000521e-01
9.840000000000015401e-02
2.989999999999989888e-02
2.253999999999999337e-01
1.036999999999999589e-01
7.380000000000006000e-02
1.683000000000000329e-01
3.100000000000008304e-02
3.749999999999992228e-02
1.530000000000000249e-01
1.197000000000001119e-01
1.059000000000000774e-01
1.050999999999999435e-01
1.033000000000000723e-01
7.920000000000003426e-02
1.192000000000000004e-01
1.115999999999999215e-01
1.176999999999999297e-01
9.469999999999999252e-02
1.020999999999999269e-01
9.810000000000007603e-02
1.465000000000000191e-01
3.789999999999998925e-02
1.443999999999999728e-01
1.295000000000000040e-01
1.633000000000000007e-01
1.131999999999999396e-01
5.819999999999993234e-02
1.282000000000000084e-01
1.476000000000000090e-01
6.890000000000011393e-02
8.970000000000005747e-02
7.369999999999991835e-02
1.145999999999998825e-01
4.919999999999996598e-02
1.344999999999999807e-01
1.905000000000000027e-01
2.256000000000000782e-01
2.063999999999999724e-01
2.104999999999999927e-01
1.001000000000001194e-01
2.128000000000000724e-01
9.099999999999995592e-02
1.094999999999998613e-01
6.149999999999995748e-02
1.746000000000000330e-01
1.451000000000000068e-01
1.844000000000001749e-01
2.516000000000000458e-01
2.975999999999999757e-01
2.274999999999999245e-01
2.794999999999999707e-01
1.608999999999999875e-01
1.095000000000000695e-01
1.001000000000000084e-01
1.464999999999999358e-01
2.183999999999999830e-01
1.963000000000000578e-01
1.505999999999999284e-01
1.543999999999999817e-01
2.241999999999999826e-01
1.007500000000000062e+00
5.433999999999999941e-01
3.403000000000000469e-01
4.112000000000000099e-01
1.590000000000000580e-01
1.297999999999999710e-01
2.634999999999999565e-01
4.739999999999988667e-02
9.340000000000014957e-02
1.681999999999999884e-01
4.119999999999982010e-02
6.319999999999997842e-02
1.517999999999999905e-01
9.810000000000006215e-02
1.459999999999999631e-01
6.859999999999991105e-02
1.721000000000000585e-01
8.300000000000010147e-02
9.509999999999987907e-02
1.925000000000000044e-01
1.067000000000000726e-01
1.201000000000000401e-01
2.308999999999999386e-01
8.349999999999996314e-02
2.483999999999999819e-01
2.993000000000000105e-01
8.940000000000003499e-02
1.702000000000000179e-01
1.858000000000000207e-01
3.351000000000000090e-01
1.470000000000000195e-01
1.271000000000001018e-01
1.807999999999999607e-01
7.660000000000004305e-02
1.565000000000000280e-01
5.479999999999996679e-02
9.240000000000003766e-02
1.064999999999999419e-01
1.143999999999999739e-01
1.246999999999998943e-01
1.023000000000000020e-01
1.270999999999999630e-01
1.404000000000001358e-01
1.025999999999999690e-01
7.019999999999997076e-02
1.836000000000000409e-01
9.259999999999998788e-02
7.229999999999997540e-02
9.299999999999999933e-02
1.142999999999998739e-01
6.840000000000004410e-02
1.519000000000001460e-01
9.840000000000007074e-02
6.070000000000008722e-02
1.714000000000000801e-01
1.025999999999999690e-01
4.749999999999998668e-02
2.099000000000000310e-01
7.020000000000001239e-02
8.979999999999999094e-02
1.147000000000001352e-01
1.627000000000000390e-01
1.130999999999999783e-01
3.849999999999995093e-02
1.310000000000000331e-01
8.209999999999997855e-02
5.389999999999992020e-02
9.929999999999994387e-02
9.480000000000005089e-02
1.348999999999999089e-01
2.926999999999998492e-01
8.309999999999997944e-02
8.570000000000004003e-02
1.124999999999999195e-01
7.439999999999999392e-02
1.627000000000000668e-01
1.167000000000000814e-01
1.442000000000001059e-01
6.429999999999996829e-02
9.110000000000004206e-02
2.520000000000000018e-02
1.062999999999999223e-01
8.740000000000008873e-02
2.271999999999999575e-01
8.179999999999983118e-02
4.879999999999995453e-02
9.589999999999990199e-02
1.285000000000000864e-01
1.014000000000000179e-01
1.289000000000000423e-01
7.970000000000004858e-02
4.429999999999999216e-02
1.394000000000000794e-01
1.004000000000000170e-01
1.217999999999999083e-01
2.157000000000000861e-01
9.830000000000002625e-02
5.780000000000004579e-02
1.111999999999999933e-01
1.960999999999999688e-01
1.355999999999999983e-01
1.767999999999999017e-01
1.923999999999999044e-01
1.116000000000001019e-01
2.457999999999999630e-01
1.794000000000000594e-01
1.034999999999998976e-01
6.189999999999992730e-02
1.554999999999999993e-01
5.309999999999995279e-02
9.879999999999991567e-02
1.080999999999999739e-01
9.990000000000001656e-02
1.161000000000000365e-01
1.388000000000000067e-01
1.518999999999999795e-01
1.928000000000000269e-01
1.228000000000000896e-01
1.443999999999999728e-01
6.599999999999996148e-02
7.760000000000003006e-02
1.383999999999998010e-01
1.105999999999999345e-01
1.209999999999999271e-01
9.700000000000003064e-02
8.439999999999991953e-02
6.289999999999992819e-02
1.372999999999999499e-01
1.125999999999999918e-01
1.246999999999999637e-01
1.500999999999999557e-01
8.720000000000005524e-02
7.439999999999982738e-02
1.663000000000001144e-01
7.699999999999997125e-02
9.779999999999994253e-02
2.408000000000000418e-01
9.900000000000006017e-02
1.052999999999998937e-01
2.386000000000000343e-01
1.158000000000000557e-01
7.380000000000004612e-02
1.343000000000000860e-01
1.224000000000000365e-01
8.400000000000007461e-02
1.144999999999999352e-01
7.709999999999998799e-02
9.430000000000003657e-02
1.053000000000000325e-01
1.264999999999999181e-01
1.393999999999999961e-01
1.278000000000000247e-01
1.429999999999999605e-01
5.739999999999990943e-02
5.230000000000013805e-02
7.640000000000010671e-02
9.110000000000009757e-02
7.930000000000000937e-02
2.009000000000001340e-01
9.169999999999996210e-02
8.869999999999984841e-02
9.529999999999981541e-02
1.413999999999998591e-01
1.445999999999999786e-01
6.950000000000008948e-02
1.191999999999999449e-01
6.090000000000000968e-02
5.289999999999989155e-02
8.910000000000006803e-02
8.659999999999992704e-02
1.060000000000001358e-01
1.680000000000000659e-01
1.441999999999999671e-01
2.329000000000000237e-01
1.976000000000000256e-01
1.632999999999999174e-01
1.253999999999999559e-01
2.682999999999998719e-01
1.130999999999999922e-01
1.539000000000000923e-01
1.375000000000000111e-01
1.071000000000000979e-01
1.663000000000001977e-01
8.220000000000010631e-02
3.459999999999999187e-02
2.323999999999999400e-01
1.624999999999999778e-01
3.281000000000000583e-01
3.197000000000000397e-01
4.998999999999999555e-01
3.397000000000000020e-01
1.470000000000001306e-01
1.754000000000000004e-01
4.242000000000000215e-01
2.107000000000001372e-01
2.367000000000001880e-01
1.217999999999998945e-01
7.749999999999994393e-02
1.840000000000001079e-01
9.999999999999979738e-02
4.650000000000008293e-02
1.661000000000000254e-01
9.630000000000009386e-02
9.469999999999997864e-02
8.359999999999986886e-02
9.040000000000007752e-02
7.969999999999988205e-02
1.227999999999999925e-01
1.198000000000001841e-01
3.077000000000000846e-01
1.012000000000000260e-01
1.961000000000000798e-01
1.550000000000000544e-01
6.830000000000011062e-02
7.260000000000001175e-02
1.946000000000001895e-01
1.313999999999999058e-01
1.151999999999999968e-01
1.281000000000000472e-01
1.139999999999999625e-01
6.560000000000014431e-02
9.509999999999989295e-02
1.119000000000000272e-01
7.499999999999995559e-02
8.820000000000005613e-02
4.159999999999984543e-02
1.752000000000000501e-01
