4.750000000000000056e-02
7.250000000000000888e-02
1.134000000000000008e-01
6.530000000000001081e-02
8.550000000000000655e-02
1.103999999999999981e-01
8.950000000000001010e-02
1.654999999999999805e-01
1.139999999999999902e-01
2.113000000000000156e-01
1.431999999999999940e-01
1.239999999999999714e-01
8.510000000000000897e-02
9.449999999999998679e-02
1.555999999999999883e-01
7.929999999999999549e-02
3.510000000000000620e-02
1.411999999999999922e-01
1.399999999999999856e-01
4.069999999999998619e-02
4.329999999999999821e-02
9.460000000000001741e-02
5.250000000000000500e-02
2.258000000000000007e-01
1.009000000000000175e-01
1.197000000000000147e-01
1.925000000000000044e-01
1.645999999999999963e-01
1.335000000000000075e-01
9.440000000000001168e-02
1.008000000000000007e-01
7.539999999999999480e-02
3.979999999999998123e-02
4.619999999999999107e-02
6.259999999999998899e-02
4.419999999999998930e-02
4.410000000000000031e-02
3.469999999999998780e-02
2.620000000000000800e-02
1.203000000000000042e-01
9.920000000000001039e-02
7.270000000000001461e-02
6.639999999999998681e-02
1.960999999999999965e-01
7.920000000000002038e-02
1.063999999999999946e-01
2.159999999999999420e-02
1.648000000000000020e-01
7.890000000000001179e-02
2.649999999999999578e-02
1.464000000000000024e-01
3.139999999999999736e-02
2.649999999999999925e-02
1.280000000000000582e-02
1.027999999999999886e-01
1.577000000000000068e-01
7.549999999999998379e-02
8.460000000000000853e-02
7.719999999999999085e-02
9.009999999999998566e-02
5.329999999999999322e-02
7.630000000000000671e-02
4.199999999999998179e-02
9.240000000000000990e-02
6.580000000000001126e-02
4.950000000000000233e-02
1.171999999999999986e-01
9.740000000000000047e-02
1.093999999999999972e-01
6.729999999999999871e-02
6.439999999999998503e-02
3.889999999999999708e-02
1.169999999999999929e-01
1.088999999999999968e-01
7.150000000000000799e-02
9.870000000000000995e-02
1.871999999999999775e-01
7.159999999999999698e-02
5.179999999999999882e-02
7.479999999999999150e-02
7.229999999999998928e-02
1.045000000000000095e-01
6.080000000000000682e-02
6.039999999999999536e-02
7.750000000000001332e-02
4.450000000000000483e-02
3.769999999999999740e-02
4.030000000000001636e-02
6.039999999999999536e-02
9.229999999999999316e-02
5.539999999999999786e-02
1.280999999999999917e-01
8.079999999999998295e-02
1.317000000000000115e-01
6.790000000000000202e-02
3.720000000000001084e-02
4.190000000000000668e-02
6.099999999999999867e-02
7.089999999999999081e-02
1.029999999999999943e-01
5.470000000000001250e-02
1.507999999999999896e-01
1.671999999999999598e-01
1.292999999999999983e-01
1.083000000000000074e-01
7.459999999999999964e-02
7.630000000000000671e-02
9.890000000000001568e-02
1.174000000000000044e-01
1.243999999999999967e-01
1.135999999999999927e-01
1.087000000000000050e-01
5.210000000000000048e-02
6.100000000000001255e-02
7.350000000000000977e-02
3.070000000000000506e-02
1.198000000000000176e-01
1.004000000000000031e-01
5.650000000000000161e-02
9.109999999999998654e-02
1.583999999999999853e-01
3.599999999999999034e-02
4.700000000000000011e-02
4.170000000000000095e-02
8.080000000000001070e-02
1.050999999999999990e-01
9.400000000000000022e-02
7.069999999999999896e-02
4.189999999999999281e-02
6.219999999999999141e-02
4.389999999999999458e-02
7.430000000000000493e-02
4.019999999999999962e-02
4.950000000000000233e-02
3.049999999999999586e-02
5.270000000000000379e-02
7.819999999999999174e-02
2.040000000000000147e-02
3.299999999999999462e-02
5.219999999999999640e-02
7.850000000000000033e-02
4.879999999999999616e-02
5.839999999999999358e-02
9.580000000000001015e-02
5.569999999999999951e-02
3.510000000000000620e-02
3.669999999999998264e-02
5.470000000000001250e-02
1.141000000000000070e-01
7.370000000000001550e-02
7.500000000000001110e-02
5.490000000000000435e-02
5.699999999999998818e-02
3.510000000000001313e-02
3.099999999999998937e-02
2.389999999999999417e-02
3.259999999999999704e-02
1.283999999999999864e-01
6.190000000000001751e-02
8.070000000000000784e-02
8.640000000000000457e-02
3.690000000000000224e-02
7.910000000000000364e-02
5.799999999999999600e-02
2.079999999999999558e-02
1.144000000000000017e-01
1.092999999999999944e-01
7.040000000000000424e-02
8.190000000000000058e-02
8.859999999999999820e-02
7.719999999999999085e-02
5.920000000000001650e-02
3.189999999999999780e-02
8.400000000000000522e-02
6.750000000000000444e-02
1.201999999999999874e-01
7.549999999999999767e-02
1.088999999999999968e-01
1.650999999999999968e-01
6.969999999999999807e-02
1.136000000000000343e-01
1.323000000000000287e-01
1.031999999999999862e-01
5.980000000000000593e-02
7.240000000000000602e-02
7.480000000000000537e-02
2.580000000000000696e-02
3.939999999999999059e-02
4.059999999999999720e-02
8.319999999999999618e-02
7.150000000000000799e-02
1.174999999999999795e-01
1.302999999999999992e-01
3.430000000000001104e-02
1.228999999999999954e-01
7.360000000000001263e-02
6.590000000000000024e-02
4.380000000000000560e-02
8.600000000000000699e-02
9.829999999999999849e-02
6.339999999999999802e-02
1.070000000000000118e-01
1.021000000000000102e-01
3.980000000000000204e-02
2.420000000000000276e-02
4.070000000000000701e-02
4.390000000000000152e-02
1.063000000000000056e-01
5.949999999999998346e-02
1.131999999999999951e-01
5.810000000000000581e-02
1.066000000000000003e-01
9.209999999999998743e-02
4.270000000000000184e-02
1.305999999999999939e-01
1.246999999999999914e-01
1.050999999999999990e-01
1.967000000000000137e-01
1.542999999999999927e-01
9.690000000000000002e-02
6.750000000000000444e-02
8.989999999999999380e-02
1.502000000000000002e-01
1.859999999999999987e-01
1.396000000000000019e-01
1.420000000000000151e-01
5.210000000000000048e-02
9.639999999999999958e-02
3.959999999999998938e-02
5.819999999999999479e-02
6.510000000000000508e-02
1.243000000000000077e-01
7.259999999999999787e-02
7.239999999999999214e-02
1.238000000000000073e-01
4.350000000000000394e-02
4.289999999999999369e-02
1.093000000000000083e-01
9.429999999999999494e-02
1.212000000000000022e-01
6.880000000000000004e-02
1.743999999999999717e-01
4.349999999999999006e-02
7.719999999999999085e-02
4.569999999999999757e-02
8.830000000000000349e-02
5.500000000000000028e-02
1.114999999999999741e-01
1.618999999999999884e-01
1.142999999999999988e-01
1.320000000000000062e-01
8.770000000000000018e-02
4.739999999999999769e-02
4.640000000000000374e-02
3.449999999999999595e-02
6.770000000000001017e-02
1.244999999999999996e-01
4.060000000000001108e-02
1.335000000000000075e-01
6.229999999999999427e-02
5.400000000000000633e-02
1.899999999999999606e-02
5.509999999999998926e-02
1.560999999999999888e-01
5.950000000000001121e-02
6.959999999999999520e-02
1.116999999999999937e-01
5.560000000000000359e-02
5.099999999999998979e-02
7.630000000000000671e-02
1.116999999999999937e-01
1.074000000000000093e-01
6.760000000000000731e-02
6.629999999999999782e-02
7.699999999999998512e-02
3.490000000000000741e-02
3.099999999999999284e-02
5.039999999999999342e-02
2.890000000000001595e-02
1.338000000000000023e-01
1.076999999999999902e-01
7.900000000000000078e-02
1.204999999999999960e-01
7.330000000000000404e-02
3.240000000000000518e-02
4.260000000000001286e-02
3.850000000000000644e-02
6.740000000000000158e-02
1.008000000000000007e-01
6.469999999999999363e-02
6.199999999999999956e-02
6.990000000000000380e-02
6.790000000000001590e-02
7.670000000000000429e-02
6.139999999999998237e-02
7.479999999999999150e-02
6.760000000000000731e-02
6.959999999999999520e-02
8.590000000000000413e-02
1.267999999999999960e-01
1.183000000000000163e-01
5.650000000000000855e-02
6.070000000000001089e-02
2.949999999999999151e-02
4.540000000000000285e-02
1.199999999999999956e-01
8.169999999999999485e-02
5.700000000000000205e-02
9.929999999999999938e-02
4.379999999999999866e-02
2.760000000000000647e-02
7.610000000000000098e-02
1.003999999999999893e-01
6.369999999999999274e-02
7.769999999999999130e-02
7.449999999999999678e-02
1.064999999999999974e-01
3.739999999999999575e-02
4.149999999999999523e-02
5.389999999999999653e-02
4.050000000000000822e-02
1.000000000000000056e-01
7.309999999999999831e-02
7.230000000000000315e-02
8.440000000000000280e-02
1.759999999999999898e-01
5.950000000000001121e-02
3.830000000000000071e-02
5.969999999999999613e-02
6.199999999999999262e-02
1.537000000000000033e-01
7.869999999999999218e-02
3.710000000000000103e-02
1.668999999999999928e-01
5.850000000000001726e-02
7.209999999999999742e-02
7.150000000000000799e-02
1.889000000000000123e-01
5.960000000000000020e-02
1.365999999999999992e-01
4.800000000000001488e-02
6.900000000000000577e-02
4.220000000000000140e-02
6.060000000000000109e-02
5.189999999999999475e-02
1.287000000000000088e-01
8.349999999999999090e-02
7.030000000000000138e-02
7.219999999999998641e-02
8.880000000000000393e-02
8.180000000000001159e-02
4.120000000000000051e-02
5.410000000000000225e-02
1.329999999999998891e-02
1.014999999999999930e-01
1.398000000000000076e-01
7.780000000000000804e-02
8.619999999999999885e-02
8.790000000000000591e-02
9.109999999999998654e-02
8.710000000000001075e-02
7.770000000000000517e-02
3.950000000000000039e-02
1.054000000000000076e-01
3.150000000000000022e-02
1.221000000000000141e-01
7.839999999999998359e-02
1.397000000000000186e-01
4.140000000000000624e-02
7.510000000000000009e-02
8.550000000000000655e-02
9.500000000000000111e-02
2.254999999999999782e-01
1.408999999999999975e-01
4.299999999999999656e-02
5.929999999999999855e-02
4.690000000000000419e-02
1.056000000000000133e-01
4.669999999999999846e-02
4.870000000000000023e-02
1.302000000000000102e-01
1.113000000000000100e-01
7.249999999999998113e-02
7.119999999999999940e-02
1.464000000000000024e-01
1.097000000000000197e-01
1.058999999999999941e-01
5.259999999999999398e-02
1.279000000000000137e-01
4.130000000000000338e-02
4.510000000000000120e-02
7.239999999999999214e-02
8.000000000000001554e-02
1.427999999999999825e-01
7.419999999999998819e-02
1.084999999999999992e-01
4.770000000000000628e-02
3.320000000000000034e-02
3.960000000000000325e-02
5.979999999999999899e-02
7.239999999999999214e-02
9.450000000000000067e-02
9.199999999999999845e-02
4.739999999999999769e-02
8.360000000000000764e-02
4.329999999999999821e-02
3.119999999999999857e-02
9.679999999999999716e-02
6.079999999999999988e-02
1.036999999999999866e-01
9.630000000000001059e-02
1.373000000000000054e-01
4.369999999999998885e-02
5.159999999999998616e-02
6.270000000000000573e-02
1.402999999999999803e-01
9.279999999999999361e-02
7.449999999999999678e-02
1.647000000000000131e-01
4.489999999999999547e-02
6.679999999999998439e-02
9.929999999999999938e-02
8.369999999999999662e-02
7.930000000000000937e-02
9.970000000000001084e-02
9.560000000000000442e-02
8.739999999999999158e-02
6.800000000000000488e-02
1.024000000000000049e-01
8.990000000000000768e-02
1.080000000000000127e-01
6.850000000000000533e-02
1.632000000000000117e-01
7.969999999999999307e-02
5.610000000000001097e-02
4.539999999999999591e-02
2.350000000000000352e-02
1.718000000000000083e-01
1.066000000000000142e-01
5.029999999999999055e-02
1.237999999999999795e-01
7.810000000000000275e-02
7.069999999999999896e-02
5.610000000000000403e-02
1.014000000000000040e-01
1.175999999999999962e-01
8.750000000000000833e-02
6.160000000000000892e-02
6.649999999999998967e-02
4.099999999999999478e-02
6.489999999999999936e-02
1.137000000000000094e-01
1.711000000000000298e-01
1.009000000000000175e-01
1.290999999999999925e-01
6.900000000000000577e-02
5.860000000000000625e-02
2.739999999999999380e-02
6.050000000000000516e-02
1.376999999999999891e-01
5.879999999999999810e-02
4.329999999999997740e-02
1.398999999999999966e-01
7.639999999999999569e-02
5.250000000000000500e-02
3.969999999999999918e-02
8.719999999999999973e-02
1.096999999999999920e-01
6.279999999999999472e-02
1.135999999999999927e-01
6.239999999999999714e-02
5.529999999999998805e-02
8.179999999999998384e-02
3.980000000000000204e-02
5.190000000000000169e-02
8.619999999999999885e-02
1.164000000000000035e-01
9.940000000000001612e-02
1.026999999999999996e-01
8.929999999999999050e-02
4.269999999999998797e-02
1.207999999999999907e-01
8.899999999999999578e-02
8.069999999999999396e-02
6.999999999999999278e-02
2.779999999999999832e-02
1.552000000000000046e-01
8.759999999999999731e-02
6.989999999999998992e-02
1.499999999999999944e-01
1.885999999999999899e-01
7.409999999999998532e-02
6.130000000000000726e-02
3.159999999999999615e-02
5.899999999999999689e-02
1.227000000000000035e-01
1.336999999999999855e-01
3.279999999999999583e-02
1.186000000000000110e-01
4.539999999999998898e-02
4.440000000000001584e-02
7.619999999999998996e-02
5.810000000000000581e-02
3.009999999999999135e-02
9.370000000000000551e-02
1.090000000000000135e-01
1.469000000000000306e-01
7.780000000000000804e-02
9.699999999999998901e-02
9.329999999999999405e-02
9.189999999999998170e-02
6.269999999999999185e-02
4.579999999999999349e-02
1.247999999999999943e-01
9.029999999999999138e-02
6.579999999999999738e-02
8.599999999999999312e-02
4.020000000000001350e-02
3.469999999999999474e-02
5.580000000000001625e-02
3.089999999999999344e-02
1.134000000000000008e-01
6.090000000000000274e-02
1.000999999999999945e-01
7.489999999999999436e-02
6.330000000000000904e-02
6.860000000000000819e-02
3.750000000000000555e-02
4.949999999999999539e-02
3.530000000000000498e-02
1.081999999999999906e-01
7.770000000000000517e-02
6.159999999999999504e-02
1.290000000000000036e-01
8.100000000000001643e-02
4.040000000000000535e-02
4.969999999999998030e-02
5.590000000000000524e-02
6.010000000000001452e-02
4.389999999999998070e-02
1.128999999999999865e-01
5.460000000000000964e-02
9.210000000000000131e-02
8.940000000000000724e-02
3.660000000000000753e-02
2.660000000000000558e-02
6.940000000000001723e-02
5.159999999999999309e-02
1.030999999999999972e-01
4.819999999999999979e-02
1.126000000000000056e-01
3.500000000000001721e-02
2.449999999999998707e-02
5.779999999999999027e-02
2.079999999999999558e-02
2.970000000000000417e-02
1.021000000000000102e-01
6.279999999999999472e-02
4.929999999999999660e-02
9.340000000000001079e-02
6.049999999999999822e-02
8.799999999999999489e-02
2.839999999999999469e-02
8.719999999999999973e-02
7.630000000000000671e-02
7.759999999999998843e-02
1.547999999999999932e-01
9.550000000000000155e-02
3.819999999999998397e-02
4.779999999999998139e-02
7.259999999999998399e-02
6.500000000000001610e-02
6.759999999999999343e-02
8.039999999999999925e-02
6.879999999999995841e-02
5.179999999999997801e-02
1.051000000000000129e-01
4.229999999999999039e-02
4.650000000000000661e-02
7.179999999999998883e-02
6.750000000000000444e-02
1.155000000000000054e-01
8.939999999999997948e-02
4.480000000000002036e-02
9.510000000000001785e-02
8.450000000000001954e-02
7.249999999999999500e-02
3.209999999999999659e-02
6.539999999999999980e-02
1.432999999999999829e-01
6.679999999999999827e-02
2.239999999999999630e-02
1.093999999999999834e-01
6.290000000000001146e-02
4.180000000000002464e-02
7.010000000000002340e-02
6.759999999999997955e-02
1.234000000000000097e-01
7.290000000000002034e-02
4.530000000000000693e-02
8.050000000000000211e-02
6.069999999999999007e-02
3.459999999999999881e-02
4.259999999999999204e-02
1.071000000000000146e-01
9.379999999999999449e-02
1.539000000000000090e-01
4.329999999999999821e-02
7.010000000000000953e-02
5.190000000000002250e-02
5.719999999999998697e-02
1.333000000000000296e-01
7.700000000000001288e-02
2.980000000000001745e-02
1.170999999999999958e-01
8.820000000000002838e-02
7.709999999999997411e-02
1.208000000000000185e-01
8.759999999999998344e-02
1.188000000000000167e-01
1.910000000000001974e-02
7.899999999999998690e-02
6.779999999999999916e-02
3.650000000000004630e-02
5.059999999999997833e-02
4.619999999999999107e-02
7.189999999999997782e-02
9.020000000000000240e-02
9.319999999999999118e-02
5.480000000000002924e-02
5.870000000000005769e-02
9.859999999999993769e-02
4.090000000000000580e-02
1.023999999999999910e-01
4.129999999999998950e-02
5.530000000000000193e-02
8.080000000000001070e-02
9.599999999999998812e-02
8.409999999999998033e-02
5.629999999999996813e-02
1.009999999999999787e-01
4.340000000000006353e-02
4.239999999999997243e-02
3.570000000000000950e-02
4.260000000000001286e-02
5.429999999999999410e-02
7.950000000000000122e-02
7.580000000000000626e-02
3.160000000000004472e-02
4.969999999999996643e-02
8.550000000000002043e-02
8.559999999999996778e-02
2.590000000000000635e-02
5.349999999999999895e-02
9.579999999999998239e-02
8.030000000000001026e-02
5.269999999999998297e-02
8.679999999999997440e-02
8.770000000000000018e-02
6.420000000000000706e-02
8.549999999999999267e-02
8.089999999999999969e-02
6.040000000000002311e-02
3.299999999999996686e-02
3.490000000000002822e-02
8.279999999999998472e-02
6.089999999999998886e-02
1.037999999999999756e-01
5.120000000000000939e-02
5.550000000000000766e-02
5.160000000000002085e-02
4.349999999999999700e-02
1.115999999999999770e-01
2.840000000000000857e-02
6.199999999999999262e-02
8.449999999999997791e-02
4.279999999999997001e-02
3.080000000000000793e-02
3.590000000000000135e-02
1.252999999999999670e-01
4.159999999999999809e-02
5.649999999999998773e-02
5.539999999999999092e-02
3.359999999999999098e-02
4.079999999999998905e-02
3.120000000000005408e-02
1.028000000000000025e-01
3.409999999999999837e-02
6.650000000000001743e-02
1.072999999999999926e-01
5.189999999999998781e-02
3.289999999999995706e-02
3.710000000000002185e-02
1.048000000000000459e-01
1.439999999999995971e-02
4.590000000000002411e-02
5.800000000000001682e-02
8.359999999999999376e-02
5.609999999999997627e-02
1.175999999999999684e-01
1.250999999999999890e-01
4.059999999999996945e-02
1.078000000000000624e-01
8.590000000000000413e-02
6.429999999999996829e-02
3.449999999999997513e-02
9.400000000000000022e-02
9.009999999999998566e-02
6.739999999999994607e-02
3.949999999999993794e-02
6.339999999999998415e-02
8.230000000000005367e-02
6.590000000000001412e-02
5.509999999999998233e-02
1.684999999999999831e-01
8.470000000000006690e-02
8.599999999999993761e-02
4.930000000000005211e-02
5.110000000000001347e-02
6.260000000000007225e-02
9.149999999999997025e-02
9.080000000000000571e-02
6.020000000000005902e-02
1.414000000000000257e-01
7.249999999999995337e-02
4.840000000000004021e-02
1.073999999999999955e-01
1.278999999999999859e-01
1.049000000000000210e-01
1.583000000000000240e-01
1.006999999999999146e-01
7.839999999999994196e-02
2.734000000000000319e-01
1.279999999999999749e-01
1.617999999999999994e-01
1.497999999999999610e-01
1.020999999999999963e-01
2.357000000000000206e-01
6.689999999999998725e-02
1.164999999999999647e-01
6.729999999999992932e-02
1.614999999999999769e-01
1.582999999999999685e-01
6.900000000000003353e-02
6.460000000000001852e-02
7.369999999999998774e-02
4.879999999999995453e-02
1.400999999999999468e-01
5.920000000000004425e-02
4.619999999999997026e-02
3.840000000000003827e-02
1.229999999999999705e-01
4.430000000000002686e-02
4.320000000000005780e-02
1.188999999999999779e-01
8.160000000000003362e-02
5.530000000000004357e-02
2.949999999999990824e-02
1.165000000000000202e-01
6.149999999999988809e-02
9.289999999999999647e-02
4.020000000000002738e-02
6.350000000000002864e-02
7.389999999999996572e-02
5.310000000000000830e-02
4.620000000000002577e-02
9.930000000000001326e-02
5.440000000000000391e-02
1.819999999999988988e-02
3.280000000000006521e-02
3.450000000000012085e-02
9.320000000000006057e-02
9.800000000000000377e-02
7.069999999999995732e-02
3.630000000000004751e-02
4.439999999999999503e-02
6.349999999999994538e-02
6.680000000000002602e-02
4.370000000000010681e-02
4.709999999999989889e-02
4.719999999999990870e-02
7.280000000000008686e-02
6.759999999999999343e-02
1.109999999999999598e-01
7.220000000000001417e-02
1.101000000000000451e-01
5.370000000000000467e-02
8.169999999999996709e-02
7.130000000000001614e-02
1.297000000000000097e-01
8.669999999999995766e-02
4.119999999999995194e-02
8.429999999999998606e-02
3.700000000000007450e-02
1.257000000000000894e-01
8.530000000000007021e-02
9.079999999999999183e-02
9.670000000000007756e-02
6.629999999999992844e-02
1.265999999999999348e-01
6.239999999999992081e-02
5.580000000000009952e-02
3.100000000000001366e-02
1.361000000000000265e-01
5.870000000000010626e-02
6.909999999999999476e-02
8.059999999999994946e-02
6.430000000000006544e-02
2.679999999999996274e-02
4.909999999999998394e-02
8.809999999999992837e-02
9.310000000000000220e-02
6.960000000000000908e-02
9.919999999999992712e-02
9.450000000000009781e-02
6.119999999999994889e-02
3.520000000000002294e-02
7.530000000000003357e-02
1.259999999999999731e-01
9.919999999999998264e-02
7.580000000000000626e-02
3.390000000000004121e-02
9.169999999999994822e-02
8.600000000000000699e-02
9.300000000000004097e-02
8.419999999999995544e-02
5.119999999999992613e-02
5.760000000000010945e-02
5.900000000000001077e-02
9.300000000000011036e-02
4.449999999999997014e-02
6.409999999999994869e-02
8.039999999999997149e-02
1.809000000000000885e-01
1.638000000000000289e-01
1.152999999999999442e-01
1.050000000000000100e-01
4.539999999999999591e-02
3.830000000000005622e-02
2.000000000000000666e-01
8.119999999999996665e-02
1.080999999999998906e-01
4.930000000000003130e-02
1.298000000000000265e-01
4.460000000000003545e-02
1.111000000000000876e-01
4.219999999999986956e-02
5.910000000000013853e-02
1.485000000000000486e-01
1.027999999999999470e-01
1.155999999999999112e-01
7.850000000000012523e-02
5.100000000000005917e-02
8.670000000000002705e-02
1.072000000000000453e-01
5.500000000000007661e-02
3.329999999999993382e-02
1.154999999999999638e-01
9.820000000000003726e-02
4.089999999999997804e-02
8.579999999999991800e-02
1.060999999999999999e-01
1.836000000000000409e-01
6.689999999999998725e-02
3.859999999999996073e-02
9.829999999999999849e-02
8.430000000000009708e-02
4.820000000000002061e-02
9.930000000000005489e-02
1.524999999999999967e-01
8.599999999999999312e-02
2.630000000000000393e-02
8.259999999999997899e-02
4.699999999999998623e-02
2.920000000000000373e-02
4.199999999999997485e-02
9.459999999999993414e-02
7.640000000000000957e-02
2.390000000000004621e-02
7.760000000000007170e-02
6.589999999999998637e-02
8.569999999999994289e-02
6.170000000000007423e-02
1.501999999999998892e-01
9.930000000000002713e-02
5.839999999999995195e-02
1.004999999999999921e-01
4.509999999999994569e-02
5.860000000000006870e-02
4.250000000000000999e-02
5.160000000000004861e-02
1.337000000000000410e-01
2.950000000000002620e-02
3.640000000000002955e-02
1.118000000000000521e-01
7.500000000000010825e-02
5.229999999999997151e-02
2.530000000000003080e-02
5.919999999999998874e-02
1.831999999999999740e-01
6.530000000000001081e-02
1.264000000000000679e-01
1.044999999999999818e-01
4.150000000000000910e-02
1.007000000000000950e-01
1.345000000000001195e-01
4.890000000000004066e-02
3.479999999999996291e-02
3.219999999999992313e-02
4.449999999999997014e-02
1.056999999999999607e-01
4.850000000000007083e-02
1.045999999999999847e-01
9.780000000000003968e-02
1.281000000000000472e-01
3.600000000000000422e-02
3.809999999999998110e-02
6.390000000000008173e-02
1.220000000000000251e-01
9.840000000000002911e-02
1.209999999999999548e-01
2.140000000000004399e-02
4.350000000000001088e-02
5.369999999999991447e-02
4.150000000000003686e-02
2.780000000000003302e-02
1.177000000000000546e-01
2.889999999999995350e-02
4.159999999999999809e-02
8.499999999999996447e-02
4.410000000000009746e-02
4.499999999999991507e-02
6.369999999999999274e-02
1.854000000000000092e-01
8.170000000000002260e-02
4.239999999999995162e-02
1.140000000000000874e-01
9.460000000000001741e-02
8.669999999999986051e-02
3.010000000000003645e-02
4.709999999999986420e-02
8.670000000000001317e-02
4.729999999999998095e-02
1.012999999999998624e-01
7.280000000000007299e-02
4.840000000000004021e-02
