1.272000000000000075e-01
3.261000000000000565e-01
1.413000000000000089e-01
2.219999999999999751e-01
2.665000000000000147e-01
1.502999999999999892e-01
1.219000000000000083e-01
1.866000000000000159e-01
1.404000000000000248e-01
9.149999999999999800e-02
1.810999999999999832e-01
1.433000000000000107e-01
1.673999999999999932e-01
2.219000000000000139e-01
2.845000000000000306e-01
1.273999999999999577e-01
7.579999999999997851e-02
2.210000000000000020e-01
2.187000000000000055e-01
3.112000000000000322e-01
2.121000000000000107e-01
1.372999999999999776e-01
2.968000000000000083e-01
2.903999999999999915e-01
1.353999999999999926e-01
5.969999999999998919e-02
1.501999999999999724e-01
1.248999999999999971e-01
2.016999999999999904e-01
6.599999999999997535e-02
2.156999999999999751e-01
3.033000000000000140e-01
2.569000000000000172e-01
3.280000000000000693e-01
2.560000000000000053e-01
1.040999999999999842e-01
1.453000000000000402e-01
2.415999999999999814e-01
1.779000000000000026e-01
1.280999999999999917e-01
4.659999999999999559e-02
1.335999999999999965e-01
1.267000000000000071e-01
6.470000000000000751e-02
7.929999999999998161e-02
1.719999999999999862e-01
3.079999999999999960e-01
1.334000000000000186e-01
1.132000000000000089e-01
2.535000000000000031e-01
2.237999999999999989e-01
1.967999999999999750e-01
7.160000000000005249e-02
8.030000000000002414e-02
1.411999999999999922e-01
1.839999999999999969e-01
1.499000000000000055e-01
1.151999999999999968e-01
6.080000000000000682e-02
1.244999999999999996e-01
1.056000000000000133e-01
1.462999999999999856e-01
7.699999999999998512e-02
8.719999999999999973e-02
7.810000000000000275e-02
2.211999999999999800e-01
3.518999999999999906e-01
2.140999999999999848e-01
3.533000000000000029e-01
2.343999999999999972e-01
1.292999999999999705e-01
1.842000000000000304e-01
2.499000000000000110e-01
3.377000000000000002e-01
1.412999999999999812e-01
1.855999999999999872e-01
4.482999999999999208e-01
1.045999999999999985e-01
9.810000000000002052e-02
1.532000000000000306e-01
3.156999999999999806e-01
8.860000000000001208e-02
2.140000000000000235e-01
2.101999999999999980e-01
9.369999999999997775e-02
9.860000000000002096e-02
1.554999999999999716e-01
3.229999999999999538e-01
9.520000000000002072e-02
2.741999999999999993e-01
2.941000000000000281e-01
5.670000000000000734e-02
1.166999999999999843e-01
1.834000000000000075e-01
2.594000000000000195e-01
9.759999999999999232e-02
3.032000000000000250e-01
1.387999999999999790e-01
8.469999999999998364e-02
8.999999999999998279e-02
1.134000000000000147e-01
2.386000000000000065e-01
7.739999999999999658e-02
3.706999999999999740e-01
9.949999999999999123e-02
8.380000000000002724e-02
9.120000000000000329e-02
1.239999999999999991e-01
1.504000000000000059e-01
7.910000000000003140e-02
2.135000000000000231e-01
5.959999999999999326e-02
4.199999999999998179e-02
6.010000000000001452e-02
6.010000000000002146e-02
7.369999999999998774e-02
4.669999999999997764e-02
4.410000000000002113e-02
6.059999999999999415e-02
7.069999999999999896e-02
3.639999999999998792e-02
4.749999999999999362e-02
9.129999999999999227e-02
2.090999999999999803e-01
2.390999999999999792e-01
1.589000000000000412e-01
3.487999999999999989e-01
1.575000000000000011e-01
1.645999999999999963e-01
2.448999999999999511e-01
2.483000000000000207e-01
2.862999999999999434e-01
1.352000000000000146e-01
2.144999999999999685e-01
4.218000000000000083e-01
1.053999999999999798e-01
8.619999999999999885e-02
1.324000000000000177e-01
2.404000000000000026e-01
2.608000000000000318e-01
5.939999999999996672e-02
3.087999999999999634e-01
1.065000000000000391e-01
8.980000000000001870e-02
1.009000000000000175e-01
1.955999999999999683e-01
1.756000000000000338e-01
1.839000000000000079e-01
2.532999999999999696e-01
5.050000000000001710e-02
8.969999999999998808e-02
1.730000000000000149e-01
1.806999999999999718e-01
2.174999999999999989e-01
2.627999999999999226e-01
2.070000000000000451e-01
7.129999999999997451e-02
8.299999999999999045e-02
2.607999999999999763e-01
1.489000000000000046e-01
5.959999999999997938e-02
3.082999999999999630e-01
1.103000000000000369e-01
1.285999999999999921e-01
1.226999999999999758e-01
3.175999999999999934e-01
1.071999999999999897e-01
1.053999999999999659e-01
3.433999999999999830e-01
9.400000000000000022e-02
7.899999999999998690e-02
1.062999999999999917e-01
3.518000000000000016e-01
7.159999999999996922e-02
1.813999999999999502e-01
1.914000000000000146e-01
4.099999999999999478e-02
1.045000000000000095e-01
1.807999999999999607e-01
2.012000000000000455e-01
1.506000000000000116e-01
2.747000000000000552e-01
8.800000000000000877e-02
8.249999999999999001e-02
1.247999999999999943e-01
5.610000000000001097e-02
1.945000000000000062e-01
1.519999999999999962e-01
8.319999999999999618e-02
2.843999999999999861e-01
1.801000000000000378e-01
6.579999999999999738e-02
9.640000000000001346e-02
2.935999999999999721e-01
2.197999999999999954e-01
5.729999999999998983e-02
2.677999999999999825e-01
2.149999999999999689e-01
2.753999999999999782e-01
3.195000000000000062e-01
4.566999999999999948e-01
2.425000000000000488e-01
5.007000000000001450e-01
1.701000000000000290e-01
2.968000000000000083e-01
5.425999999999999712e-01
1.362000000000000155e-01
4.629999999999999671e-01
5.239000000000000323e-01
5.483999999999999986e-01
1.305999999999998828e-01
3.662000000000000810e-01
3.235999999999999988e-01
1.610000000000000042e-01
1.351999999999999869e-01
1.873000000000000220e-01
3.382999999999999896e-01
1.871000000000000441e-01
1.879000000000000115e-01
3.097999999999999643e-01
7.519999999999998908e-02
1.136999999999999955e-01
1.067999999999999783e-01
1.452999999999999570e-01
1.797999999999999876e-01
1.916999999999999815e-01
1.743000000000000105e-01
3.034000000000000030e-01
1.349000000000000199e-01
5.010000000000000564e-02
1.092999999999999527e-01
1.360000000000000098e-01
2.069000000000000283e-01
2.129000000000000059e-01
7.650000000000001243e-02
1.217999999999999777e-01
3.286000000000000032e-01
1.683999999999999941e-01
1.052999999999999908e-01
8.050000000000000211e-02
1.213000000000000050e-01
2.104000000000000037e-01
4.107000000000000650e-01
1.033000000000000307e-01
1.544999999999999707e-01
4.364999999999999991e-01
6.920000000000001150e-02
1.264000000000000123e-01
2.127000000000000279e-01
2.731000000000000094e-01
9.809999999999999276e-02
1.164999999999999925e-01
3.055999999999999828e-01
5.329999999999997934e-02
7.519999999999998908e-02
6.930000000000001437e-02
7.009999999999996789e-02
1.323000000000000009e-01
2.713000000000000411e-01
1.017000000000000681e-01
1.142999999999999849e-01
3.810999999999999943e-01
6.790000000000001590e-02
9.809999999999999276e-02
1.434999999999999887e-01
1.477999999999999869e-01
2.949000000000000510e-01
1.167999999999999455e-01
2.910999999999999699e-01
2.905999999999999694e-01
7.340000000000002078e-02
8.399999999999997746e-02
1.437999999999999834e-01
2.903999999999999915e-01
1.756000000000000061e-01
9.050000000000002487e-02
1.515000000000000235e-01
2.672999999999999821e-01
1.016999999999999849e-01
7.589999999999999525e-02
1.099999999999999867e-01
1.003999999999999893e-01
3.208999999999999631e-01
6.199999999999999956e-02
1.573999999999999566e-01
2.564000000000000168e-01
3.849999999999996481e-02
5.369999999999999080e-02
6.800000000000001876e-02
2.081000000000000072e-01
1.683000000000000052e-01
1.857999999999999652e-01
2.525000000000000022e-01
2.483999999999999542e-01
6.839999999999997471e-02
7.600000000000003975e-02
1.088000000000000078e-01
2.373999999999999999e-01
2.582000000000000406e-01
8.569999999999998452e-02
1.404000000000000803e-01
3.774000000000000687e-01
9.099999999999994205e-02
8.059999999999996334e-02
1.293999999999999873e-01
1.242999999999999661e-01
3.496000000000000218e-01
2.116999999999999993e-01
1.004999999999999921e-01
3.462999999999999967e-01
2.933000000000000052e-01
1.238999999999999685e-01
9.920000000000001039e-02
1.640999999999999681e-01
2.062999999999999556e-01
3.701999999999999735e-01
6.190000000000003139e-02
2.017999999999999794e-01
3.973000000000000420e-01
7.459999999999994413e-02
8.760000000000002507e-02
2.046999999999999931e-01
3.206999999999999851e-01
1.040999999999999842e-01
1.998999999999999666e-01
2.206999999999999795e-01
5.989999999999996022e-02
1.249000000000000249e-01
2.845000000000000306e-01
1.705999999999999739e-01
1.487999999999999878e-01
2.667000000000000481e-01
1.369999999999999829e-01
1.001999999999999974e-01
2.271000000000000518e-01
2.320000000000000118e-01
9.009999999999993014e-02
3.264999999999999569e-01
8.100000000000001643e-02
1.060999999999999999e-01
1.850000000000000533e-01
2.056999999999999940e-01
1.100000000000000006e-01
4.269000000000000017e-01
1.170999999999999958e-01
7.209999999999994191e-02
1.451000000000000623e-01
2.341999999999999638e-01
1.808000000000000440e-01
1.106000000000000594e-01
3.491999999999999549e-01
7.439999999999999392e-02
9.320000000000004670e-02
1.634000000000000452e-01
2.778999999999999804e-01
6.700000000000007339e-02
1.765999999999999792e-01
2.484000000000000652e-01
6.990000000000001767e-02
1.073000000000000204e-01
2.832999999999999963e-01
2.515000000000000568e-01
1.661000000000000254e-01
2.395000000000000184e-01
1.548999999999999821e-01
4.989999999999999297e-02
1.287000000000000366e-01
2.839999999999999747e-01
2.530000000000000582e-01
1.947000000000000397e-01
2.292999999999999761e-01
1.611000000000000210e-01
7.609999999999995934e-02
9.859999999999999321e-02
1.990000000000000657e-01
8.899999999999996803e-02
2.706999999999999962e-01
1.247000000000000469e-01
8.190000000000001446e-02
1.595000000000000029e-01
1.645999999999999686e-01
1.517000000000000015e-01
1.677999999999999770e-01
2.415000000000000480e-01
7.440000000000002167e-02
1.077000000000000596e-01
2.731000000000000094e-01
3.124000000000000110e-01
5.779999999999999721e-02
2.010000000000000675e-01
2.747999999999999332e-01
8.090000000000005520e-02
7.849999999999998646e-02
2.381000000000000894e-01
1.941999999999999005e-01
1.012999999999999179e-01
1.908000000000000251e-01
2.487999999999999934e-01
6.320000000000000617e-02
6.899999999999993638e-02
3.276000000000000578e-01
1.406999999999999917e-01
9.230000000000007643e-02
2.838000000000000522e-01
1.467999999999999305e-01
4.250000000000000999e-02
1.330999999999999683e-01
3.525000000000000355e-01
1.230999999999999733e-01
2.316999999999999338e-01
2.432000000000000273e-01
9.249999999999999889e-02
9.729999999999999760e-02
1.020999999999999963e-01
3.412000000000000588e-01
9.140000000000002289e-02
2.332000000000001017e-01
2.266999999999999293e-01
7.449999999999995515e-02
7.189999999999999170e-02
1.574000000000000399e-01
2.525999999999999357e-01
1.910999999999999088e-01
1.670000000000000373e-01
6.390000000000001235e-02
1.841000000000000136e-01
2.545999999999999375e-01
5.759999999999990128e-02
2.948999999999999955e-01
1.732000000000001316e-01
8.000000000000001554e-02
1.154999999999999638e-01
2.064999999999999614e-01
2.550000000000000044e-01
1.363000000000000322e-01
3.373999999999999777e-01
1.966999999999999860e-01
5.050000000000006567e-02
1.842999999999999639e-01
2.461999999999999744e-01
1.855999999999999872e-01
2.250000000000000056e-01
1.880000000000000560e-01
8.029999999999998250e-02
1.052000000000000018e-01
3.995000000000000218e-01
1.434000000000000274e-01
1.340999999999999415e-01
3.357999999999999874e-01
9.459999999999992026e-02
5.140000000000002900e-02
1.486999999999999988e-01
3.599999999999999867e-01
2.119000000000000050e-01
2.096999999999999975e-01
2.853999999999999870e-01
2.054000000000000270e-01
8.019999999999999352e-02
1.519000000000000350e-01
2.489999999999999714e-01
7.879999999999999505e-02
2.889000000000001012e-01
9.120000000000000329e-02
1.106999999999999790e-01
1.654999999999999805e-01
3.235999999999999988e-01
5.449999999999997902e-02
1.892000000000000626e-01
2.529000000000000137e-01
6.200000000000004119e-02
7.480000000000000537e-02
2.774999999999999689e-01
1.850999999999999590e-01
2.072999999999999843e-01
1.650000000000001188e-01
9.339999999999991365e-02
9.460000000000008680e-02
1.691999999999998783e-01
8.070000000000004947e-02
1.133999999999999453e-01
2.042999999999998706e-01
8.089999999999999969e-02
1.488000000000000156e-01
2.208999999999999575e-01
7.349999999999999589e-02
3.336999999999999411e-01
1.779000000000000858e-01
6.090000000000001662e-02
1.002999999999999864e-01
1.567999999999999949e-01
3.337999999999999856e-01
9.390000000000006675e-02
3.234000000000000763e-01
2.122999999999999055e-01
1.063999999999999529e-01
1.236000000000000432e-01
1.264999999999998903e-01
2.951000000000000290e-01
9.939999999999998836e-02
2.265999999999999404e-01
2.381999999999999951e-01
7.880000000000000893e-02
1.305000000000000604e-01
1.363000000000001433e-01
2.767999999999999350e-01
7.870000000000008933e-02
9.969999999999995532e-02
3.768000000000001348e-01
1.626999999999999003e-01
1.313000000000001111e-01
1.333000000000001406e-01
2.151999999999999746e-01
9.720000000000003637e-02
1.166000000000000092e-01
1.869999999999999440e-01
5.989999999999994634e-02
7.970000000000003471e-02
1.819000000000000339e-01
2.310000000000000386e-01
1.732000000000000206e-01
2.561000000000000498e-01
1.826999999999999458e-01
1.205999999999999989e-01
1.497000000000000830e-01
3.136999999999999234e-01
1.936999999999999278e-01
7.800000000000009703e-02
3.980000000000000204e-01
1.452000000000000512e-01
1.045999999999999430e-01
2.190000000000000280e-01
2.701999999999999402e-01
9.059999999999999998e-02
1.940999999999999670e-01
2.423999999999999488e-01
7.579999999999989524e-02
9.499999999999995948e-02
2.915000000000000924e-01
2.036999999999999367e-01
2.209999999999999465e-01
2.639000000000000234e-01
1.295000000000000318e-01
1.003000000000000835e-01
3.545000000000000373e-01
1.098999999999999422e-01
1.534000000000000363e-01
2.487999999999999379e-01
7.469999999999993312e-02
1.559999999999999720e-01
2.500999999999998780e-01
1.573000000000000509e-01
1.396999999999999631e-01
3.281999999999999362e-01
1.279000000000000692e-01
6.760000000000003506e-02
1.762000000000000788e-01
2.081000000000000072e-01
1.078999999999999959e-01
2.680000000000000160e-01
1.357999999999999208e-01
6.909999999999999476e-02
1.459999999999999909e-01
3.467000000000000637e-01
5.010000000000007503e-02
2.630999999999999450e-01
1.857000000000000872e-01
1.897999999999999132e-01
4.840999999999999748e-01
1.313999999999999890e-01
1.272000000000000075e-01
2.890000000000000902e-01
1.486999999999999711e-01
1.298999999999999322e-01
1.789000000000000035e-01
3.362999999999999878e-01
9.849999999999996259e-02
3.269999999999999019e-01
1.895999999999999908e-01
5.319999999999992096e-02
2.083999999999999464e-01
1.571000000000000174e-01
8.429999999999998606e-02
2.883999999999999897e-01
6.160000000000001585e-02
1.156000000000000083e-01
2.601999999999999869e-01
2.212999999999999967e-01
1.265000000000000013e-01
2.177999999999999658e-01
1.476000000000000645e-01
4.649999999999997885e-02
1.403999999999998860e-01
3.123999999999999555e-01
1.640999999999999126e-01
1.351999999999999869e-01
2.636999999999999900e-01
1.851000000000000423e-01
6.690000000000001501e-02
1.653000000000000025e-01
2.254000000000001003e-01
9.239999999999989888e-02
3.577000000000000179e-01
1.038999999999999785e-01
8.100000000000004419e-02
2.348000000000000642e-01
1.774000000000000299e-01
5.899999999999994138e-02
2.400999999999999801e-01
2.102000000000000812e-01
6.959999999999999520e-02
1.602000000000000368e-01
2.993000000000000105e-01
4.870000000000000717e-02
2.669000000000000261e-01
1.653000000000000025e-01
3.430000000000007349e-02
2.459999999999998854e-01
1.526000000000000412e-01
1.120000000000000440e-01
3.251999999999999891e-01
1.145000000000000601e-01
8.529999999999997307e-02
1.188000000000000583e-01
2.886999999999999011e-01
9.800000000000007316e-02
1.190999999999999837e-01
2.774999999999998579e-01
6.360000000000003151e-02
8.909999999999995701e-02
4.412999999999999701e-01
8.308999999999999719e-01
4.209999999999998743e-01
1.011499999999999844e+00
2.626000000000000556e-01
7.070000000000000728e-01
4.405000000000000582e-01
5.827999999999999847e-01
4.571999999999999398e-01
5.987999999999999989e-01
2.979000000000000536e-01
3.060000000000000497e-01
2.108999999999999486e-01
3.695999999999999286e-01
6.169999999999999929e-01
1.013399999999999856e+00
2.468000000000000749e-01
5.919999999999999707e-01
4.112999999999998879e-01
6.111999999999999655e-01
6.297000000000000375e-01
4.386999999999999789e-01
1.515000000000000513e-01
3.311000000000001164e-01
1.909999999999999476e-01
2.610000000000000098e-01
3.410999999999999588e-01
3.504000000000000448e-01
1.640000000000000346e-01
2.293000000000001148e-01
3.158000000000000251e-01
3.681000000000000383e-01
2.077000000000000235e-01
8.180000000000009486e-02
1.145000000000000462e-01
1.971000000000000807e-01
2.837999999999999967e-01
3.676999999999999713e-01
2.784000000000000363e-01
7.240000000000003377e-02
1.730000000000000426e-01
2.859000000000000430e-01
5.968999999999999861e-01
1.366999999999999604e-01
2.179999999999999161e-01
3.558000000000001162e-01
1.126999999999998975e-01
1.614999999999999769e-01
1.347999999999999754e-01
3.144000000000000128e-01
6.130000000000000032e-02
3.088999999999999524e-01
1.182999999999999607e-01
1.477999999999999314e-01
1.638000000000000844e-01
3.288000000000000367e-01
2.537999999999999701e-01
2.494999999999999996e-01
3.288999999999999702e-01
1.547000000000000597e-01
5.670000000000008367e-02
1.442000000000001059e-01
3.617000000000000215e-01
2.192000000000000337e-01
2.430999999999999828e-01
2.354999999999999594e-01
1.426000000000000600e-01
8.130000000000003890e-02
5.949999999999994876e-02
1.269000000000000128e-01
9.500000000000009825e-02
5.049999999999985056e-02
1.501000000000000389e-01
1.861000000000000432e-01
3.079000000000000070e-01
2.157000000000001139e-01
6.159999999999998116e-02
1.099999999999999589e-01
9.760000000000004783e-02
1.134000000000000008e-01
8.959999999999998521e-02
8.069999999999998008e-02
1.195999999999999702e-01
1.224000000000000643e-01
1.027000000000000551e-01
1.279000000000000137e-01
9.890000000000004343e-02
2.468000000000001026e-01
2.083999999999999186e-01
6.999999999999996503e-02
1.663000000000000034e-01
1.906999999999999806e-01
3.742999999999999661e-01
1.130999999999998534e-01
3.104999999999998317e-01
3.169000000000000705e-01
1.649999999999999245e-01
4.980000000000003868e-02
1.993000000000000327e-01
2.064999999999999336e-01
6.999999999999999278e-02
3.166999999999998705e-01
8.770000000000002793e-02
1.796000000000000374e-01
1.843000000000000194e-01
1.290000000000000313e-01
2.745000000000000218e-01
8.910000000000004028e-02
4.860000000000002512e-02
1.760999999999999788e-01
2.423000000000000431e-01
8.819999999999994511e-02
2.469000000000000083e-01
1.331000000000000516e-01
1.522999999999999909e-01
2.681000000000000050e-01
1.628999999999998782e-01
1.487999999999999878e-01
1.620999999999999108e-01
4.620000000000000495e-02
1.813000000000000167e-01
1.242000000000000187e-01
1.162999999999999867e-01
1.261000000000000176e-01
3.790999999999999925e-01
9.679999999999996940e-02
1.165000000000000341e-01
2.372000000000000219e-01
2.316999999999999893e-01
6.430000000000006544e-02
3.051000000000000378e-01
1.962000000000000688e-01
4.150000000000000910e-02
9.760000000000007558e-02
1.640999999999999681e-01
2.810000000000001386e-01
5.190000000000003638e-02
2.466000000000000414e-01
1.552000000000000046e-01
7.500000000000002498e-02
1.973999999999999644e-01
1.721999999999999642e-01
1.125000000000000860e-01
2.946000000000000285e-01
1.264000000000000401e-01
6.560000000000004716e-02
1.679999999999999827e-01
2.757999999999999896e-01
6.079999999999992355e-02
2.341000000000000858e-01
1.070000000000000673e-01
8.019999999999989637e-02
9.270000000000000462e-02
2.878000000000000003e-01
7.680000000000002103e-02
1.394999999999999019e-01
3.018999999999999462e-01
9.299999999999999933e-02
8.239999999999998714e-02
1.653999999999999637e-01
3.026000000000000356e-01
5.269999999999992746e-02
1.850000000000000533e-01
2.465999999999999859e-01
4.880000000000006555e-02
1.735999999999999766e-01
2.160000000000000253e-01
6.040000000000010638e-02
2.719000000000000306e-01
3.979999999999996041e-02
7.440000000000007718e-02
1.489000000000000323e-01
2.355999999999999761e-01
8.560000000000009268e-02
2.194000000000000394e-01
1.534999999999999698e-01
6.139999999999999625e-02
1.888999999999999568e-01
1.549000000000000654e-01
1.216999999999999610e-01
1.918999999999999873e-01
6.500000000000000222e-02
1.252999999999999947e-01
3.077999999999998515e-01
9.149999999999997025e-02
1.628999999999999893e-01
3.657000000000000250e-01
4.400000000000009459e-02
1.201000000000000539e-01
2.423999999999998933e-01
2.530000000000001137e-01
1.730000000000000426e-01
2.593000000000001415e-01
1.396999999999998798e-01
1.109999999999999598e-01
1.903999999999999582e-01
2.061999999999999944e-01
1.579000000000000403e-01
3.250000000000000666e-01
1.938000000000000833e-01
1.348000000000000864e-01
1.551000000000000989e-01
2.535000000000001141e-01
1.599999999999999201e-01
1.475000000000000755e-01
2.217999999999999972e-01
7.699999999999995737e-02
1.424000000000000821e-01
3.411999999999999478e-01
9.359999999999996101e-02
2.712999999999998746e-01
2.155000000000000526e-01
3.549999999999992051e-02
1.562000000000000055e-01
2.136000000000001786e-01
2.146000000000000130e-01
2.386999999999999400e-01
1.327000000000000401e-01
9.050000000000002487e-02
1.201000000000000123e-01
2.331999999999998796e-01
8.380000000000009663e-02
1.876999999999999780e-01
2.332000000000002127e-01
5.130000000000004001e-02
1.356999999999999040e-01
6.455999999999999517e-01
8.553000000000001712e-01
5.109000000000001318e-01
5.459000000000000519e-01
9.777000000000000135e-01
3.551000000000000267e-01
3.900000000000000133e-01
1.862999999999999656e-01
5.569000000000000616e-01
2.401999999999999691e-01
1.306000000000000494e-01
1.123000000000000387e-01
9.489999999999995661e-02
1.627000000000000113e-01
2.820999999999999619e-01
3.351999999999999980e-01
2.365000000000000435e-01
1.617999999999998884e-01
2.748999999999999777e-01
2.056999999999999940e-01
1.919000000000000150e-01
2.812999999999999945e-01
1.831000000000000405e-01
2.655000000000000693e-01
3.398999999999999799e-01
2.647999999999999243e-01
4.010000000000000370e-02
1.098999999999999838e-01
1.678000000000000047e-01
4.369000000000001216e-01
1.319999999999999785e-01
1.239999999999999714e-01
2.939999999999999281e-01
8.369999999999998275e-02
6.310000000000001719e-02
5.580000000000004401e-02
2.501999999999999225e-01
1.097000000000000752e-01
1.162000000000000255e-01
2.797000000000001152e-01
5.139999999999997349e-02
8.759999999999998344e-02
9.710000000000000575e-02
3.281000000000000028e-01
6.779999999999991589e-02
1.219999999999999835e-01
2.663999999999999702e-01
1.305000000000000049e-01
1.348299999999999832e+00
1.662299999999999889e+00
5.543000000000000149e-01
6.008999999999999897e-01
5.804000000000000270e-01
1.427100000000000035e+00
5.715000000000001190e-01
1.143599999999999950e+00
6.202000000000000846e-01
4.113999999999999324e-01
1.620999999999999386e-01
3.281000000000000583e-01
3.405000000000000249e-01
3.905000000000000138e-01
3.973000000000000975e-01
8.830000000000005900e-02
1.751999999999999669e-01
4.252999999999999003e-01
4.416999999999999815e-01
8.689999999999992175e-02
2.938000000000000056e-01
2.045999999999999763e-01
8.829999999999987859e-02
4.799999999999994549e-02
8.279999999999995697e-02
1.039999999999999952e-01
1.018999999999999906e-01
1.420999999999999763e-01
1.055000000000000382e-01
2.982000000000000761e-01
7.279999999999997584e-02
7.430000000000003268e-02
1.520000000000000240e-01
1.860000000000000819e-01
3.068000000000000727e-01
8.429999999999998606e-02
2.602999999999999758e-01
3.248999999999999666e-01
1.161000000000000504e-01
1.536999999999999478e-01
1.484999999999999654e-01
2.761999999999999456e-01
3.873000000000000331e-01
