3.930000000000000160e-02
4.499999999999999833e-02
6.720000000000000973e-02
5.090000000000000080e-02
3.904000000000000248e-01
2.462099999999999955e+00
1.532400000000000206e+00
1.193999999999999950e+00
8.375000000000001332e-01
4.570000000000000728e-01
3.070999999999999286e-01
1.070000000000000118e-01
7.749999999999999944e-02
1.429000000000000825e-01
1.625999999999999668e-01
1.002999999999999170e-01
1.374000000000000221e-01
5.809999999999992948e-02
9.919999999999996876e-02
2.160999999999999865e-01
1.639999999999999514e-01
5.071000000000001062e-01
2.762899999999999689e+00
1.403299999999999770e+00
5.662999999999999146e-01
4.573000000000001508e-01
2.177999999999999381e-01
1.169000000000000455e-01
7.689999999999991287e-02
1.814000000000001445e-01
1.119999999999999885e-01
1.940000000000001446e-01
1.245000000000000134e-01
8.619999999999983231e-02
5.900000000000005240e-02
8.800000000000018918e-02
2.126999999999998059e-01
1.049000000000001598e-01
1.542000000000001148e-01
1.523000000000000465e-01
1.202000000000000707e-01
5.920000000000011364e-02
4.899999999999998801e-02
1.773000000000000687e-01
1.340000000000000080e-01
1.308999999999999886e-01
1.099999999999999589e-01
9.489999999999992886e-02
1.063999999999999946e-01
8.230000000000006755e-02
1.363000000000000878e-01
1.249000000000000249e-01
1.472000000000001085e-01
1.365999999999999437e-01
8.460000000000009179e-02
9.200000000000010947e-02
5.790000000000003477e-02
1.177000000000000546e-01
1.310000000000000053e-01
9.290000000000009361e-02
1.905000000000000027e-01
1.297999999999998044e-01
6.050000000000003986e-02
6.329999999999988414e-02
1.505000000000000504e-01
1.096999999999999365e-01
1.176999999999999158e-01
1.730999999999999484e-01
1.260000000000002229e-01
7.230000000000010030e-02
1.871999999999998943e-01
1.731999999999998818e-01
2.783000000000000473e-01
1.518999999999998685e-01
2.348000000000001752e-01
8.330000000000015170e-02
1.064000000000000362e-01
7.180000000000009985e-02
1.105000000000000288e-01
8.800000000000034184e-02
1.451000000000001733e-01
1.205000000000000654e-01
9.069999999999991958e-02
6.090000000000014846e-02
4.809999999999998999e-02
1.594000000000000972e-01
1.218999999999999667e-01
1.348999999999999644e-01
1.120999999999998664e-01
5.760000000000001230e-02
4.940000000000017988e-02
5.919999999999990548e-02
7.830000000000021665e-02
1.035999999999999560e-01
8.769999999999968099e-02
1.350999999999998313e-01
9.620000000000000773e-02
8.290000000000008473e-02
3.340000000000006852e-02
7.680000000000002103e-02
4.818999999999999950e-01
5.490999999999996994e-01
3.577000000000001845e-01
7.119999999999999662e-01
6.321000000000001062e-01
2.396000000000001739e-01
1.982999999999999763e-01
1.195999999999999563e-01
9.789999999999993152e-02
2.302000000000001267e-01
1.456999999999999962e-01
1.908999999999999586e-01
5.980000000000008226e-02
1.376999999999998503e-01
1.111000000000000043e-01
1.109999999999999598e-01
1.903999999999999582e-01
1.076000000000001955e-01
3.399999999999984979e-02
6.389999999999997071e-02
9.919999999999992712e-02
1.722000000000000197e-01
1.011999999999999983e-01
1.518999999999998407e-01
1.164000000000001561e-01
8.929999999999994886e-02
1.151000000000000217e-01
6.049999999999999822e-02
1.167999999999999594e-01
1.134999999999999898e-01
6.279999999999998084e-02
1.575000000000000289e-01
1.048000000000000320e-01
1.018999999999999628e-01
7.859999999999980891e-02
8.760000000000006670e-02
1.684000000000000774e-01
1.089999999999999025e-01
1.769000000000000850e-01
1.525999999999997636e-01
1.373000000000001442e-01
3.599999999999985156e-02
6.089999999999995417e-02
9.130000000000000615e-02
1.385999999999999455e-01
1.117999999999997746e-01
2.145999999999999575e-01
1.609999999999999210e-01
8.280000000000002636e-02
5.529999999999994642e-02
5.609999999999998321e-02
7.850000000000011136e-02
1.791999999999998594e-01
7.790000000000005254e-02
1.361000000000002486e-01
5.079999999999995630e-02
6.430000000000005156e-02
5.899999999999992750e-02
9.990000000000007208e-02
1.308000000000001939e-01
1.131999999999998563e-01
1.237999999999999934e-01
9.119999999999996165e-02
6.479999999999994098e-02
5.520000000000015172e-02
9.859999999999999321e-02
1.146000000000000352e-01
6.809999999999991060e-02
1.260999999999999621e-01
1.185000000000001052e-01
8.480000000000001426e-02
4.189999999999990954e-02
7.189999999999988067e-02
1.080000000000002347e-01
1.376999999999997670e-01
1.192999999999997951e-01
1.055000000000000937e-01
7.660000000000000142e-02
1.040999999999999565e-01
1.430000000000004878e-02
1.337000000000000410e-01
9.309999999999991893e-02
8.660000000000010745e-02
1.188999999999999085e-01
1.029999999999999388e-01
9.030000000000006077e-02
8.919999999999995988e-02
1.043999999999999234e-01
1.558000000000001051e-01
9.809999999999999276e-02
1.714999999999999858e-01
9.200000000000015110e-02
8.229999999999988713e-02
3.290000000000002645e-02
2.309999999999994003e-02
9.290000000000013525e-02
1.521999999999998909e-01
8.270000000000000961e-02
1.601000000000000756e-01
4.530000000000011795e-02
1.274000000000000132e-01
1.073999999999999122e-01
7.469999999999989149e-02
1.386000000000000565e-01
9.360000000000003040e-02
1.658999999999999642e-01
1.364999999999998437e-01
3.860000000000009257e-02
5.579999999999978033e-02
1.385000000000002340e-01
1.174999999999998962e-01
9.600000000000002975e-02
1.578000000000000513e-01
8.339999999999983538e-02
7.550000000000017808e-02
5.179999999999995719e-02
1.085000000000000270e-01
1.610000000000001708e-01
7.750000000000016598e-02
1.365999999999998327e-01
2.580000000000019778e-02
9.459999999999993414e-02
5.400000000000017286e-02
1.127000000000001612e-01
1.056999999999999468e-01
1.021999999999999714e-01
6.729999999999998483e-02
8.470000000000009466e-02
4.279999999999992144e-02
5.370000000000010876e-02
8.440000000000004443e-02
1.201999999999999874e-01
4.889999999999994351e-02
1.474999999999999645e-01
3.850000000000008971e-02
6.659999999999999254e-02
4.079999999999991966e-02
1.764000000000000568e-01
7.070000000000012386e-02
1.319000000000001838e-01
4.649999999999991640e-02
7.140000000000001901e-02
4.710000000000005849e-02
8.210000000000000631e-02
7.140000000000013003e-02
8.199999999999994793e-02
1.470999999999999530e-01
1.101000000000000589e-01
5.380000000000001448e-02
4.800000000000029243e-02
1.567999999999998284e-01
9.899999999999999079e-02
1.120999999999999081e-01
1.177000000000001101e-01
3.840000000000001745e-02
7.669999999999993490e-02
1.025999999999999135e-01
1.343000000000001137e-01
6.159999999999989095e-02
1.285000000000001141e-01
1.097999999999999809e-01
1.220999999999999031e-01
8.739999999999981117e-02
1.361999999999999877e-01
1.217000000000001136e-01
8.969999999999984930e-02
1.861000000000000154e-01
8.910000000000001252e-02
2.121000000000000107e-01
6.150000000000015177e-02
1.528999999999997861e-01
1.291000000000000481e-01
1.998999999999999666e-01
1.427999999999999270e-01
1.256000000000000172e-01
7.540000000000005032e-02
1.338999999999999080e-01
1.517000000000000015e-01
9.009999999999995790e-02
1.842999999999999361e-01
1.282999999999999974e-01
1.107000000000001039e-01
1.121000000000000607e-01
1.868999999999999273e-01
8.100000000000015521e-02
1.480000000000001592e-01
1.031000000000000805e-01
7.909999999999994813e-02
7.270000000000007012e-02
1.016999999999999849e-01
1.058999999999999803e-01
8.509999999999984244e-02
9.199999999999995681e-02
1.160000000000000753e-01
6.419999999999984053e-02
8.460000000000009179e-02
3.899999999999989586e-02
1.043999999999999789e-01
9.820000000000000950e-02
9.310000000000000220e-02
1.444999999999999063e-01
5.390000000000000346e-02
5.939999999999978630e-02
1.105000000000002647e-01
1.078999999999999959e-01
5.989999999999998104e-02
1.212999999999999912e-01
7.619999999999990670e-02
1.138000000000000123e-01
4.750000000000023648e-02
1.424000000000000821e-01
9.219999999999987927e-02
8.659999999999988540e-02
1.108000000000000373e-01
1.047999999999998932e-01
6.210000000000007181e-02
1.000000000000000888e-01
1.057999999999997831e-01
5.019999999999993912e-02
1.633999999999999619e-01
1.326000000000000789e-01
9.279999999999993809e-02
9.060000000000009712e-02
9.529999999999982929e-02
1.232000000000001011e-01
1.000000000000001582e-01
1.502999999999999614e-01
5.540000000000008806e-02
4.439999999999982849e-02
4.070000000000006946e-02
1.171999999999998321e-01
1.162000000000001365e-01
8.089999999999972213e-02
1.204999999999999960e-01
5.690000000000003388e-02
6.209999999999998854e-02
9.009999999999990239e-02
1.364000000000000212e-01
5.469999999999994311e-02
1.414000000000001089e-01
7.709999999999994635e-02
7.650000000000017897e-02
6.649999999999986477e-02
1.231000000000001260e-01
8.419999999999994156e-02
5.399999999999993694e-02
1.800999999999999268e-01
1.238000000000001322e-01
7.439999999999991065e-02
5.460000000000000964e-02
1.583000000000001073e-01
1.027999999999998221e-01
8.950000000000003786e-02
1.524000000000000632e-01
7.039999999999990710e-02
5.270000000000019114e-02
6.310000000000001719e-02
1.228000000000001868e-01
1.157999999999998197e-01
7.060000000000010711e-02
1.300999999999999934e-01
6.090000000000006519e-02
7.429999999999975513e-02
8.669999999999997153e-02
4.239999999999996549e-02
1.209999999999999687e-01
9.199999999999999845e-02
9.550000000000005707e-02
1.551999999999999769e-01
7.150000000000006350e-02
1.186999999999999167e-01
4.000000000000006328e-02
1.268000000000000238e-01
8.140000000000016667e-02
6.559999999999986675e-02
7.209999999999985865e-02
6.660000000000007581e-02
9.379999999999991123e-02
4.460000000000008402e-02
1.048000000000000320e-01
7.250000000000010603e-02
5.729999999999996207e-02
1.233000000000000346e-01
7.069999999999984630e-02
4.369999999999990559e-02
7.860000000000014198e-02
8.610000000000003761e-02
1.106000000000000594e-01
1.575000000000001399e-01
5.879999999999993565e-02
1.643999999999999628e-01
1.340999999999999692e-01
1.256000000000000449e-01
9.380000000000006388e-02
5.480000000000012639e-02
9.669999999999974449e-02
9.330000000000017446e-02
1.189000000000001167e-01
9.530000000000006521e-02
1.534000000000000086e-01
1.639999999999998681e-01
1.779999999999981597e-02
1.364000000000001600e-01
1.305999999999999384e-01
1.000000000000000888e-01
1.793000000000001537e-01
4.989999999999988889e-02
1.081999999999999351e-01
1.159000000000001140e-01
7.179999999999991944e-02
1.615000000000000047e-01
1.050000000000001488e-01
1.320999999999998842e-01
1.209000000000000352e-01
8.729999999999998872e-02
9.290000000000001035e-02
9.559999999999985176e-02
7.589999999999999525e-02
1.057999999999999496e-01
9.060000000000004161e-02
2.398999999999998078e-01
1.028000000000000858e-01
8.979999999999990767e-02
6.520000000000000795e-02
8.740000000000014424e-02
1.110000000000000986e-01
2.961000000000000854e-01
1.888999999999999568e-01
1.302999999999999436e-01
1.035000000000000642e-01
5.829999999999994909e-02
3.536000000000000254e-01
7.412000000000000810e-01
2.186000000000001553e-01
2.722999999999998755e-01
1.527999999999999359e-01
1.436000000000001442e-01
1.248000000000000220e-01
1.361999999999997935e-01
7.619999999999989282e-02
1.006000000000002170e-01
9.729999999999977556e-02
1.397000000000001851e-01
1.208999999999999242e-01
7.749999999999987454e-02
4.930000000000001048e-02
3.459999999999999187e-02
1.235999999999999460e-01
1.022999999999999604e-01
1.335999999999999133e-01
9.510000000000001785e-02
3.479999999999988658e-02
5.449999999999997902e-02
7.490000000000006375e-02
1.191000000000000530e-01
6.989999999999993441e-02
1.036999999999998756e-01
1.498000000000000997e-01
9.349999999999994427e-02
7.500000000000009437e-02
3.310000000000024034e-02
1.617999999999999439e-01
1.186000000000000110e-01
1.676999999999999602e-01
6.990000000000004543e-02
7.699999999999995737e-02
4.120000000000004214e-02
8.780000000000018345e-02
1.357999999999999485e-01
8.840000000000006186e-02
2.006000000000000838e-01
5.899999999999991362e-02
7.309999999999994280e-02
4.570000000000001839e-02
1.050999999999999712e-01
1.000999999999999945e-01
1.235999999999999044e-01
1.017000000000000404e-01
5.610000000000006648e-02
6.609999999999996434e-02
4.790000000000002589e-02
9.929999999999994387e-02
7.699999999999990186e-02
1.343999999999999084e-01
1.032000000000001250e-01
8.529999999999984817e-02
3.160000000000001696e-02
8.329999999999998517e-02
1.329999999999998406e-01
9.299999999999997158e-02
1.785999999999999810e-01
7.320000000000001505e-02
8.310000000000006271e-02
5.990000000000011982e-02
9.230000000000007643e-02
8.379999999999998561e-02
8.070000000000010498e-02
1.683999999999999664e-01
8.809999999999995612e-02
7.130000000000007165e-02
3.770000000000006679e-02
1.043999999999998957e-01
1.296999999999999820e-01
9.360000000000015530e-02
1.446000000000000063e-01
1.051000000000001100e-01
7.160000000000016351e-02
3.999999999999991063e-02
1.243000000000001742e-01
8.230000000000006755e-02
7.230000000000003091e-02
2.197000000000000619e-01
7.610000000000000098e-02
8.470000000000009466e-02
3.060000000000005771e-02
6.900000000000003353e-02
1.332000000000000128e-01
1.288999999999999591e-01
1.136999999999999678e-01
1.335999999999999410e-01
8.179999999999996996e-02
8.989999999999986890e-02
9.729999999999996985e-02
1.678999999999998827e-01
7.960000000000000409e-02
1.940999999999999948e-01
1.260999999999999899e-01
8.870000000000012597e-02
5.079999999999994242e-02
6.629999999999998395e-02
6.890000000000001679e-02
1.383000000000002006e-01
1.357000000000001261e-01
1.028000000000000858e-01
1.035999999999999699e-01
8.639999999999983804e-02
5.050000000000005873e-02
1.273000000000000798e-01
1.181000000000000105e-01
8.380000000000009663e-02
1.517999999999999627e-01
9.610000000000015752e-02
9.599999999999989098e-02
6.200000000000002731e-02
1.280999999999998251e-01
1.178000000000000436e-01
7.379999999999997673e-02
1.351000000000001366e-01
1.125999999999998114e-01
1.059999999999999554e-01
1.027000000000000829e-01
1.608000000000001095e-01
9.429999999999991167e-02
1.182000000000001383e-01
7.109999999999999654e-02
1.366999999999999049e-01
5.679999999999994775e-02
3.859999999999995379e-02
1.165999999999999537e-01
1.523999999999999244e-01
1.016000000000000236e-01
9.109999999999993103e-02
9.740000000000004210e-02
6.490000000000001323e-02
2.840000000000003633e-02
5.229999999999992988e-02
1.164000000000000867e-01
1.305000000000001437e-01
1.463999999999998913e-01
8.169999999999993934e-02
5.320000000000013607e-02
9.019999999999986362e-02
1.043000000000000593e-01
8.469999999999992812e-02
3.969999999999994367e-02
1.771000000000002295e-01
6.189999999999999669e-02
1.190999999999999281e-01
1.076000000000000706e-01
1.152999999999998748e-01
7.839999999999981706e-02
8.350000000000006029e-02
1.454000000000001125e-01
1.017999999999999183e-01
1.345000000000000084e-01
9.850000000000005973e-02
8.889999999999995128e-02
3.510000000000007558e-02
8.570000000000010942e-02
1.620000000000000329e-01
7.060000000000010711e-02
1.315000000000002278e-01
9.480000000000005089e-02
7.189999999999996394e-02
6.230000000000018856e-02
1.063999999999999113e-01
1.032999999999999474e-01
1.045999999999998598e-01
1.505999999999999839e-01
1.033999999999999087e-01
5.290000000000016911e-02
1.184999999999999942e-01
1.019999999999998963e-01
9.220000000000003193e-02
1.700000000000000677e-01
5.290000000000005809e-02
5.819999999999991847e-02
6.800000000000000488e-02
1.179999999999999383e-01
9.209999999999995968e-02
8.969999999999983542e-02
1.273999999999999855e-01
1.175999999999998435e-01
6.290000000000006697e-02
4.209999999999994302e-02
1.384999999999998455e-01
1.003999999999999893e-01
1.461000000000001187e-01
1.349999999999998423e-01
5.279999999999993032e-02
6.669999999999998153e-02
5.980000000000000593e-02
1.914999999999998648e-01
8.270000000000010676e-02
1.435000000000000442e-01
1.515999999999997905e-01
1.718999999999998862e-01
3.720000000000002471e-02
5.640000000000000568e-02
1.158999999999999059e-01
8.750000000000009159e-02
1.098000000000000920e-01
1.163000000000000145e-01
6.200000000000002731e-02
6.119999999999981011e-02
1.061999999999999611e-01
9.120000000000005880e-02
1.972000000000000419e-01
1.358999999999999930e-01
1.011999999999999983e-01
7.989999999999992941e-02
2.199999999999999178e-02
1.200000000000000511e-01
1.097999999999998838e-01
1.157999999999999308e-01
8.800000000000007816e-02
9.310000000000001608e-02
2.750000000000002442e-02
6.519999999999984142e-02
1.420999999999999208e-01
8.540000000000017022e-02
1.935999999999999388e-01
9.820000000000009277e-02
9.099999999999991429e-02
5.200000000000007394e-02
1.062000000000000166e-01
1.306999999999999829e-01
6.230000000000010529e-02
2.208000000000001628e-01
8.340000000000005742e-02
8.690000000000003277e-02
4.650000000000009681e-02
5.499999999999993783e-02
9.959999999999988307e-02
1.212999999999999912e-01
6.049999999999991496e-02
1.773999999999999744e-01
1.086000000000000298e-01
8.860000000000015086e-02
1.569999999999999174e-01
2.277999999999999192e-01
7.563000000000001943e-01
4.850999999999999757e-01
1.169999999999999374e-01
2.122999999999999887e-01
4.120000000000005602e-02
5.179999999999999882e-02
8.580000000000000127e-02
6.949999999999990907e-02
1.108999999999999708e-01
7.260000000000001175e-02
1.114000000000000823e-01
1.465999999999999803e-01
9.880000000000013771e-02
3.250000000000000111e-02
7.039999999999993485e-02
3.620000000000003770e-02
9.489999999999992886e-02
5.669999999999991713e-02
1.789000000000000035e-01
7.719999999999976881e-02
1.952999999999999736e-01
6.619999999999999496e-02
6.979999999999994542e-02
8.859999999999999820e-02
9.320000000000004670e-02
1.111000000000000459e-01
1.050000000000000655e-01
6.579999999999985860e-02
8.340000000000008518e-02
4.969999999999999418e-02
1.070000000000001505e-01
9.149999999999994249e-02
1.230999999999999039e-01
1.381000000000000560e-01
9.440000000000003944e-02
1.099000000000000254e-01
2.509999999999992792e-02
1.352000000000001256e-01
8.219999999999996754e-02
1.932999999999999996e-01
1.708999999999999408e-01
5.899999999999985811e-02
4.510000000000013998e-02
1.083999999999997743e-01
1.146000000000001462e-01
1.288000000000000256e-01
1.338000000000000578e-01
1.126999999999999391e-01
4.189999999999999281e-02
7.580000000000006177e-02
5.700000000000007838e-02
1.665000000000000924e-01
8.179999999999994220e-02
5.569999999999988849e-02
1.420000000000000151e-01
1.783999999999999753e-01
8.840000000000000635e-02
1.959999999999996467e-02
1.203999999999998960e-01
7.870000000000015872e-02
1.255999999999999339e-01
1.639999999999999236e-01
8.310000000000000719e-02
8.379999999999998561e-02
6.129999999999985461e-02
7.979999999999987104e-02
1.291999999999999538e-01
1.056999999999999329e-01
1.628000000000000003e-01
9.349999999999997202e-02
7.750000000000002720e-02
5.760000000000009557e-02
7.469999999999997475e-02
1.078000000000000763e-01
1.334000000000000741e-01
1.304000000000000437e-01
1.280999999999999361e-01
7.579999999999997851e-02
9.129999999999993676e-02
8.079999999999992744e-02
1.789999999999991598e-02
7.109999999999994102e-02
1.116000000000000048e-01
8.400000000000004685e-02
7.529999999999995031e-02
1.170000000000000207e-01
9.219999999999997642e-02
1.005999999999999672e-01
1.002999999999999448e-01
1.061999999999999611e-01
1.344999999999998974e-01
7.709999999999991860e-02
1.278999999999999859e-01
1.347000000000000142e-01
1.259000000000000119e-01
1.064000000000000501e-01
1.036000000000000254e-01
9.509999999999999010e-02
1.428999999999999715e-01
9.210000000000001519e-02
1.281000000000000749e-01
3.350000000000012690e-02
1.376999999999999891e-01
8.800000000000010592e-02
1.208999999999999797e-01
2.249999999999999223e-01
1.290000000000000313e-01
1.266999999999999515e-01
6.690000000000009828e-02
1.661000000000000254e-01
1.268000000000000516e-01
1.249000000000000388e-01
2.753999999999999782e-01
1.395000000000000406e-01
1.211999999999999189e-01
3.900000000000010403e-02
1.984000000000000763e-01
9.440000000000012270e-02
2.336000000000000298e-01
1.466000000000000081e-01
1.522000000000001130e-01
6.910000000000000864e-02
1.088999999999999968e-01
1.577999999999999681e-01
1.130000000000001004e-01
1.458000000000000962e-01
1.037000000000000005e-01
5.849999999999999645e-02
5.759999999999998455e-02
4.310000000000009657e-02
7.200000000000002232e-02
7.020000000000006790e-02
1.265999999999999626e-01
1.080999999999999878e-01
1.782000000000000250e-01
1.018999999999999351e-01
1.005000000000000476e-01
5.489999999999999047e-02
5.830000000000004623e-02
1.687000000000001276e-01
1.210000000000000381e-01
8.030000000000003801e-02
1.425000000000000155e-01
9.089999999999988367e-02
5.940000000000000835e-02
3.979999999999996041e-02
2.950000000000013722e-02
1.169999999999999096e-01
1.107000000000000900e-01
1.364000000000000212e-01
8.829999999999996185e-02
7.760000000000001619e-02
7.940000000000001223e-02
1.264999999999999458e-01
1.016000000000000097e-01
8.830000000000001736e-02
1.897000000000001185e-01
9.800000000000001765e-02
8.770000000000000018e-02
8.280000000000002636e-02
1.701000000000000290e-01
1.195999999999999702e-01
1.416999999999999649e-01
1.245999999999999747e-01
1.261999999999999234e-01
1.122999999999999832e-01
1.080999999999999878e-01
1.280000000000000027e-01
7.050000000000002098e-02
1.140999999999999515e-01
9.589999999999997138e-02
6.819999999999992735e-02
7.849999999999995870e-02
8.479999999999997262e-02
1.120000000000000301e-01
5.789999999999989599e-02
1.651000000000000245e-01
8.860000000000001208e-02
6.700000000000005951e-02
4.299999999999999656e-02
1.005000000000000060e-01
1.988000000000000600e-01
1.576999999999999513e-01
2.024999999999999578e-01
1.259999999999998899e-01
9.850000000000008749e-02
1.076000000000000428e-01
1.181000000000000522e-01
1.365000000000000102e-01
1.560000000000001386e-01
1.479000000000000037e-01
9.419999999999992268e-02
8.840000000000013125e-02
8.590000000000012903e-02
1.178000000000000019e-01
7.509999999999988907e-02
1.728999999999999981e-01
7.549999999999990052e-02
7.130000000000005778e-02
1.216999999999999471e-01
1.069000000000000367e-01
1.053999999999999798e-01
8.750000000000004996e-02
1.185999999999999555e-01
9.070000000000015550e-02
1.159999999999998949e-01
8.880000000000005944e-02
6.019999999999999657e-02
1.563999999999999835e-01
9.699999999999991962e-02
9.269999999999999074e-02
1.754000000000000559e-01
7.490000000000003599e-02
7.310000000000008158e-02
3.519999999999998130e-02
3.619999999999979484e-02
9.640000000000001346e-02
1.117999999999999272e-01
7.689999999999996838e-02
1.282999999999999696e-01
3.919999999999999873e-02
6.190000000000006608e-02
3.919999999999991547e-02
6.389999999999990132e-02
5.950000000000007366e-02
1.236000000000000154e-01
8.879999999999994842e-02
1.174000000000000876e-01
3.980000000000014082e-02
4.109999999999994214e-02
3.700000000000007450e-02
2.250000000000013101e-02
6.779999999999998528e-02
8.369999999999996887e-02
7.049999999999997935e-02
6.610000000000014475e-02
8.239999999999982061e-02
3.280000000000010685e-02
3.150000000000001410e-02
5.479999999999998761e-02
6.739999999999991831e-02
5.529999999999997418e-02
7.679999999999997939e-02
6.640000000000005620e-02
5.080000000000002569e-02
5.350000000000000588e-02
5.820000000000005724e-02
8.909999999999997089e-02
6.249999999999998612e-02
9.350000000000008304e-02
8.640000000000000457e-02
8.929999999999999050e-02
3.129999999999986959e-02
3.330000000000003790e-02
1.103999999999999149e-01
1.364000000000000212e-01
6.940000000000005886e-02
1.062000000000000860e-01
8.099999999999997480e-02
5.810000000000004050e-02
5.100000000000000366e-02
3.219999999999993701e-02
1.585000000000000298e-01
7.110000000000005205e-02
1.243999999999998995e-01
1.286000000000001586e-01
8.569999999999994289e-02
1.177000000000000129e-01
5.429999999999993165e-02
1.426000000000000600e-01
1.167000000000000121e-01
2.029000000000000803e-01
1.801999999999999713e-01
1.259000000000000397e-01
7.349999999999989875e-02
