4.559999999999999470e-02
3.980000000000000204e-02
1.394999999999999851e-01
5.319999999999999729e-02
1.063000000000000056e-01
9.429999999999999494e-02
1.074999999999999983e-01
3.640000000000000180e-02
1.529000000000000081e-01
6.420000000000000706e-02
1.451000000000000068e-01
6.079999999999999988e-02
9.230000000000002092e-02
6.539999999999999980e-02
3.429999999999999716e-02
1.413999999999999979e-01
5.959999999999998632e-02
7.130000000000000226e-02
1.458000000000000129e-01
7.479999999999999150e-02
3.480000000000000454e-02
5.250000000000000500e-02
9.710000000000001963e-02
1.383999999999999675e-01
6.430000000000002380e-02
9.439999999999999780e-02
3.560000000000000664e-02
9.149999999999998412e-02
7.510000000000000009e-02
6.440000000000001279e-02
8.490000000000003100e-02
1.018999999999999906e-01
4.840000000000001246e-02
6.830000000000001348e-02
8.219999999999999529e-02
1.049000000000000210e-01
8.009999999999996290e-02
1.395000000000000129e-01
1.651000000000000245e-01
6.140000000000001013e-02
1.469999999999999918e-01
1.814000000000000334e-01
5.429999999999999410e-02
8.679999999999998828e-02
1.082999999999999796e-01
3.329999999999998933e-02
1.277000000000000079e-01
1.129999999999999893e-01
8.550000000000000655e-02
7.489999999999999436e-02
8.739999999999997771e-02
3.399999999999998856e-02
1.803000000000000158e-01
8.719999999999998586e-02
4.529999999999999305e-02
2.554000000000000159e-01
7.290000000000000646e-02
8.080000000000001070e-02
1.347999999999999754e-01
4.860000000000001125e-02
1.575999999999999901e-01
2.080999999999999794e-01
5.410000000000001613e-02
9.409999999999998921e-02
7.169999999999999984e-02
3.569999999999999563e-02
1.672000000000000153e-01
5.969999999999999613e-02
6.000000000000000472e-02
2.590000000000000080e-01
8.510000000000000897e-02
6.890000000000001679e-02
8.239999999999998714e-02
4.699999999999998623e-02
2.193999999999999839e-01
7.400000000000001021e-02
1.176999999999999852e-01
1.994000000000000217e-01
7.879999999999998117e-02
1.164000000000000035e-01
8.190000000000000058e-02
1.050000000000000100e-01
1.151999999999999968e-01
4.900000000000000189e-02
1.129999999999999893e-01
7.700000000000001288e-02
9.209999999999998743e-02
1.322000000000000119e-01
1.431999999999999940e-01
6.280000000000002247e-02
1.993000000000000327e-01
1.033000000000000029e-01
1.116999999999999799e-01
1.775999999999999801e-01
1.308999999999999886e-01
2.082999999999999852e-01
4.119999999999997969e-02
3.970000000000004775e-02
9.690000000000001390e-02
1.429999999999999605e-01
5.659999999999998366e-02
3.459999999999997800e-02
1.875000000000000000e-01
7.930000000000000937e-02
6.890000000000000291e-02
1.050999999999999712e-01
7.750000000000001332e-02
1.221000000000000418e-01
4.070000000000000007e-02
8.069999999999999396e-02
2.545000000000000595e-01
9.779999999999997029e-02
7.310000000000002607e-02
8.930000000000004601e-02
1.011000000000000093e-01
1.418000000000000094e-01
2.289999999999999675e-02
6.089999999999996805e-02
2.028000000000000080e-01
7.690000000000001001e-02
1.320999999999999952e-01
1.393000000000000627e-01
3.060000000000001608e-02
1.432999999999999829e-01
3.710000000000003573e-02
5.530000000000003663e-02
2.294999999999999818e-01
8.600000000000000699e-02
7.530000000000000582e-02
8.980000000000000482e-02
4.740000000000001851e-02
1.094999999999999446e-01
1.053000000000000325e-01
1.869000000000000106e-01
1.624000000000000166e-01
9.110000000000002818e-02
1.525000000000000244e-01
1.011000000000000787e-01
1.167999999999999733e-01
8.540000000000000369e-02
7.020000000000001239e-02
1.926999999999999824e-01
1.325000000000000622e-01
1.275999999999999912e-01
5.860000000000001319e-02
1.831999999999999740e-01
1.362999999999999767e-01
1.275000000000000300e-01
8.380000000000001337e-02
8.800000000000002265e-02
1.116000000000000325e-01
1.115999999999999909e-01
1.005999999999999672e-01
1.286999999999999811e-01
1.277000000000000357e-01
6.889999999999994740e-02
4.209999999999994302e-02
1.930999999999999939e-01
1.082000000000000184e-01
6.580000000000001126e-02
9.610000000000000486e-02
7.529999999999997806e-02
1.538999999999999813e-01
5.569999999999999257e-02
2.959999999999995621e-02
2.414999999999999925e-01
1.339000000000000190e-01
5.960000000000001408e-02
6.939999999999996172e-02
6.339999999999998415e-02
1.526000000000000134e-01
5.549999999999999378e-02
9.650000000000000244e-02
2.198000000000000509e-01
6.350000000000000089e-02
8.110000000000003317e-02
8.559999999999998166e-02
1.653999999999999915e-01
5.489999999999996966e-02
1.017000000000000126e-01
2.096000000000000085e-01
4.089999999999998498e-02
1.106999999999999651e-01
7.660000000000000142e-02
1.300000000000000044e-01
1.509999999999999676e-01
1.068000000000000060e-01
1.816000000000000392e-01
1.185000000000000497e-01
5.969999999999996143e-02
1.054000000000000076e-01
8.749999999999993894e-02
1.736999999999999655e-01
1.096000000000000585e-01
7.640000000000000957e-02
2.382999999999999285e-01
5.090000000000000080e-02
6.570000000000003615e-02
7.890000000000002567e-02
5.979999999999998511e-02
1.040999999999999981e-01
5.529999999999996030e-02
5.219999999999998253e-02
9.799999999999997602e-02
1.093999999999999972e-01
8.489999999999997549e-02
1.626000000000000223e-01
1.313000000000000278e-01
8.859999999999992881e-02
2.022000000000000186e-01
8.429999999999995830e-02
1.168000000000000427e-01
2.202999999999999681e-01
8.229999999999999816e-02
9.650000000000000244e-02
1.084999999999999853e-01
9.749999999999997558e-02
1.470999999999999530e-01
1.177000000000000546e-01
1.131999999999999812e-01
6.839999999999996083e-02
2.530000000000000027e-01
7.890000000000005342e-02
1.020999999999999963e-01
1.382999999999999785e-01
6.500000000000000222e-02
1.971000000000000252e-01
7.639999999999999569e-02
1.187999999999999751e-01
2.797000000000000042e-01
1.302000000000000102e-01
1.057000000000000162e-01
1.402999999999999803e-01
6.839999999999996083e-02
2.109000000000000319e-01
7.150000000000000799e-02
1.576000000000000179e-01
2.062999999999999834e-01
6.090000000000000968e-02
1.154000000000000303e-01
1.658999999999999919e-01
1.901000000000000190e-01
1.222000000000000169e-01
1.661000000000000254e-01
1.766000000000000347e-01
1.428999999999999992e-01
2.550000000000000044e-01
5.959999999999998632e-02
2.610000000000001902e-02
4.789999999999998426e-02
1.187999999999999612e-01
7.509999999999998621e-02
1.711000000000000298e-01
1.244000000000000661e-01
1.458000000000000407e-01
9.650000000000003020e-02
1.254000000000000392e-01
7.389999999999997959e-02
1.541000000000000147e-01
1.029999999999999666e-01
5.589999999999997055e-02
6.989999999999996216e-02
2.217000000000000082e-01
8.340000000000001579e-02
1.113000000000000100e-01
9.069999999999993345e-02
7.489999999999998048e-02
1.920000000000000040e-01
9.699999999999997513e-02
8.480000000000001426e-02
2.353999999999999704e-01
5.920000000000000956e-02
1.767000000000000237e-01
1.180000000000000493e-01
9.670000000000002205e-02
2.256999999999999562e-01
6.600000000000000311e-02
8.139999999999997238e-02
1.993000000000000327e-01
5.519999999999998519e-02
6.110000000000000153e-02
1.083999999999999686e-01
7.619999999999996221e-02
1.523000000000000187e-01
9.149999999999999800e-02
1.315999999999999670e-01
8.679999999999997440e-02
7.399999999999994083e-02
3.603000000000000091e-01
2.461000000000000132e-01
1.878999999999999559e-01
1.534000000000000086e-01
2.007999999999999785e-01
2.068000000000000393e-01
4.944000000000000616e-01
2.459999999999999964e-01
1.375000000000000666e-01
8.259999999999993736e-02
1.754000000000000559e-01
2.028000000000000080e-01
4.978999999999998982e-01
5.961999999999999522e-01
1.224999999999999561e-01
2.442000000000000282e-01
1.512999999999999901e-01
3.485000000000000320e-01
3.441000000000000170e-01
2.048999999999999710e-01
9.120000000000008655e-02
2.031999999999999362e-01
1.355000000000000093e-01
6.839999999999997471e-02
7.960000000000001796e-02
6.350000000000011191e-02
1.199999999999999817e-01
5.939999999999997365e-02
8.310000000000002107e-02
2.296999999999999875e-01
3.810000000000005049e-02
4.179999999999994831e-02
3.830000000000004928e-02
1.703000000000000347e-01
3.970000000000004775e-02
2.389999999999994212e-02
1.622999999999999166e-01
7.749999999999998557e-02
6.589999999999998637e-02
4.620000000000003271e-02
2.046000000000000318e-01
8.399999999999997746e-02
1.139000000000000290e-01
2.443000000000001004e-01
7.909999999999998976e-02
1.465000000000000191e-01
7.319999999999997342e-02
6.929999999999997273e-02
1.052000000000000157e-01
1.651999999999999580e-01
8.849999999999993983e-02
4.299999999999995492e-02
1.928999999999999326e-01
6.319999999999997842e-02
2.849999999999996980e-02
4.760000000000005199e-02
1.314999999999999503e-01
5.310000000000007075e-02
1.243000000000000493e-01
1.280000000000000027e-01
1.683000000000000052e-01
2.709000000000000297e-01
1.209999999999999271e-01
6.620000000000000884e-02
1.992000000000000437e-01
6.779999999999998528e-02
1.500000000000000222e-01
1.713999999999999968e-01
6.410000000000007359e-02
1.253999999999999559e-01
6.450000000000005729e-02
8.129999999999994176e-02
1.164999999999999508e-01
4.399999999999995581e-02
1.228000000000000203e-01
4.290000000000002145e-02
7.240000000000000602e-02
1.122999999999999415e-01
2.028000000000000913e-01
1.361999999999999877e-01
1.069000000000000089e-01
6.740000000000001545e-02
1.152000000000000246e-01
1.078999999999999682e-01
1.365000000000000657e-01
1.052999999999998798e-01
6.399999999999993194e-02
4.579999999999997962e-02
1.557000000000000051e-01
1.115000000000000158e-01
6.949999999999992295e-02
6.829999999999993021e-02
1.904000000000000692e-01
7.860000000000005871e-02
5.850000000000003808e-02
1.341000000000000802e-01
1.212000000000000577e-01
1.442000000000000504e-01
7.809999999999989173e-02
1.122000000000000358e-01
1.097999999999999116e-01
1.005000000000000060e-01
8.339999999999994640e-02
9.010000000000004117e-02
1.252999999999999670e-01
1.387999999999999234e-01
6.430000000000003768e-02
1.903000000000000247e-01
4.690000000000005276e-02
1.497999999999999887e-01
9.429999999999993943e-02
9.679999999999992777e-02
1.973999999999999644e-01
9.120000000000004492e-02
6.999999999999995115e-02
1.478999999999999204e-01
1.108000000000000929e-01
1.548000000000000209e-01
1.014000000000000873e-01
1.203999999999999931e-01
1.331999999999999851e-01
6.590000000000006963e-02
1.179999999999999660e-01
1.916000000000001036e-01
1.471999999999999975e-01
1.275999999999999635e-01
1.340999999999999137e-01
8.279999999999999860e-02
1.532999999999999086e-01
5.800000000000007927e-02
1.199000000000000343e-01
1.781000000000000361e-01
1.296000000000000485e-01
1.239999999999999991e-01
1.366999999999999604e-01
1.366999999999999327e-01
1.103099999999999969e+00
2.855999999999999650e-01
4.210999999999999188e-01
9.020000000000001628e-02
1.158000000000000557e-01
5.109999999999998571e-02
4.270000000000001572e-02
1.078999999999999959e+00
6.961000000000001631e-01
9.242000000000001325e-01
2.983999999999998876e-01
1.451000000000000068e-01
1.216999999999999471e-01
3.007999999999999563e-01
2.535000000000000031e-01
2.154999999999999971e-01
1.040999999999999981e-01
4.050000000000002209e-02
1.789000000000000312e-01
6.470000000000000751e-02
1.255999999999999894e-01
1.967000000000000137e-01
5.519999999999999907e-02
2.819999999999999243e-02
2.250000000000001305e-02
1.684900000000000286e+00
1.431799999999999962e+00
1.779900000000000038e+00
1.801699999999999857e+00
3.149700000000000166e+00
5.575999999999998735e-01
8.028000000000001801e-01
2.487000000000000877e-01
1.864999999999999991e-01
2.451999999999999735e-01
1.675999999999999435e-01
2.055000000000000715e-01
1.659000000000000474e-01
3.288999999999999702e-01
1.671000000000000818e-01
2.567000000000000393e-01
1.315999999999999392e-01
4.534000000000000807e-01
1.753999999999999448e-01
2.052999999999999825e-01
1.632000000000000672e-01
2.742999999999999883e-01
2.244000000000000994e-01
2.407999999999999585e-01
1.068799999999999972e+00
4.357000000000000317e-01
1.118800000000000239e+00
2.766000000000001791e-01
3.531999999999999029e-01
2.130000000000000226e-01
1.133000000000000257e-01
1.038999999999999646e-01
3.520999999999999686e-01
4.107000000000000095e-01
3.463999999999999857e-01
7.038999999999999702e-01
3.903000000000000913e-01
1.768000000000000960e-01
3.292999999999999261e-01
3.321999999999999953e-01
6.289000000000000146e-01
2.555000000000000604e-01
1.974999999999999256e-01
1.966000000000000247e-01
1.154999999999999361e-01
1.298000000000000265e-01
9.519999999999995133e-02
8.930000000000010152e-02
7.450000000000001066e-02
2.186000000000000720e-01
9.739999999999995883e-02
7.230000000000000315e-02
1.381000000000000560e-01
1.075999999999999734e-01
2.539000000000000146e-01
1.674000000000000210e-01
8.940000000000000724e-02
1.105000000000000149e-01
9.120000000000007268e-02
2.376000000000000889e-01
7.669999999999990714e-02
1.163000000000000145e-01
6.770000000000001017e-02
2.600000000000000921e-02
9.470000000000010354e-02
1.329999999999996463e-02
1.407999999999998697e-01
7.870000000000007545e-02
2.819999999999994039e-02
1.274000000000000687e-01
1.266000000000000181e-01
8.870000000000002882e-02
7.510000000000002784e-02
7.950000000000001510e-02
8.030000000000009353e-02
1.595999999999999919e-01
1.580999999999999905e-01
1.005000000000000893e-01
1.205999999999999989e-01
1.239999999999999020e-01
8.429999999999994442e-02
8.089999999999995806e-02
8.279999999999995697e-02
8.750000000000006384e-02
5.679999999999983673e-02
1.040000000000001340e-01
1.081000000000000433e-01
6.789999999999990488e-02
4.969999999999988316e-02
1.696999999999998510e-01
6.370000000000000662e-02
4.330000000000013005e-02
9.139999999999999514e-02
8.550000000000008982e-02
8.139999999999997238e-02
4.099999999999996703e-02
5.130000000000009552e-02
8.769999999999995854e-02
2.293000000000000871e-01
1.171000000000000374e-01
8.650000000000003519e-02
2.236999999999999822e-01
6.000000000000002554e-02
4.820000000000007612e-02
7.200000000000000844e-02
1.211000000000000271e-01
1.919999999999999485e-01
8.750000000000013323e-02
1.370000000000000662e-01
1.608999999999999042e-01
1.907000000000000639e-01
1.109999999999998765e-01
9.989999999999998881e-02
1.035999999999999699e-01
1.779999999999999638e-01
7.450000000000001066e-02
1.605000000000000593e-01
5.250000000000001887e-02
1.033000000000000029e-01
1.268000000000001071e-01
1.112999999999999545e-01
2.208000000000000518e-01
8.999999999999999667e-02
1.348999999999998534e-01
2.817999999999999394e-01
6.950000000000006173e-02
1.197999999999998788e-01
1.136000000000000898e-01
8.390000000000005786e-02
1.329999999999999238e-01
9.769999999999995355e-02
8.290000000000005698e-02
5.689999999999992286e-02
1.675000000000001210e-01
1.074999999999999289e-01
6.959999999999991194e-02
7.979999999999998206e-02
1.256000000000001005e-01
1.351000000000000534e-01
8.070000000000004947e-02
6.959999999999996745e-02
2.474000000000001198e-01
1.274999999999999467e-01
1.204999999999999960e-01
8.529999999999995919e-02
1.340999999999999137e-01
7.619999999999990670e-02
8.720000000000005524e-02
1.556999999999998663e-01
8.600000000000004863e-02
9.330000000000004956e-02
3.079999999999993854e-02
8.920000000000002927e-02
9.629999999999994120e-02
1.493999999999999773e-01
8.099999999999996092e-02
8.690000000000000502e-02
5.429999999999999272e-01
4.830000000000000959e-01
8.150000000000015565e-02
1.875000000000000833e-01
1.051999999999998769e-01
1.425000000000000155e-01
3.272999999999999798e-01
1.090000000000000968e-01
1.771000000000000352e-01
9.989999999999990554e-02
1.061999999999998778e-01
1.852000000000000313e-01
1.046999999999998210e-01
1.503999999999999504e-01
1.544000000000000650e-01
5.899999999999994138e-02
7.699999999999992961e-02
5.229999999999998539e-02
4.619999999999976903e-02
7.699999999999990186e-02
1.261000000000000731e-01
3.539999999999995928e-02
6.429999999999999605e-02
1.702999999999998959e-01
8.350000000000001865e-02
5.850000000000005196e-02
8.339999999999991864e-02
7.619999999999976792e-02
1.229000000000000092e-01
8.420000000000008034e-02
3.119999999999995000e-02
1.751000000000000889e-01
9.799999999999989275e-02
9.950000000000006062e-02
8.339999999999997415e-02
7.669999999999987939e-02
8.709999999999992748e-02
7.439999999999985514e-02
1.234999999999998599e-01
7.080000000000008509e-02
9.810000000000013154e-02
9.109999999999995879e-02
1.156999999999999418e-01
5.829999999999982419e-02
1.562000000000000333e-01
1.040999999999999148e-01
1.361999999999999322e-01
2.578999999999997406e-01
6.329999999999996740e-02
1.220999999999999031e-01
6.260000000000007225e-02
5.340000000000014180e-02
9.340000000000001079e-02
5.260000000000006337e-02
6.679999999999999827e-02
1.664999999999998426e-01
3.370000000000006324e-02
5.450000000000007616e-02
4.669999999999990825e-02
4.839999999999991531e-02
1.541999999999999205e-01
2.489999999999989444e-02
8.820000000000002838e-02
2.109999999999999098e-01
7.030000000000011240e-02
6.380000000000013438e-02
6.400000000000002909e-02
3.690000000000001612e-02
1.448000000000000120e-01
8.330000000000006843e-02
9.040000000000003588e-02
2.385000000000001008e-01
1.303999999999999881e-01
8.790000000000003366e-02
5.999999999999972022e-02
5.570000000000011053e-02
1.569000000000000394e-01
5.149999999999996247e-02
1.234999999999998876e-01
1.396999999999999909e-01
4.649999999999993028e-02
1.126000000000000889e-01
8.190000000000005609e-02
1.036000000000001364e-01
1.549999999999999989e-01
1.169000000000001982e-01
8.519999999999985918e-02
3.719999999999992757e-02
1.886000000000000731e-01
1.222999999999999921e-01
1.126999999999999669e-01
1.391000000000000292e-01
1.476000000000001755e-01
1.636999999999999844e-01
1.219999999999998863e-01
5.830000000000007399e-02
1.623000000000001664e-01
1.111999999999997990e-01
5.799999999999999600e-02
8.390000000000003011e-02
1.519000000000000072e-01
8.190000000000011160e-02
1.004000000000000448e-01
6.050000000000005373e-02
2.379000000000000836e-01
1.443999999999999451e-01
1.245000000000000273e-01
8.600000000000007638e-02
8.890000000000011782e-02
1.462999999999998746e-01
7.849999999999981992e-02
2.105999999999999817e-01
3.148999999999999577e-01
2.597999999999999199e-01
1.749000000000000554e-01
1.814999999999998836e-01
2.023000000000000353e-01
2.761999999999999456e-01
5.959999999999995857e-02
6.079999999999996518e-02
5.880000000000018545e-02
6.720000000000012075e-02
1.941000000000001058e-01
7.020000000000004015e-02
1.646999999999999853e-01
1.393999999999999961e-01
6.919999999999995599e-02
1.740999999999999492e-01
1.164999999999999647e-01
2.100999999999998702e-01
8.830000000000004512e-02
1.852999999999998815e-01
2.199999999999999456e-01
1.003000000000000280e-01
1.184999999999999387e-01
1.210999999999999577e-01
1.170000000000000484e-01
1.198000000000001564e-01
8.509999999999989795e-02
8.379999999999987459e-02
8.559999999999989839e-02
8.980000000000001870e-02
6.580000000000002514e-02
4.859999999999983777e-02
6.900000000000028333e-02
1.245000000000000828e-01
1.399999999999999023e-01
5.220000000000005191e-02
4.960000000000014397e-02
1.337999999999998912e-01
1.028999999999999360e-01
7.069999999999992957e-02
9.709999999999982534e-02
7.879999999999995342e-02
1.170999999999998986e-01
7.069999999999987406e-02
5.720000000000013962e-02
2.089000000000001411e-01
1.010000000000000620e-01
7.339999999999999303e-02
1.021000000000000241e-01
9.199999999999985967e-02
1.573999999999999011e-01
5.020000000000013340e-02
1.389999999999999569e-01
2.235000000000000597e-01
6.129999999999991012e-02
1.367999999999999217e-01
4.330000000000008842e-02
4.360000000000005538e-02
3.800000000000014477e-02
1.405000000000000415e-01
6.250000000000000000e-02
1.488000000000000711e-01
2.249000000000002109e-01
1.189999999999998281e-01
8.619999999999999885e-02
6.269999999999992246e-02
5.279999999999984706e-02
5.870000000000019647e-02
1.469000000000000306e-01
5.119999999999994000e-02
5.560000000000006604e-02
2.016000000000000014e-01
9.720000000000020290e-02
6.739999999999995994e-02
6.609999999999985332e-02
4.750000000000001443e-02
1.724000000000000254e-01
6.190000000000020486e-02
1.412000000000000477e-01
1.562000000000001443e-01
1.202000000000000290e-01
8.319999999999999618e-02
6.030000000000015903e-02
4.130000000000016991e-02
1.386999999999998512e-01
1.176999999999999158e-01
1.074999999999999012e-01
1.387999999999999512e-01
8.700000000000013278e-02
1.134999999999998233e-01
1.431999999999999940e-01
2.970000000000000417e-02
6.139999999999992686e-02
1.987000000000000710e-01
6.989999999999990665e-02
9.459999999999998965e-02
1.491999999999998328e-01
8.900000000000002354e-02
1.652999999999999747e-01
9.529999999999991256e-02
1.337000000000001521e-01
1.177999999999999881e-01
1.394999999999999019e-01
5.309999999999995279e-02
6.579999999999991411e-02
1.592999999999999139e-01
9.010000000000009668e-02
1.258000000000000229e-01
2.517999999999999128e-01
1.180999999999999550e-01
1.217999999999999361e-01
8.309999999999984066e-02
7.700000000000012390e-02
1.766999999999998849e-01
7.290000000000013136e-02
1.502000000000000002e-01
1.782000000000001916e-01
1.112000000000000210e-01
5.959999999999990306e-02
6.040000000000006475e-02
4.010000000000010778e-02
1.556999999999999218e-01
8.110000000000003317e-02
1.117999999999999272e-01
2.185999999999997945e-01
6.860000000000018860e-02
7.399999999999981593e-02
8.389999999999986358e-02
7.419999999999996043e-02
1.895000000000000295e-01
8.470000000000019180e-02
1.170999999999999541e-01
2.014000000000000790e-01
1.488000000000000711e-01
6.740000000000001545e-02
3.659999999999996589e-02
7.069999999999998508e-02
5.599999999999988320e-02
1.313999999999999058e-01
8.189999999999997282e-02
1.156000000000001748e-01
2.219000000000000694e-01
9.149999999999997025e-02
6.900000000000003353e-02
5.090000000000008407e-02
2.440000000000003277e-02
1.418000000000000371e-01
7.969999999999999307e-02
1.070000000000000118e-01
2.319000000000000505e-01
9.839999999999984870e-02
9.129999999999999227e-02
6.060000000000004272e-02
5.590000000000008851e-02
1.190000000000001057e-01
8.119999999999991114e-02
7.220000000000001417e-02
2.143000000000000183e-01
3.630000000000030425e-02
4.930000000000009375e-02
6.120000000000011542e-02
3.090000000000003855e-02
1.394999999999999019e-01
5.710000000000015064e-02
1.125999999999999779e-01
2.555000000000000604e-01
6.529999999999991367e-02
5.030000000000006688e-02
3.649999999999994915e-02
4.010000000000002451e-02
1.214999999999999136e-01
6.870000000000006657e-02
1.192000000000001114e-01
2.064000000000000279e-01
1.574000000000000399e-01
5.670000000000000040e-02
1.244999999999999440e-01
8.309999999999992393e-02
7.680000000000009042e-02
1.448000000000000675e-01
7.779999999999998028e-02
8.760000000000012221e-02
2.706000000000001182e-01
9.959999999999988307e-02
4.569999999999996287e-02
9.059999999999998610e-02
6.019999999999992024e-02
1.816999999999998339e-01
8.269999999999999574e-02
1.200999999999999568e-01
2.139999999999999958e-01
9.719999999999986984e-02
9.730000000000010862e-02
1.015000000000000624e-01
8.900000000000007905e-02
1.722000000000001863e-01
1.072999999999998955e-01
1.302999999999999159e-01
8.919999999999989049e-02
1.509000000000000341e-01
4.650000000000009681e-02
6.020000000000000351e-02
4.619999999999996332e-02
1.713000000000000633e-01
1.006999999999999007e-01
1.127999999999999836e-01
1.524999999999999689e-01
1.341999999999999305e-01
1.121000000000002272e-01
1.183000000000000440e-01
7.399999999999987144e-02
1.217999999999999639e-01
1.063000000000000056e-01
7.679999999999978511e-02
5.279999999999990257e-02
2.156999999999999751e-01
1.210000000000002185e-01
8.620000000000002660e-02
7.700000000000012390e-02
6.670000000000014806e-02
1.489000000000000323e-01
5.269999999999999685e-02
1.129000000000000281e-01
2.581000000000000516e-01
5.549999999999988276e-02
3.730000000000008309e-02
4.680000000000003602e-02
2.479999999999993321e-02
