1.436999999999999944e-01
7.249999999999998113e-02
1.815999999999999837e-01
4.239999999999999325e-02
2.760000000000000647e-02
5.869999999999998830e-02
4.390000000000000152e-02
1.212000000000000022e-01
1.148000000000000131e-01
8.270000000000000961e-02
8.169999999999999485e-02
1.582000000000000073e-01
6.879999999999998617e-02
8.210000000000000631e-02
5.489999999999999047e-02
2.888999999999999901e-01
1.024999999999999800e-01
1.596999999999999809e-01
9.420000000000000595e-02
9.909999999999999365e-02
1.348000000000000032e-01
5.849999999999999645e-02
1.590999999999999914e-01
1.229999999999999982e-01
5.510000000000001008e-02
1.418999999999999984e-01
1.316999999999999837e-01
5.159999999999999309e-02
4.370000000000000273e-02
1.441000000000000059e-01
1.050999999999999990e-01
1.225999999999999868e-01
2.681999999999999940e-01
5.779999999999999721e-02
3.059999999999999179e-02
4.390000000000001540e-02
1.337000000000000133e-01
1.397999999999999798e-01
1.559000000000000108e-01
2.690000000000000169e-01
9.610000000000000486e-02
6.350000000000000089e-02
3.280000000000000276e-02
1.267999999999999960e-01
1.414999999999999869e-01
6.689999999999998725e-02
1.845999999999999863e-01
1.216999999999999887e-01
4.660000000000000947e-02
5.149999999999999023e-02
1.821000000000000119e-01
1.323000000000000287e-01
2.121999999999999997e-01
8.130000000000001115e-02
1.105000000000000149e-01
7.370000000000001550e-02
1.471000000000000085e-01
7.989999999999999880e-02
8.869999999999998719e-02
1.415000000000000147e-01
3.220000000000000639e-02
5.609999999999999015e-02
7.409999999999999920e-02
2.288999999999999924e-01
9.779999999999999805e-02
1.665000000000000091e-01
7.180000000000000271e-02
5.640000000000000568e-02
1.318000000000000005e-01
1.105999999999999761e-01
6.190000000000002445e-02
2.351000000000000034e-01
5.519999999999999907e-02
4.980000000000000399e-02
4.509999999999998732e-02
1.944000000000000172e-01
6.219999999999999835e-02
1.645999999999999963e-01
4.040000000000000535e-02
1.322000000000000119e-01
1.028999999999999915e-01
1.018000000000000016e-01
1.576000000000000179e-01
7.989999999999998492e-02
1.754000000000000004e-01
7.349999999999998201e-02
7.089999999999999081e-02
1.087999999999999801e-01
1.553000000000000214e-01
5.820000000000001561e-02
1.320999999999999674e-01
8.450000000000001954e-02
6.820000000000002449e-02
4.619999999999999107e-02
1.448999999999999733e-01
1.126000000000000056e-01
1.578999999999999848e-01
8.630000000000000171e-02
4.360000000000000681e-02
1.140000000000000180e-01
1.567000000000000337e-01
7.930000000000000937e-02
1.074999999999999983e-01
1.814000000000000057e-01
6.480000000000001037e-02
5.890000000000000790e-02
1.270999999999999908e-01
1.175999999999999823e-01
2.110000000000000209e-01
9.719999999999999474e-02
2.207999999999999963e-01
1.023000000000000020e-01
6.910000000000000864e-02
3.680000000000002019e-02
1.112999999999999962e-01
1.605000000000000038e-01
3.379999999999998977e-02
1.198999999999999927e-01
1.144000000000000017e-01
6.489999999999998548e-02
9.679999999999999716e-02
1.371999999999999886e-01
1.038999999999999924e-01
3.038000000000000145e-01
3.370000000000001467e-02
6.970000000000001195e-02
4.490000000000000935e-02
1.813999999999999779e-01
1.252000000000000057e-01
8.089999999999999969e-02
1.023000000000000020e-01
8.110000000000000542e-02
7.469999999999998863e-02
3.809999999999998804e-02
1.738000000000000100e-01
8.040000000000004088e-02
2.695000000000000173e-01
5.239999999999998131e-02
5.869999999999999524e-02
6.899999999999999190e-02
2.025000000000000133e-01
9.190000000000003721e-02
1.946000000000000230e-01
9.480000000000000926e-02
4.600000000000001310e-02
8.440000000000000280e-02
9.789999999999998703e-02
1.759000000000000008e-01
7.399999999999999634e-02
1.702000000000000179e-01
1.195999999999999980e-01
4.709999999999998910e-02
1.000999999999999945e-01
5.829999999999997684e-02
2.200999999999999623e-01
1.474999999999999922e-01
8.380000000000001337e-02
2.185000000000000275e-01
4.040000000000000535e-02
7.409999999999999920e-02
5.450000000000001371e-02
1.191000000000000114e-01
1.742999999999999827e-01
7.720000000000000473e-02
1.479000000000000037e-01
2.026999999999999913e-01
8.299999999999999045e-02
4.249999999999998224e-02
6.759999999999999343e-02
2.650000000000000133e-01
1.123000000000000109e-01
1.673000000000000043e-01
1.069000000000000228e-01
6.520000000000000795e-02
5.300000000000000544e-02
1.269000000000000128e-01
2.013000000000000067e-01
3.710000000000000797e-02
1.422999999999999821e-01
1.038999999999999924e-01
6.310000000000000331e-02
1.065000000000000252e-01
1.938000000000000000e-01
7.539999999999999480e-02
1.747999999999999832e-01
1.317999999999999727e-01
6.169999999999999096e-02
6.550000000000000266e-02
8.540000000000000369e-02
1.759999999999999898e-01
9.450000000000000067e-02
1.281999999999999806e-01
1.158000000000000140e-01
6.459999999999999076e-02
4.959999999999999826e-02
1.281000000000000194e-01
1.628999999999999893e-01
6.389999999999997071e-02
1.796999999999999709e-01
1.495000000000000218e-01
5.649999999999997385e-02
6.880000000000002780e-02
4.419999999999997542e-02
2.565999999999999392e-01
8.240000000000002878e-02
1.411000000000000310e-01
9.600000000000000200e-02
9.759999999999999232e-02
6.980000000000002869e-02
1.261999999999999789e-01
1.442999999999999838e-01
9.329999999999999405e-02
2.397999999999999854e-01
1.035999999999999976e-01
5.960000000000001408e-02
2.013000000000000067e-01
1.200000000000000094e-01
3.740000000000004432e-02
1.829000000000000070e-01
9.819999999999998175e-02
7.320000000000001505e-02
1.097999999999999948e-01
1.742999999999999827e-01
4.359999999999998599e-02
2.229000000000000425e-01
1.123999999999999860e-01
7.929999999999998161e-02
1.396999999999999909e-01
1.547000000000000042e-01
3.309999999999998360e-02
2.142000000000000015e-01
6.729999999999999871e-02
7.929999999999999549e-02
7.330000000000000404e-02
2.061000000000000054e-01
4.089999999999999192e-02
2.626999999999999891e-01
1.029000000000000054e-01
7.650000000000001243e-02
9.269999999999997686e-02
1.309000000000000163e-01
1.155999999999999805e-01
2.094000000000000028e-01
7.469999999999997475e-02
6.669999999999998153e-02
8.740000000000000546e-02
2.308999999999999941e-01
6.809999999999999387e-02
1.421000000000000041e-01
7.380000000000000449e-02
1.177000000000000268e-01
9.280000000000002136e-02
1.505000000000000504e-01
8.429999999999999993e-02
4.920000000000002149e-02
2.369000000000000550e-01
7.240000000000000602e-02
5.769999999999999435e-02
6.970000000000001195e-02
2.514999999999999458e-01
4.420000000000000318e-02
1.667000000000000148e-01
4.080000000000000987e-02
8.319999999999999618e-02
1.011000000000000232e-01
3.359999999999999098e-02
7.680000000000000715e-02
1.391999999999999904e-01
8.480000000000004201e-02
8.290000000000000147e-02
1.466000000000000081e-01
3.919999999999998486e-02
6.640000000000001457e-02
3.799999999999997824e-02
1.978999999999999648e-01
1.014000000000000318e-01
1.061000000000000276e-01
1.303999999999999881e-01
1.122000000000000081e-01
6.950000000000002010e-02
5.210000000000003517e-02
1.107000000000000484e-01
1.353000000000000036e-01
7.489999999999999436e-02
8.180000000000003935e-02
1.844999999999999696e-01
8.540000000000000369e-02
7.350000000000000977e-02
2.019999999999996798e-02
2.494000000000000661e-01
1.306000000000000216e-01
6.289999999999999758e-02
1.793000000000000149e-01
6.629999999999998395e-02
6.779999999999998528e-02
7.489999999999999436e-02
1.972000000000000142e-01
1.065999999999999448e-01
1.720000000000000001e-02
1.260000000000000286e-01
1.939000000000000168e-01
9.230000000000002092e-02
6.469999999999999363e-02
2.370000000000000925e-02
2.638000000000000345e-01
9.410000000000001696e-02
8.580000000000004290e-02
1.642999999999999738e-01
7.370000000000000162e-02
8.179999999999996996e-02
6.379999999999999560e-02
1.668999999999999928e-01
1.116000000000000186e-01
2.589999999999999247e-02
9.640000000000004121e-02
1.761000000000000065e-01
5.379999999999998672e-02
7.459999999999999964e-02
7.500000000000001110e-02
2.517999999999999683e-01
6.489999999999998548e-02
2.118999999999999773e-01
6.660000000000002029e-02
8.740000000000000546e-02
6.639999999999998681e-02
8.390000000000000235e-02
1.096000000000000030e-01
2.106999999999999984e-01
1.180999999999999828e-01
1.452000000000000512e-01
2.487999999999999934e-01
3.832999999999999741e-01
2.173000000000000209e-01
9.380000000000000837e-02
2.050000000000000155e-01
1.880000000000000004e-01
1.080000000000000127e-01
1.210999999999999854e-01
1.898000000000000242e-01
1.746999999999999664e-01
1.318999999999999895e-01
1.464999999999999913e-01
1.489999999999999936e-01
2.186000000000000165e-01
1.755000000000000171e-01
8.840000000000002023e-02
8.009999999999999065e-02
1.442000000000000504e-01
1.266000000000000181e-01
1.144000000000000294e-01
2.218999999999999861e-01
1.292999999999999983e-01
1.416000000000000036e-01
2.314000000000000501e-01
5.600000000000002198e-02
2.589999999999997859e-02
2.140000000000004399e-02
2.157999999999999918e-01
8.719999999999997198e-02
1.454999999999999627e-01
1.101000000000000173e-01
6.820000000000003837e-02
9.729999999999994209e-02
8.729999999999996096e-02
1.336999999999999855e-01
9.229999999999996541e-02
2.177999999999999936e-01
5.250000000000001887e-02
6.830000000000002736e-02
6.800000000000001876e-02
1.202000000000000290e-01
6.719999999999999585e-02
1.098000000000000087e-01
1.800000000000000488e-01
6.209999999999997466e-02
6.249999999999999306e-02
4.319999999999999535e-02
2.071000000000000063e-01
8.940000000000003499e-02
1.723999999999999699e-01
4.220000000000000140e-02
7.359999999999999876e-02
1.102999999999999814e-01
1.625999999999999945e-01
7.719999999999999085e-02
1.443999999999999728e-01
1.250000000000000278e-01
9.130000000000000615e-02
5.449999999999998596e-02
1.250999999999999890e-01
1.438000000000000111e-01
1.333999999999999908e-01
9.459999999999996190e-02
1.396999999999999909e-01
7.939999999999999836e-02
1.028000000000000302e-01
1.233000000000000207e-01
9.119999999999997553e-02
2.258000000000000007e-01
9.449999999999994515e-02
3.959999999999995468e-02
3.920000000000006812e-02
1.412000000000000199e-01
1.183999999999999914e-01
1.879999999999994523e-02
2.037000000000000199e-01
5.389999999999997571e-02
4.399999999999994194e-02
9.029999999999994975e-02
2.829999999999999530e-02
2.195000000000000284e-01
6.369999999999997886e-02
2.050999999999999768e-01
7.250000000000000888e-02
9.880000000000001281e-02
1.203999999999999793e-01
7.639999999999999569e-02
1.606000000000000205e-01
5.779999999999998334e-02
2.054000000000000270e-01
5.859999999999997156e-02
3.440000000000003472e-02
5.189999999999996005e-02
1.847999999999999643e-01
9.430000000000000882e-02
7.249999999999996725e-02
1.749999999999999889e-01
4.490000000000000241e-02
5.370000000000000467e-02
3.570000000000001644e-02
2.006000000000000005e-01
1.215000000000000108e-01
4.479999999999997873e-02
1.537999999999999923e-01
6.220000000000001916e-02
4.039999999999992902e-02
7.429999999999999105e-02
3.409999999999994980e-02
2.054000000000000270e-01
9.810000000000002052e-02
1.092000000000000193e-01
1.244999999999999718e-01
9.420000000000001983e-02
1.020999999999999963e-01
6.809999999999996612e-02
1.649999999999999800e-01
4.530000000000001387e-02
1.449000000000000288e-01
8.609999999999998210e-02
4.080000000000001681e-02
6.709999999999999298e-02
1.527000000000000024e-01
1.117999999999999688e-01
7.860000000000000320e-02
1.243000000000000216e-01
1.098000000000000503e-01
9.090000000000000857e-02
4.630000000000004945e-02
9.080000000000004734e-02
1.459000000000000297e-01
8.759999999999995568e-02
1.712000000000000188e-01
8.580000000000000127e-02
9.560000000000003217e-02
6.609999999999999210e-02
3.750000000000000555e-02
1.467999999999999861e-01
1.178000000000000297e-01
3.399999999999999550e-02
1.491999999999999993e-01
1.316999999999999837e-01
9.150000000000002576e-02
3.499999999999998945e-02
1.169999999999999929e-01
1.343000000000000027e-01
1.145999999999999935e-01
2.202999999999999958e-01
1.063000000000000056e-01
1.130999999999999506e-01
3.039999999999998259e-02
6.159999999999998810e-02
2.538999999999999591e-01
7.220000000000000029e-02
1.080999999999999739e-01
1.956999999999999851e-01
7.409999999999997145e-02
8.609999999999999598e-02
1.613000000000000267e-01
1.224999999999999839e-01
5.320000000000001117e-02
1.673999999999999655e-01
9.549999999999998768e-02
2.254999999999999782e-01
2.488000000000000211e-01
4.008000000000000451e-01
2.420000000000000207e-01
1.660000000000000087e-01
1.446999999999999953e-01
1.352000000000000146e-01
2.239999999999999769e-01
2.566999999999999837e-01
4.170000000000000373e-01
2.563999999999999613e-01
1.801000000000000378e-01
2.134000000000000341e-01
1.466999999999999416e-01
2.094999999999999640e-01
1.213000000000000189e-01
1.464999999999999913e-01
1.565000000000000002e-01
6.319999999999996454e-02
8.279999999999997085e-02
1.046999999999999598e-01
2.409000000000000585e-01
1.330000000000000071e-01
7.760000000000001619e-02
2.464000000000000079e-01
6.239999999999999020e-02
3.120000000000002632e-02
4.979999999999994154e-02
1.541999999999999760e-01
1.657000000000000417e-01
6.919999999999998375e-02
2.184000000000000385e-01
5.199999999999999761e-02
4.329999999999999127e-02
6.030000000000002719e-02
5.530000000000001581e-02
1.589000000000000135e-01
6.550000000000001654e-02
1.986999999999999877e-01
5.530000000000000887e-02
8.299999999999999045e-02
1.727999999999999814e-01
1.611000000000000210e-01
6.790000000000001590e-02
1.461999999999999966e-01
1.074999999999999845e-01
8.840000000000000635e-02
8.580000000000000127e-02
9.619999999999997997e-02
1.241000000000000020e-01
6.160000000000000198e-02
1.839000000000000079e-01
3.500000000000000333e-02
5.519999999999999907e-02
8.940000000000000724e-02
7.380000000000000449e-02
1.446000000000000063e-01
6.950000000000002010e-02
1.222999999999999504e-01
5.920000000000000262e-02
5.590000000000000524e-02
4.480000000000002036e-02
1.438000000000000111e-01
9.769999999999999518e-02
1.367999999999999772e-01
8.480000000000001426e-02
9.950000000000003286e-02
7.989999999999997105e-02
4.349999999999999006e-02
5.140000000000000124e-02
1.418999999999999984e-01
6.829999999999995797e-02
1.161000000000000087e-01
8.540000000000000369e-02
4.789999999999999813e-02
1.031999999999999723e-01
1.744000000000000550e-01
8.330000000000001292e-02
1.395000000000000406e-01
1.294999999999999762e-01
8.130000000000001115e-02
5.190000000000002944e-02
6.170000000000000484e-02
1.146000000000000074e-01
8.729999999999994709e-02
8.569999999999998452e-02
1.752000000000000224e-01
4.360000000000000681e-02
7.089999999999996305e-02
6.629999999999999782e-02
1.434999999999999609e-01
1.246999999999999775e-01
5.630000000000003058e-02
1.446000000000000063e-01
1.295999999999999930e-01
4.730000000000000870e-02
5.430000000000001492e-02
1.088999999999999690e-01
1.635000000000000064e-01
7.030000000000000138e-02
1.898000000000000242e-01
9.389999999999995572e-02
6.239999999999998326e-02
4.630000000000002169e-02
1.106999999999999651e-01
1.389000000000000234e-01
9.049999999999996936e-02
2.094000000000000028e-01
5.319999999999996954e-02
9.090000000000005020e-02
6.119999999999996276e-02
6.720000000000000973e-02
1.614999999999999769e-01
1.483999999999999486e-01
1.132999999999999841e-01
1.596000000000000196e-01
6.519999999999999407e-02
6.109999999999998072e-02
6.299999999999997269e-02
2.044000000000000261e-01
8.019999999999999352e-02
6.819999999999998286e-02
1.760999999999999788e-01
4.339999999999999414e-02
5.730000000000000371e-02
4.950000000000000233e-02
2.003000000000000336e-01
4.939999999999998559e-02
1.619999999999999774e-01
7.030000000000000138e-02
8.710000000000002462e-02
8.170000000000002260e-02
5.400000000000003408e-02
1.790000000000000480e-01
4.499999999999997752e-02
5.389999999999997571e-02
1.282999999999999974e-01
1.071000000000000285e-01
5.599999999999996647e-02
3.649999999999998385e-02
1.766999999999999960e-01
1.061999999999999611e-01
7.119999999999997164e-02
2.133000000000000451e-01
2.509999999999997997e-02
1.640000000000004302e-02
4.980000000000001092e-02
1.903999999999999582e-01
9.379999999999998062e-02
7.409999999999998532e-02
2.079000000000000015e-01
9.000000000000002442e-02
3.389999999999997876e-02
7.409999999999998532e-02
1.433999999999999719e-01
1.098000000000000365e-01
1.147000000000000519e-01
1.237999999999999934e-01
6.719999999999998197e-02
4.850000000000000144e-02
6.860000000000000819e-02
1.391000000000000569e-01
1.832999999999999630e-01
2.107999999999999874e-01
6.849999999999997757e-02
4.970000000000000112e-02
7.419999999999997431e-02
1.670999999999999708e-01
1.060000000000000248e-01
1.051999999999999741e-01
2.156999999999999751e-01
6.680000000000001215e-02
4.780000000000001609e-02
8.929999999999994886e-02
1.639999999999999791e-01
1.093000000000000360e-01
6.269999999999997797e-02
1.664000000000000479e-01
1.335000000000000075e-01
5.470000000000000556e-02
3.930000000000003629e-02
8.969999999999997420e-02
1.990999999999999992e-01
3.880000000000002891e-02
1.345999999999999974e-01
1.496999999999999997e-01
3.300000000000000849e-02
5.929999999999998467e-02
5.229999999999999927e-02
1.617000000000000104e-01
5.359999999999997405e-02
1.352999999999999758e-01
1.110999999999999766e-01
4.509999999999999426e-02
4.280000000000001165e-02
1.302999999999999714e-01
1.250999999999999890e-01
7.740000000000001046e-02
1.539999999999999980e-01
9.250000000000002665e-02
5.869999999999998830e-02
3.349999999999997424e-02
8.899999999999996803e-02
1.093000000000000083e-01
6.629999999999997007e-02
8.319999999999996843e-02
1.794000000000000039e-01
7.530000000000000582e-02
5.810000000000002662e-02
3.479999999999996985e-02
2.026999999999999913e-01
8.960000000000001297e-02
5.459999999999996800e-02
2.012000000000000455e-01
4.319999999999998147e-02
4.109999999999999765e-02
4.399999999999999745e-02
5.279999999999998583e-02
1.978000000000000036e-01
9.110000000000004206e-02
9.270000000000001850e-02
1.161000000000000087e-01
4.800000000000006345e-02
5.800000000000003764e-02
5.299999999999995687e-02
2.309999999999998860e-02
1.322999999999999732e-01
1.084000000000000519e-01
3.949999999999995182e-02
1.244999999999999996e-01
8.339999999999993252e-02
4.939999999999998559e-02
6.860000000000000819e-02
3.109999999999998530e-02
1.492999999999999883e-01
8.749999999999998057e-02
3.040000000000003463e-02
1.318000000000000282e-01
9.969999999999996920e-02
4.370000000000004436e-02
5.839999999999998664e-02
6.159999999999997422e-02
1.518000000000000183e-01
8.500000000000000611e-02
1.390000000000000124e-01
8.060000000000003273e-02
4.519999999999999712e-02
5.169999999999998902e-02
7.700000000000001288e-02
5.890000000000000097e-02
1.786000000000000087e-01
6.419999999999997931e-02
1.038000000000000173e-01
9.599999999999997424e-02
6.159999999999999504e-02
4.709999999999993359e-02
5.510000000000003784e-02
3.479999999999999760e-02
2.095000000000000751e-01
9.260000000000000175e-02
7.810000000000003051e-02
1.559999999999999720e-01
5.009999999999998482e-02
4.480000000000002036e-02
1.003000000000000141e-01
1.329999999999999793e-01
1.681999999999999884e-01
2.408999999999999753e-01
9.690000000000001390e-02
4.240000000000003488e-02
3.300000000000000155e-02
1.713999999999999968e-01
1.643000000000000016e-01
5.619999999999996526e-02
2.233000000000000262e-01
1.017999999999999738e-01
5.340000000000000996e-02
5.370000000000000467e-02
1.621000000000000218e-01
1.786000000000000087e-01
2.449999999999998360e-02
1.603999999999999870e-01
1.026999999999999996e-01
8.879999999999999005e-02
7.539999999999999480e-02
5.419999999999993573e-02
1.939000000000000168e-01
9.230000000000003479e-02
1.048000000000000043e-01
1.831000000000000127e-01
6.900000000000000577e-02
4.970000000000000806e-02
1.904999999999999749e-01
9.000000000000003830e-02
1.512000000000000011e-01
8.329999999999998517e-02
1.010999999999999954e-01
1.834999999999999964e-01
1.486999999999999988e-01
9.879999999999997118e-02
7.460000000000002740e-02
1.612000000000000099e-01
5.820000000000002949e-02
6.520000000000004958e-02
1.013999999999999901e-01
1.283999999999999586e-01
1.369999999999999829e-01
1.483000000000000151e-01
1.653999999999999915e-01
7.560000000000002829e-02
5.789999999999999314e-02
1.804999999999999938e-01
1.680000000000000382e-01
5.609999999999999015e-02
9.300000000000001321e-02
1.625000000000000333e-01
5.390000000000000346e-02
7.870000000000004770e-02
4.040000000000000535e-02
1.398999999999999688e-01
1.090000000000000413e-01
1.201000000000000401e-01
1.171999999999999847e-01
4.280000000000003246e-02
4.120000000000001439e-02
1.298999999999999599e-01
9.119999999999998941e-02
6.690000000000005664e-02
1.672000000000000153e-01
9.010000000000001341e-02
5.470000000000002638e-02
6.000000000000006717e-02
2.449000000000000066e-01
1.471000000000000085e-01
6.970000000000001195e-02
9.620000000000000773e-02
7.500000000000002498e-02
1.020000000000000490e-01
8.780000000000003080e-02
1.924000000000000155e-01
9.559999999999996279e-02
2.379999999999999477e-02
1.063000000000000334e-01
1.199999999999999678e-01
5.940000000000002223e-02
4.460000000000000075e-02
8.290000000000000147e-02
1.433999999999999719e-01
7.530000000000000582e-02
1.207999999999999907e-01
1.334999999999999798e-01
6.210000000000002324e-02
4.580000000000004207e-02
7.199999999999998068e-02
1.315000000000000058e-01
1.328000000000000014e-01
9.889999999999998792e-02
1.596000000000000196e-01
3.569999999999996787e-02
8.889999999999997904e-02
1.651999999999999580e-01
1.648999999999999910e-01
1.056999999999999745e-01
1.444000000000000006e-01
1.081000000000000016e-01
8.260000000000000675e-02
8.860000000000006759e-02
8.579999999999998739e-02
1.306000000000000216e-01
9.639999999999999958e-02
7.189999999999999170e-02
2.307999999999999774e-01
6.930000000000004212e-02
7.879999999999998117e-02
7.780000000000003579e-02
1.332000000000000406e-01
1.176000000000000101e-01
6.019999999999997575e-02
1.362999999999999767e-01
8.310000000000000719e-02
7.609999999999997322e-02
6.849999999999997757e-02
9.909999999999999365e-02
1.699999999999999845e-01
5.810000000000003356e-02
1.913000000000000256e-01
5.470000000000001944e-02
1.112999999999999545e-01
8.149999999999994749e-02
4.639999999999999680e-02
1.497000000000000275e-01
6.030000000000000637e-02
1.519999999999999962e-01
6.909999999999999476e-02
1.559999999999999720e-01
8.049999999999998823e-02
1.099999999999995773e-02
1.644000000000000461e-01
1.143999999999999878e-01
6.320000000000000617e-02
1.915999999999999370e-01
1.369000000000000217e-01
5.939999999999995978e-02
2.619999999999997678e-02
1.666999999999999038e-01
6.620000000000000884e-02
4.809999999999997611e-02
1.570000000000000007e-01
8.380000000000001337e-02
4.759999999999997566e-02
7.709999999999998799e-02
1.378000000000000336e-01
5.830000000000003235e-02
1.557999999999999940e-01
5.250000000000002581e-02
1.889999999999999666e-02
1.478000000000000147e-01
1.074999999999999845e-01
4.470000000000000362e-02
1.146000000000000074e-01
1.896999999999999797e-01
1.179999999999999938e-01
1.105999999999999900e-01
5.890000000000001484e-02
1.443000000000000393e-01
1.134999999999999898e-01
5.430000000000005655e-02
4.890000000000000596e-02
4.059999999999995557e-02
8.150000000000001688e-02
5.449999999999999289e-02
7.239999999999999214e-02
9.449999999999993128e-02
6.929999999999997273e-02
3.679999999999995774e-02
1.167999999999999872e-01
9.129999999999997840e-02
2.970000000000000417e-02
8.549999999999999267e-02
7.560000000000002829e-02
7.500000000000002498e-02
8.350000000000000477e-02
6.980000000000002869e-02
1.606000000000000760e-01
1.172999999999999876e-01
1.145000000000000046e-01
2.375999999999999779e-01
9.109999999999998654e-02
7.490000000000000824e-02
6.330000000000003679e-02
1.991999999999999882e-01
1.062999999999999640e-01
1.544999999999999429e-01
2.096999999999999975e-01
