1.068999999999999950e-01
1.086000000000000021e-01
1.219999999999999973e-01
1.348000000000000032e-01
4.650000000000000661e-02
9.880000000000001281e-02
1.059000000000000080e-01
1.030999999999999972e-01
1.943000000000000282e-01
1.601999999999999813e-01
7.309999999999998443e-02
3.260000000000001091e-02
1.440000000000000169e-01
6.289999999999998370e-02
6.999999999999999278e-02
5.019999999999999463e-02
1.859999999999999848e-02
1.421999999999999931e-01
1.437999999999999834e-01
9.529999999999999583e-02
6.180000000000000770e-02
1.129999999999999755e-01
7.099999999999997979e-02
8.080000000000002458e-02
1.456000000000000072e-01
6.980000000000000093e-02
6.040000000000000230e-02
1.567999999999999949e-01
2.401999999999999691e-01
1.368999999999999939e-01
1.274000000000000132e-01
5.550000000000000766e-02
6.589999999999998637e-02
8.389999999999997460e-02
1.081999999999999906e-01
1.129000000000000281e-01
1.065000000000000252e-01
1.120000000000000023e-01
6.439999999999998503e-02
1.897999999999999965e-01
9.279999999999999361e-02
1.567999999999999394e-01
1.975000000000000089e-01
1.499999999999999389e-01
1.409999999999999587e-01
1.390999999999999737e-01
1.522999999999999909e-01
2.043999999999999984e-01
1.443000000000000393e-01
1.263000000000000234e-01
6.320000000000000617e-02
1.988000000000000045e-01
1.705999999999999739e-01
7.640000000000002345e-02
5.679999999999998939e-02
1.689999999999999836e-01
1.187000000000000277e-01
1.095000000000000140e-01
8.559999999999998166e-02
8.720000000000004137e-02
1.780999999999999805e-01
3.229000000000000203e-01
1.592999999999999972e-01
1.226000000000000423e-01
9.910000000000004916e-02
1.906000000000000194e-01
3.548000000000000043e-01
6.350999999999999979e-01
1.700999999999999457e-01
3.030000000000000471e-01
2.076000000000000068e-01
1.170000000000000345e-01
1.283999999999999864e-01
7.349999999999999589e-02
5.221999999999999975e-01
1.813000000000000167e-01
1.832000000000000295e-01
1.904999999999999749e-01
1.654999999999999805e-01
2.453999999999999793e-01
3.973999999999999755e-01
5.169999999999997514e-02
1.702999999999999237e-01
7.720000000000004636e-02
1.102999999999999259e-01
1.144999999999999907e-01
9.800000000000001765e-02
1.762000000000000233e-01
1.249999999999999861e-01
1.192000000000000559e-01
1.764000000000000012e-01
5.923999999999999266e-01
6.799000000000000599e-01
3.673999999999999488e-01
1.683000000000000052e-01
1.416000000000000592e-01
1.469999999999999918e-01
1.067999999999999922e-01
1.780999999999999805e-01
2.554999999999999494e-01
2.937000000000000166e-01
1.094000000000000250e-01
8.600000000000002087e-02
1.052999999999999770e-01
1.148000000000000131e-01
8.409999999999998033e-02
9.150000000000005351e-02
9.719999999999999474e-02
1.023000000000000159e-01
9.180000000000002047e-02
2.033000000000000085e-01
2.480999999999999872e-01
7.622999999999999776e-01
2.603999999999999648e-01
2.724000000000000310e-01
1.749999999999999889e-01
6.058000000000000052e-01
3.256000000000000005e-01
4.964000000000000634e-01
2.692999999999999838e-01
1.445999999999999786e-01
1.203000000000000042e-01
1.263000000000000234e-01
2.037000000000000199e-01
2.279999999999999805e-01
1.009000000000000452e-01
1.166000000000000786e-01
1.919999999999999762e-01
1.597000000000000364e-01
2.036999999999999922e-01
1.323999999999999899e-01
1.568999999999999839e-01
1.031000000000000111e-01
5.870000000000005075e-02
1.665000000000000369e-01
5.900000000000001077e-02
9.599999999999998812e-02
6.929999999999995886e-02
9.530000000000002358e-02
6.430000000000005156e-02
1.260000000000000009e-01
2.129000000000000337e-01
3.071999999999999176e-01
1.064000000000000362e-01
2.434999999999999387e-01
2.630000000000000115e-01
6.499999999999996059e-02
1.576999999999999791e-01
1.166000000000000508e-01
9.519999999999995133e-02
9.780000000000002580e-02
1.337999999999999468e-01
1.082000000000000323e-01
1.280999999999999917e-01
7.589999999999998137e-02
7.839999999999995584e-02
7.030000000000000138e-02
1.069999999999999563e-01
1.402999999999999803e-01
1.342000000000000415e-01
6.839999999999993308e-02
1.371999999999999886e-01
2.321999999999999620e-01
4.144999999999999796e-01
2.933000000000000607e-01
2.080999999999999517e-01
2.091000000000000358e-01
1.930999999999999939e-01
4.457000000000000406e-01
4.120000000000000329e-01
3.118000000000000216e-01
7.870000000000001994e-02
1.383299999999999974e+00
1.031900000000000039e+00
2.111999999999999988e-01
1.403999999999999693e-01
1.816000000000000392e-01
1.384000000000000230e-01
1.500999999999999834e-01
1.123000000000000387e-01
1.008999999999999619e-01
1.481000000000000094e-01
1.582000000000000073e-01
1.164000000000000312e-01
2.103999999999999482e-01
1.785000000000000198e-01
1.736999999999999378e-01
1.247999999999999804e-01
7.039999999999999036e-02
6.480000000000003813e-02
7.470000000000004414e-02
1.241999999999999632e-01
1.694999999999999840e-01
1.343999999999999639e-01
1.643000000000000016e-01
9.779999999999999805e-02
9.019999999999997464e-02
1.025000000000000078e-01
7.719999999999996310e-02
4.070000000000000701e-02
2.597999999999999754e-01
3.080000000000000515e-01
1.545999999999999597e-01
8.980000000000000482e-02
1.722999999999999809e-01
2.318000000000000060e-01
1.024000000000000327e-01
5.519999999999998519e-02
1.096000000000000446e-01
9.470000000000004803e-02
9.430000000000002269e-02
1.212000000000000022e-01
6.849999999999999145e-02
1.639999999999999791e-01
1.914000000000000146e-01
6.680000000000002602e-02
1.162999999999999728e-01
1.212000000000000438e-01
1.156000000000000361e-01
1.650000000000000633e-01
7.280000000000000360e-02
4.940000000000002028e-02
6.810000000000000775e-02
7.789999999999996927e-02
4.999999999999992645e-02
1.272000000000000075e-01
1.690999999999999726e-01
1.120000000000000162e-01
8.239999999999994551e-02
9.329999999999999405e-02
1.239999999999999852e-01
8.919999999999995988e-02
8.259999999999999287e-02
1.785999999999999810e-01
8.589999999999996250e-02
1.601000000000000201e-01
1.291000000000000203e-01
2.602999999999999758e-01
2.037999999999999812e-01
9.750000000000003109e-02
5.689999999999999225e-02
1.847999999999999643e-01
8.010000000000001841e-02
1.159999999999999920e-01
1.185000000000000497e-01
1.239999999999999991e-01
1.004999999999999921e-01
1.589000000000000412e-01
3.316999999999999948e-01
3.181999999999999829e-01
1.891999999999999793e-01
1.093000000000000499e-01
1.116999999999999105e-01
1.319000000000000450e-01
8.579999999999998739e-02
2.316000000000000281e-01
2.003999999999999670e-01
7.059999999999999609e-02
5.809999999999999193e-02
1.423999999999999988e-01
9.950000000000003286e-02
8.919999999999991824e-02
4.400000000000004602e-02
1.106000000000000316e-01
5.370000000000005325e-02
1.094999999999999724e-01
6.560000000000000553e-02
5.010000000000006809e-02
9.800000000000000377e-02
1.313999999999999890e-01
2.125000000000000222e-01
1.660999999999999699e-01
4.650000000000001354e-02
5.410000000000000919e-02
1.276999999999999802e-01
1.751000000000000334e-01
7.759999999999993292e-02
5.720000000000007717e-02
1.039000000000000479e-01
8.739999999999997771e-02
7.630000000000000671e-02
1.018000000000000294e-01
8.830000000000003124e-02
1.181000000000000383e-01
1.320999999999999952e-01
1.341999999999999860e-01
9.229999999999997928e-02
1.001000000000000223e-01
8.330000000000001292e-02
6.539999999999995817e-02
7.650000000000001243e-02
6.019999999999996187e-02
8.380000000000004112e-02
1.330000000000000626e-01
2.114999999999999936e-01
1.096999999999999920e-01
2.298999999999999932e-01
7.209999999999996967e-02
1.083000000000000351e-01
7.010000000000006504e-02
1.519999999999999962e-01
2.259999999999999232e-01
4.072000000000000064e-01
5.949000000000000954e-01
2.196999999999999509e-01
2.288999999999999646e-01
1.507000000000000561e-01
1.654000000000000192e-01
2.217000000000000082e-01
9.519999999999999296e-02
7.639999999999999569e-02
1.324000000000001009e-01
8.739999999999994995e-02
1.009000000000000591e-01
1.616000000000000214e-01
1.355999999999999706e-01
9.860000000000004872e-02
8.259999999999993736e-02
1.445000000000000173e-01
2.023999999999999966e-01
1.333000000000000018e-01
1.162000000000000255e-01
1.549000000000000377e-01
1.667000000000000426e-01
1.219999999999999557e-01
5.850000000000003808e-02
1.553000000000000214e-01
8.630000000000001559e-02
1.041000000000000258e-01
1.716000000000000303e-01
3.721000000000000973e-01
1.762000000000000510e-01
1.229999999999999427e-01
1.091000000000000303e-01
2.021999999999999353e-01
2.669999999999999596e-01
2.763999999999999235e-01
1.560000000000000275e-01
9.989999999999998881e-02
1.694999999999999285e-01
1.831000000000000405e-01
3.575000000000000400e-01
1.770000000000000184e-01
2.692999999999999838e-01
1.358000000000000040e-01
1.701999999999999624e-01
7.820000000000008888e-02
1.756999999999999673e-01
1.769999999999999907e-01
1.213999999999999385e-01
1.236000000000000015e-01
1.395000000000000684e-01
9.329999999999996629e-02
1.189999999999999947e-01
1.461999999999999689e-01
2.070000000000000173e-01
7.589999999999999525e-02
1.652999999999999470e-01
2.167000000000000037e-01
8.500000000000008937e-02
6.519999999999998019e-02
1.269999999999999463e-01
9.559999999999994891e-02
1.244000000000000661e-01
5.489999999999999047e-02
1.779000000000000581e-01
7.349999999999998201e-02
7.300000000000000933e-02
7.319999999999998730e-02
1.465999999999999526e-01
4.419999999999998930e-02
7.090000000000008795e-02
8.600000000000002087e-02
8.679999999999998828e-02
6.919999999999994211e-02
7.420000000000001594e-02
1.160000000000000753e-01
1.674999999999999545e-01
4.601999999999999424e-01
1.947999999999999732e-01
2.335999999999999743e-01
1.621000000000000218e-01
1.564000000000000667e-01
9.209999999999998743e-02
7.079999999999994631e-02
4.139999999999998542e-02
4.310000000000004106e-02
8.240000000000004265e-02
1.250999999999999612e-01
1.352999999999999481e-01
6.040000000000003699e-02
1.638999999999999624e-01
1.186999999999999722e-01
1.332000000000000406e-01
9.550000000000000155e-02
1.023999999999999910e-01
8.610000000000000986e-02
1.561999999999999500e-01
1.218000000000000055e-01
1.049000000000000765e-01
6.030000000000003413e-02
1.250999999999999335e-01
1.171000000000000374e-01
9.100000000000002531e-02
1.963999999999999913e-01
8.260000000000003451e-02
1.004000000000000031e-01
1.206000000000000544e-01
1.901999999999999802e-01
2.000999999999999168e-01
1.300000000000000044e-01
5.410000000000005083e-02
1.359000000000000485e-01
1.306999999999999829e-01
5.780000000000001109e-02
1.600000000000000311e-01
1.508000000000000451e-01
1.470000000000000195e-01
6.360000000000001763e-02
2.585999999999999965e-01
1.619000000000000161e-01
5.599999999999995953e-02
1.293999999999999595e-01
7.720000000000001861e-02
8.300000000000001821e-02
1.036999999999999589e-01
5.860000000000002707e-02
9.820000000000000950e-02
1.788000000000000145e-01
1.045999999999999985e-01
1.190000000000000224e-01
3.407999999999999918e-01
1.847999999999999365e-01
7.789999999999994151e-02
2.817999999999999949e-01
1.333000000000000851e-01
1.135999999999999927e-01
5.960000000000004183e-02
8.189999999999991731e-02
5.110000000000005510e-02
1.178999999999999632e-01
5.990000000000006430e-02
9.590000000000001301e-02
1.133999999999999175e-01
9.339999999999995528e-02
7.559999999999998666e-02
4.249999999999999611e-02
3.510000000000002007e-02
1.265999999999999903e-01
1.155999999999999944e-01
1.223999999999999255e-01
1.099000000000000254e-01
1.310000000000000331e-01
1.403000000000000635e-01
1.469999999999999640e-01
1.816999999999999726e-01
9.009999999999998566e-02
8.929999999999994886e-02
1.539999999999999980e-01
1.317999999999999727e-01
1.142999999999999988e-01
7.670000000000003204e-02
1.000999999999999529e-01
7.420000000000001594e-02
1.159000000000000724e-01
1.824000000000000066e-01
1.658000000000000862e-01
1.651000000000000800e-01
8.090000000000002744e-02
8.050000000000000211e-02
1.625999999999999945e-01
1.163999999999999757e-01
1.115000000000000435e-01
2.471000000000000418e-01
3.316000000000000059e-01
9.499999999999997335e-02
8.290000000000004310e-02
2.307000000000000717e-01
3.332000000000000517e-01
7.579999999999997851e-02
1.445000000000000451e-01
1.194999999999999951e-01
9.369999999999996387e-02
6.289999999999995595e-02
1.636000000000000509e-01
1.569000000000000394e-01
9.379999999999999449e-02
1.996000000000000552e-01
1.125999999999999640e-01
7.980000000000000981e-02
6.770000000000002405e-02
2.263999999999999901e-01
1.579999999999999738e-01
1.811000000000000387e-01
8.550000000000000655e-02
1.441999999999999948e-01
1.842999999999999361e-01
1.829999999999999960e-01
8.739999999999997771e-02
2.104000000000001147e-01
1.367999999999999494e-01
9.750000000000003109e-02
7.810000000000000275e-02
1.442999999999999561e-01
1.038000000000000034e-01
9.470000000000000639e-02
7.050000000000006262e-02
1.663999999999999646e-01
1.252000000000000335e-01
7.430000000000006044e-02
7.590000000000002300e-02
2.264999999999999791e-01
1.231999999999999346e-01
9.730000000000001148e-02
1.468999999999999750e-01
1.169000000000000317e-01
1.077999999999999514e-01
1.097000000000000058e-01
6.310000000000001719e-02
1.769000000000000294e-01
1.107000000000000761e-01
9.930000000000008265e-02
1.588999999999999302e-01
1.053000000000000741e-01
1.571999999999998954e-01
9.619999999999996609e-02
1.283999999999999586e-01
8.829999999999998961e-02
9.530000000000005134e-02
1.649999999999999800e-01
1.456000000000000349e-01
1.171999999999999847e-01
1.056999999999999745e-01
9.669999999999995266e-02
1.359000000000000208e-01
9.770000000000000906e-02
1.678000000000000602e-01
1.746000000000000052e-01
2.555000000000000049e-01
7.399999999999991307e-02
1.530999999999999028e-01
1.846000000000000696e-01
1.462999999999999856e-01
2.360000000000003068e-02
1.233999999999999819e-01
1.181999999999998885e-01
5.739999999999995800e-02
1.144999999999999907e-01
7.970000000000002083e-02
1.045999999999999708e-01
1.413000000000000644e-01
8.310000000000003495e-02
1.886000000000000454e-01
1.349999999999999534e-01
1.676999999999999602e-01
1.121999999999999664e-01
1.798999999999999211e-01
1.952000000000000401e-01
7.799999999999998601e-02
6.629999999999997007e-02
1.426999999999999935e-01
1.084000000000000519e-01
8.969999999999994644e-02
6.729999999999998483e-02
2.307000000000000162e-01
1.603999999999999870e-01
1.208000000000000046e-01
1.258000000000000229e-01
1.276000000000000467e-01
1.422999999999999821e-01
2.175999999999999601e-01
1.611999999999999822e-01
1.966000000000000247e-01
1.791000000000000369e-01
1.770000000000001017e-01
9.949999999999997735e-02
1.004000000000000309e-01
2.524999999999999467e-01
2.600000000000000089e-01
7.219999999999994478e-02
1.736000000000000321e-01
1.252999999999999392e-01
1.124999999999999750e-01
1.713000000000000633e-01
1.390999999999999459e-01
7.120000000000002716e-02
5.820000000000000173e-02
9.100000000000001144e-02
1.194999999999999674e-01
5.150000000000000411e-02
1.479000000000000592e-01
1.042000000000000148e-01
3.960000000000005876e-02
9.680000000000002491e-02
1.338000000000000300e-01
6.010000000000000064e-02
9.270000000000000462e-02
1.822999999999999621e-01
1.555999999999999883e-01
5.059999999999995057e-02
1.423999999999999988e-01
2.057999999999999552e-01
1.430000000000000437e-01
7.760000000000000231e-02
1.206000000000000127e-01
1.766999999999999960e-01
1.653000000000000025e-01
3.078000000000000180e-01
3.217000000000000415e-01
2.188999999999999835e-01
1.627000000000000390e-01
2.382000000000000228e-01
2.227999999999999703e-01
1.050999999999999990e-01
7.259999999999995624e-02
2.268999999999999906e-01
1.262000000000000344e-01
1.137000000000000094e-01
1.513999999999999513e-01
2.429999999999999938e-01
2.127000000000000834e-01
9.560000000000000442e-02
1.883999999999999564e-01
3.605999999999999761e-01
4.169999999999999263e-01
2.036000000000000587e-01
6.079999999999996518e-02
1.421000000000000318e-01
2.431000000000000105e-01
2.380000000000000449e-01
8.449999999999997791e-02
6.939999999999998948e-02
1.476999999999999702e-01
1.998000000000000054e-01
1.852000000000000313e-01
8.930000000000004601e-02
8.159999999999995035e-02
1.385000000000000675e-01
1.044999999999999818e-01
1.138999999999999874e-01
6.809999999999999387e-02
1.513999999999999790e-01
1.514000000000000346e-01
8.279999999999992921e-02
1.098999999999999977e-01
2.024999999999999578e-01
1.974999999999999534e-01
1.452999999999999847e-01
7.289999999999997871e-02
8.459999999999996689e-02
1.669999999999999540e-01
1.552999999999999936e-01
5.480000000000006394e-02
4.470000000000002444e-02
7.400000000000006573e-02
9.839999999999998748e-02
1.581999999999998963e-01
9.660000000000011633e-02
1.121999999999999525e-01
7.210000000000001130e-02
3.770000000000002516e-02
8.459999999999993914e-02
4.310000000000002718e-02
1.213999999999999524e-01
1.331000000000000238e-01
2.172999999999999654e-01
1.062000000000000444e-01
1.319000000000000450e-01
8.500000000000004774e-02
1.300999999999999934e-01
1.064999999999999142e-01
1.204999999999999127e-01
2.130000000000000782e-01
1.826000000000000123e-01
1.989999999999998714e-02
5.769999999999993190e-02
1.555000000000000826e-01
1.854000000000000370e-01
9.339999999999995528e-02
1.476000000000000090e-01
1.221000000000000280e-01
1.158999999999999753e-01
1.479000000000000870e-01
1.044999999999999124e-01
1.298000000000000265e-01
1.831000000000000405e-01
2.011999999999999900e-01
1.832000000000000017e-01
8.899999999999995415e-02
1.118999999999999440e-01
1.193000000000000171e-01
2.442000000000000004e-01
6.409999999999993481e-02
4.569999999999997675e-02
1.781999999999999695e-01
1.834000000000000075e-01
9.279999999999997973e-02
3.229999999999998150e-02
1.923999999999999044e-01
1.611000000000000210e-01
2.285000000000000087e-01
1.008000000000000007e-01
1.792999999999999872e-01
1.527999999999999636e-01
9.290000000000005198e-02
1.796999999999999709e-01
1.223000000000000476e-01
1.459000000000000019e-01
1.947999999999999732e-01
1.551000000000000156e-01
2.240999999999999936e-01
1.601000000000000201e-01
6.190000000000004526e-02
1.139000000000000012e-01
1.089999999999999580e-01
1.023999999999999910e-01
1.388999999999999402e-01
1.078999999999999820e-01
9.280000000000003524e-02
8.600000000000006251e-02
2.071999999999999398e-01
2.565000000000000613e-01
1.348000000000000309e-01
7.050000000000007649e-02
7.220000000000004192e-02
2.261999999999999567e-01
1.586000000000000465e-01
1.194000000000000339e-01
1.987999999999999767e-01
1.491000000000000103e-01
1.647999999999999465e-01
2.489999999999996383e-02
1.376000000000000001e-01
7.350000000000006528e-02
8.600000000000000699e-02
9.760000000000014497e-02
1.481000000000000094e-01
1.145000000000001017e-01
6.280000000000005023e-02
7.180000000000001659e-02
1.139000000000000845e-01
1.190000000000000085e-01
7.439999999999999392e-02
8.859999999999995657e-02
1.180999999999999134e-01
8.220000000000006468e-02
1.190999999999999975e-01
8.290000000000002922e-02
6.269999999999995022e-02
8.860000000000001208e-02
1.790000000000000480e-01
1.214000000000001467e-01
1.276000000000000467e-01
1.272999999999999410e-01
1.569000000000001505e-01
1.687999999999999501e-01
9.309999999999996056e-02
5.329999999999995852e-02
1.356000000000000261e-01
1.498999999999999222e-01
1.865999999999999326e-01
1.673999999999999377e-01
8.770000000000002793e-02
9.800000000000001765e-02
2.008999999999999952e-01
1.151000000000001050e-01
8.219999999999988427e-02
6.579999999999998350e-02
1.044000000000000344e-01
1.121999999999999248e-01
1.048999999999999932e-01
1.443000000000000671e-01
1.505000000000000226e-01
7.549999999999995604e-02
6.690000000000002889e-02
1.875000000000000000e-01
1.752999999999999559e-01
2.948000000000000620e-01
1.081000000000000294e-01
2.189999999999999170e-01
1.502000000000000279e-01
1.401000000000000578e-01
1.044000000000001038e-01
1.212999999999998801e-01
1.617000000000000659e-01
1.835000000000001075e-01
6.010000000000007003e-02
1.871000000000000163e-01
2.753000000000000447e-01
1.279999999999999194e-01
1.556000000000000993e-01
9.560000000000000442e-02
8.250000000000005940e-02
1.198999999999999927e-01
1.576000000000000456e-01
1.506000000000000671e-01
1.338000000000000300e-01
1.400000000000000133e-01
8.510000000000007836e-02
2.345999999999999752e-01
2.258999999999998787e-01
1.216000000000000969e-01
1.586999999999998967e-01
2.036000000000000587e-01
7.720000000000003249e-02
1.558999999999999275e-01
1.868000000000000493e-01
8.870000000000000107e-02
8.519999999999994245e-02
1.557000000000000328e-01
2.039999999999999591e-01
1.669000000000001038e-01
1.082000000000000184e-01
1.421000000000000318e-01
1.775000000000001299e-01
1.615999999999998826e-01
1.032000000000000001e-01
7.160000000000009412e-02
1.520000000000000240e-01
1.652000000000000413e-01
7.649999999999998468e-02
1.367999999999999494e-01
8.060000000000003273e-02
8.559999999999994003e-02
9.499999999999995948e-02
1.892000000000000348e-01
1.868000000000000771e-01
1.259999999999999731e-01
1.797000000000001652e-01
1.329999999999999516e-01
4.929999999999994109e-02
1.266000000000000458e-01
1.480000000000000204e-01
8.230000000000009530e-02
7.150000000000003575e-02
1.763000000000000123e-01
2.171000000000000985e-01
1.082000000000000461e-01
9.790000000000000091e-02
1.100000000000000977e-01
1.840000000000000524e-01
6.739999999999987668e-02
1.264000000000000679e-01
6.080000000000000682e-02
4.989999999999994440e-02
9.260000000000002951e-02
9.419999999999995044e-02
5.189999999999986291e-02
1.971999999999999864e-01
1.333000000000000296e-01
7.820000000000000562e-02
1.149000000000001132e-01
1.931000000000000494e-01
2.440000000000000502e-01
3.682000000000001383e-01
2.242999999999999716e-01
2.519000000000001238e-01
1.731000000000000871e-01
1.292000000000000370e-01
1.732999999999998986e-01
1.469999999999999085e-01
9.599999999999997424e-02
1.392999999999999794e-01
1.404000000000000525e-01
2.599999999999987044e-02
6.930000000000004212e-02
1.099999999999999589e-01
1.026999999999999857e-01
8.280000000000001248e-02
1.693000000000000616e-01
1.585000000000000853e-01
6.640000000000008396e-02
6.320000000000008944e-02
1.234999999999999015e-01
1.564000000000000390e-01
7.619999999999993445e-02
1.168999999999999762e-01
1.539000000000000645e-01
1.079000000000000514e-01
9.750000000000000333e-02
1.338999999999999635e-01
1.061000000000000137e-01
1.215999999999999442e-01
1.668999999999999651e-01
1.143000000000000682e-01
8.970000000000008522e-02
1.512000000000000566e-01
1.306999999999998718e-01
1.232999999999999791e-01
6.269999999999989471e-02
6.769999999999996854e-02
1.057000000000000717e-01
1.541000000000000147e-01
1.006999999999999978e-01
2.935999999999999721e-01
2.887000000000001232e-01
7.789999999999996927e-02
7.180000000000003046e-02
8.129999999999998339e-02
1.437000000000000222e-01
1.922999999999999154e-01
2.127999999999999892e-01
1.771999999999999964e-01
1.059999999999999692e-01
9.870000000000012097e-02
8.619999999999997109e-02
2.404999999999999361e-01
1.430999999999998940e-01
5.399999999999999245e-02
5.449999999999989575e-02
1.093999999999999972e-01
1.221000000000001390e-01
6.630000000000001170e-02
1.189999999999999947e-01
1.341999999999999582e-01
1.829999999999999960e-01
1.369000000000000494e-01
9.079999999999995020e-02
1.707000000000000184e-01
2.282000000000000695e-01
2.433000000000000163e-01
1.314000000000000168e-01
1.048000000000000181e-01
3.403999999999999804e-01
2.787999999999999923e-01
2.890000000000000346e-01
8.000000000000012657e-02
1.329999999999998961e-01
1.009000000000000868e-01
6.399999999999997358e-02
1.159999999999999643e-01
1.257999999999999952e-01
1.043999999999999373e-01
1.058000000000000468e-01
2.396000000000000352e-01
1.859000000000000374e-01
8.690000000000008828e-02
1.330999999999999406e-01
1.246000000000000163e-01
9.150000000000009515e-02
7.899999999999994527e-02
1.399999999999999023e-01
1.446999999999999675e-01
9.690000000000001390e-02
2.147999999999999632e-01
2.575999999999999401e-01
